4.000000	19.000000	12.000000	12.000000	7.000000
5.000000	10.000000	13.000000	8.000000	17.000000
9.568749	9.228749	9.293749	9.391250	5.000000
9.545312	10.254687	10.032812	9.776562	15.000000
3.000000	7.000000	14.000000	10.000000	11.000000
17.000000	4.000000	10.000000	7.000000	19.000000
18.000000	10.000000	17.000000	9.000000	1.000000
11.152082	11.339582	11.435416	11.393749	12.000000
9.631249	9.291249	9.356249	9.453750	1.000000
1.000000	3.000000	4.000000	17.000000	20.000000
10.839582	11.027082	11.122916	11.081249	1.000000
20.000000	12.000000	16.000000	9.000000	18.000000
14.000000	6.000000	19.000000	2.000000	7.000000
12.000000	16.000000	11.000000	14.000000	14.000000
3.000000	12.000000	20.000000	19.000000	4.000000
9.006249	8.666249	8.731249	8.828750	7.000000
17.000000	5.000000	18.000000	14.000000	7.000000
11.000000	5.000000	10.000000	6.000000	14.000000
19.000000	12.000000	11.000000	18.000000	13.000000
9.000000	9.000000	9.000000	20.000000	2.000000
14.000000	14.000000	5.000000	5.000000	12.000000
10.131249	9.791249	9.856249	9.953750	19.000000
20.000000	13.000000	3.000000	10.000000	18.000000
9.152082	9.339582	9.435416	9.393749	17.000000
16.000000	2.000000	8.000000	18.000000	11.000000
13.000000	7.000000	19.000000	13.000000	6.000000
12.000000	6.000000	11.000000	8.000000	11.000000
2.000000	8.000000	7.000000	7.000000	4.000000
8.607812	9.317187	9.095312	8.839062	7.000000
6.000000	13.000000	18.000000	8.000000	15.000000
7.000000	15.000000	8.000000	14.000000	13.000000
18.000000	18.000000	11.000000	8.000000	10.000000
16.000000	11.000000	8.000000	6.000000	19.000000
10.000000	19.000000	18.000000	16.000000	5.000000
13.000000	12.000000	2.000000	1.000000	3.000000
1.000000	7.000000	7.000000	18.000000	6.000000
2.000000	16.000000	1.000000	9.000000	10.000000
10.193749	9.853749	9.918749	10.016250	6.000000
9.000000	2.000000	17.000000	8.000000	19.000000
7.000000	17.000000	9.000000	16.000000	4.000000
5.000000	8.000000	7.000000	18.000000	9.000000
8.756249	8.416249	8.481249	8.578750	8.000000
12.000000	9.000000	3.000000	12.000000	10.000000
4.000000	8.000000	8.000000	3.000000	14.000000
5.000000	3.000000	15.000000	1.000000	2.000000
5.000000	19.000000	18.000000	13.000000	14.000000
13.000000	17.000000	2.000000	19.000000	15.000000
2.000000	20.000000	12.000000	8.000000	8.000000
11.000000	19.000000	8.000000	14.000000	3.000000
9.000000	9.000000	10.000000	16.000000	11.000000
16.000000	13.000000	5.000000	10.000000	5.000000
6.000000	7.000000	4.000000	15.000000	19.000000
10.027082	10.214582	10.310416	10.268749	18.000000
9.881249	9.541249	9.606249	9.703750	2.000000
16.000000	16.000000	1.000000	16.000000	1.000000
3.000000	4.000000	9.000000	4.000000	12.000000
12.000000	19.000000	4.000000	8.000000	1.000000
20.000000	14.000000	7.000000	3.000000	8.000000
5.000000	12.000000	7.000000	12.000000	5.000000
4.000000	5.000000	8.000000	4.000000	10.000000
9.000000	12.000000	17.000000	1.000000	7.000000
17.000000	3.000000	2.000000	17.000000	19.000000
5.000000	20.000000	17.000000	20.000000	8.000000
17.000000	20.000000	13.000000	15.000000	2.000000
12.000000	20.000000	5.000000	18.000000	3.000000
10.000000	13.000000	8.000000	9.000000	17.000000
9.693749	9.353749	9.418749	9.516250	10.000000
6.000000	13.000000	4.000000	7.000000	1.000000
9.982812	10.692187	10.470312	10.214062	11.000000
9.107812	9.817187	9.595312	9.339062	14.000000
4.000000	15.000000	5.000000	20.000000	5.000000
19.000000	1.000000	17.000000	18.000000	9.000000
5.000000	6.000000	10.000000	4.000000	10.000000
19.000000	1.000000	2.000000	14.000000	20.000000
15.000000	8.000000	3.000000	7.000000	10.000000
5.000000	6.000000	20.000000	15.000000	9.000000
5.000000	10.000000	3.000000	1.000000	1.000000
9.756249	9.416249	9.481249	9.578750	17.000000
10.000000	12.000000	3.000000	11.000000	8.000000
4.000000	1.000000	8.000000	18.000000	15.000000
9.295312	10.004687	9.782812	9.526562	18.000000
9.318749	8.978749	9.043749	9.141250	12.000000
3.000000	19.000000	1.000000	17.000000	19.000000
1.000000	4.000000	18.000000	2.000000	11.000000
7.000000	4.000000	14.000000	1.000000	6.000000
1.000000	4.000000	7.000000	1.000000	1.000000
10.045312	10.754687	10.532812	10.276562	20.000000
1.000000	20.000000	17.000000	15.000000	13.000000
8.000000	17.000000	11.000000	8.000000	6.000000
10.068749	9.728749	9.793749	9.891250	14.000000
11.000000	17.000000	9.000000	16.000000	17.000000
14.000000	17.000000	13.000000	12.000000	9.000000
5.000000	4.000000	19.000000	9.000000	9.000000
10.000000	9.000000	20.000000	6.000000	16.000000
11.068749	10.728749	10.793749	10.891250	12.000000
9.000000	8.000000	4.000000	9.000000	19.000000
17.000000	11.000000	15.000000	17.000000	7.000000
4.000000	2.000000	15.000000	16.000000	14.000000
3.000000	20.000000	17.000000	1.000000	8.000000
10.881249	10.541249	10.606249	10.703750	8.000000
4.000000	1.000000	1.000000	19.000000	8.000000
12.000000	8.000000	15.000000	15.000000	16.000000
5.000000	3.000000	19.000000	20.000000	11.000000
5.000000	15.000000	13.000000	19.000000	10.000000
18.000000	13.000000	1.000000	14.000000	5.000000
1.000000	3.000000	7.000000	1.000000	12.000000
8.857812	9.567187	9.345312	9.089062	14.000000
3.000000	18.000000	1.000000	18.000000	5.000000
10.464582	10.652082	10.747916	10.706249	13.000000
9.607812	10.317187	10.095312	9.839062	13.000000
9.693749	9.353749	9.418749	9.516250	16.000000
9.000000	1.000000	11.000000	8.000000	1.000000
2.000000	14.000000	8.000000	5.000000	20.000000
1.000000	8.000000	9.000000	14.000000	17.000000
5.000000	14.000000	10.000000	4.000000	12.000000
15.000000	5.000000	14.000000	13.000000	10.000000
6.000000	1.000000	12.000000	2.000000	1.000000
19.000000	2.000000	13.000000	9.000000	9.000000
5.000000	10.000000	2.000000	12.000000	7.000000
13.000000	4.000000	6.000000	2.000000	17.000000
10.631249	10.291249	10.356249	10.453750	1.000000
13.000000	9.000000	5.000000	6.000000	2.000000
9.818749	9.478749	9.543749	9.641250	4.000000
6.000000	16.000000	18.000000	18.000000	4.000000
6.000000	2.000000	6.000000	20.000000	5.000000
4.000000	12.000000	8.000000	9.000000	5.000000
17.000000	14.000000	11.000000	18.000000	8.000000
11.000000	11.000000	17.000000	8.000000	8.000000
10.000000	13.000000	3.000000	15.000000	10.000000
18.000000	20.000000	5.000000	15.000000	9.000000
9.777082	9.964582	10.060416	10.018749	12.000000
6.000000	16.000000	15.000000	5.000000	16.000000
20.000000	1.000000	9.000000	10.000000	19.000000
9.506249	9.166249	9.231249	9.328750	19.000000
8.000000	6.000000	12.000000	10.000000	20.000000
13.000000	8.000000	11.000000	17.000000	2.000000
19.000000	4.000000	6.000000	20.000000	9.000000
9.881249	9.541249	9.606249	9.703750	1.000000
4.000000	3.000000	2.000000	4.000000	4.000000
20.000000	12.000000	7.000000	20.000000	8.000000
6.000000	19.000000	13.000000	9.000000	9.000000
4.000000	1.000000	8.000000	14.000000	9.000000
8.357812	9.067187	8.845312	8.589062	3.000000
12.000000	15.000000	19.000000	20.000000	18.000000
20.000000	3.000000	20.000000	13.000000	18.000000
15.000000	12.000000	10.000000	2.000000	3.000000
17.000000	19.000000	13.000000	2.000000	19.000000
8.756249	8.416249	8.481249	8.578750	11.000000
19.000000	13.000000	6.000000	14.000000	11.000000
9.000000	6.000000	5.000000	19.000000	17.000000
8.256249	7.916249	7.981249	8.078750	2.000000
8.000000	1.000000	5.000000	17.000000	14.000000
19.000000	14.000000	12.000000	12.000000	7.000000
2.000000	4.000000	3.000000	12.000000	16.000000
5.000000	2.000000	8.000000	11.000000	15.000000
18.000000	11.000000	12.000000	14.000000	9.000000
10.568749	10.228749	10.293749	10.391250	2.000000
20.000000	18.000000	14.000000	17.000000	6.000000
7.000000	15.000000	11.000000	18.000000	6.000000
9.732812	10.442187	10.220312	9.964062	14.000000
9.006249	8.666249	8.731249	8.828750	14.000000
7.631249	7.291249	7.356249	7.453750	6.000000
5.000000	4.000000	14.000000	15.000000	6.000000
7.000000	6.000000	15.000000	20.000000	2.000000
20.000000	6.000000	17.000000	11.000000	15.000000
2.000000	19.000000	5.000000	3.000000	10.000000
10.000000	19.000000	14.000000	16.000000	14.000000
9.170312	9.879687	9.657812	9.401562	4.000000
9.527082	9.714582	9.810416	9.768749	5.000000
5.000000	15.000000	10.000000	19.000000	6.000000
8.295312	9.004687	8.782812	8.526562	20.000000
17.000000	1.000000	19.000000	13.000000	4.000000
20.000000	2.000000	2.000000	13.000000	9.000000
16.000000	4.000000	16.000000	13.000000	10.000000
20.000000	8.000000	20.000000	19.000000	16.000000
16.000000	3.000000	2.000000	5.000000	13.000000
10.631249	10.291249	10.356249	10.453750	7.000000
2.000000	17.000000	8.000000	12.000000	1.000000
11.000000	11.000000	14.000000	4.000000	16.000000
2.000000	11.000000	11.000000	10.000000	16.000000
20.000000	9.000000	3.000000	11.000000	19.000000
11.000000	6.000000	1.000000	12.000000	2.000000
13.000000	19.000000	2.000000	14.000000	19.000000
9.714582	9.902082	9.997916	9.956249	18.000000
8.000000	17.000000	1.000000	2.000000	13.000000
10.045312	10.754687	10.532812	10.276562	4.000000
10.000000	17.000000	4.000000	13.000000	19.000000
9.357812	10.067187	9.845312	9.589062	6.000000
9.902082	10.089582	10.185416	10.143749	12.000000
15.000000	18.000000	18.000000	2.000000	4.000000
8.000000	1.000000	1.000000	8.000000	14.000000
10.256249	9.916249	9.981249	10.078750	12.000000
4.000000	17.000000	8.000000	8.000000	1.000000
9.527082	9.714582	9.810416	9.768749	15.000000
20.000000	1.000000	12.000000	16.000000	11.000000
9.339582	9.527082	9.622916	9.581249	15.000000
3.000000	12.000000	15.000000	3.000000	11.000000
9.107812	9.817187	9.595312	9.339062	6.000000
16.000000	16.000000	14.000000	15.000000	3.000000
14.000000	12.000000	16.000000	8.000000	4.000000
10.000000	19.000000	4.000000	1.000000	14.000000
6.000000	8.000000	7.000000	5.000000	12.000000
1.000000	8.000000	3.000000	16.000000	2.000000
13.000000	8.000000	1.000000	9.000000	8.000000
6.000000	4.000000	3.000000	19.000000	10.000000
18.000000	4.000000	1.000000	13.000000	3.000000
16.000000	14.000000	1.000000	19.000000	6.000000
7.000000	17.000000	13.000000	13.000000	1.000000
9.193749	8.853749	8.918749	9.016250	1.000000
2.000000	2.000000	8.000000	2.000000	10.000000
7.000000	7.000000	5.000000	1.000000	17.000000
14.000000	10.000000	20.000000	6.000000	14.000000
2.000000	1.000000	7.000000	2.000000	12.000000
5.000000	20.000000	8.000000	17.000000	13.000000
8.000000	13.000000	18.000000	8.000000	10.000000
8.607812	9.317187	9.095312	8.839062	10.000000
1.000000	15.000000	8.000000	18.000000	15.000000
4.000000	11.000000	5.000000	3.000000	9.000000
18.000000	4.000000	9.000000	17.000000	17.000000
8.920312	9.629687	9.407812	9.151562	17.000000
1.000000	19.000000	9.000000	18.000000	6.000000
11.000000	19.000000	14.000000	2.000000	7.000000
15.000000	14.000000	1.000000	2.000000	11.000000
7.000000	5.000000	14.000000	11.000000	19.000000
2.000000	1.000000	2.000000	2.000000	9.000000
9.420312	10.129687	9.907812	9.651562	12.000000
17.000000	18.000000	10.000000	18.000000	7.000000
7.000000	8.000000	5.000000	12.000000	1.000000
11.000000	6.000000	14.000000	11.000000	19.000000
8.857812	9.567187	9.345312	9.089062	12.000000
13.000000	11.000000	12.000000	6.000000	4.000000
20.000000	16.000000	17.000000	20.000000	13.000000
1.000000	17.000000	3.000000	2.000000	14.000000
9.000000	9.000000	13.000000	14.000000	12.000000
13.000000	16.000000	18.000000	6.000000	19.000000
8.000000	2.000000	8.000000	15.000000	11.000000
19.000000	7.000000	13.000000	3.000000	5.000000
17.000000	14.000000	12.000000	5.000000	14.000000
10.339582	10.527082	10.622916	10.581249	7.000000
9.482812	10.192187	9.970312	9.714062	12.000000
10.000000	19.000000	7.000000	19.000000	4.000000
9.214582	9.402082	9.497916	9.456249	1.000000
8.000000	15.000000	19.000000	13.000000	17.000000
3.000000	9.000000	10.000000	6.000000	13.000000
3.000000	2.000000	10.000000	4.000000	19.000000
10.443749	10.103749	10.168749	10.266250	16.000000
8.000000	15.000000	14.000000	7.000000	14.000000
10.000000	3.000000	20.000000	7.000000	19.000000
12.000000	6.000000	13.000000	10.000000	10.000000
1.000000	5.000000	18.000000	10.000000	10.000000
3.000000	5.000000	11.000000	12.000000	20.000000
2.000000	11.000000	10.000000	18.000000	16.000000
5.000000	18.000000	10.000000	11.000000	16.000000
3.000000	20.000000	10.000000	14.000000	18.000000
8.000000	5.000000	15.000000	12.000000	7.000000
7.607812	8.317187	8.095312	7.839062	14.000000
12.000000	16.000000	18.000000	15.000000	19.000000
17.000000	16.000000	9.000000	6.000000	5.000000
4.000000	3.000000	2.000000	6.000000	13.000000
17.000000	8.000000	12.000000	19.000000	14.000000
1.000000	6.000000	18.000000	7.000000	10.000000
16.000000	11.000000	1.000000	6.000000	17.000000
14.000000	18.000000	4.000000	3.000000	12.000000
3.000000	20.000000	19.000000	3.000000	17.000000
3.000000	19.000000	19.000000	5.000000	4.000000
11.000000	13.000000	3.000000	14.000000	3.000000
8.857812	9.567187	9.345312	9.089062	5.000000
18.000000	1.000000	7.000000	10.000000	7.000000
8.881249	8.541249	8.606249	8.703750	18.000000
19.000000	1.000000	17.000000	17.000000	3.000000
8.152082	8.339582	8.435416	8.393749	7.000000
4.000000	19.000000	12.000000	7.000000	4.000000
14.000000	2.000000	2.000000	2.000000	19.000000
6.000000	11.000000	20.000000	12.000000	13.000000
18.000000	15.000000	8.000000	13.000000	1.000000
5.000000	3.000000	1.000000	14.000000	11.000000
15.000000	11.000000	1.000000	16.000000	6.000000
8.000000	11.000000	4.000000	19.000000	17.000000
7.732812	8.442187	8.220312	7.964062	6.000000
9.000000	6.000000	8.000000	20.000000	17.000000
20.000000	17.000000	3.000000	19.000000	9.000000
15.000000	4.000000	3.000000	7.000000	9.000000
13.000000	2.000000	19.000000	14.000000	17.000000
16.000000	1.000000	19.000000	12.000000	19.000000
16.000000	11.000000	2.000000	18.000000	11.000000
10.964582	11.152082	11.247916	11.206249	18.000000
9.506249	9.166249	9.231249	9.328750	17.000000
8.232812	8.942187	8.720312	8.464062	20.000000
20.000000	10.000000	13.000000	10.000000	3.000000
1.000000	5.000000	15.000000	19.000000	16.000000
5.000000	6.000000	18.000000	6.000000	3.000000
8.000000	5.000000	13.000000	7.000000	11.000000
10.000000	3.000000	8.000000	15.000000	1.000000
4.000000	9.000000	5.000000	15.000000	18.000000
16.000000	14.000000	19.000000	8.000000	3.000000
13.000000	8.000000	20.000000	7.000000	7.000000
10.131249	9.791249	9.856249	9.953750	8.000000
7.000000	4.000000	4.000000	19.000000	11.000000
14.000000	20.000000	13.000000	14.000000	14.000000
5.000000	17.000000	15.000000	9.000000	12.000000
12.000000	17.000000	17.000000	10.000000	4.000000
12.000000	14.000000	4.000000	11.000000	20.000000
2.000000	17.000000	14.000000	5.000000	1.000000
1.000000	11.000000	5.000000	17.000000	1.000000
15.000000	2.000000	20.000000	19.000000	15.000000
6.000000	3.000000	12.000000	20.000000	3.000000
15.000000	3.000000	19.000000	11.000000	4.000000
15.000000	14.000000	17.000000	18.000000	4.000000
8.000000	19.000000	1.000000	1.000000	3.000000
9.818749	9.478749	9.543749	9.641250	9.000000
6.000000	3.000000	3.000000	18.000000	1.000000
8.818749	8.478749	8.543749	8.641250	14.000000
18.000000	6.000000	8.000000	8.000000	9.000000
11.000000	2.000000	2.000000	19.000000	11.000000
9.068749	8.728749	8.793749	8.891250	18.000000
4.000000	10.000000	10.000000	1.000000	7.000000
11.000000	18.000000	9.000000	13.000000	7.000000
9.568749	9.228749	9.293749	9.391250	1.000000
14.000000	5.000000	18.000000	1.000000	13.000000
6.000000	3.000000	6.000000	8.000000	1.000000
17.000000	5.000000	18.000000	17.000000	2.000000
15.000000	12.000000	11.000000	5.000000	4.000000
9.000000	7.000000	2.000000	10.000000	19.000000
20.000000	11.000000	19.000000	1.000000	6.000000
11.000000	6.000000	11.000000	9.000000	7.000000
3.000000	6.000000	1.000000	20.000000	13.000000
2.000000	8.000000	9.000000	11.000000	17.000000
10.000000	6.000000	8.000000	13.000000	2.000000
4.000000	13.000000	8.000000	17.000000	2.000000
9.232812	9.942187	9.720312	9.464062	16.000000
18.000000	19.000000	2.000000	8.000000	19.000000
20.000000	2.000000	4.000000	20.000000	13.000000
9.000000	13.000000	1.000000	17.000000	16.000000
9.402082	9.589582	9.685416	9.643749	3.000000
2.000000	19.000000	15.000000	1.000000	15.000000
9.089582	9.277082	9.372916	9.331249	13.000000
18.000000	17.000000	3.000000	11.000000	16.000000
1.000000	2.000000	9.000000	17.000000	14.000000
2.000000	5.000000	6.000000	2.000000	13.000000
1.000000	18.000000	3.000000	13.000000	5.000000
5.000000	6.000000	4.000000	20.000000	6.000000
10.506249	10.166249	10.231249	10.328750	15.000000
8.000000	2.000000	4.000000	2.000000	4.000000
19.000000	3.000000	6.000000	8.000000	11.000000
19.000000	9.000000	15.000000	16.000000	2.000000
19.000000	9.000000	11.000000	2.000000	1.000000
15.000000	18.000000	7.000000	10.000000	17.000000
9.193749	8.853749	8.918749	9.016250	3.000000
11.000000	6.000000	16.000000	6.000000	7.000000
20.000000	4.000000	1.000000	5.000000	3.000000
11.000000	3.000000	11.000000	17.000000	18.000000
4.000000	8.000000	6.000000	14.000000	9.000000
9.420312	10.129687	9.907812	9.651562	10.000000
9.420312	10.129687	9.907812	9.651562	18.000000
4.000000	12.000000	15.000000	19.000000	17.000000
8.545312	9.254687	9.032812	8.776562	14.000000
15.000000	17.000000	8.000000	18.000000	5.000000
18.000000	1.000000	12.000000	15.000000	15.000000
20.000000	13.000000	15.000000	18.000000	9.000000
4.000000	4.000000	1.000000	5.000000	5.000000
10.000000	8.000000	17.000000	5.000000	18.000000
9.443749	9.103749	9.168749	9.266250	3.000000
13.000000	4.000000	11.000000	1.000000	1.000000
16.000000	18.000000	1.000000	7.000000	12.000000
7.000000	19.000000	17.000000	1.000000	8.000000
9.006249	8.666249	8.731249	8.828750	1.000000
15.000000	19.000000	20.000000	3.000000	15.000000
9.000000	8.000000	4.000000	16.000000	16.000000
9.131249	8.791249	8.856249	8.953750	13.000000
11.000000	4.000000	10.000000	4.000000	2.000000
13.000000	10.000000	20.000000	1.000000	11.000000
7.000000	10.000000	7.000000	9.000000	18.000000
19.000000	4.000000	16.000000	18.000000	18.000000
2.000000	6.000000	17.000000	5.000000	14.000000
13.000000	3.000000	6.000000	3.000000	11.000000
18.000000	6.000000	6.000000	19.000000	9.000000
7.982812	8.692187	8.470312	8.214062	4.000000
10.107812	10.817187	10.595312	10.339062	6.000000
2.000000	16.000000	1.000000	18.000000	5.000000
9.943749	9.603749	9.668749	9.766250	16.000000
8.000000	19.000000	18.000000	13.000000	13.000000
20.000000	2.000000	18.000000	17.000000	20.000000
6.000000	3.000000	14.000000	16.000000	13.000000
17.000000	15.000000	10.000000	1.000000	5.000000
7.857812	8.567187	8.345312	8.089062	12.000000
17.000000	4.000000	2.000000	11.000000	18.000000
9.000000	18.000000	8.000000	18.000000	2.000000
1.000000	9.000000	15.000000	18.000000	5.000000
14.000000	16.000000	20.000000	7.000000	11.000000
12.000000	16.000000	17.000000	13.000000	8.000000
1.000000	7.000000	2.000000	13.000000	13.000000
5.000000	9.000000	17.000000	19.000000	11.000000
9.943749	9.603749	9.668749	9.766250	17.000000
10.089582	10.277082	10.372916	10.331249	3.000000
9.402082	9.589582	9.685416	9.643749	18.000000
12.000000	12.000000	5.000000	9.000000	5.000000
13.000000	9.000000	3.000000	6.000000	13.000000
16.000000	11.000000	13.000000	4.000000	9.000000
3.000000	1.000000	7.000000	2.000000	6.000000
3.000000	14.000000	11.000000	8.000000	20.000000
6.000000	17.000000	11.000000	15.000000	17.000000
9.402082	9.589582	9.685416	9.643749	7.000000
4.000000	9.000000	7.000000	19.000000	15.000000
20.000000	14.000000	17.000000	12.000000	9.000000
5.000000	7.000000	9.000000	11.000000	8.000000
15.000000	6.000000	14.000000	5.000000	13.000000
8.107812	8.817187	8.595312	8.339062	17.000000
9.000000	16.000000	15.000000	8.000000	12.000000
10.693749	10.353749	10.418749	10.516250	14.000000
10.357812	11.067187	10.845312	10.589062	10.000000
9.693749	9.353749	9.418749	9.516250	1.000000
15.000000	13.000000	6.000000	8.000000	10.000000
10.214582	10.402082	10.497916	10.456249	8.000000
7.000000	10.000000	15.000000	1.000000	10.000000
6.000000	13.000000	5.000000	18.000000	20.000000
18.000000	16.000000	5.000000	16.000000	10.000000
14.000000	14.000000	8.000000	1.000000	20.000000
1.000000	16.000000	13.000000	6.000000	3.000000
14.000000	8.000000	7.000000	4.000000	9.000000
14.000000	3.000000	11.000000	20.000000	15.000000
8.982812	9.692187	9.470312	9.214062	15.000000
9.131249	8.791249	8.856249	8.953750	20.000000
12.000000	9.000000	13.000000	12.000000	9.000000
12.000000	12.000000	16.000000	16.000000	9.000000
19.000000	9.000000	16.000000	5.000000	13.000000
17.000000	11.000000	7.000000	7.000000	2.000000
1.000000	18.000000	19.000000	8.000000	13.000000
9.777082	9.964582	10.060416	10.018749	9.000000
4.000000	11.000000	17.000000	16.000000	2.000000
17.000000	19.000000	13.000000	13.000000	15.000000
2.000000	3.000000	15.000000	9.000000	19.000000
19.000000	5.000000	1.000000	5.000000	3.000000
3.000000	6.000000	20.000000	13.000000	5.000000
8.982812	9.692187	9.470312	9.214062	17.000000
19.000000	3.000000	8.000000	7.000000	10.000000
1.000000	15.000000	9.000000	14.000000	7.000000
15.000000	7.000000	1.000000	9.000000	7.000000
11.214582	11.402082	11.497916	11.456249	4.000000
6.000000	14.000000	9.000000	6.000000	7.000000
14.000000	17.000000	16.000000	4.000000	5.000000
5.000000	14.000000	19.000000	12.000000	20.000000
9.000000	12.000000	6.000000	17.000000	17.000000
5.000000	11.000000	15.000000	5.000000	11.000000
14.000000	16.000000	10.000000	17.000000	8.000000
14.000000	14.000000	13.000000	14.000000	19.000000
11.000000	7.000000	8.000000	7.000000	2.000000
4.000000	11.000000	15.000000	2.000000	14.000000
6.000000	10.000000	17.000000	4.000000	6.000000
6.000000	8.000000	8.000000	12.000000	12.000000
10.339582	10.527082	10.622916	10.581249	13.000000
19.000000	5.000000	7.000000	11.000000	11.000000
5.000000	2.000000	17.000000	4.000000	20.000000
8.714582	8.902082	8.997916	8.956249	9.000000
7.000000	15.000000	10.000000	15.000000	18.000000
8.000000	20.000000	5.000000	7.000000	4.000000
8.000000	17.000000	20.000000	19.000000	9.000000
13.000000	17.000000	5.000000	19.000000	8.000000
15.000000	15.000000	1.000000	4.000000	11.000000
12.000000	6.000000	17.000000	5.000000	2.000000
10.193749	9.853749	9.918749	10.016250	17.000000
17.000000	6.000000	9.000000	13.000000	12.000000
12.000000	1.000000	1.000000	3.000000	11.000000
1.000000	15.000000	8.000000	5.000000	5.000000
7.000000	12.000000	12.000000	7.000000	7.000000
2.000000	10.000000	12.000000	10.000000	14.000000
5.000000	7.000000	16.000000	13.000000	5.000000
4.000000	9.000000	10.000000	12.000000	2.000000
9.568749	9.228749	9.293749	9.391250	18.000000
4.000000	13.000000	4.000000	3.000000	18.000000
9.000000	9.000000	1.000000	12.000000	15.000000
9.756249	9.416249	9.481249	9.578750	2.000000
9.000000	14.000000	20.000000	16.000000	18.000000
9.756249	9.416249	9.481249	9.578750	3.000000
20.000000	10.000000	18.000000	5.000000	2.000000
7.000000	8.000000	7.000000	10.000000	3.000000
16.000000	18.000000	11.000000	16.000000	9.000000
18.000000	14.000000	13.000000	13.000000	3.000000
7.000000	14.000000	8.000000	18.000000	9.000000
6.000000	14.000000	20.000000	4.000000	2.000000
8.839582	9.027082	9.122916	9.081249	7.000000
5.000000	10.000000	6.000000	11.000000	19.000000
8.000000	6.000000	9.000000	19.000000	13.000000
9.000000	8.000000	6.000000	2.000000	20.000000
20.000000	20.000000	5.000000	7.000000	17.000000
6.000000	12.000000	10.000000	5.000000	15.000000
12.000000	19.000000	17.000000	14.000000	2.000000
15.000000	10.000000	11.000000	13.000000	20.000000
9.545312	10.254687	10.032812	9.776562	2.000000
9.000000	18.000000	9.000000	6.000000	11.000000
9.000000	5.000000	10.000000	13.000000	12.000000
7.000000	18.000000	3.000000	8.000000	15.000000
8.920312	9.629687	9.407812	9.151562	17.000000
19.000000	13.000000	6.000000	1.000000	17.000000
6.000000	2.000000	8.000000	14.000000	3.000000
8.631249	8.291249	8.356249	8.453750	20.000000
3.000000	18.000000	17.000000	13.000000	3.000000
8.000000	19.000000	20.000000	2.000000	18.000000
6.000000	11.000000	9.000000	3.000000	1.000000
5.000000	1.000000	13.000000	10.000000	1.000000
1.000000	7.000000	15.000000	8.000000	13.000000
17.000000	17.000000	7.000000	9.000000	15.000000
8.818749	8.478749	8.543749	8.641250	16.000000
14.000000	1.000000	6.000000	6.000000	15.000000
3.000000	3.000000	17.000000	3.000000	5.000000
17.000000	19.000000	5.000000	1.000000	1.000000
18.000000	1.000000	7.000000	12.000000	9.000000
11.000000	20.000000	17.000000	17.000000	9.000000
11.000000	15.000000	12.000000	15.000000	8.000000
19.000000	20.000000	1.000000	4.000000	17.000000
7.000000	6.000000	20.000000	3.000000	1.000000
4.000000	12.000000	19.000000	1.000000	12.000000
19.000000	10.000000	5.000000	18.000000	1.000000
9.795312	10.504687	10.282812	10.026562	5.000000
12.000000	12.000000	11.000000	15.000000	18.000000
10.000000	13.000000	17.000000	10.000000	16.000000
9.420312	10.129687	9.907812	9.651562	11.000000
14.000000	20.000000	2.000000	4.000000	12.000000
13.000000	3.000000	1.000000	9.000000	12.000000
9.256249	8.916249	8.981249	9.078750	14.000000
8.857812	9.567187	9.345312	9.089062	3.000000
14.000000	7.000000	15.000000	2.000000	16.000000
3.000000	7.000000	4.000000	8.000000	3.000000
14.000000	1.000000	15.000000	15.000000	16.000000
18.000000	19.000000	10.000000	19.000000	8.000000
1.000000	3.000000	12.000000	20.000000	19.000000
5.000000	6.000000	19.000000	1.000000	3.000000
1.000000	6.000000	9.000000	7.000000	8.000000
16.000000	1.000000	6.000000	19.000000	8.000000
1.000000	4.000000	20.000000	7.000000	18.000000
16.000000	4.000000	9.000000	5.000000	14.000000
8.000000	6.000000	17.000000	19.000000	17.000000
7.000000	4.000000	14.000000	5.000000	16.000000
16.000000	17.000000	2.000000	16.000000	16.000000
1.000000	12.000000	16.000000	18.000000	2.000000
4.000000	18.000000	6.000000	15.000000	16.000000
11.089582	11.277082	11.372916	11.331249	7.000000
13.000000	10.000000	4.000000	1.000000	9.000000
20.000000	8.000000	4.000000	13.000000	4.000000
19.000000	1.000000	1.000000	20.000000	16.000000
9.943749	9.603749	9.668749	9.766250	18.000000
9.318749	8.978749	9.043749	9.141250	5.000000
3.000000	8.000000	14.000000	14.000000	3.000000
12.000000	6.000000	12.000000	15.000000	19.000000
12.000000	14.000000	18.000000	15.000000	19.000000
13.000000	14.000000	11.000000	5.000000	5.000000
6.000000	12.000000	17.000000	5.000000	7.000000
14.000000	5.000000	4.000000	12.000000	10.000000
20.000000	6.000000	9.000000	14.000000	19.000000
11.000000	5.000000	17.000000	15.000000	12.000000
15.000000	6.000000	5.000000	4.000000	1.000000
15.000000	16.000000	6.000000	5.000000	1.000000
10.000000	3.000000	12.000000	6.000000	7.000000
18.000000	11.000000	3.000000	14.000000	15.000000
9.506249	9.166249	9.231249	9.328750	18.000000
19.000000	3.000000	15.000000	7.000000	9.000000
6.000000	13.000000	14.000000	2.000000	16.000000
6.000000	9.000000	3.000000	11.000000	5.000000
3.000000	1.000000	7.000000	7.000000	18.000000
5.000000	16.000000	9.000000	7.000000	1.000000
3.000000	10.000000	6.000000	14.000000	2.000000
15.000000	4.000000	16.000000	9.000000	10.000000
4.000000	6.000000	2.000000	9.000000	20.000000
9.000000	15.000000	20.000000	4.000000	5.000000
9.777082	9.964582	10.060416	10.018749	4.000000
15.000000	7.000000	12.000000	15.000000	14.000000
12.000000	9.000000	15.000000	9.000000	14.000000
16.000000	4.000000	18.000000	3.000000	4.000000
19.000000	18.000000	2.000000	13.000000	7.000000
1.000000	1.000000	1.000000	20.000000	4.000000
9.693749	9.353749	9.418749	9.516250	5.000000
10.068749	9.728749	9.793749	9.891250	6.000000
17.000000	12.000000	6.000000	11.000000	20.000000
19.000000	19.000000	3.000000	16.000000	13.000000
7.000000	15.000000	11.000000	8.000000	7.000000
9.000000	20.000000	19.000000	1.000000	11.000000
10.381249	10.041249	10.106249	10.203750	14.000000
2.000000	4.000000	13.000000	5.000000	12.000000
9.232812	9.942187	9.720312	9.464062	3.000000
2.000000	14.000000	13.000000	17.000000	9.000000
6.000000	15.000000	15.000000	8.000000	14.000000
13.000000	16.000000	13.000000	12.000000	16.000000
15.000000	18.000000	4.000000	19.000000	5.000000
9.607812	10.317187	10.095312	9.839062	16.000000
11.000000	12.000000	20.000000	5.000000	18.000000
3.000000	19.000000	11.000000	7.000000	15.000000
8.857812	9.567187	9.345312	9.089062	11.000000
14.000000	11.000000	6.000000	18.000000	14.000000
8.982812	9.692187	9.470312	9.214062	2.000000
7.000000	18.000000	6.000000	6.000000	11.000000
13.000000	17.000000	14.000000	13.000000	1.000000
12.000000	7.000000	11.000000	14.000000	13.000000
17.000000	5.000000	17.000000	17.000000	15.000000
8.256249	7.916249	7.981249	8.078750	7.000000
10.000000	9.000000	10.000000	20.000000	9.000000
4.000000	6.000000	6.000000	9.000000	11.000000
9.000000	13.000000	19.000000	2.000000	5.000000
12.000000	13.000000	11.000000	2.000000	19.000000
9.256249	8.916249	8.981249	9.078750	15.000000
9.000000	18.000000	17.000000	13.000000	14.000000
15.000000	14.000000	15.000000	17.000000	13.000000
3.000000	12.000000	10.000000	1.000000	12.000000
13.000000	9.000000	4.000000	3.000000	10.000000
9.000000	14.000000	15.000000	19.000000	8.000000
10.881249	10.541249	10.606249	10.703750	5.000000
9.670312	10.379687	10.157812	9.901562	12.000000
7.631249	7.291249	7.356249	7.453750	15.000000
10.000000	17.000000	6.000000	12.000000	17.000000
8.545312	9.254687	9.032812	8.776562	18.000000
9.443749	9.103749	9.168749	9.266250	19.000000
8.295312	9.004687	8.782812	8.526562	7.000000
9.000000	3.000000	14.000000	15.000000	7.000000
17.000000	14.000000	13.000000	2.000000	8.000000
7.000000	4.000000	4.000000	12.000000	15.000000
12.000000	8.000000	10.000000	20.000000	19.000000
10.568749	10.228749	10.293749	10.391250	1.000000
17.000000	12.000000	8.000000	20.000000	3.000000
14.000000	8.000000	18.000000	19.000000	2.000000
4.000000	16.000000	16.000000	8.000000	9.000000
15.000000	14.000000	12.000000	10.000000	17.000000
6.000000	1.000000	16.000000	7.000000	12.000000
8.652082	8.839582	8.935416	8.893749	15.000000
9.527082	9.714582	9.810416	9.768749	8.000000
13.000000	13.000000	15.000000	10.000000	12.000000
9.000000	13.000000	19.000000	16.000000	20.000000
7.000000	10.000000	5.000000	19.000000	19.000000
13.000000	16.000000	11.000000	8.000000	3.000000
9.232812	9.942187	9.720312	9.464062	5.000000
14.000000	1.000000	13.000000	4.000000	20.000000
10.256249	9.916249	9.981249	10.078750	6.000000
15.000000	6.000000	11.000000	13.000000	1.000000
9.107812	9.817187	9.595312	9.339062	10.000000
8.000000	11.000000	17.000000	10.000000	19.000000
11.000000	11.000000	12.000000	18.000000	12.000000
16.000000	4.000000	4.000000	20.000000	7.000000
3.000000	11.000000	3.000000	14.000000	9.000000
1.000000	9.000000	14.000000	3.000000	13.000000
7.000000	4.000000	12.000000	8.000000	2.000000
8.527082	8.714582	8.810416	8.768749	17.000000
3.000000	20.000000	8.000000	6.000000	10.000000
11.000000	13.000000	13.000000	14.000000	13.000000
11.000000	16.000000	15.000000	6.000000	1.000000
3.000000	18.000000	1.000000	9.000000	20.000000
14.000000	15.000000	15.000000	17.000000	2.000000
9.000000	10.000000	9.000000	13.000000	11.000000
6.000000	7.000000	2.000000	5.000000	12.000000
11.000000	15.000000	16.000000	15.000000	20.000000
8.000000	6.000000	15.000000	15.000000	3.000000
7.000000	17.000000	20.000000	8.000000	5.000000
19.000000	13.000000	11.000000	5.000000	1.000000
9.045312	9.754687	9.532812	9.276562	17.000000
8.857812	9.567187	9.345312	9.089062	2.000000
8.982812	9.692187	9.470312	9.214062	11.000000
7.000000	1.000000	8.000000	13.000000	15.000000
10.000000	20.000000	12.000000	1.000000	19.000000
8.000000	19.000000	3.000000	19.000000	15.000000
9.652082	9.839582	9.935416	9.893749	15.000000
9.545312	10.254687	10.032812	9.776562	1.000000
18.000000	4.000000	17.000000	6.000000	5.000000
19.000000	4.000000	6.000000	6.000000	17.000000
12.000000	7.000000	8.000000	15.000000	7.000000
18.000000	3.000000	17.000000	20.000000	13.000000
11.000000	2.000000	15.000000	10.000000	18.000000
1.000000	14.000000	6.000000	5.000000	12.000000
6.000000	3.000000	7.000000	14.000000	20.000000
12.000000	12.000000	3.000000	9.000000	9.000000
19.000000	20.000000	7.000000	18.000000	15.000000
5.000000	15.000000	9.000000	13.000000	14.000000
1.000000	4.000000	8.000000	7.000000	5.000000
17.000000	7.000000	18.000000	2.000000	12.000000
8.964582	9.152082	9.247916	9.206249	13.000000
5.000000	11.000000	17.000000	7.000000	11.000000
9.045312	9.754687	9.532812	9.276562	7.000000
16.000000	20.000000	2.000000	16.000000	13.000000
7.000000	16.000000	8.000000	6.000000	14.000000
12.000000	3.000000	1.000000	2.000000	4.000000
4.000000	14.000000	15.000000	9.000000	13.000000
20.000000	13.000000	15.000000	16.000000	11.000000
5.000000	4.000000	20.000000	7.000000	19.000000
7.000000	2.000000	11.000000	8.000000	18.000000
9.277082	9.464582	9.560416	9.518749	12.000000
19.000000	5.000000	14.000000	19.000000	6.000000
9.000000	14.000000	12.000000	4.000000	2.000000
8.732812	9.442187	9.220312	8.964062	10.000000
9.568749	9.228749	9.293749	9.391250	1.000000
10.027082	10.214582	10.310416	10.268749	5.000000
12.000000	12.000000	10.000000	16.000000	5.000000
13.000000	6.000000	9.000000	6.000000	16.000000
7.000000	7.000000	9.000000	18.000000	2.000000
10.000000	13.000000	16.000000	7.000000	3.000000
17.000000	15.000000	18.000000	13.000000	14.000000
18.000000	8.000000	19.000000	20.000000	5.000000
3.000000	3.000000	16.000000	4.000000	19.000000
12.000000	17.000000	16.000000	1.000000	14.000000
10.193749	9.853749	9.918749	10.016250	16.000000
13.000000	2.000000	20.000000	8.000000	8.000000
8.607812	9.317187	9.095312	8.839062	9.000000
7.000000	17.000000	16.000000	5.000000	9.000000
13.000000	19.000000	11.000000	20.000000	15.000000
1.000000	12.000000	11.000000	17.000000	12.000000
7.732812	8.442187	8.220312	7.964062	19.000000
17.000000	8.000000	20.000000	16.000000	8.000000
8.000000	18.000000	3.000000	1.000000	9.000000
11.000000	8.000000	18.000000	19.000000	4.000000
8.256249	7.916249	7.981249	8.078750	10.000000
9.318749	8.978749	9.043749	9.141250	9.000000
10.818749	10.478749	10.543749	10.641250	1.000000
6.000000	13.000000	1.000000	6.000000	1.000000
8.000000	13.000000	18.000000	2.000000	5.000000
19.000000	5.000000	4.000000	16.000000	3.000000
9.295312	10.004687	9.782812	9.526562	20.000000
6.000000	14.000000	20.000000	19.000000	4.000000
8.000000	14.000000	9.000000	15.000000	11.000000
2.000000	1.000000	3.000000	2.000000	6.000000
15.000000	1.000000	10.000000	5.000000	14.000000
14.000000	3.000000	18.000000	10.000000	18.000000
12.000000	9.000000	10.000000	16.000000	2.000000
9.256249	8.916249	8.981249	9.078750	20.000000
10.000000	20.000000	5.000000	10.000000	15.000000
15.000000	11.000000	7.000000	10.000000	4.000000
4.000000	4.000000	16.000000	13.000000	8.000000
10.000000	18.000000	2.000000	19.000000	7.000000
9.232812	9.942187	9.720312	9.464062	6.000000
9.381249	9.041249	9.106249	9.203750	1.000000
18.000000	3.000000	12.000000	3.000000	5.000000
10.818749	10.478749	10.543749	10.641250	18.000000
11.000000	7.000000	14.000000	6.000000	11.000000
13.000000	7.000000	9.000000	15.000000	6.000000
8.756249	8.416249	8.481249	8.578750	5.000000
13.000000	1.000000	5.000000	12.000000	15.000000
17.000000	1.000000	9.000000	8.000000	15.000000
8.795312	9.504687	9.282812	9.026562	9.000000
13.000000	2.000000	8.000000	18.000000	19.000000
18.000000	11.000000	6.000000	18.000000	5.000000
11.000000	5.000000	9.000000	18.000000	18.000000
5.000000	10.000000	18.000000	9.000000	13.000000
9.318749	8.978749	9.043749	9.141250	17.000000
8.670312	9.379687	9.157812	8.901562	8.000000
2.000000	16.000000	1.000000	9.000000	13.000000
20.000000	19.000000	3.000000	5.000000	16.000000
19.000000	7.000000	20.000000	8.000000	4.000000
17.000000	12.000000	5.000000	7.000000	13.000000
8.943749	8.603749	8.668749	8.766250	14.000000
17.000000	18.000000	3.000000	18.000000	1.000000
2.000000	12.000000	16.000000	3.000000	12.000000
10.170312	10.879687	10.657812	10.401562	18.000000
6.000000	1.000000	4.000000	17.000000	8.000000
7.000000	6.000000	12.000000	11.000000	12.000000
16.000000	20.000000	1.000000	16.000000	10.000000
7.000000	13.000000	20.000000	9.000000	2.000000
8.652082	8.839582	8.935416	8.893749	12.000000
17.000000	14.000000	5.000000	6.000000	16.000000
2.000000	3.000000	17.000000	5.000000	12.000000
16.000000	3.000000	17.000000	7.000000	6.000000
9.777082	9.964582	10.060416	10.018749	10.000000
7.000000	18.000000	2.000000	6.000000	6.000000
3.000000	5.000000	8.000000	8.000000	11.000000
19.000000	4.000000	16.000000	16.000000	1.000000
12.000000	17.000000	16.000000	20.000000	14.000000
7.000000	15.000000	16.000000	3.000000	14.000000
7.902082	8.089582	8.185416	8.143749	13.000000
8.000000	16.000000	11.000000	9.000000	1.000000
8.000000	4.000000	17.000000	15.000000	11.000000
19.000000	6.000000	6.000000	14.000000	1.000000
6.000000	17.000000	9.000000	13.000000	8.000000
9.357812	10.067187	9.845312	9.589062	13.000000
8.000000	2.000000	6.000000	6.000000	11.000000
19.000000	14.000000	6.000000	1.000000	2.000000
9.045312	9.754687	9.532812	9.276562	15.000000
9.214582	9.402082	9.497916	9.456249	10.000000
4.000000	2.000000	18.000000	12.000000	14.000000
9.339582	9.527082	9.622916	9.581249	3.000000
17.000000	19.000000	4.000000	3.000000	4.000000
7.000000	13.000000	9.000000	12.000000	5.000000
10.027082	10.214582	10.310416	10.268749	15.000000
8.670312	9.379687	9.157812	8.901562	1.000000
9.756249	9.416249	9.481249	9.578750	8.000000
8.000000	6.000000	1.000000	12.000000	5.000000
10.402082	10.589582	10.685416	10.643749	2.000000
9.714582	9.902082	9.997916	9.956249	8.000000
10.000000	1.000000	9.000000	6.000000	20.000000
15.000000	15.000000	17.000000	17.000000	20.000000
9.652082	9.839582	9.935416	9.893749	17.000000
2.000000	2.000000	2.000000	14.000000	5.000000
8.714582	8.902082	8.997916	8.956249	18.000000
9.068749	8.728749	8.793749	8.891250	2.000000
20.000000	13.000000	2.000000	20.000000	18.000000
1.000000	7.000000	4.000000	9.000000	3.000000
3.000000	10.000000	11.000000	18.000000	4.000000
7.000000	11.000000	17.000000	20.000000	5.000000
13.000000	18.000000	12.000000	16.000000	11.000000
9.000000	13.000000	5.000000	2.000000	16.000000
6.000000	13.000000	8.000000	8.000000	5.000000
5.000000	20.000000	11.000000	20.000000	9.000000
13.000000	15.000000	10.000000	3.000000	12.000000
5.000000	1.000000	14.000000	1.000000	1.000000
18.000000	13.000000	10.000000	2.000000	20.000000
9.964582	10.152082	10.247916	10.206249	3.000000
8.000000	2.000000	16.000000	15.000000	1.000000
12.000000	11.000000	1.000000	2.000000	2.000000
1.000000	14.000000	16.000000	10.000000	9.000000
19.000000	14.000000	1.000000	13.000000	6.000000
13.000000	10.000000	10.000000	15.000000	3.000000
9.000000	6.000000	13.000000	1.000000	2.000000
7.000000	8.000000	16.000000	14.000000	14.000000
16.000000	5.000000	16.000000	8.000000	6.000000
18.000000	20.000000	12.000000	13.000000	9.000000
12.000000	12.000000	14.000000	12.000000	4.000000
11.000000	17.000000	5.000000	20.000000	11.000000
8.000000	1.000000	16.000000	12.000000	1.000000
10.000000	18.000000	1.000000	17.000000	4.000000
6.000000	4.000000	8.000000	2.000000	12.000000
14.000000	19.000000	11.000000	17.000000	11.000000
12.000000	8.000000	14.000000	17.000000	11.000000
9.000000	20.000000	7.000000	14.000000	11.000000
9.000000	13.000000	11.000000	17.000000	4.000000
4.000000	6.000000	13.000000	16.000000	2.000000
9.568749	9.228749	9.293749	9.391250	14.000000
8.000000	1.000000	4.000000	11.000000	17.000000
7.000000	14.000000	16.000000	20.000000	10.000000
6.000000	9.000000	9.000000	5.000000	14.000000
9.068749	8.728749	8.793749	8.891250	1.000000
1.000000	5.000000	6.000000	5.000000	12.000000
9.277082	9.464582	9.560416	9.518749	8.000000
9.381249	9.041249	9.106249	9.203750	13.000000
9.482812	10.192187	9.970312	9.714062	7.000000
8.000000	16.000000	7.000000	8.000000	12.000000
20.000000	19.000000	17.000000	17.000000	13.000000
17.000000	17.000000	9.000000	15.000000	2.000000
8.443749	8.103749	8.168749	8.266250	20.000000
1.000000	2.000000	3.000000	20.000000	3.000000
9.732812	10.442187	10.220312	9.964062	13.000000
9.000000	4.000000	8.000000	15.000000	3.000000
20.000000	15.000000	14.000000	8.000000	11.000000
6.000000	4.000000	20.000000	14.000000	10.000000
13.000000	14.000000	15.000000	18.000000	18.000000
14.000000	10.000000	12.000000	8.000000	9.000000
14.000000	15.000000	11.000000	16.000000	11.000000
15.000000	4.000000	6.000000	2.000000	10.000000
8.000000	13.000000	16.000000	1.000000	20.000000
7.000000	18.000000	16.000000	18.000000	12.000000
5.000000	10.000000	17.000000	19.000000	19.000000
7.000000	5.000000	8.000000	18.000000	12.000000
8.568749	8.228749	8.293749	8.391250	18.000000
9.943749	9.603749	9.668749	9.766250	5.000000
3.000000	5.000000	10.000000	10.000000	5.000000
8.881249	8.541249	8.606249	8.703750	5.000000
6.000000	13.000000	6.000000	2.000000	3.000000
4.000000	8.000000	7.000000	11.000000	17.000000
19.000000	18.000000	20.000000	16.000000	15.000000
9.000000	16.000000	18.000000	14.000000	20.000000
3.000000	16.000000	16.000000	12.000000	17.000000
1.000000	12.000000	13.000000	15.000000	20.000000
9.000000	20.000000	12.000000	15.000000	13.000000
6.000000	18.000000	1.000000	13.000000	1.000000
9.006249	8.666249	8.731249	8.828750	18.000000
5.000000	17.000000	13.000000	14.000000	10.000000
5.000000	8.000000	17.000000	20.000000	19.000000
13.000000	12.000000	3.000000	17.000000	18.000000
14.000000	6.000000	17.000000	17.000000	12.000000
2.000000	2.000000	9.000000	14.000000	14.000000
8.232812	8.942187	8.720312	8.464062	10.000000
10.381249	10.041249	10.106249	10.203750	16.000000
19.000000	14.000000	4.000000	7.000000	6.000000
14.000000	11.000000	9.000000	8.000000	8.000000
10.232812	10.942187	10.720312	10.464062	17.000000
16.000000	8.000000	11.000000	16.000000	1.000000
16.000000	5.000000	3.000000	12.000000	3.000000
12.000000	17.000000	17.000000	1.000000	6.000000
12.000000	19.000000	12.000000	7.000000	17.000000
9.000000	1.000000	7.000000	9.000000	20.000000
6.000000	7.000000	1.000000	10.000000	14.000000
9.839582	10.027082	10.122916	10.081249	5.000000
2.000000	7.000000	9.000000	4.000000	10.000000
3.000000	7.000000	18.000000	11.000000	19.000000
15.000000	2.000000	9.000000	6.000000	1.000000
5.000000	6.000000	1.000000	11.000000	7.000000
20.000000	17.000000	13.000000	12.000000	18.000000
6.000000	13.000000	7.000000	19.000000	3.000000
11.000000	20.000000	1.000000	11.000000	15.000000
10.420312	11.129687	10.907812	10.651562	3.000000
9.568749	9.228749	9.293749	9.391250	19.000000
9.589582	9.777082	9.872916	9.831249	13.000000
3.000000	20.000000	1.000000	7.000000	11.000000
11.000000	13.000000	15.000000	17.000000	11.000000
10.000000	7.000000	2.000000	10.000000	17.000000
16.000000	20.000000	1.000000	8.000000	18.000000
15.000000	18.000000	19.000000	10.000000	16.000000
10.000000	18.000000	18.000000	6.000000	5.000000
2.000000	8.000000	4.000000	3.000000	6.000000
7.000000	13.000000	10.000000	13.000000	1.000000
9.652082	9.839582	9.935416	9.893749	12.000000
15.000000	8.000000	3.000000	15.000000	15.000000
20.000000	9.000000	12.000000	19.000000	10.000000
19.000000	20.000000	7.000000	16.000000	5.000000
4.000000	18.000000	4.000000	7.000000	12.000000
9.000000	5.000000	16.000000	19.000000	18.000000
16.000000	10.000000	19.000000	2.000000	15.000000
10.693749	10.353749	10.418749	10.516250	2.000000
9.000000	4.000000	10.000000	12.000000	14.000000
19.000000	11.000000	13.000000	18.000000	18.000000
9.000000	1.000000	15.000000	12.000000	19.000000
18.000000	12.000000	4.000000	13.000000	2.000000
13.000000	8.000000	12.000000	11.000000	1.000000
10.631249	10.291249	10.356249	10.453750	8.000000
9.000000	11.000000	3.000000	10.000000	3.000000
9.443749	9.103749	9.168749	9.266250	18.000000
14.000000	20.000000	10.000000	1.000000	11.000000
8.000000	18.000000	15.000000	3.000000	3.000000
9.652082	9.839582	9.935416	9.893749	18.000000
3.000000	16.000000	2.000000	2.000000	7.000000
9.652082	9.839582	9.935416	9.893749	4.000000
11.000000	11.000000	4.000000	7.000000	3.000000
13.000000	1.000000	2.000000	2.000000	1.000000
9.714582	9.902082	9.997916	9.956249	4.000000
12.000000	14.000000	11.000000	14.000000	13.000000
8.000000	8.000000	8.000000	9.000000	1.000000
7.857812	8.567187	8.345312	8.089062	4.000000
7.000000	13.000000	15.000000	2.000000	20.000000
9.589582	9.777082	9.872916	9.831249	8.000000
12.000000	14.000000	9.000000	1.000000	12.000000
5.000000	13.000000	18.000000	15.000000	6.000000
10.000000	2.000000	13.000000	9.000000	2.000000
13.000000	15.000000	2.000000	8.000000	17.000000
6.000000	6.000000	1.000000	12.000000	7.000000
9.545312	10.254687	10.032812	9.776562	9.000000
1.000000	2.000000	15.000000	9.000000	3.000000
18.000000	13.000000	7.000000	15.000000	19.000000
12.000000	16.000000	20.000000	16.000000	17.000000
13.000000	20.000000	11.000000	15.000000	19.000000
19.000000	20.000000	4.000000	19.000000	3.000000
11.000000	11.000000	2.000000	3.000000	13.000000
9.943749	9.603749	9.668749	9.766250	12.000000
9.045312	9.754687	9.532812	9.276562	20.000000
15.000000	18.000000	8.000000	6.000000	5.000000
10.693749	10.353749	10.418749	10.516250	13.000000
15.000000	4.000000	4.000000	18.000000	14.000000
6.000000	8.000000	16.000000	19.000000	11.000000
9.000000	12.000000	13.000000	15.000000	20.000000
16.000000	7.000000	5.000000	4.000000	13.000000
16.000000	18.000000	2.000000	3.000000	15.000000
6.000000	18.000000	13.000000	1.000000	3.000000
5.000000	15.000000	6.000000	20.000000	5.000000
8.607812	9.317187	9.095312	8.839062	15.000000
14.000000	15.000000	7.000000	19.000000	1.000000
18.000000	6.000000	7.000000	2.000000	9.000000
10.506249	10.166249	10.231249	10.328750	4.000000
9.881249	9.541249	9.606249	9.703750	10.000000
4.000000	2.000000	16.000000	1.000000	1.000000
12.000000	12.000000	18.000000	16.000000	19.000000
4.000000	9.000000	5.000000	2.000000	19.000000
10.652082	10.839582	10.935416	10.893749	12.000000
13.000000	7.000000	1.000000	11.000000	10.000000
4.000000	3.000000	19.000000	16.000000	19.000000
20.000000	11.000000	20.000000	7.000000	12.000000
8.527082	8.714582	8.810416	8.768749	14.000000
10.131249	9.791249	9.856249	9.953750	7.000000
13.000000	19.000000	17.000000	9.000000	14.000000
9.000000	13.000000	12.000000	1.000000	3.000000
2.000000	16.000000	17.000000	20.000000	11.000000
8.000000	11.000000	2.000000	7.000000	17.000000
10.277082	10.464582	10.560416	10.518749	20.000000
20.000000	16.000000	17.000000	6.000000	17.000000
15.000000	18.000000	15.000000	11.000000	18.000000
8.881249	8.541249	8.606249	8.703750	11.000000
9.214582	9.402082	9.497916	9.456249	4.000000
10.277082	10.464582	10.560416	10.518749	7.000000
9.857812	10.567187	10.345312	10.089062	8.000000
9.000000	8.000000	15.000000	5.000000	13.000000
9.214582	9.402082	9.497916	9.456249	1.000000
19.000000	9.000000	12.000000	1.000000	20.000000
9.357812	10.067187	9.845312	9.589062	9.000000
19.000000	20.000000	9.000000	4.000000	1.000000
9.006249	8.666249	8.731249	8.828750	13.000000
10.131249	9.791249	9.856249	9.953750	19.000000
5.000000	14.000000	9.000000	19.000000	3.000000
10.000000	17.000000	11.000000	13.000000	9.000000
10.318749	9.978749	10.043749	10.141250	9.000000
10.131249	9.791249	9.856249	9.953750	18.000000
12.000000	8.000000	2.000000	1.000000	2.000000
15.000000	18.000000	17.000000	7.000000	1.000000
7.670312	8.379687	8.157812	7.901562	1.000000
8.732812	9.442187	9.220312	8.964062	17.000000
18.000000	3.000000	14.000000	3.000000	7.000000
15.000000	16.000000	13.000000	14.000000	9.000000
10.000000	6.000000	8.000000	12.000000	18.000000
8.545312	9.254687	9.032812	8.776562	4.000000
7.000000	12.000000	6.000000	5.000000	15.000000
19.000000	4.000000	19.000000	8.000000	14.000000
7.000000	5.000000	8.000000	12.000000	19.000000
15.000000	6.000000	6.000000	19.000000	12.000000
14.000000	9.000000	9.000000	13.000000	20.000000
6.000000	14.000000	17.000000	13.000000	2.000000
12.000000	11.000000	13.000000	9.000000	15.000000
19.000000	7.000000	19.000000	9.000000	14.000000
4.000000	15.000000	11.000000	11.000000	7.000000
9.000000	17.000000	4.000000	15.000000	16.000000
8.170312	8.879687	8.657812	8.401562	13.000000
15.000000	1.000000	18.000000	3.000000	13.000000
19.000000	6.000000	3.000000	4.000000	14.000000
18.000000	2.000000	13.000000	8.000000	11.000000
