18.000000	11.000000	17.000000	8.000000	13.000000
3.000000	17.000000	10.000000	7.000000	3.000000
9.611250	9.271250	9.336249	9.433750	8.000000
9.785936	10.495312	10.273437	10.017186	8.000000
12.000000	6.000000	13.000000	14.000000	9.000000
18.000000	3.000000	2.000000	10.000000	10.000000
4.000000	8.000000	12.000000	1.000000	7.000000
10.597916	10.785416	10.881249	10.839582	1.000000
9.673750	9.333750	9.398749	9.496250	5.000000
13.000000	8.000000	10.000000	12.000000	15.000000
10.285416	10.472916	10.568749	10.527082	16.000000
8.000000	10.000000	11.000000	9.000000	12.000000
12.000000	5.000000	11.000000	16.000000	5.000000
17.000000	12.000000	19.000000	12.000000	9.000000
12.000000	20.000000	2.000000	17.000000	2.000000
9.048750	8.708750	8.773749	8.871250	12.000000
4.000000	15.000000	14.000000	15.000000	7.000000
1.000000	2.000000	16.000000	11.000000	2.000000
19.000000	3.000000	6.000000	9.000000	10.000000
10.000000	18.000000	1.000000	1.000000	9.000000
1.000000	12.000000	20.000000	2.000000	20.000000
10.173750	9.833750	9.898749	9.996250	5.000000
11.000000	18.000000	19.000000	4.000000	12.000000
8.597916	8.785416	8.881249	8.839582	7.000000
6.000000	11.000000	1.000000	4.000000	19.000000
10.000000	5.000000	16.000000	10.000000	5.000000
16.000000	2.000000	8.000000	8.000000	3.000000
7.000000	9.000000	13.000000	6.000000	3.000000
8.848436	9.557812	9.335937	9.079686	11.000000
15.000000	11.000000	15.000000	19.000000	2.000000
13.000000	16.000000	12.000000	13.000000	19.000000
3.000000	2.000000	16.000000	10.000000	3.000000
20.000000	6.000000	4.000000	8.000000	5.000000
18.000000	14.000000	5.000000	10.000000	12.000000
7.000000	6.000000	19.000000	10.000000	12.000000
10.000000	4.000000	14.000000	16.000000	14.000000
7.000000	8.000000	9.000000	11.000000	20.000000
10.236250	9.896250	9.961249	10.058750	14.000000
15.000000	6.000000	11.000000	10.000000	5.000000
15.000000	7.000000	19.000000	19.000000	16.000000
2.000000	17.000000	13.000000	20.000000	6.000000
8.798750	8.458750	8.523749	8.621250	16.000000
14.000000	7.000000	15.000000	15.000000	9.000000
14.000000	6.000000	1.000000	18.000000	12.000000
7.000000	12.000000	17.000000	17.000000	1.000000
2.000000	12.000000	19.000000	12.000000	2.000000
6.000000	5.000000	19.000000	10.000000	4.000000
4.000000	5.000000	5.000000	5.000000	17.000000
20.000000	18.000000	16.000000	15.000000	4.000000
4.000000	20.000000	9.000000	17.000000	18.000000
20.000000	3.000000	1.000000	9.000000	11.000000
14.000000	2.000000	2.000000	12.000000	13.000000
9.472916	9.660416	9.756249	9.714582	7.000000
9.923750	9.583750	9.648749	9.746250	13.000000
20.000000	8.000000	3.000000	7.000000	14.000000
6.000000	11.000000	13.000000	15.000000	7.000000
2.000000	6.000000	1.000000	3.000000	14.000000
11.000000	16.000000	15.000000	5.000000	19.000000
7.000000	20.000000	16.000000	15.000000	13.000000
15.000000	7.000000	1.000000	18.000000	14.000000
6.000000	9.000000	1.000000	20.000000	16.000000
14.000000	5.000000	18.000000	19.000000	11.000000
4.000000	20.000000	17.000000	4.000000	14.000000
10.000000	6.000000	1.000000	5.000000	10.000000
20.000000	3.000000	9.000000	7.000000	10.000000
13.000000	1.000000	8.000000	6.000000	10.000000
9.736250	9.396250	9.461249	9.558750	10.000000
18.000000	19.000000	6.000000	15.000000	17.000000
10.223436	10.932812	10.710937	10.454686	5.000000
9.348436	10.057812	9.835937	9.579686	18.000000
20.000000	6.000000	13.000000	20.000000	4.000000
2.000000	13.000000	5.000000	9.000000	18.000000
6.000000	1.000000	20.000000	16.000000	6.000000
1.000000	13.000000	5.000000	6.000000	19.000000
13.000000	2.000000	8.000000	13.000000	6.000000
12.000000	7.000000	20.000000	14.000000	13.000000
17.000000	13.000000	10.000000	9.000000	12.000000
9.798750	9.458750	9.523749	9.621250	10.000000
5.000000	7.000000	3.000000	4.000000	14.000000
8.000000	4.000000	19.000000	4.000000	2.000000
9.535936	10.245312	10.023437	9.767186	1.000000
9.361250	9.021250	9.086249	9.183750	1.000000
11.000000	8.000000	5.000000	12.000000	9.000000
9.000000	17.000000	10.000000	4.000000	17.000000
12.000000	9.000000	15.000000	14.000000	4.000000
9.000000	13.000000	20.000000	7.000000	17.000000
10.285936	10.995312	10.773437	10.517186	19.000000
5.000000	15.000000	19.000000	4.000000	14.000000
19.000000	6.000000	14.000000	4.000000	18.000000
10.111250	9.771250	9.836249	9.933750	7.000000
14.000000	2.000000	7.000000	9.000000	7.000000
3.000000	9.000000	12.000000	2.000000	15.000000
8.000000	2.000000	9.000000	4.000000	16.000000
20.000000	8.000000	11.000000	18.000000	11.000000
11.111250	10.771250	10.836249	10.933750	3.000000
6.000000	2.000000	6.000000	3.000000	13.000000
5.000000	16.000000	6.000000	3.000000	16.000000
5.000000	5.000000	4.000000	16.000000	6.000000
10.000000	15.000000	7.000000	11.000000	18.000000
10.923750	10.583750	10.648749	10.746250	19.000000
8.000000	4.000000	6.000000	16.000000	5.000000
1.000000	13.000000	6.000000	6.000000	7.000000
18.000000	2.000000	14.000000	16.000000	5.000000
10.000000	20.000000	9.000000	5.000000	15.000000
7.000000	7.000000	1.000000	5.000000	17.000000
18.000000	19.000000	6.000000	14.000000	7.000000
9.098436	9.807812	9.585937	9.329686	20.000000
15.000000	13.000000	4.000000	20.000000	19.000000
9.910416	10.097916	10.193749	10.152082	17.000000
9.848436	10.557812	10.335937	10.079686	1.000000
9.736250	9.396250	9.461249	9.558750	19.000000
3.000000	11.000000	10.000000	20.000000	4.000000
16.000000	15.000000	17.000000	18.000000	8.000000
16.000000	12.000000	20.000000	20.000000	4.000000
10.000000	1.000000	5.000000	2.000000	16.000000
13.000000	9.000000	12.000000	8.000000	17.000000
13.000000	1.000000	11.000000	19.000000	14.000000
10.000000	14.000000	4.000000	19.000000	5.000000
7.000000	14.000000	20.000000	15.000000	4.000000
19.000000	3.000000	7.000000	10.000000	14.000000
10.673750	10.333750	10.398749	10.496250	5.000000
2.000000	18.000000	13.000000	13.000000	17.000000
9.861250	9.521250	9.586249	9.683750	16.000000
2.000000	1.000000	1.000000	5.000000	19.000000
5.000000	4.000000	5.000000	16.000000	10.000000
8.000000	14.000000	12.000000	14.000000	16.000000
17.000000	16.000000	7.000000	3.000000	13.000000
3.000000	4.000000	3.000000	7.000000	16.000000
11.000000	8.000000	13.000000	20.000000	20.000000
20.000000	13.000000	20.000000	20.000000	10.000000
9.222916	9.410416	9.506249	9.464582	20.000000
14.000000	14.000000	5.000000	18.000000	19.000000
12.000000	14.000000	6.000000	10.000000	16.000000
9.548750	9.208750	9.273749	9.371250	19.000000
7.000000	3.000000	6.000000	19.000000	14.000000
5.000000	18.000000	7.000000	17.000000	9.000000
16.000000	7.000000	12.000000	12.000000	13.000000
9.923750	9.583750	9.648749	9.746250	2.000000
16.000000	11.000000	8.000000	2.000000	13.000000
3.000000	12.000000	4.000000	14.000000	4.000000
2.000000	20.000000	18.000000	20.000000	10.000000
12.000000	4.000000	19.000000	10.000000	20.000000
8.598436	9.307812	9.085937	8.829686	8.000000
10.000000	13.000000	4.000000	7.000000	4.000000
18.000000	3.000000	6.000000	5.000000	16.000000
18.000000	19.000000	19.000000	2.000000	12.000000
2.000000	15.000000	3.000000	11.000000	14.000000
8.798750	8.458750	8.523749	8.621250	3.000000
1.000000	8.000000	11.000000	19.000000	18.000000
18.000000	20.000000	2.000000	14.000000	7.000000
8.298750	7.958750	8.023749	8.121250	15.000000
8.000000	20.000000	13.000000	6.000000	13.000000
17.000000	19.000000	7.000000	11.000000	1.000000
1.000000	15.000000	15.000000	2.000000	8.000000
9.000000	2.000000	16.000000	20.000000	12.000000
5.000000	9.000000	12.000000	18.000000	2.000000
10.611250	10.271250	10.336249	10.433750	3.000000
18.000000	9.000000	14.000000	3.000000	6.000000
6.000000	19.000000	4.000000	13.000000	1.000000
9.973436	10.682812	10.460937	10.204686	18.000000
9.048750	8.708750	8.773749	8.871250	10.000000
7.673750	7.333750	7.398749	7.496250	3.000000
4.000000	3.000000	16.000000	7.000000	4.000000
10.000000	17.000000	12.000000	4.000000	19.000000
17.000000	1.000000	9.000000	12.000000	5.000000
1.000000	7.000000	1.000000	8.000000	9.000000
18.000000	2.000000	19.000000	17.000000	11.000000
9.410936	10.120312	9.898437	9.642186	12.000000
8.972916	9.160416	9.256249	9.214582	3.000000
17.000000	6.000000	11.000000	8.000000	1.000000
8.535936	9.245312	9.023437	8.767186	19.000000
18.000000	9.000000	17.000000	19.000000	16.000000
17.000000	16.000000	9.000000	15.000000	4.000000
19.000000	6.000000	2.000000	18.000000	7.000000
13.000000	19.000000	2.000000	6.000000	15.000000
4.000000	2.000000	13.000000	14.000000	1.000000
10.673750	10.333750	10.398749	10.496250	14.000000
18.000000	16.000000	15.000000	7.000000	14.000000
2.000000	3.000000	1.000000	11.000000	10.000000
5.000000	1.000000	15.000000	6.000000	19.000000
1.000000	19.000000	17.000000	3.000000	16.000000
4.000000	18.000000	18.000000	16.000000	4.000000
10.000000	20.000000	9.000000	10.000000	18.000000
9.160416	9.347916	9.443749	9.402082	13.000000
18.000000	10.000000	16.000000	18.000000	20.000000
10.285936	10.995312	10.773437	10.517186	20.000000
19.000000	12.000000	18.000000	7.000000	6.000000
9.598436	10.307812	10.085937	9.829686	5.000000
9.347916	9.535416	9.631249	9.589582	13.000000
14.000000	9.000000	11.000000	18.000000	17.000000
4.000000	15.000000	6.000000	11.000000	12.000000
10.298750	9.958750	10.023749	10.121250	17.000000
5.000000	8.000000	20.000000	14.000000	6.000000
8.972916	9.160416	9.256249	9.214582	12.000000
12.000000	17.000000	7.000000	20.000000	15.000000
8.785416	8.972916	9.068749	9.027082	2.000000
3.000000	4.000000	8.000000	1.000000	14.000000
9.348436	10.057812	9.835937	9.579686	7.000000
9.000000	1.000000	6.000000	20.000000	6.000000
11.000000	5.000000	3.000000	18.000000	16.000000
6.000000	2.000000	4.000000	12.000000	13.000000
11.000000	2.000000	18.000000	5.000000	3.000000
19.000000	8.000000	6.000000	7.000000	8.000000
12.000000	18.000000	5.000000	15.000000	6.000000
3.000000	15.000000	18.000000	8.000000	15.000000
3.000000	10.000000	11.000000	17.000000	20.000000
6.000000	3.000000	1.000000	1.000000	6.000000
13.000000	11.000000	20.000000	2.000000	16.000000
9.236250	8.896250	8.961249	9.058750	19.000000
14.000000	10.000000	16.000000	10.000000	17.000000
13.000000	12.000000	11.000000	10.000000	19.000000
5.000000	12.000000	20.000000	15.000000	20.000000
19.000000	12.000000	2.000000	11.000000	5.000000
20.000000	4.000000	15.000000	19.000000	5.000000
2.000000	12.000000	17.000000	8.000000	10.000000
8.848436	9.557812	9.335937	9.079686	10.000000
8.000000	14.000000	1.000000	18.000000	15.000000
11.000000	3.000000	6.000000	11.000000	9.000000
6.000000	1.000000	13.000000	19.000000	12.000000
9.160936	9.870312	9.648437	9.392186	20.000000
3.000000	17.000000	11.000000	20.000000	4.000000
1.000000	6.000000	5.000000	4.000000	20.000000
14.000000	11.000000	5.000000	7.000000	8.000000
20.000000	9.000000	2.000000	17.000000	19.000000
3.000000	14.000000	12.000000	15.000000	5.000000
9.660936	10.370312	10.148437	9.892186	5.000000
6.000000	11.000000	1.000000	16.000000	2.000000
17.000000	8.000000	8.000000	1.000000	11.000000
19.000000	6.000000	13.000000	3.000000	4.000000
9.098436	9.807812	9.585937	9.329686	11.000000
3.000000	8.000000	16.000000	14.000000	14.000000
20.000000	8.000000	16.000000	6.000000	16.000000
13.000000	11.000000	7.000000	5.000000	18.000000
20.000000	1.000000	18.000000	7.000000	13.000000
8.000000	17.000000	11.000000	1.000000	20.000000
14.000000	13.000000	5.000000	18.000000	18.000000
15.000000	13.000000	18.000000	3.000000	18.000000
11.000000	2.000000	6.000000	19.000000	19.000000
9.785416	9.972916	10.068749	10.027082	7.000000
9.723436	10.432812	10.210937	9.954686	17.000000
12.000000	15.000000	14.000000	2.000000	7.000000
8.660416	8.847916	8.943749	8.902082	17.000000
1.000000	16.000000	9.000000	18.000000	18.000000
7.000000	20.000000	11.000000	12.000000	10.000000
10.000000	4.000000	12.000000	10.000000	3.000000
10.486250	10.146250	10.211249	10.308750	7.000000
9.000000	9.000000	14.000000	2.000000	3.000000
20.000000	18.000000	10.000000	11.000000	7.000000
6.000000	3.000000	2.000000	7.000000	12.000000
19.000000	13.000000	11.000000	9.000000	16.000000
13.000000	10.000000	19.000000	4.000000	12.000000
1.000000	14.000000	11.000000	13.000000	11.000000
18.000000	14.000000	12.000000	11.000000	7.000000
14.000000	2.000000	5.000000	15.000000	4.000000
11.000000	12.000000	6.000000	4.000000	18.000000
7.848436	8.557812	8.335937	8.079686	14.000000
9.000000	12.000000	4.000000	8.000000	15.000000
15.000000	20.000000	9.000000	17.000000	5.000000
11.000000	6.000000	18.000000	2.000000	8.000000
4.000000	7.000000	10.000000	8.000000	13.000000
13.000000	10.000000	17.000000	11.000000	5.000000
6.000000	7.000000	10.000000	8.000000	18.000000
4.000000	8.000000	9.000000	19.000000	15.000000
16.000000	5.000000	15.000000	4.000000	1.000000
19.000000	6.000000	7.000000	8.000000	20.000000
14.000000	11.000000	18.000000	15.000000	11.000000
9.098436	9.807812	9.585937	9.329686	10.000000
17.000000	12.000000	16.000000	18.000000	11.000000
8.923750	8.583750	8.648749	8.746250	19.000000
5.000000	9.000000	15.000000	11.000000	4.000000
7.597916	7.785416	7.881249	7.839582	8.000000
9.000000	7.000000	19.000000	18.000000	14.000000
1.000000	8.000000	1.000000	12.000000	6.000000
2.000000	20.000000	10.000000	17.000000	18.000000
20.000000	2.000000	10.000000	10.000000	8.000000
1.000000	15.000000	16.000000	15.000000	5.000000
20.000000	10.000000	6.000000	1.000000	3.000000
13.000000	1.000000	2.000000	3.000000	18.000000
7.973436	8.682812	8.460937	8.204686	7.000000
3.000000	20.000000	18.000000	12.000000	16.000000
15.000000	4.000000	10.000000	5.000000	5.000000
17.000000	5.000000	11.000000	4.000000	11.000000
16.000000	15.000000	1.000000	13.000000	15.000000
15.000000	17.000000	7.000000	8.000000	12.000000
5.000000	14.000000	14.000000	2.000000	12.000000
10.410416	10.597916	10.693749	10.652082	8.000000
9.548750	9.208750	9.273749	9.371250	20.000000
8.473436	9.182812	8.960937	8.704686	11.000000
7.000000	5.000000	6.000000	19.000000	9.000000
12.000000	13.000000	5.000000	19.000000	13.000000
16.000000	3.000000	6.000000	2.000000	16.000000
10.000000	13.000000	11.000000	20.000000	2.000000
10.000000	10.000000	18.000000	4.000000	9.000000
9.000000	11.000000	16.000000	5.000000	20.000000
7.000000	3.000000	4.000000	4.000000	1.000000
4.000000	7.000000	5.000000	8.000000	5.000000
10.173750	9.833750	9.898749	9.996250	9.000000
14.000000	4.000000	1.000000	17.000000	15.000000
15.000000	18.000000	5.000000	4.000000	2.000000
13.000000	12.000000	4.000000	1.000000	8.000000
3.000000	19.000000	10.000000	18.000000	2.000000
10.000000	1.000000	8.000000	15.000000	20.000000
5.000000	3.000000	15.000000	3.000000	17.000000
3.000000	9.000000	12.000000	16.000000	17.000000
7.000000	2.000000	6.000000	3.000000	5.000000
7.000000	15.000000	16.000000	10.000000	7.000000
16.000000	4.000000	5.000000	5.000000	1.000000
18.000000	7.000000	13.000000	18.000000	13.000000
13.000000	2.000000	15.000000	19.000000	16.000000
9.861250	9.521250	9.586249	9.683750	9.000000
12.000000	13.000000	2.000000	18.000000	15.000000
8.861250	8.521250	8.586249	8.683750	18.000000
20.000000	8.000000	1.000000	5.000000	5.000000
14.000000	2.000000	11.000000	6.000000	19.000000
9.111250	8.771250	8.836249	8.933750	9.000000
8.000000	12.000000	2.000000	3.000000	7.000000
2.000000	7.000000	11.000000	3.000000	16.000000
9.611250	9.271250	9.336249	9.433750	12.000000
20.000000	10.000000	20.000000	13.000000	6.000000
4.000000	6.000000	8.000000	14.000000	3.000000
18.000000	8.000000	13.000000	10.000000	4.000000
13.000000	17.000000	16.000000	14.000000	11.000000
14.000000	15.000000	17.000000	16.000000	17.000000
12.000000	5.000000	16.000000	15.000000	15.000000
7.000000	14.000000	17.000000	18.000000	6.000000
2.000000	13.000000	3.000000	9.000000	18.000000
18.000000	7.000000	5.000000	2.000000	8.000000
1.000000	14.000000	4.000000	8.000000	7.000000
14.000000	1.000000	13.000000	3.000000	8.000000
9.473436	10.182812	9.960937	9.704686	20.000000
19.000000	2.000000	6.000000	15.000000	12.000000
11.000000	9.000000	4.000000	6.000000	17.000000
2.000000	3.000000	15.000000	6.000000	4.000000
8.847916	9.035416	9.131249	9.089582	5.000000
15.000000	3.000000	17.000000	7.000000	5.000000
8.535416	8.722916	8.818749	8.777082	2.000000
2.000000	7.000000	15.000000	7.000000	14.000000
6.000000	9.000000	2.000000	10.000000	6.000000
10.000000	3.000000	8.000000	17.000000	20.000000
3.000000	10.000000	18.000000	11.000000	7.000000
2.000000	5.000000	1.000000	19.000000	3.000000
10.548750	10.208750	10.273749	10.371250	11.000000
2.000000	19.000000	9.000000	17.000000	5.000000
2.000000	14.000000	6.000000	15.000000	3.000000
11.000000	5.000000	17.000000	11.000000	1.000000
17.000000	5.000000	10.000000	14.000000	16.000000
8.000000	15.000000	20.000000	8.000000	13.000000
9.236250	8.896250	8.961249	9.058750	10.000000
9.000000	17.000000	8.000000	18.000000	13.000000
5.000000	11.000000	18.000000	2.000000	6.000000
13.000000	4.000000	10.000000	9.000000	6.000000
2.000000	5.000000	11.000000	11.000000	18.000000
9.660936	10.370312	10.148437	9.892186	18.000000
9.660936	10.370312	10.148437	9.892186	6.000000
11.000000	4.000000	2.000000	10.000000	13.000000
8.785936	9.495312	9.273437	9.017186	19.000000
1.000000	7.000000	3.000000	10.000000	16.000000
8.000000	3.000000	20.000000	10.000000	5.000000
10.000000	15.000000	3.000000	14.000000	4.000000
13.000000	2.000000	14.000000	14.000000	17.000000
11.000000	4.000000	1.000000	4.000000	5.000000
9.486250	9.146250	9.211249	9.308750	4.000000
1.000000	8.000000	10.000000	3.000000	9.000000
17.000000	3.000000	11.000000	17.000000	12.000000
16.000000	18.000000	19.000000	10.000000	11.000000
9.048750	8.708750	8.773749	8.871250	15.000000
9.000000	18.000000	10.000000	1.000000	1.000000
15.000000	13.000000	2.000000	17.000000	1.000000
9.173750	8.833750	8.898749	8.996250	12.000000
17.000000	7.000000	6.000000	19.000000	3.000000
9.000000	14.000000	12.000000	7.000000	4.000000
2.000000	8.000000	17.000000	5.000000	7.000000
12.000000	13.000000	4.000000	1.000000	13.000000
16.000000	7.000000	18.000000	9.000000	15.000000
18.000000	17.000000	4.000000	17.000000	7.000000
15.000000	5.000000	13.000000	12.000000	4.000000
8.223436	8.932812	8.710937	8.454686	7.000000
10.348436	11.057812	10.835937	10.579686	3.000000
12.000000	12.000000	8.000000	7.000000	12.000000
9.986250	9.646250	9.711249	9.808750	3.000000
5.000000	18.000000	12.000000	8.000000	15.000000
18.000000	14.000000	11.000000	10.000000	5.000000
14.000000	16.000000	5.000000	3.000000	13.000000
3.000000	6.000000	11.000000	8.000000	14.000000
8.098436	8.807812	8.585937	8.329686	18.000000
1.000000	16.000000	4.000000	11.000000	4.000000
19.000000	15.000000	14.000000	10.000000	15.000000
20.000000	7.000000	20.000000	10.000000	16.000000
5.000000	16.000000	3.000000	1.000000	18.000000
15.000000	3.000000	15.000000	17.000000	10.000000
1.000000	1.000000	13.000000	17.000000	5.000000
3.000000	17.000000	20.000000	6.000000	7.000000
9.986250	9.646250	9.711249	9.808750	13.000000
9.535416	9.722916	9.818749	9.777082	9.000000
8.847916	9.035416	9.131249	9.089582	15.000000
5.000000	14.000000	17.000000	19.000000	10.000000
19.000000	19.000000	3.000000	11.000000	16.000000
19.000000	5.000000	4.000000	10.000000	11.000000
11.000000	4.000000	6.000000	16.000000	16.000000
11.000000	15.000000	14.000000	1.000000	5.000000
14.000000	19.000000	20.000000	9.000000	18.000000
8.847916	9.035416	9.131249	9.089582	4.000000
5.000000	1.000000	2.000000	7.000000	3.000000
9.000000	17.000000	8.000000	13.000000	6.000000
10.000000	15.000000	2.000000	15.000000	10.000000
17.000000	17.000000	16.000000	10.000000	18.000000
8.348436	9.057812	8.835937	8.579686	4.000000
17.000000	13.000000	9.000000	20.000000	15.000000
10.736250	10.396250	10.461249	10.558750	15.000000
10.598436	11.307812	11.085937	10.829686	6.000000
9.736250	9.396250	9.461249	9.558750	4.000000
9.000000	6.000000	20.000000	16.000000	8.000000
9.660416	9.847916	9.943749	9.902082	14.000000
18.000000	5.000000	18.000000	6.000000	16.000000
4.000000	9.000000	12.000000	10.000000	14.000000
7.000000	18.000000	7.000000	18.000000	6.000000
4.000000	6.000000	14.000000	3.000000	16.000000
17.000000	3.000000	13.000000	9.000000	18.000000
12.000000	9.000000	12.000000	14.000000	5.000000
17.000000	4.000000	1.000000	6.000000	1.000000
9.223436	9.932812	9.710937	9.454686	18.000000
9.173750	8.833750	8.898749	8.996250	3.000000
13.000000	4.000000	8.000000	18.000000	18.000000
15.000000	15.000000	20.000000	8.000000	15.000000
9.000000	19.000000	3.000000	12.000000	5.000000
19.000000	1.000000	20.000000	19.000000	6.000000
20.000000	7.000000	15.000000	1.000000	14.000000
9.222916	9.410416	9.506249	9.464582	7.000000
13.000000	11.000000	2.000000	20.000000	9.000000
19.000000	7.000000	15.000000	10.000000	6.000000
1.000000	10.000000	4.000000	3.000000	2.000000
20.000000	14.000000	2.000000	11.000000	4.000000
7.000000	11.000000	10.000000	1.000000	3.000000
9.223436	9.932812	9.710937	9.454686	3.000000
16.000000	5.000000	6.000000	10.000000	17.000000
6.000000	8.000000	3.000000	12.000000	10.000000
8.000000	12.000000	19.000000	3.000000	6.000000
10.660416	10.847916	10.943749	10.902082	5.000000
3.000000	12.000000	7.000000	12.000000	4.000000
2.000000	7.000000	8.000000	11.000000	11.000000
11.000000	18.000000	16.000000	16.000000	7.000000
4.000000	13.000000	7.000000	6.000000	4.000000
8.000000	5.000000	15.000000	6.000000	7.000000
12.000000	10.000000	1.000000	11.000000	2.000000
18.000000	5.000000	5.000000	4.000000	16.000000
9.000000	5.000000	14.000000	16.000000	7.000000
5.000000	18.000000	5.000000	12.000000	5.000000
3.000000	15.000000	17.000000	1.000000	12.000000
20.000000	8.000000	16.000000	6.000000	6.000000
9.785416	9.972916	10.068749	10.027082	20.000000
8.000000	12.000000	4.000000	13.000000	7.000000
11.000000	13.000000	12.000000	5.000000	8.000000
8.160416	8.347916	8.443749	8.402082	12.000000
2.000000	17.000000	18.000000	19.000000	9.000000
9.000000	10.000000	17.000000	4.000000	16.000000
2.000000	17.000000	5.000000	8.000000	11.000000
4.000000	15.000000	14.000000	7.000000	19.000000
13.000000	17.000000	11.000000	16.000000	13.000000
19.000000	5.000000	5.000000	16.000000	19.000000
10.236250	9.896250	9.961249	10.058750	7.000000
15.000000	13.000000	17.000000	3.000000	8.000000
4.000000	16.000000	5.000000	20.000000	3.000000
7.000000	3.000000	18.000000	1.000000	1.000000
8.000000	13.000000	9.000000	19.000000	8.000000
2.000000	9.000000	4.000000	6.000000	4.000000
2.000000	14.000000	4.000000	20.000000	10.000000
11.000000	7.000000	3.000000	19.000000	9.000000
9.611250	9.271250	9.336249	9.433750	13.000000
19.000000	13.000000	7.000000	16.000000	5.000000
7.000000	4.000000	9.000000	15.000000	14.000000
9.798750	9.458750	9.523749	9.621250	6.000000
17.000000	13.000000	11.000000	20.000000	4.000000
9.798750	9.458750	9.523749	9.621250	20.000000
11.000000	4.000000	5.000000	7.000000	9.000000
17.000000	5.000000	13.000000	3.000000	13.000000
17.000000	1.000000	8.000000	5.000000	16.000000
1.000000	12.000000	15.000000	2.000000	3.000000
20.000000	10.000000	7.000000	10.000000	9.000000
10.000000	2.000000	11.000000	12.000000	3.000000
8.285416	8.472916	8.568749	8.527082	20.000000
19.000000	3.000000	16.000000	11.000000	18.000000
8.000000	8.000000	18.000000	7.000000	12.000000
5.000000	7.000000	4.000000	12.000000	20.000000
18.000000	11.000000	9.000000	4.000000	13.000000
10.000000	5.000000	14.000000	20.000000	8.000000
8.000000	1.000000	1.000000	18.000000	19.000000
12.000000	16.000000	14.000000	8.000000	6.000000
9.785936	10.495312	10.273437	10.017186	14.000000
17.000000	17.000000	12.000000	12.000000	8.000000
12.000000	9.000000	10.000000	12.000000	12.000000
2.000000	1.000000	8.000000	7.000000	12.000000
9.160936	9.870312	9.648437	9.392186	4.000000
3.000000	20.000000	19.000000	16.000000	19.000000
4.000000	18.000000	17.000000	9.000000	18.000000
8.673750	8.333750	8.398749	8.496250	16.000000
1.000000	17.000000	16.000000	10.000000	8.000000
19.000000	4.000000	1.000000	6.000000	2.000000
4.000000	1.000000	8.000000	8.000000	1.000000
11.000000	11.000000	20.000000	9.000000	18.000000
18.000000	5.000000	16.000000	14.000000	13.000000
13.000000	16.000000	9.000000	18.000000	1.000000
8.861250	8.521250	8.586249	8.683750	11.000000
16.000000	9.000000	6.000000	8.000000	6.000000
8.000000	12.000000	19.000000	15.000000	19.000000
19.000000	6.000000	1.000000	10.000000	6.000000
19.000000	19.000000	10.000000	14.000000	4.000000
14.000000	18.000000	19.000000	2.000000	7.000000
19.000000	9.000000	16.000000	7.000000	11.000000
18.000000	3.000000	11.000000	4.000000	10.000000
17.000000	11.000000	13.000000	15.000000	5.000000
12.000000	5.000000	2.000000	4.000000	14.000000
8.000000	2.000000	12.000000	9.000000	7.000000
10.035936	10.745312	10.523437	10.267186	16.000000
2.000000	16.000000	17.000000	9.000000	3.000000
7.000000	7.000000	17.000000	18.000000	10.000000
9.660936	10.370312	10.148437	9.892186	20.000000
16.000000	14.000000	16.000000	10.000000	17.000000
9.000000	9.000000	11.000000	12.000000	17.000000
9.298750	8.958750	9.023749	9.121250	3.000000
9.098436	9.807812	9.585937	9.329686	19.000000
13.000000	1.000000	5.000000	1.000000	18.000000
6.000000	18.000000	3.000000	17.000000	20.000000
14.000000	4.000000	13.000000	9.000000	13.000000
2.000000	17.000000	1.000000	12.000000	20.000000
10.000000	12.000000	18.000000	20.000000	8.000000
20.000000	18.000000	18.000000	10.000000	4.000000
16.000000	14.000000	5.000000	12.000000	14.000000
14.000000	9.000000	4.000000	17.000000	17.000000
15.000000	10.000000	20.000000	20.000000	11.000000
5.000000	1.000000	19.000000	5.000000	4.000000
19.000000	6.000000	15.000000	16.000000	6.000000
15.000000	7.000000	15.000000	12.000000	17.000000
19.000000	19.000000	2.000000	15.000000	2.000000
8.000000	8.000000	2.000000	3.000000	16.000000
18.000000	17.000000	18.000000	17.000000	16.000000
10.535416	10.722916	10.818749	10.777082	18.000000
19.000000	16.000000	3.000000	6.000000	3.000000
20.000000	20.000000	10.000000	7.000000	3.000000
18.000000	17.000000	1.000000	19.000000	11.000000
9.986250	9.646250	9.711249	9.808750	8.000000
9.361250	9.021250	9.086249	9.183750	20.000000
12.000000	14.000000	13.000000	20.000000	11.000000
10.000000	18.000000	19.000000	4.000000	15.000000
1.000000	16.000000	14.000000	10.000000	2.000000
16.000000	19.000000	18.000000	8.000000	18.000000
20.000000	1.000000	15.000000	9.000000	15.000000
15.000000	6.000000	18.000000	11.000000	12.000000
18.000000	14.000000	17.000000	10.000000	13.000000
20.000000	11.000000	3.000000	18.000000	6.000000
17.000000	10.000000	1.000000	3.000000	12.000000
14.000000	10.000000	10.000000	3.000000	10.000000
7.000000	2.000000	10.000000	14.000000	11.000000
17.000000	8.000000	8.000000	6.000000	10.000000
9.548750	9.208750	9.273749	9.371250	4.000000
8.000000	7.000000	6.000000	10.000000	16.000000
12.000000	18.000000	6.000000	4.000000	12.000000
9.000000	18.000000	2.000000	18.000000	12.000000
3.000000	17.000000	14.000000	12.000000	10.000000
16.000000	20.000000	9.000000	3.000000	18.000000
10.000000	6.000000	12.000000	4.000000	14.000000
16.000000	11.000000	12.000000	13.000000	12.000000
20.000000	16.000000	10.000000	17.000000	20.000000
1.000000	5.000000	9.000000	14.000000	2.000000
9.222916	9.410416	9.506249	9.464582	20.000000
19.000000	20.000000	11.000000	19.000000	15.000000
8.000000	8.000000	20.000000	20.000000	12.000000
5.000000	7.000000	14.000000	17.000000	19.000000
6.000000	8.000000	15.000000	15.000000	4.000000
6.000000	7.000000	20.000000	14.000000	13.000000
9.736250	9.396250	9.461249	9.558750	10.000000
10.111250	9.771250	9.836249	9.933750	20.000000
15.000000	9.000000	7.000000	15.000000	8.000000
10.000000	19.000000	14.000000	4.000000	7.000000
5.000000	9.000000	14.000000	19.000000	15.000000
9.000000	4.000000	1.000000	8.000000	9.000000
10.423750	10.083750	10.148749	10.246250	3.000000
6.000000	11.000000	15.000000	7.000000	12.000000
9.473436	10.182812	9.960937	9.704686	7.000000
8.000000	2.000000	6.000000	14.000000	5.000000
4.000000	18.000000	13.000000	18.000000	8.000000
19.000000	18.000000	3.000000	20.000000	18.000000
3.000000	4.000000	10.000000	7.000000	8.000000
9.848436	10.557812	10.335937	10.079686	11.000000
2.000000	12.000000	11.000000	14.000000	4.000000
18.000000	14.000000	5.000000	15.000000	19.000000
9.098436	9.807812	9.585937	9.329686	7.000000
15.000000	5.000000	5.000000	9.000000	16.000000
9.223436	9.932812	9.710937	9.454686	9.000000
19.000000	14.000000	13.000000	1.000000	11.000000
15.000000	14.000000	14.000000	6.000000	8.000000
17.000000	15.000000	1.000000	14.000000	9.000000
19.000000	7.000000	18.000000	6.000000	12.000000
8.298750	7.958750	8.023749	8.121250	20.000000
3.000000	14.000000	2.000000	14.000000	16.000000
2.000000	4.000000	1.000000	7.000000	4.000000
3.000000	13.000000	17.000000	17.000000	10.000000
4.000000	5.000000	4.000000	16.000000	10.000000
9.298750	8.958750	9.023749	9.121250	3.000000
8.000000	18.000000	14.000000	15.000000	10.000000
5.000000	18.000000	3.000000	18.000000	11.000000
10.000000	12.000000	14.000000	10.000000	10.000000
17.000000	12.000000	2.000000	5.000000	20.000000
12.000000	9.000000	5.000000	15.000000	16.000000
10.923750	10.583750	10.648749	10.746250	4.000000
9.910936	10.620312	10.398437	10.142186	3.000000
7.673750	7.333750	7.398749	7.496250	4.000000
2.000000	5.000000	7.000000	7.000000	6.000000
8.785936	9.495312	9.273437	9.017186	20.000000
9.486250	9.146250	9.211249	9.308750	15.000000
8.535936	9.245312	9.023437	8.767186	3.000000
20.000000	12.000000	3.000000	4.000000	1.000000
18.000000	17.000000	6.000000	9.000000	12.000000
1.000000	11.000000	8.000000	7.000000	9.000000
5.000000	2.000000	4.000000	13.000000	11.000000
10.611250	10.271250	10.336249	10.433750	9.000000
4.000000	4.000000	11.000000	12.000000	12.000000
5.000000	3.000000	3.000000	8.000000	6.000000
15.000000	5.000000	2.000000	20.000000	13.000000
5.000000	13.000000	15.000000	12.000000	19.000000
4.000000	16.000000	13.000000	7.000000	1.000000
8.097916	8.285416	8.381249	8.339582	10.000000
8.972916	9.160416	9.256249	9.214582	19.000000
8.000000	12.000000	2.000000	10.000000	19.000000
19.000000	16.000000	15.000000	1.000000	8.000000
8.000000	5.000000	20.000000	14.000000	9.000000
10.000000	17.000000	4.000000	2.000000	15.000000
9.473436	10.182812	9.960937	9.704686	8.000000
4.000000	6.000000	15.000000	1.000000	13.000000
10.298750	9.958750	10.023749	10.121250	10.000000
15.000000	5.000000	5.000000	9.000000	17.000000
9.348436	10.057812	9.835937	9.579686	2.000000
9.000000	13.000000	10.000000	5.000000	14.000000
17.000000	20.000000	10.000000	11.000000	12.000000
17.000000	7.000000	17.000000	11.000000	7.000000
1.000000	15.000000	6.000000	17.000000	1.000000
15.000000	11.000000	17.000000	12.000000	19.000000
13.000000	15.000000	19.000000	5.000000	18.000000
7.972916	8.160416	8.256249	8.214582	10.000000
3.000000	17.000000	9.000000	12.000000	8.000000
1.000000	20.000000	6.000000	9.000000	10.000000
4.000000	10.000000	5.000000	9.000000	6.000000
17.000000	16.000000	8.000000	5.000000	7.000000
18.000000	17.000000	1.000000	16.000000	1.000000
18.000000	15.000000	6.000000	19.000000	16.000000
15.000000	14.000000	12.000000	16.000000	17.000000
11.000000	16.000000	17.000000	16.000000	16.000000
6.000000	19.000000	17.000000	2.000000	20.000000
14.000000	10.000000	15.000000	1.000000	14.000000
13.000000	19.000000	2.000000	13.000000	14.000000
9.285936	9.995312	9.773437	9.517186	13.000000
9.098436	9.807812	9.585937	9.329686	10.000000
9.223436	9.932812	9.710937	9.454686	9.000000
12.000000	16.000000	20.000000	1.000000	10.000000
19.000000	14.000000	19.000000	5.000000	15.000000
5.000000	17.000000	13.000000	6.000000	1.000000
9.097916	9.285416	9.381249	9.339582	20.000000
9.785936	10.495312	10.273437	10.017186	8.000000
7.000000	19.000000	9.000000	3.000000	9.000000
9.000000	6.000000	17.000000	8.000000	6.000000
6.000000	18.000000	20.000000	16.000000	14.000000
6.000000	12.000000	10.000000	10.000000	18.000000
3.000000	7.000000	9.000000	9.000000	17.000000
20.000000	8.000000	13.000000	5.000000	13.000000
20.000000	11.000000	3.000000	20.000000	5.000000
12.000000	1.000000	3.000000	20.000000	20.000000
20.000000	17.000000	18.000000	11.000000	12.000000
11.000000	16.000000	4.000000	13.000000	5.000000
13.000000	7.000000	4.000000	1.000000	15.000000
20.000000	1.000000	3.000000	4.000000	17.000000
8.410416	8.597916	8.693749	8.652082	15.000000
16.000000	12.000000	15.000000	10.000000	11.000000
9.285936	9.995312	9.773437	9.517186	12.000000
11.000000	14.000000	8.000000	6.000000	18.000000
4.000000	18.000000	16.000000	7.000000	10.000000
11.000000	18.000000	2.000000	5.000000	2.000000
11.000000	11.000000	17.000000	10.000000	19.000000
11.000000	5.000000	11.000000	6.000000	15.000000
13.000000	12.000000	16.000000	20.000000	15.000000
7.000000	2.000000	20.000000	6.000000	7.000000
8.722916	8.910416	9.006249	8.964582	8.000000
17.000000	15.000000	18.000000	19.000000	19.000000
19.000000	9.000000	9.000000	7.000000	10.000000
8.973436	9.682812	9.460937	9.204686	14.000000
9.611250	9.271250	9.336249	9.433750	5.000000
9.472916	9.660416	9.756249	9.714582	11.000000
12.000000	20.000000	12.000000	19.000000	4.000000
20.000000	16.000000	19.000000	17.000000	14.000000
17.000000	7.000000	14.000000	18.000000	13.000000
15.000000	17.000000	1.000000	20.000000	10.000000
7.000000	12.000000	3.000000	3.000000	10.000000
20.000000	14.000000	15.000000	5.000000	4.000000
6.000000	9.000000	15.000000	17.000000	7.000000
18.000000	8.000000	2.000000	16.000000	16.000000
10.236250	9.896250	9.961249	10.058750	2.000000
6.000000	6.000000	10.000000	19.000000	18.000000
8.848436	9.557812	9.335937	9.079686	19.000000
18.000000	12.000000	12.000000	13.000000	17.000000
7.000000	10.000000	17.000000	1.000000	6.000000
3.000000	19.000000	14.000000	17.000000	6.000000
7.973436	8.682812	8.460937	8.204686	19.000000
3.000000	20.000000	4.000000	12.000000	18.000000
1.000000	10.000000	14.000000	1.000000	3.000000
5.000000	19.000000	6.000000	8.000000	3.000000
8.298750	7.958750	8.023749	8.121250	7.000000
9.361250	9.021250	9.086249	9.183750	1.000000
10.861250	10.521250	10.586249	10.683750	17.000000
13.000000	7.000000	8.000000	9.000000	10.000000
18.000000	1.000000	20.000000	11.000000	14.000000
14.000000	15.000000	12.000000	19.000000	3.000000
9.535936	10.245312	10.023437	9.767186	2.000000
7.000000	5.000000	6.000000	16.000000	19.000000
6.000000	10.000000	13.000000	13.000000	5.000000
1.000000	17.000000	3.000000	20.000000	5.000000
13.000000	17.000000	18.000000	4.000000	8.000000
11.000000	9.000000	14.000000	14.000000	19.000000
8.000000	11.000000	3.000000	8.000000	7.000000
9.298750	8.958750	9.023749	9.121250	2.000000
13.000000	8.000000	3.000000	17.000000	20.000000
19.000000	9.000000	16.000000	2.000000	9.000000
13.000000	6.000000	5.000000	2.000000	1.000000
4.000000	4.000000	1.000000	10.000000	9.000000
9.473436	10.182812	9.960937	9.704686	17.000000
9.423750	9.083750	9.148749	9.246250	19.000000
4.000000	4.000000	6.000000	18.000000	12.000000
10.861250	10.521250	10.586249	10.683750	1.000000
1.000000	9.000000	6.000000	5.000000	10.000000
18.000000	1.000000	13.000000	18.000000	10.000000
8.798750	8.458750	8.523749	8.621250	10.000000
14.000000	7.000000	19.000000	16.000000	5.000000
17.000000	11.000000	20.000000	15.000000	20.000000
9.035936	9.745312	9.523437	9.267186	7.000000
8.000000	4.000000	15.000000	6.000000	8.000000
16.000000	3.000000	20.000000	20.000000	1.000000
1.000000	12.000000	9.000000	19.000000	2.000000
10.000000	4.000000	8.000000	8.000000	20.000000
9.361250	9.021250	9.086249	9.183750	2.000000
8.910936	9.620312	9.398437	9.142186	10.000000
3.000000	8.000000	13.000000	10.000000	13.000000
13.000000	17.000000	8.000000	4.000000	17.000000
20.000000	5.000000	20.000000	8.000000	3.000000
14.000000	9.000000	6.000000	13.000000	8.000000
8.986250	8.646250	8.711249	8.808750	5.000000
17.000000	4.000000	11.000000	13.000000	4.000000
13.000000	7.000000	11.000000	17.000000	8.000000
10.410936	11.120312	10.898437	10.642186	5.000000
13.000000	14.000000	9.000000	4.000000	1.000000
3.000000	17.000000	1.000000	20.000000	10.000000
20.000000	9.000000	18.000000	14.000000	19.000000
2.000000	2.000000	2.000000	5.000000	6.000000
8.097916	8.285416	8.381249	8.339582	5.000000
12.000000	14.000000	6.000000	8.000000	8.000000
2.000000	20.000000	1.000000	10.000000	16.000000
13.000000	4.000000	12.000000	5.000000	3.000000
9.222916	9.410416	9.506249	9.464582	18.000000
1.000000	12.000000	19.000000	2.000000	16.000000
17.000000	18.000000	4.000000	1.000000	17.000000
1.000000	12.000000	10.000000	6.000000	12.000000
10.000000	7.000000	3.000000	10.000000	8.000000
18.000000	15.000000	3.000000	10.000000	19.000000
7.347916	7.535416	7.631249	7.589582	12.000000
12.000000	8.000000	4.000000	10.000000	2.000000
11.000000	18.000000	19.000000	7.000000	18.000000
15.000000	7.000000	2.000000	17.000000	4.000000
13.000000	6.000000	2.000000	15.000000	7.000000
9.598436	10.307812	10.085937	9.829686	14.000000
12.000000	19.000000	15.000000	6.000000	18.000000
7.000000	17.000000	6.000000	2.000000	18.000000
9.285936	9.995312	9.773437	9.517186	10.000000
8.660416	8.847916	8.943749	8.902082	12.000000
11.000000	18.000000	9.000000	4.000000	13.000000
8.785416	8.972916	9.068749	9.027082	18.000000
10.000000	11.000000	17.000000	4.000000	16.000000
14.000000	10.000000	12.000000	11.000000	11.000000
9.472916	9.660416	9.756249	9.714582	10.000000
8.910936	9.620312	9.398437	9.142186	14.000000
9.798750	9.458750	9.523749	9.621250	18.000000
16.000000	10.000000	13.000000	4.000000	9.000000
9.847916	10.035416	10.131249	10.089582	8.000000
9.160416	9.347916	9.443749	9.402082	7.000000
20.000000	10.000000	7.000000	6.000000	5.000000
16.000000	10.000000	5.000000	20.000000	13.000000
9.097916	9.285416	9.381249	9.339582	10.000000
15.000000	1.000000	12.000000	8.000000	4.000000
8.160416	8.347916	8.443749	8.402082	20.000000
9.111250	8.771250	8.836249	8.933750	9.000000
9.000000	4.000000	10.000000	8.000000	9.000000
14.000000	3.000000	10.000000	11.000000	15.000000
2.000000	1.000000	1.000000	20.000000	6.000000
11.000000	6.000000	6.000000	14.000000	13.000000
1.000000	5.000000	14.000000	8.000000	7.000000
13.000000	2.000000	19.000000	8.000000	6.000000
19.000000	8.000000	1.000000	8.000000	15.000000
9.000000	13.000000	10.000000	11.000000	3.000000
4.000000	4.000000	15.000000	4.000000	3.000000
20.000000	6.000000	9.000000	5.000000	19.000000
13.000000	5.000000	4.000000	19.000000	4.000000
9.410416	9.597916	9.693749	9.652082	2.000000
3.000000	18.000000	10.000000	3.000000	5.000000
16.000000	3.000000	10.000000	17.000000	13.000000
12.000000	20.000000	17.000000	7.000000	16.000000
11.000000	18.000000	13.000000	11.000000	3.000000
12.000000	16.000000	19.000000	7.000000	6.000000
15.000000	20.000000	8.000000	20.000000	20.000000
2.000000	2.000000	9.000000	3.000000	16.000000
6.000000	18.000000	18.000000	15.000000	15.000000
3.000000	18.000000	6.000000	11.000000	16.000000
13.000000	13.000000	14.000000	18.000000	4.000000
8.000000	9.000000	11.000000	18.000000	7.000000
16.000000	12.000000	6.000000	15.000000	3.000000
17.000000	16.000000	16.000000	18.000000	18.000000
11.000000	3.000000	8.000000	1.000000	9.000000
14.000000	3.000000	6.000000	11.000000	13.000000
14.000000	16.000000	5.000000	19.000000	13.000000
20.000000	6.000000	13.000000	10.000000	15.000000
11.000000	17.000000	7.000000	8.000000	4.000000
9.000000	5.000000	11.000000	17.000000	14.000000
9.611250	9.271250	9.336249	9.433750	7.000000
16.000000	13.000000	1.000000	13.000000	15.000000
5.000000	18.000000	10.000000	10.000000	16.000000
14.000000	1.000000	13.000000	6.000000	3.000000
9.111250	8.771250	8.836249	8.933750	16.000000
14.000000	14.000000	12.000000	5.000000	10.000000
8.722916	8.910416	9.006249	8.964582	4.000000
9.423750	9.083750	9.148749	9.246250	11.000000
9.723436	10.432812	10.210937	9.954686	13.000000
4.000000	17.000000	14.000000	17.000000	15.000000
16.000000	16.000000	2.000000	6.000000	1.000000
17.000000	20.000000	14.000000	8.000000	16.000000
8.486250	8.146250	8.211249	8.308750	15.000000
15.000000	2.000000	13.000000	2.000000	1.000000
9.973436	10.682812	10.460937	10.204686	18.000000
17.000000	19.000000	15.000000	2.000000	7.000000
1.000000	17.000000	2.000000	2.000000	15.000000
2.000000	11.000000	6.000000	8.000000	18.000000
1.000000	3.000000	2.000000	12.000000	10.000000
8.000000	6.000000	11.000000	1.000000	19.000000
12.000000	8.000000	13.000000	16.000000	11.000000
11.000000	12.000000	1.000000	17.000000	14.000000
8.000000	17.000000	2.000000	9.000000	18.000000
8.000000	11.000000	8.000000	5.000000	18.000000
18.000000	5.000000	12.000000	11.000000	8.000000
1.000000	18.000000	13.000000	3.000000	10.000000
8.611250	8.271250	8.336249	8.433750	1.000000
9.986250	9.646250	9.711249	9.808750	2.000000
10.000000	7.000000	10.000000	3.000000	15.000000
8.923750	8.583750	8.648749	8.746250	7.000000
14.000000	4.000000	12.000000	17.000000	14.000000
19.000000	17.000000	3.000000	4.000000	20.000000
13.000000	18.000000	5.000000	1.000000	13.000000
18.000000	20.000000	10.000000	14.000000	19.000000
3.000000	3.000000	5.000000	12.000000	17.000000
11.000000	11.000000	19.000000	8.000000	17.000000
6.000000	13.000000	20.000000	9.000000	10.000000
5.000000	7.000000	18.000000	7.000000	2.000000
9.048750	8.708750	8.773749	8.871250	12.000000
4.000000	3.000000	11.000000	6.000000	16.000000
1.000000	8.000000	10.000000	5.000000	20.000000
6.000000	7.000000	10.000000	17.000000	14.000000
18.000000	2.000000	19.000000	9.000000	10.000000
8.000000	13.000000	8.000000	17.000000	11.000000
8.473436	9.182812	8.960937	8.704686	11.000000
10.423750	10.083750	10.148749	10.246250	1.000000
12.000000	7.000000	1.000000	1.000000	3.000000
12.000000	18.000000	9.000000	13.000000	14.000000
10.473436	11.182812	10.960937	10.704686	18.000000
16.000000	12.000000	2.000000	4.000000	8.000000
4.000000	17.000000	5.000000	5.000000	9.000000
15.000000	1.000000	16.000000	19.000000	7.000000
9.000000	10.000000	13.000000	9.000000	2.000000
15.000000	12.000000	20.000000	16.000000	4.000000
5.000000	10.000000	13.000000	12.000000	14.000000
9.285416	9.472916	9.568749	9.527082	2.000000
4.000000	18.000000	18.000000	9.000000	15.000000
18.000000	15.000000	15.000000	14.000000	14.000000
14.000000	2.000000	15.000000	6.000000	2.000000
9.000000	13.000000	13.000000	20.000000	8.000000
16.000000	4.000000	17.000000	20.000000	15.000000
2.000000	13.000000	14.000000	18.000000	7.000000
7.000000	1.000000	16.000000	17.000000	1.000000
10.660936	11.370312	11.148437	10.892186	7.000000
9.611250	9.271250	9.336249	9.433750	15.000000
9.035416	9.222916	9.318749	9.277082	14.000000
6.000000	20.000000	10.000000	14.000000	19.000000
16.000000	15.000000	3.000000	1.000000	12.000000
9.000000	8.000000	5.000000	5.000000	4.000000
5.000000	6.000000	9.000000	12.000000	2.000000
8.000000	4.000000	3.000000	7.000000	11.000000
10.000000	20.000000	17.000000	8.000000	4.000000
3.000000	14.000000	4.000000	12.000000	19.000000
14.000000	7.000000	14.000000	9.000000	8.000000
9.097916	9.285416	9.381249	9.339582	13.000000
2.000000	6.000000	11.000000	10.000000	9.000000
4.000000	9.000000	13.000000	7.000000	16.000000
15.000000	8.000000	7.000000	3.000000	15.000000
10.000000	5.000000	20.000000	5.000000	16.000000
19.000000	11.000000	15.000000	4.000000	19.000000
14.000000	8.000000	7.000000	20.000000	1.000000
10.736250	10.396250	10.461249	10.558750	2.000000
6.000000	17.000000	11.000000	10.000000	3.000000
18.000000	4.000000	2.000000	16.000000	7.000000
17.000000	5.000000	3.000000	8.000000	2.000000
11.000000	6.000000	4.000000	5.000000	9.000000
2.000000	10.000000	9.000000	20.000000	9.000000
10.673750	10.333750	10.398749	10.496250	4.000000
14.000000	3.000000	1.000000	16.000000	13.000000
9.486250	9.146250	9.211249	9.308750	20.000000
6.000000	5.000000	17.000000	9.000000	12.000000
10.000000	19.000000	10.000000	13.000000	15.000000
9.097916	9.285416	9.381249	9.339582	13.000000
4.000000	18.000000	16.000000	16.000000	15.000000
9.097916	9.285416	9.381249	9.339582	17.000000
2.000000	6.000000	13.000000	9.000000	14.000000
13.000000	15.000000	18.000000	1.000000	15.000000
9.160416	9.347916	9.443749	9.402082	2.000000
7.000000	20.000000	7.000000	10.000000	9.000000
11.000000	13.000000	19.000000	6.000000	8.000000
8.098436	8.807812	8.585937	8.329686	7.000000
16.000000	15.000000	4.000000	9.000000	16.000000
9.035416	9.222916	9.318749	9.277082	13.000000
16.000000	19.000000	14.000000	8.000000	8.000000
15.000000	6.000000	7.000000	1.000000	15.000000
8.000000	3.000000	19.000000	6.000000	9.000000
18.000000	10.000000	5.000000	17.000000	4.000000
3.000000	13.000000	18.000000	19.000000	13.000000
9.785936	10.495312	10.273437	10.017186	5.000000
9.000000	1.000000	3.000000	2.000000	8.000000
2.000000	8.000000	5.000000	1.000000	20.000000
19.000000	8.000000	2.000000	9.000000	13.000000
2.000000	18.000000	14.000000	6.000000	15.000000
17.000000	1.000000	19.000000	7.000000	11.000000
11.000000	11.000000	17.000000	7.000000	17.000000
9.986250	9.646250	9.711249	9.808750	8.000000
9.285936	9.995312	9.773437	9.517186	17.000000
6.000000	12.000000	16.000000	19.000000	20.000000
10.736250	10.396250	10.461249	10.558750	18.000000
4.000000	2.000000	18.000000	2.000000	8.000000
8.000000	4.000000	18.000000	17.000000	10.000000
14.000000	9.000000	16.000000	3.000000	16.000000
15.000000	19.000000	12.000000	1.000000	11.000000
20.000000	18.000000	2.000000	15.000000	16.000000
14.000000	14.000000	16.000000	3.000000	18.000000
14.000000	18.000000	19.000000	3.000000	19.000000
8.848436	9.557812	9.335937	9.079686	19.000000
15.000000	1.000000	19.000000	2.000000	3.000000
14.000000	8.000000	13.000000	5.000000	8.000000
10.548750	10.208750	10.273749	10.371250	10.000000
9.923750	9.583750	9.648749	9.746250	4.000000
13.000000	5.000000	1.000000	11.000000	19.000000
11.000000	9.000000	1.000000	4.000000	4.000000
11.000000	10.000000	4.000000	10.000000	11.000000
10.097916	10.285416	10.381249	10.339582	20.000000
17.000000	6.000000	15.000000	5.000000	3.000000
17.000000	9.000000	4.000000	11.000000	20.000000
20.000000	15.000000	16.000000	12.000000	18.000000
7.972916	8.160416	8.256249	8.214582	18.000000
10.173750	9.833750	9.898749	9.996250	10.000000
10.000000	14.000000	13.000000	20.000000	5.000000
4.000000	16.000000	10.000000	18.000000	1.000000
4.000000	6.000000	1.000000	20.000000	17.000000
20.000000	11.000000	3.000000	7.000000	2.000000
9.722916	9.910416	10.006249	9.964582	10.000000
6.000000	9.000000	19.000000	5.000000	13.000000
8.000000	14.000000	18.000000	12.000000	13.000000
8.923750	8.583750	8.648749	8.746250	5.000000
8.660416	8.847916	8.943749	8.902082	18.000000
9.722916	9.910416	10.006249	9.964582	10.000000
10.098436	10.807812	10.585937	10.329686	1.000000
11.000000	2.000000	9.000000	1.000000	6.000000
8.660416	8.847916	8.943749	8.902082	4.000000
16.000000	4.000000	10.000000	16.000000	7.000000
9.598436	10.307812	10.085937	9.829686	12.000000
15.000000	13.000000	15.000000	15.000000	5.000000
9.048750	8.708750	8.773749	8.871250	12.000000
10.173750	9.833750	9.898749	9.996250	11.000000
3.000000	2.000000	2.000000	14.000000	12.000000
5.000000	2.000000	15.000000	15.000000	9.000000
10.361250	10.021250	10.086249	10.183750	15.000000
10.173750	9.833750	9.898749	9.996250	19.000000
12.000000	2.000000	14.000000	20.000000	18.000000
18.000000	8.000000	8.000000	3.000000	17.000000
7.910936	8.620312	8.398437	8.142186	11.000000
8.973436	9.682812	9.460937	9.204686	2.000000
20.000000	20.000000	2.000000	8.000000	10.000000
8.000000	20.000000	15.000000	15.000000	18.000000
13.000000	19.000000	19.000000	19.000000	18.000000
8.785936	9.495312	9.273437	9.017186	10.000000
6.000000	6.000000	14.000000	3.000000	9.000000
16.000000	3.000000	4.000000	7.000000	9.000000
18.000000	19.000000	9.000000	11.000000	18.000000
18.000000	18.000000	17.000000	4.000000	5.000000
14.000000	17.000000	3.000000	5.000000	7.000000
12.000000	13.000000	2.000000	1.000000	20.000000
11.000000	6.000000	17.000000	16.000000	20.000000
5.000000	4.000000	2.000000	1.000000	2.000000
3.000000	18.000000	20.000000	3.000000	20.000000
18.000000	12.000000	17.000000	6.000000	16.000000
8.410936	9.120312	8.898437	8.642186	16.000000
10.000000	19.000000	8.000000	3.000000	11.000000
7.000000	5.000000	17.000000	16.000000	12.000000
16.000000	20.000000	15.000000	10.000000	12.000000
