17.000000	4.000000	1.000000	16.000000	6.000000
20.000000	5.000000	17.000000	9.000000	11.000000
9.601250	9.261250	9.326249	9.423750	8.000000
9.535936	10.245312	10.023437	9.767186	10.000000
20.000000	14.000000	14.000000	16.000000	9.000000
6.000000	4.000000	1.000000	12.000000	5.000000
12.000000	8.000000	8.000000	13.000000	16.000000
11.006249	11.193749	11.289583	11.247916	20.000000
9.663750	9.323750	9.388749	9.486250	15.000000
20.000000	11.000000	3.000000	9.000000	6.000000
10.693749	10.881249	10.977083	10.935416	16.000000
8.000000	15.000000	11.000000	8.000000	6.000000
15.000000	12.000000	6.000000	14.000000	4.000000
1.000000	10.000000	7.000000	12.000000	2.000000
7.000000	14.000000	10.000000	11.000000	16.000000
9.038750	8.698750	8.763749	8.861250	10.000000
4.000000	2.000000	17.000000	3.000000	3.000000
4.000000	3.000000	17.000000	14.000000	2.000000
15.000000	20.000000	13.000000	12.000000	13.000000
8.000000	12.000000	2.000000	15.000000	3.000000
16.000000	13.000000	8.000000	5.000000	3.000000
10.163750	9.823750	9.888749	9.986250	19.000000
13.000000	17.000000	13.000000	1.000000	12.000000
9.006249	9.193749	9.289583	9.247916	18.000000
19.000000	10.000000	18.000000	12.000000	1.000000
2.000000	11.000000	4.000000	4.000000	5.000000
18.000000	19.000000	17.000000	6.000000	15.000000
19.000000	1.000000	16.000000	2.000000	6.000000
8.598436	9.307812	9.085937	8.829686	7.000000
5.000000	17.000000	11.000000	2.000000	20.000000
8.000000	1.000000	1.000000	17.000000	4.000000
1.000000	19.000000	14.000000	4.000000	14.000000
19.000000	1.000000	4.000000	7.000000	18.000000
18.000000	18.000000	18.000000	5.000000	11.000000
3.000000	11.000000	17.000000	17.000000	12.000000
3.000000	13.000000	8.000000	5.000000	15.000000
19.000000	12.000000	7.000000	19.000000	1.000000
10.226250	9.886250	9.951249	10.048750	6.000000
4.000000	13.000000	7.000000	7.000000	12.000000
16.000000	16.000000	9.000000	14.000000	1.000000
19.000000	8.000000	3.000000	15.000000	16.000000
8.788750	8.448750	8.513749	8.611250	13.000000
15.000000	20.000000	17.000000	13.000000	11.000000
17.000000	2.000000	1.000000	7.000000	16.000000
19.000000	10.000000	1.000000	17.000000	8.000000
4.000000	12.000000	3.000000	12.000000	5.000000
3.000000	2.000000	5.000000	5.000000	9.000000
20.000000	19.000000	17.000000	20.000000	12.000000
10.000000	6.000000	3.000000	18.000000	18.000000
5.000000	14.000000	11.000000	18.000000	12.000000
19.000000	16.000000	13.000000	11.000000	12.000000
20.000000	14.000000	3.000000	2.000000	5.000000
9.881249	10.068749	10.164583	10.122916	1.000000
9.913750	9.573750	9.638749	9.736250	7.000000
2.000000	4.000000	12.000000	17.000000	1.000000
10.000000	1.000000	6.000000	12.000000	18.000000
17.000000	10.000000	13.000000	9.000000	20.000000
4.000000	8.000000	13.000000	19.000000	1.000000
9.000000	18.000000	5.000000	7.000000	13.000000
18.000000	12.000000	7.000000	8.000000	6.000000
13.000000	2.000000	9.000000	17.000000	18.000000
1.000000	6.000000	18.000000	6.000000	17.000000
8.000000	14.000000	19.000000	20.000000	14.000000
18.000000	16.000000	1.000000	3.000000	14.000000
14.000000	11.000000	11.000000	10.000000	9.000000
3.000000	7.000000	1.000000	1.000000	15.000000
9.726250	9.386250	9.451249	9.548750	2.000000
5.000000	7.000000	19.000000	14.000000	13.000000
9.973436	10.682812	10.460937	10.204686	1.000000
9.098436	9.807812	9.585937	9.329686	17.000000
9.000000	17.000000	19.000000	11.000000	7.000000
8.000000	5.000000	13.000000	20.000000	5.000000
19.000000	17.000000	2.000000	6.000000	3.000000
15.000000	2.000000	2.000000	5.000000	16.000000
14.000000	12.000000	16.000000	11.000000	8.000000
8.000000	14.000000	2.000000	15.000000	18.000000
10.000000	15.000000	14.000000	9.000000	17.000000
9.788750	9.448750	9.513749	9.611250	7.000000
18.000000	3.000000	15.000000	11.000000	9.000000
10.000000	6.000000	2.000000	11.000000	10.000000
9.285936	9.995312	9.773437	9.517186	6.000000
9.351250	9.011250	9.076249	9.173750	11.000000
9.000000	4.000000	17.000000	2.000000	12.000000
14.000000	14.000000	11.000000	14.000000	18.000000
17.000000	3.000000	20.000000	3.000000	14.000000
20.000000	12.000000	11.000000	2.000000	2.000000
10.035936	10.745312	10.523437	10.267186	14.000000
3.000000	5.000000	10.000000	14.000000	6.000000
20.000000	2.000000	1.000000	16.000000	15.000000
10.101250	9.761250	9.826249	9.923750	15.000000
5.000000	10.000000	9.000000	17.000000	13.000000
2.000000	16.000000	4.000000	12.000000	9.000000
18.000000	4.000000	19.000000	14.000000	8.000000
4.000000	8.000000	12.000000	13.000000	13.000000
11.101250	10.761250	10.826249	10.923750	12.000000
1.000000	13.000000	12.000000	8.000000	15.000000
18.000000	13.000000	16.000000	19.000000	9.000000
20.000000	20.000000	16.000000	16.000000	4.000000
5.000000	13.000000	19.000000	15.000000	6.000000
10.913750	10.573750	10.638749	10.736250	15.000000
18.000000	17.000000	18.000000	4.000000	6.000000
1.000000	4.000000	19.000000	5.000000	3.000000
5.000000	2.000000	7.000000	12.000000	20.000000
7.000000	12.000000	12.000000	3.000000	7.000000
7.000000	19.000000	11.000000	5.000000	5.000000
8.000000	2.000000	14.000000	13.000000	10.000000
8.848436	9.557812	9.335937	9.079686	6.000000
12.000000	18.000000	1.000000	2.000000	2.000000
10.318749	10.506249	10.602083	10.560416	17.000000
9.598436	10.307812	10.085937	9.829686	10.000000
9.726250	9.386250	9.451249	9.548750	12.000000
4.000000	8.000000	13.000000	18.000000	12.000000
2.000000	17.000000	14.000000	8.000000	14.000000
11.000000	11.000000	4.000000	11.000000	12.000000
5.000000	6.000000	17.000000	12.000000	7.000000
5.000000	19.000000	14.000000	5.000000	8.000000
4.000000	14.000000	16.000000	15.000000	2.000000
7.000000	19.000000	1.000000	12.000000	8.000000
12.000000	13.000000	4.000000	18.000000	12.000000
18.000000	8.000000	2.000000	1.000000	11.000000
10.663750	10.323750	10.388749	10.486250	1.000000
14.000000	18.000000	11.000000	7.000000	2.000000
9.851250	9.511250	9.576249	9.673750	17.000000
8.000000	4.000000	7.000000	20.000000	15.000000
14.000000	12.000000	7.000000	17.000000	9.000000
19.000000	6.000000	8.000000	12.000000	18.000000
10.000000	5.000000	15.000000	17.000000	17.000000
15.000000	10.000000	14.000000	17.000000	9.000000
7.000000	6.000000	2.000000	14.000000	11.000000
10.000000	13.000000	14.000000	16.000000	13.000000
9.631249	9.818749	9.914583	9.872916	10.000000
4.000000	16.000000	15.000000	3.000000	8.000000
13.000000	13.000000	4.000000	19.000000	9.000000
9.538750	9.198750	9.263749	9.361250	1.000000
11.000000	12.000000	6.000000	12.000000	17.000000
8.000000	14.000000	10.000000	1.000000	1.000000
2.000000	20.000000	2.000000	17.000000	18.000000
9.913750	9.573750	9.638749	9.736250	14.000000
20.000000	9.000000	18.000000	3.000000	7.000000
7.000000	15.000000	11.000000	9.000000	20.000000
3.000000	19.000000	3.000000	9.000000	10.000000
20.000000	16.000000	15.000000	1.000000	9.000000
8.348436	9.057812	8.835937	8.579686	18.000000
17.000000	19.000000	1.000000	10.000000	15.000000
14.000000	1.000000	16.000000	4.000000	16.000000
2.000000	10.000000	10.000000	5.000000	18.000000
1.000000	7.000000	8.000000	15.000000	7.000000
8.788750	8.448750	8.513749	8.611250	6.000000
11.000000	19.000000	7.000000	10.000000	15.000000
16.000000	7.000000	5.000000	8.000000	8.000000
8.288750	7.948750	8.013749	8.111250	17.000000
3.000000	20.000000	18.000000	4.000000	16.000000
15.000000	16.000000	2.000000	14.000000	11.000000
1.000000	2.000000	16.000000	3.000000	13.000000
14.000000	5.000000	3.000000	12.000000	6.000000
17.000000	20.000000	4.000000	13.000000	7.000000
10.601250	10.261250	10.326249	10.423750	9.000000
16.000000	13.000000	8.000000	13.000000	9.000000
3.000000	19.000000	4.000000	17.000000	12.000000
9.723436	10.432812	10.210937	9.954686	11.000000
9.038750	8.698750	8.763749	8.861250	18.000000
7.663750	7.323750	7.388749	7.486250	14.000000
4.000000	2.000000	17.000000	15.000000	12.000000
17.000000	11.000000	17.000000	5.000000	15.000000
5.000000	19.000000	6.000000	8.000000	7.000000
17.000000	14.000000	15.000000	2.000000	7.000000
17.000000	12.000000	13.000000	15.000000	4.000000
9.160936	9.870312	9.648437	9.392186	18.000000
9.381249	9.568749	9.664583	9.622916	16.000000
3.000000	10.000000	18.000000	19.000000	6.000000
8.285936	8.995312	8.773437	8.517186	2.000000
15.000000	6.000000	7.000000	9.000000	8.000000
13.000000	18.000000	11.000000	5.000000	12.000000
14.000000	15.000000	10.000000	17.000000	13.000000
19.000000	14.000000	14.000000	18.000000	18.000000
9.000000	12.000000	7.000000	7.000000	10.000000
10.663750	10.323750	10.388749	10.486250	8.000000
17.000000	6.000000	13.000000	16.000000	14.000000
12.000000	8.000000	11.000000	2.000000	13.000000
15.000000	7.000000	19.000000	4.000000	4.000000
11.000000	3.000000	17.000000	4.000000	12.000000
14.000000	12.000000	15.000000	13.000000	10.000000
4.000000	8.000000	20.000000	19.000000	19.000000
9.568749	9.756249	9.852083	9.810416	2.000000
10.000000	15.000000	2.000000	12.000000	9.000000
10.035936	10.745312	10.523437	10.267186	10.000000
10.000000	2.000000	4.000000	6.000000	17.000000
9.348436	10.057812	9.835937	9.579686	4.000000
9.756249	9.943749	10.039583	9.997916	6.000000
2.000000	20.000000	12.000000	5.000000	3.000000
6.000000	14.000000	9.000000	7.000000	6.000000
10.288750	9.948750	10.013749	10.111250	15.000000
12.000000	13.000000	16.000000	7.000000	11.000000
9.381249	9.568749	9.664583	9.622916	13.000000
17.000000	12.000000	20.000000	19.000000	13.000000
9.193749	9.381249	9.477083	9.435416	17.000000
6.000000	14.000000	10.000000	14.000000	12.000000
9.098436	9.807812	9.585937	9.329686	6.000000
17.000000	1.000000	10.000000	4.000000	20.000000
20.000000	7.000000	12.000000	13.000000	1.000000
17.000000	1.000000	13.000000	16.000000	12.000000
17.000000	13.000000	11.000000	20.000000	1.000000
7.000000	5.000000	6.000000	9.000000	18.000000
17.000000	7.000000	20.000000	11.000000	16.000000
17.000000	19.000000	9.000000	7.000000	2.000000
8.000000	18.000000	20.000000	19.000000	11.000000
20.000000	7.000000	3.000000	4.000000	3.000000
14.000000	12.000000	7.000000	17.000000	3.000000
9.226250	8.886250	8.951249	9.048750	3.000000
17.000000	20.000000	10.000000	8.000000	10.000000
5.000000	5.000000	8.000000	13.000000	3.000000
1.000000	12.000000	20.000000	12.000000	11.000000
2.000000	3.000000	17.000000	5.000000	7.000000
11.000000	18.000000	10.000000	17.000000	14.000000
13.000000	15.000000	9.000000	11.000000	18.000000
8.598436	9.307812	9.085937	8.829686	19.000000
6.000000	9.000000	3.000000	5.000000	1.000000
5.000000	17.000000	13.000000	16.000000	8.000000
15.000000	18.000000	11.000000	3.000000	2.000000
8.910936	9.620312	9.398437	9.142186	14.000000
17.000000	2.000000	1.000000	5.000000	5.000000
18.000000	7.000000	15.000000	15.000000	19.000000
13.000000	12.000000	7.000000	7.000000	17.000000
19.000000	3.000000	5.000000	3.000000	19.000000
13.000000	9.000000	8.000000	15.000000	4.000000
9.410936	10.120312	9.898437	9.642186	12.000000
14.000000	7.000000	6.000000	14.000000	11.000000
2.000000	12.000000	10.000000	16.000000	18.000000
8.000000	1.000000	9.000000	6.000000	7.000000
8.848436	9.557812	9.335937	9.079686	11.000000
20.000000	6.000000	19.000000	7.000000	20.000000
2.000000	7.000000	2.000000	2.000000	17.000000
5.000000	8.000000	4.000000	10.000000	1.000000
6.000000	3.000000	4.000000	15.000000	11.000000
1.000000	14.000000	11.000000	10.000000	19.000000
17.000000	6.000000	7.000000	18.000000	19.000000
17.000000	17.000000	4.000000	15.000000	15.000000
3.000000	9.000000	1.000000	16.000000	10.000000
10.193749	10.381249	10.477083	10.435416	2.000000
9.473436	10.182812	9.960937	9.704686	13.000000
15.000000	14.000000	6.000000	17.000000	15.000000
9.068749	9.256249	9.352083	9.310416	3.000000
11.000000	19.000000	11.000000	6.000000	5.000000
6.000000	9.000000	13.000000	6.000000	16.000000
15.000000	3.000000	16.000000	3.000000	15.000000
10.476250	10.136250	10.201249	10.298750	17.000000
17.000000	12.000000	2.000000	14.000000	8.000000
8.000000	10.000000	12.000000	19.000000	4.000000
14.000000	1.000000	2.000000	5.000000	7.000000
19.000000	10.000000	7.000000	11.000000	7.000000
2.000000	17.000000	10.000000	10.000000	12.000000
16.000000	19.000000	15.000000	20.000000	4.000000
3.000000	16.000000	15.000000	16.000000	2.000000
14.000000	3.000000	11.000000	5.000000	2.000000
15.000000	19.000000	2.000000	8.000000	15.000000
7.598436	8.307812	8.085937	7.829686	9.000000
2.000000	8.000000	17.000000	3.000000	17.000000
8.000000	19.000000	7.000000	3.000000	10.000000
10.000000	17.000000	18.000000	16.000000	13.000000
19.000000	9.000000	15.000000	9.000000	5.000000
16.000000	15.000000	15.000000	10.000000	3.000000
9.000000	9.000000	20.000000	4.000000	15.000000
8.000000	18.000000	14.000000	5.000000	20.000000
2.000000	4.000000	10.000000	8.000000	18.000000
20.000000	17.000000	15.000000	9.000000	4.000000
7.000000	7.000000	4.000000	13.000000	7.000000
8.848436	9.557812	9.335937	9.079686	10.000000
16.000000	11.000000	10.000000	15.000000	7.000000
8.913750	8.573750	8.638749	8.736250	11.000000
15.000000	10.000000	14.000000	5.000000	17.000000
8.006249	8.193749	8.289583	8.247916	4.000000
8.000000	16.000000	10.000000	3.000000	8.000000
16.000000	11.000000	8.000000	9.000000	13.000000
9.000000	16.000000	15.000000	19.000000	3.000000
13.000000	14.000000	17.000000	8.000000	3.000000
7.000000	3.000000	12.000000	12.000000	7.000000
1.000000	3.000000	2.000000	5.000000	12.000000
5.000000	5.000000	7.000000	6.000000	7.000000
7.723436	8.432812	8.210937	7.954686	2.000000
1.000000	15.000000	9.000000	8.000000	5.000000
11.000000	20.000000	10.000000	7.000000	8.000000
12.000000	5.000000	2.000000	16.000000	9.000000
8.000000	8.000000	11.000000	1.000000	12.000000
15.000000	17.000000	8.000000	1.000000	2.000000
15.000000	7.000000	14.000000	3.000000	13.000000
10.818749	11.006249	11.102083	11.060416	11.000000
9.538750	9.198750	9.263749	9.361250	5.000000
8.223436	8.932812	8.710937	8.454686	3.000000
9.000000	9.000000	10.000000	12.000000	1.000000
13.000000	6.000000	17.000000	1.000000	18.000000
18.000000	7.000000	5.000000	4.000000	9.000000
17.000000	10.000000	4.000000	15.000000	17.000000
6.000000	17.000000	15.000000	8.000000	8.000000
11.000000	8.000000	3.000000	3.000000	2.000000
5.000000	12.000000	10.000000	6.000000	15.000000
3.000000	19.000000	12.000000	19.000000	11.000000
10.163750	9.823750	9.888749	9.986250	4.000000
17.000000	1.000000	5.000000	1.000000	7.000000
2.000000	6.000000	3.000000	8.000000	5.000000
11.000000	18.000000	5.000000	5.000000	20.000000
6.000000	2.000000	3.000000	7.000000	7.000000
9.000000	9.000000	5.000000	20.000000	20.000000
7.000000	1.000000	20.000000	3.000000	17.000000
3.000000	20.000000	18.000000	19.000000	12.000000
16.000000	12.000000	17.000000	19.000000	19.000000
14.000000	1.000000	16.000000	18.000000	5.000000
16.000000	3.000000	6.000000	10.000000	1.000000
5.000000	19.000000	10.000000	1.000000	18.000000
1.000000	8.000000	10.000000	20.000000	10.000000
9.851250	9.511250	9.576249	9.673750	4.000000
12.000000	11.000000	16.000000	1.000000	1.000000
8.851250	8.511250	8.576249	8.673750	11.000000
18.000000	17.000000	5.000000	3.000000	18.000000
5.000000	19.000000	16.000000	6.000000	20.000000
9.101250	8.761250	8.826249	8.923750	9.000000
16.000000	13.000000	14.000000	9.000000	8.000000
18.000000	20.000000	11.000000	13.000000	20.000000
9.601250	9.261250	9.326249	9.423750	7.000000
15.000000	1.000000	15.000000	11.000000	15.000000
13.000000	8.000000	14.000000	20.000000	13.000000
13.000000	5.000000	3.000000	19.000000	12.000000
11.000000	6.000000	4.000000	5.000000	6.000000
4.000000	2.000000	6.000000	14.000000	6.000000
17.000000	16.000000	3.000000	10.000000	19.000000
2.000000	16.000000	11.000000	8.000000	7.000000
18.000000	20.000000	6.000000	11.000000	20.000000
10.000000	15.000000	16.000000	12.000000	5.000000
7.000000	3.000000	2.000000	11.000000	7.000000
8.000000	14.000000	20.000000	13.000000	19.000000
9.223436	9.932812	9.710937	9.454686	10.000000
17.000000	20.000000	18.000000	7.000000	8.000000
16.000000	4.000000	7.000000	1.000000	6.000000
18.000000	10.000000	20.000000	14.000000	2.000000
9.256249	9.443749	9.539583	9.497916	2.000000
2.000000	13.000000	7.000000	1.000000	17.000000
8.943749	9.131249	9.227083	9.185416	3.000000
7.000000	7.000000	15.000000	4.000000	5.000000
2.000000	19.000000	9.000000	20.000000	11.000000
14.000000	18.000000	20.000000	6.000000	3.000000
1.000000	9.000000	14.000000	16.000000	6.000000
8.000000	17.000000	10.000000	14.000000	9.000000
10.538750	10.198750	10.263749	10.361250	1.000000
8.000000	1.000000	19.000000	2.000000	16.000000
3.000000	3.000000	6.000000	3.000000	14.000000
16.000000	9.000000	3.000000	15.000000	14.000000
17.000000	8.000000	14.000000	11.000000	3.000000
20.000000	10.000000	12.000000	1.000000	3.000000
9.226250	8.886250	8.951249	9.048750	13.000000
5.000000	4.000000	13.000000	15.000000	5.000000
8.000000	10.000000	19.000000	5.000000	12.000000
4.000000	20.000000	20.000000	7.000000	6.000000
5.000000	3.000000	13.000000	19.000000	5.000000
9.410936	10.120312	9.898437	9.642186	2.000000
9.410936	10.120312	9.898437	9.642186	14.000000
12.000000	10.000000	17.000000	16.000000	4.000000
8.535936	9.245312	9.023437	8.767186	19.000000
17.000000	7.000000	18.000000	8.000000	13.000000
4.000000	13.000000	7.000000	8.000000	3.000000
12.000000	15.000000	4.000000	5.000000	5.000000
5.000000	5.000000	15.000000	5.000000	18.000000
8.000000	8.000000	7.000000	17.000000	4.000000
9.476250	9.136250	9.201249	9.298750	4.000000
17.000000	11.000000	2.000000	6.000000	10.000000
6.000000	9.000000	14.000000	12.000000	9.000000
16.000000	3.000000	3.000000	11.000000	20.000000
9.038750	8.698750	8.763749	8.861250	12.000000
13.000000	1.000000	19.000000	19.000000	9.000000
2.000000	9.000000	18.000000	12.000000	15.000000
9.163750	8.823750	8.888749	8.986250	13.000000
6.000000	19.000000	14.000000	20.000000	2.000000
2.000000	7.000000	17.000000	16.000000	18.000000
16.000000	15.000000	5.000000	11.000000	8.000000
16.000000	4.000000	9.000000	14.000000	2.000000
17.000000	8.000000	2.000000	6.000000	19.000000
8.000000	10.000000	18.000000	4.000000	3.000000
2.000000	2.000000	13.000000	7.000000	13.000000
7.973436	8.682812	8.460937	8.204686	16.000000
10.098436	10.807812	10.585937	10.329686	12.000000
18.000000	19.000000	15.000000	6.000000	5.000000
9.976250	9.636250	9.701249	9.798750	12.000000
2.000000	10.000000	1.000000	11.000000	5.000000
16.000000	12.000000	6.000000	20.000000	19.000000
18.000000	6.000000	18.000000	9.000000	20.000000
13.000000	8.000000	9.000000	3.000000	20.000000
7.848436	8.557812	8.335937	8.079686	17.000000
14.000000	7.000000	2.000000	17.000000	9.000000
5.000000	18.000000	10.000000	6.000000	8.000000
6.000000	13.000000	12.000000	4.000000	12.000000
10.000000	1.000000	10.000000	19.000000	1.000000
9.000000	12.000000	9.000000	10.000000	6.000000
20.000000	10.000000	17.000000	9.000000	8.000000
5.000000	3.000000	15.000000	18.000000	19.000000
9.976250	9.636250	9.701249	9.798750	8.000000
9.943749	10.131249	10.227083	10.185416	4.000000
9.256249	9.443749	9.539583	9.497916	19.000000
17.000000	13.000000	2.000000	17.000000	2.000000
7.000000	16.000000	3.000000	15.000000	5.000000
10.000000	19.000000	19.000000	16.000000	16.000000
17.000000	10.000000	18.000000	17.000000	5.000000
17.000000	5.000000	18.000000	8.000000	3.000000
1.000000	3.000000	15.000000	9.000000	6.000000
9.256249	9.443749	9.539583	9.497916	14.000000
3.000000	12.000000	10.000000	5.000000	18.000000
6.000000	7.000000	16.000000	4.000000	14.000000
3.000000	20.000000	4.000000	13.000000	9.000000
20.000000	1.000000	13.000000	17.000000	9.000000
8.098436	8.807812	8.585937	8.329686	18.000000
8.000000	5.000000	15.000000	18.000000	10.000000
10.726250	10.386250	10.451249	10.548750	17.000000
10.348436	11.057812	10.835937	10.579686	18.000000
9.726250	9.386250	9.451249	9.548750	4.000000
17.000000	15.000000	4.000000	9.000000	3.000000
10.068749	10.256249	10.352083	10.310416	20.000000
2.000000	14.000000	5.000000	8.000000	3.000000
6.000000	16.000000	14.000000	19.000000	17.000000
2.000000	20.000000	11.000000	16.000000	17.000000
20.000000	16.000000	8.000000	9.000000	10.000000
11.000000	17.000000	4.000000	6.000000	18.000000
7.000000	10.000000	5.000000	10.000000	15.000000
4.000000	3.000000	20.000000	20.000000	11.000000
8.973436	9.682812	9.460937	9.204686	16.000000
9.163750	8.823750	8.888749	8.986250	5.000000
3.000000	17.000000	12.000000	10.000000	5.000000
1.000000	12.000000	13.000000	17.000000	10.000000
10.000000	15.000000	19.000000	14.000000	16.000000
13.000000	10.000000	19.000000	13.000000	9.000000
9.000000	6.000000	6.000000	18.000000	13.000000
9.631249	9.818749	9.914583	9.872916	9.000000
6.000000	10.000000	17.000000	17.000000	12.000000
13.000000	9.000000	15.000000	5.000000	5.000000
4.000000	15.000000	19.000000	14.000000	20.000000
15.000000	7.000000	9.000000	13.000000	11.000000
18.000000	13.000000	8.000000	3.000000	10.000000
8.973436	9.682812	9.460937	9.204686	3.000000
14.000000	7.000000	4.000000	10.000000	15.000000
7.000000	14.000000	3.000000	14.000000	18.000000
8.000000	17.000000	4.000000	18.000000	11.000000
11.068749	11.256249	11.352083	11.310416	16.000000
11.000000	1.000000	20.000000	10.000000	16.000000
2.000000	10.000000	11.000000	7.000000	11.000000
5.000000	20.000000	9.000000	20.000000	1.000000
3.000000	7.000000	14.000000	18.000000	20.000000
3.000000	5.000000	8.000000	7.000000	14.000000
10.000000	2.000000	18.000000	10.000000	5.000000
5.000000	12.000000	6.000000	5.000000	2.000000
13.000000	18.000000	11.000000	3.000000	4.000000
14.000000	19.000000	3.000000	14.000000	18.000000
15.000000	17.000000	4.000000	20.000000	6.000000
15.000000	2.000000	2.000000	15.000000	20.000000
10.193749	10.381249	10.477083	10.435416	6.000000
18.000000	17.000000	9.000000	15.000000	13.000000
10.000000	7.000000	10.000000	13.000000	1.000000
8.568749	8.756249	8.852083	8.810416	11.000000
16.000000	1.000000	19.000000	20.000000	20.000000
4.000000	6.000000	13.000000	5.000000	20.000000
5.000000	20.000000	8.000000	17.000000	3.000000
13.000000	6.000000	11.000000	13.000000	20.000000
3.000000	3.000000	18.000000	12.000000	7.000000
18.000000	16.000000	4.000000	16.000000	2.000000
10.226250	9.886250	9.951249	10.048750	3.000000
13.000000	8.000000	8.000000	18.000000	13.000000
20.000000	2.000000	4.000000	7.000000	10.000000
18.000000	11.000000	8.000000	9.000000	3.000000
19.000000	11.000000	17.000000	17.000000	15.000000
3.000000	14.000000	10.000000	18.000000	2.000000
12.000000	4.000000	13.000000	5.000000	8.000000
7.000000	18.000000	15.000000	6.000000	15.000000
9.601250	9.261250	9.326249	9.423750	3.000000
9.000000	20.000000	5.000000	16.000000	8.000000
20.000000	7.000000	10.000000	8.000000	3.000000
9.788750	9.448750	9.513749	9.611250	20.000000
9.000000	5.000000	3.000000	13.000000	1.000000
9.788750	9.448750	9.513749	9.611250	5.000000
4.000000	15.000000	1.000000	3.000000	9.000000
16.000000	12.000000	20.000000	12.000000	19.000000
19.000000	11.000000	5.000000	8.000000	11.000000
19.000000	12.000000	13.000000	19.000000	17.000000
4.000000	7.000000	13.000000	19.000000	12.000000
13.000000	20.000000	10.000000	11.000000	16.000000
8.693749	8.881249	8.977083	8.935416	1.000000
11.000000	14.000000	4.000000	10.000000	5.000000
2.000000	8.000000	8.000000	19.000000	7.000000
18.000000	9.000000	18.000000	2.000000	7.000000
6.000000	17.000000	6.000000	18.000000	15.000000
17.000000	11.000000	15.000000	18.000000	13.000000
2.000000	4.000000	10.000000	4.000000	10.000000
10.000000	14.000000	15.000000	13.000000	15.000000
9.535936	10.245312	10.023437	9.767186	5.000000
1.000000	15.000000	5.000000	10.000000	8.000000
12.000000	16.000000	5.000000	9.000000	13.000000
19.000000	5.000000	15.000000	5.000000	2.000000
8.910936	9.620312	9.398437	9.142186	2.000000
6.000000	18.000000	8.000000	20.000000	11.000000
2.000000	11.000000	17.000000	16.000000	8.000000
8.663750	8.323750	8.388749	8.486250	5.000000
2.000000	20.000000	12.000000	18.000000	8.000000
5.000000	9.000000	12.000000	19.000000	13.000000
6.000000	18.000000	11.000000	2.000000	6.000000
5.000000	8.000000	3.000000	12.000000	19.000000
5.000000	5.000000	9.000000	1.000000	20.000000
9.000000	13.000000	7.000000	3.000000	2.000000
8.851250	8.511250	8.576249	8.673750	14.000000
1.000000	11.000000	2.000000	4.000000	10.000000
6.000000	1.000000	19.000000	9.000000	3.000000
16.000000	13.000000	10.000000	18.000000	4.000000
20.000000	3.000000	8.000000	1.000000	15.000000
20.000000	9.000000	20.000000	18.000000	3.000000
13.000000	1.000000	10.000000	5.000000	8.000000
15.000000	5.000000	18.000000	8.000000	1.000000
19.000000	14.000000	1.000000	17.000000	2.000000
3.000000	4.000000	6.000000	4.000000	2.000000
1.000000	16.000000	16.000000	20.000000	16.000000
9.785936	10.495312	10.273437	10.017186	9.000000
18.000000	5.000000	1.000000	19.000000	10.000000
8.000000	14.000000	6.000000	6.000000	1.000000
9.410936	10.120312	9.898437	9.642186	13.000000
19.000000	1.000000	16.000000	4.000000	17.000000
9.000000	4.000000	12.000000	16.000000	4.000000
9.288750	8.948750	9.013749	9.111250	2.000000
8.848436	9.557812	9.335937	9.079686	1.000000
16.000000	2.000000	14.000000	1.000000	19.000000
7.000000	7.000000	15.000000	12.000000	5.000000
7.000000	11.000000	17.000000	14.000000	14.000000
13.000000	15.000000	10.000000	16.000000	2.000000
5.000000	14.000000	11.000000	10.000000	7.000000
13.000000	4.000000	9.000000	19.000000	18.000000
10.000000	6.000000	11.000000	15.000000	6.000000
10.000000	1.000000	4.000000	4.000000	13.000000
20.000000	2.000000	3.000000	9.000000	7.000000
8.000000	13.000000	1.000000	17.000000	9.000000
15.000000	1.000000	2.000000	17.000000	11.000000
1.000000	9.000000	6.000000	9.000000	19.000000
3.000000	10.000000	16.000000	13.000000	5.000000
2.000000	14.000000	17.000000	17.000000	17.000000
9.000000	17.000000	18.000000	3.000000	17.000000
10.943749	11.131249	11.227083	11.185416	19.000000
17.000000	3.000000	12.000000	11.000000	20.000000
14.000000	11.000000	20.000000	11.000000	11.000000
11.000000	13.000000	13.000000	6.000000	17.000000
9.976250	9.636250	9.701249	9.798750	16.000000
9.351250	9.011250	9.076249	9.173750	20.000000
20.000000	5.000000	2.000000	8.000000	13.000000
13.000000	17.000000	8.000000	16.000000	19.000000
19.000000	1.000000	1.000000	18.000000	11.000000
11.000000	20.000000	15.000000	3.000000	6.000000
3.000000	3.000000	4.000000	5.000000	8.000000
11.000000	4.000000	13.000000	14.000000	4.000000
4.000000	5.000000	20.000000	6.000000	13.000000
12.000000	18.000000	1.000000	11.000000	5.000000
19.000000	9.000000	5.000000	19.000000	7.000000
15.000000	1.000000	18.000000	9.000000	16.000000
3.000000	11.000000	18.000000	19.000000	16.000000
5.000000	1.000000	11.000000	9.000000	15.000000
9.538750	9.198750	9.263749	9.361250	10.000000
3.000000	8.000000	7.000000	15.000000	19.000000
11.000000	13.000000	7.000000	15.000000	11.000000
5.000000	1.000000	4.000000	3.000000	9.000000
19.000000	17.000000	11.000000	16.000000	7.000000
18.000000	13.000000	8.000000	20.000000	1.000000
14.000000	5.000000	5.000000	4.000000	1.000000
14.000000	7.000000	9.000000	12.000000	13.000000
19.000000	2.000000	6.000000	5.000000	8.000000
8.000000	2.000000	20.000000	11.000000	16.000000
9.631249	9.818749	9.914583	9.872916	17.000000
11.000000	20.000000	9.000000	10.000000	12.000000
1.000000	3.000000	8.000000	6.000000	6.000000
9.000000	19.000000	4.000000	9.000000	11.000000
17.000000	7.000000	4.000000	2.000000	3.000000
4.000000	1.000000	4.000000	15.000000	12.000000
9.726250	9.386250	9.451249	9.548750	17.000000
10.101250	9.761250	9.826249	9.923750	6.000000
19.000000	17.000000	8.000000	7.000000	14.000000
5.000000	7.000000	12.000000	9.000000	7.000000
14.000000	5.000000	13.000000	10.000000	18.000000
7.000000	5.000000	10.000000	3.000000	19.000000
10.413750	10.073750	10.138749	10.236250	19.000000
9.000000	12.000000	15.000000	9.000000	8.000000
9.223436	9.932812	9.710937	9.454686	5.000000
9.000000	4.000000	3.000000	12.000000	12.000000
9.000000	18.000000	8.000000	13.000000	7.000000
17.000000	20.000000	11.000000	6.000000	2.000000
9.000000	19.000000	14.000000	14.000000	3.000000
9.598436	10.307812	10.085937	9.829686	2.000000
1.000000	19.000000	1.000000	8.000000	17.000000
5.000000	8.000000	20.000000	20.000000	20.000000
8.848436	9.557812	9.335937	9.079686	13.000000
15.000000	18.000000	12.000000	17.000000	4.000000
8.973436	9.682812	9.460937	9.204686	10.000000
16.000000	2.000000	16.000000	9.000000	1.000000
17.000000	2.000000	19.000000	17.000000	9.000000
7.000000	14.000000	9.000000	19.000000	13.000000
8.000000	1.000000	12.000000	8.000000	3.000000
8.288750	7.948750	8.013749	8.111250	10.000000
15.000000	19.000000	18.000000	8.000000	9.000000
8.000000	3.000000	10.000000	15.000000	4.000000
10.000000	3.000000	5.000000	20.000000	12.000000
5.000000	7.000000	5.000000	13.000000	17.000000
9.288750	8.948750	9.013749	9.111250	19.000000
19.000000	8.000000	12.000000	11.000000	14.000000
1.000000	5.000000	5.000000	19.000000	5.000000
13.000000	18.000000	19.000000	2.000000	12.000000
2.000000	4.000000	6.000000	6.000000	3.000000
17.000000	11.000000	1.000000	1.000000	3.000000
10.913750	10.573750	10.638749	10.736250	13.000000
9.660936	10.370312	10.148437	9.892186	6.000000
7.663750	7.323750	7.388749	7.486250	19.000000
7.000000	13.000000	16.000000	5.000000	15.000000
8.535936	9.245312	9.023437	8.767186	12.000000
9.476250	9.136250	9.201249	9.298750	14.000000
8.285936	8.995312	8.773437	8.517186	18.000000
10.000000	19.000000	14.000000	1.000000	7.000000
19.000000	18.000000	16.000000	1.000000	6.000000
14.000000	7.000000	19.000000	2.000000	4.000000
5.000000	12.000000	10.000000	14.000000	8.000000
10.601250	10.261250	10.326249	10.423750	13.000000
14.000000	15.000000	18.000000	19.000000	9.000000
7.000000	1.000000	19.000000	12.000000	1.000000
6.000000	3.000000	18.000000	13.000000	15.000000
16.000000	18.000000	14.000000	6.000000	11.000000
17.000000	2.000000	3.000000	6.000000	7.000000
8.506249	8.693749	8.789583	8.747916	4.000000
9.381249	9.568749	9.664583	9.622916	6.000000
18.000000	15.000000	6.000000	17.000000	7.000000
6.000000	14.000000	9.000000	16.000000	18.000000
3.000000	11.000000	7.000000	8.000000	16.000000
18.000000	4.000000	17.000000	12.000000	9.000000
9.223436	9.932812	9.710937	9.454686	15.000000
2.000000	8.000000	9.000000	12.000000	4.000000
10.288750	9.948750	10.013749	10.111250	17.000000
17.000000	17.000000	2.000000	17.000000	12.000000
9.098436	9.807812	9.585937	9.329686	19.000000
1.000000	7.000000	2.000000	9.000000	10.000000
11.000000	3.000000	2.000000	9.000000	11.000000
16.000000	10.000000	19.000000	5.000000	13.000000
14.000000	10.000000	2.000000	4.000000	1.000000
10.000000	20.000000	17.000000	12.000000	16.000000
20.000000	2.000000	7.000000	5.000000	11.000000
8.381249	8.568749	8.664583	8.622916	13.000000
18.000000	8.000000	15.000000	12.000000	8.000000
17.000000	7.000000	10.000000	15.000000	3.000000
2.000000	1.000000	13.000000	15.000000	4.000000
5.000000	5.000000	16.000000	1.000000	16.000000
11.000000	12.000000	9.000000	9.000000	16.000000
12.000000	5.000000	12.000000	12.000000	3.000000
4.000000	10.000000	2.000000	10.000000	1.000000
10.000000	18.000000	19.000000	19.000000	5.000000
2.000000	12.000000	5.000000	6.000000	7.000000
8.000000	10.000000	11.000000	3.000000	2.000000
18.000000	6.000000	5.000000	18.000000	14.000000
9.035936	9.745312	9.523437	9.267186	1.000000
8.848436	9.557812	9.335937	9.079686	7.000000
8.973436	9.682812	9.460937	9.204686	13.000000
8.000000	5.000000	5.000000	4.000000	10.000000
3.000000	12.000000	11.000000	13.000000	6.000000
4.000000	2.000000	3.000000	8.000000	19.000000
9.506249	9.693749	9.789583	9.747916	13.000000
9.535936	10.245312	10.023437	9.767186	4.000000
16.000000	6.000000	7.000000	12.000000	9.000000
11.000000	19.000000	14.000000	15.000000	3.000000
15.000000	9.000000	6.000000	18.000000	1.000000
3.000000	1.000000	2.000000	18.000000	1.000000
13.000000	6.000000	11.000000	12.000000	4.000000
4.000000	3.000000	14.000000	13.000000	7.000000
17.000000	1.000000	4.000000	15.000000	12.000000
12.000000	6.000000	2.000000	17.000000	12.000000
16.000000	4.000000	1.000000	13.000000	1.000000
13.000000	16.000000	13.000000	7.000000	5.000000
5.000000	19.000000	10.000000	16.000000	10.000000
5.000000	11.000000	4.000000	18.000000	15.000000
8.818749	9.006249	9.102083	9.060416	13.000000
6.000000	8.000000	10.000000	20.000000	17.000000
9.035936	9.745312	9.523437	9.267186	8.000000
12.000000	18.000000	15.000000	4.000000	4.000000
19.000000	1.000000	2.000000	8.000000	8.000000
3.000000	4.000000	18.000000	18.000000	1.000000
12.000000	19.000000	18.000000	19.000000	3.000000
2.000000	16.000000	2.000000	3.000000	15.000000
18.000000	16.000000	10.000000	17.000000	20.000000
17.000000	20.000000	17.000000	3.000000	16.000000
9.131249	9.318749	9.414583	9.372916	20.000000
3.000000	19.000000	3.000000	12.000000	16.000000
15.000000	15.000000	14.000000	4.000000	13.000000
8.723436	9.432812	9.210937	8.954686	8.000000
9.601250	9.261250	9.326249	9.423750	16.000000
9.881249	10.068749	10.164583	10.122916	14.000000
2.000000	15.000000	14.000000	17.000000	19.000000
13.000000	11.000000	18.000000	15.000000	2.000000
5.000000	9.000000	17.000000	19.000000	5.000000
9.000000	18.000000	10.000000	9.000000	19.000000
9.000000	4.000000	6.000000	12.000000	7.000000
13.000000	18.000000	19.000000	19.000000	8.000000
4.000000	1.000000	14.000000	18.000000	9.000000
13.000000	2.000000	12.000000	2.000000	9.000000
10.226250	9.886250	9.951249	10.048750	16.000000
13.000000	2.000000	14.000000	14.000000	10.000000
8.598436	9.307812	9.085937	8.829686	6.000000
12.000000	13.000000	3.000000	2.000000	4.000000
2.000000	5.000000	16.000000	16.000000	14.000000
4.000000	8.000000	8.000000	15.000000	1.000000
7.723436	8.432812	8.210937	7.954686	20.000000
2.000000	1.000000	13.000000	7.000000	14.000000
15.000000	10.000000	16.000000	19.000000	11.000000
1.000000	2.000000	3.000000	3.000000	3.000000
8.288750	7.948750	8.013749	8.111250	20.000000
9.351250	9.011250	9.076249	9.173750	3.000000
10.851250	10.511250	10.576249	10.673750	7.000000
6.000000	9.000000	7.000000	18.000000	15.000000
20.000000	12.000000	17.000000	8.000000	3.000000
7.000000	8.000000	4.000000	1.000000	3.000000
9.285936	9.995312	9.773437	9.517186	19.000000
10.000000	14.000000	7.000000	20.000000	18.000000
2.000000	18.000000	8.000000	7.000000	5.000000
6.000000	12.000000	14.000000	4.000000	2.000000
20.000000	16.000000	5.000000	16.000000	3.000000
7.000000	14.000000	2.000000	11.000000	15.000000
16.000000	9.000000	13.000000	14.000000	18.000000
9.288750	8.948750	9.013749	9.111250	2.000000
20.000000	15.000000	11.000000	20.000000	1.000000
16.000000	5.000000	5.000000	1.000000	9.000000
6.000000	20.000000	4.000000	2.000000	8.000000
18.000000	9.000000	1.000000	19.000000	11.000000
9.223436	9.932812	9.710937	9.454686	20.000000
9.413750	9.073750	9.138749	9.236250	7.000000
16.000000	14.000000	1.000000	19.000000	13.000000
10.851250	10.511250	10.576249	10.673750	6.000000
9.000000	2.000000	5.000000	4.000000	4.000000
4.000000	13.000000	4.000000	5.000000	12.000000
8.788750	8.448750	8.513749	8.611250	14.000000
9.000000	7.000000	7.000000	3.000000	20.000000
13.000000	11.000000	5.000000	5.000000	9.000000
8.785936	9.495312	9.273437	9.017186	2.000000
19.000000	18.000000	15.000000	15.000000	14.000000
18.000000	19.000000	6.000000	13.000000	15.000000
9.000000	10.000000	17.000000	18.000000	17.000000
10.000000	7.000000	15.000000	8.000000	9.000000
9.351250	9.011250	9.076249	9.173750	16.000000
8.660936	9.370312	9.148437	8.892186	9.000000
14.000000	2.000000	18.000000	20.000000	17.000000
11.000000	10.000000	7.000000	17.000000	2.000000
1.000000	5.000000	12.000000	17.000000	3.000000
8.000000	19.000000	9.000000	15.000000	6.000000
8.976250	8.636250	8.701249	8.798750	11.000000
5.000000	18.000000	2.000000	17.000000	2.000000
10.000000	2.000000	3.000000	8.000000	2.000000
10.160936	10.870312	10.648437	10.392186	6.000000
4.000000	17.000000	3.000000	15.000000	6.000000
5.000000	15.000000	4.000000	5.000000	9.000000
1.000000	5.000000	9.000000	10.000000	4.000000
19.000000	15.000000	2.000000	1.000000	11.000000
8.506249	8.693749	8.789583	8.747916	1.000000
6.000000	8.000000	11.000000	8.000000	16.000000
8.000000	11.000000	5.000000	10.000000	6.000000
10.000000	6.000000	12.000000	5.000000	2.000000
9.631249	9.818749	9.914583	9.872916	15.000000
10.000000	10.000000	1.000000	3.000000	2.000000
3.000000	17.000000	4.000000	7.000000	6.000000
16.000000	12.000000	5.000000	18.000000	19.000000
20.000000	6.000000	2.000000	4.000000	7.000000
7.000000	5.000000	13.000000	18.000000	9.000000
7.756249	7.943749	8.039583	7.997916	8.000000
20.000000	2.000000	9.000000	12.000000	16.000000
11.000000	14.000000	5.000000	6.000000	1.000000
10.000000	1.000000	4.000000	14.000000	19.000000
15.000000	5.000000	16.000000	16.000000	9.000000
9.348436	10.057812	9.835937	9.579686	3.000000
14.000000	20.000000	11.000000	19.000000	11.000000
10.000000	10.000000	4.000000	10.000000	1.000000
9.035936	9.745312	9.523437	9.267186	5.000000
9.068749	9.256249	9.352083	9.310416	10.000000
16.000000	16.000000	14.000000	3.000000	3.000000
9.193749	9.381249	9.477083	9.435416	10.000000
10.000000	4.000000	9.000000	12.000000	2.000000
11.000000	1.000000	3.000000	7.000000	2.000000
9.881249	10.068749	10.164583	10.122916	13.000000
8.660936	9.370312	9.148437	8.892186	7.000000
9.788750	9.448750	9.513749	9.611250	16.000000
16.000000	17.000000	20.000000	3.000000	7.000000
10.256249	10.443749	10.539583	10.497916	3.000000
9.568749	9.756249	9.852083	9.810416	5.000000
16.000000	19.000000	2.000000	9.000000	6.000000
14.000000	7.000000	3.000000	2.000000	13.000000
9.506249	9.693749	9.789583	9.747916	2.000000
2.000000	9.000000	18.000000	13.000000	3.000000
8.568749	8.756249	8.852083	8.810416	9.000000
9.101250	8.761250	8.826249	8.923750	11.000000
4.000000	18.000000	9.000000	18.000000	6.000000
6.000000	11.000000	4.000000	9.000000	5.000000
9.000000	9.000000	3.000000	7.000000	15.000000
16.000000	8.000000	3.000000	13.000000	1.000000
18.000000	8.000000	13.000000	11.000000	12.000000
2.000000	19.000000	18.000000	1.000000	20.000000
20.000000	16.000000	9.000000	8.000000	13.000000
7.000000	6.000000	16.000000	2.000000	6.000000
12.000000	10.000000	6.000000	14.000000	16.000000
20.000000	10.000000	16.000000	3.000000	14.000000
8.000000	20.000000	14.000000	12.000000	2.000000
9.818749	10.006249	10.102083	10.060416	5.000000
12.000000	14.000000	13.000000	12.000000	2.000000
17.000000	18.000000	7.000000	12.000000	20.000000
4.000000	3.000000	1.000000	9.000000	9.000000
9.000000	9.000000	10.000000	16.000000	3.000000
15.000000	15.000000	14.000000	8.000000	6.000000
15.000000	13.000000	11.000000	7.000000	19.000000
15.000000	10.000000	12.000000	19.000000	1.000000
13.000000	16.000000	11.000000	11.000000	19.000000
2.000000	14.000000	14.000000	2.000000	3.000000
14.000000	2.000000	3.000000	3.000000	17.000000
5.000000	9.000000	3.000000	18.000000	17.000000
9.000000	12.000000	1.000000	19.000000	10.000000
19.000000	5.000000	19.000000	10.000000	4.000000
12.000000	15.000000	19.000000	2.000000	17.000000
17.000000	3.000000	3.000000	2.000000	16.000000
5.000000	15.000000	10.000000	19.000000	17.000000
18.000000	3.000000	18.000000	1.000000	20.000000
14.000000	9.000000	3.000000	14.000000	7.000000
5.000000	4.000000	11.000000	3.000000	13.000000
9.601250	9.261250	9.326249	9.423750	7.000000
16.000000	13.000000	1.000000	18.000000	14.000000
9.000000	14.000000	9.000000	18.000000	12.000000
17.000000	15.000000	6.000000	14.000000	7.000000
9.101250	8.761250	8.826249	8.923750	4.000000
13.000000	3.000000	7.000000	16.000000	18.000000
9.131249	9.318749	9.414583	9.372916	17.000000
9.413750	9.073750	9.138749	9.236250	6.000000
9.473436	10.182812	9.960937	9.704686	19.000000
2.000000	11.000000	14.000000	7.000000	16.000000
12.000000	3.000000	7.000000	7.000000	2.000000
10.000000	11.000000	4.000000	9.000000	6.000000
8.476250	8.136250	8.201249	8.298750	1.000000
15.000000	5.000000	10.000000	3.000000	6.000000
9.723436	10.432812	10.210937	9.954686	2.000000
6.000000	7.000000	4.000000	19.000000	6.000000
11.000000	11.000000	8.000000	17.000000	9.000000
9.000000	7.000000	19.000000	5.000000	15.000000
17.000000	17.000000	6.000000	15.000000	20.000000
18.000000	9.000000	16.000000	19.000000	3.000000
2.000000	14.000000	10.000000	9.000000	11.000000
11.000000	14.000000	9.000000	6.000000	5.000000
14.000000	17.000000	7.000000	2.000000	13.000000
7.000000	2.000000	11.000000	17.000000	6.000000
5.000000	13.000000	15.000000	2.000000	7.000000
14.000000	12.000000	15.000000	2.000000	10.000000
8.601250	8.261250	8.326249	8.423750	15.000000
9.976250	9.636250	9.701249	9.798750	7.000000
4.000000	7.000000	15.000000	2.000000	20.000000
8.913750	8.573750	8.638749	8.736250	5.000000
11.000000	14.000000	9.000000	5.000000	8.000000
16.000000	11.000000	19.000000	2.000000	12.000000
8.000000	11.000000	6.000000	3.000000	1.000000
20.000000	19.000000	1.000000	19.000000	12.000000
19.000000	15.000000	11.000000	13.000000	16.000000
2.000000	12.000000	16.000000	15.000000	1.000000
12.000000	6.000000	6.000000	20.000000	2.000000
5.000000	7.000000	12.000000	3.000000	9.000000
9.038750	8.698750	8.763749	8.861250	5.000000
11.000000	19.000000	3.000000	11.000000	10.000000
7.000000	2.000000	16.000000	9.000000	6.000000
3.000000	10.000000	17.000000	18.000000	5.000000
9.000000	1.000000	2.000000	7.000000	13.000000
3.000000	11.000000	19.000000	7.000000	6.000000
8.223436	8.932812	8.710937	8.454686	9.000000
10.413750	10.073750	10.138749	10.236250	2.000000
20.000000	4.000000	15.000000	15.000000	12.000000
20.000000	18.000000	14.000000	9.000000	7.000000
10.223436	10.932812	10.710937	10.454686	15.000000
20.000000	5.000000	6.000000	10.000000	11.000000
11.000000	9.000000	12.000000	10.000000	17.000000
12.000000	13.000000	8.000000	2.000000	10.000000
9.000000	2.000000	6.000000	3.000000	8.000000
9.000000	14.000000	17.000000	14.000000	2.000000
4.000000	3.000000	11.000000	3.000000	5.000000
9.693749	9.881249	9.977083	9.935416	3.000000
4.000000	12.000000	11.000000	15.000000	13.000000
8.000000	18.000000	5.000000	15.000000	20.000000
7.000000	15.000000	13.000000	4.000000	9.000000
12.000000	4.000000	14.000000	9.000000	18.000000
16.000000	12.000000	20.000000	6.000000	14.000000
17.000000	2.000000	7.000000	18.000000	4.000000
1.000000	1.000000	7.000000	12.000000	16.000000
10.410936	11.120312	10.898437	10.642186	5.000000
9.601250	9.261250	9.326249	9.423750	17.000000
9.443749	9.631249	9.727083	9.685416	8.000000
18.000000	11.000000	11.000000	9.000000	16.000000
16.000000	5.000000	18.000000	14.000000	2.000000
1.000000	14.000000	15.000000	7.000000	5.000000
2.000000	18.000000	15.000000	6.000000	2.000000
11.000000	2.000000	15.000000	13.000000	9.000000
12.000000	3.000000	20.000000	4.000000	19.000000
7.000000	1.000000	9.000000	17.000000	1.000000
17.000000	12.000000	18.000000	6.000000	5.000000
9.506249	9.693749	9.789583	9.747916	4.000000
15.000000	6.000000	14.000000	10.000000	12.000000
15.000000	12.000000	13.000000	1.000000	5.000000
13.000000	4.000000	19.000000	13.000000	7.000000
17.000000	11.000000	19.000000	18.000000	8.000000
20.000000	14.000000	11.000000	17.000000	19.000000
8.000000	7.000000	16.000000	18.000000	12.000000
10.726250	10.386250	10.451249	10.548750	13.000000
20.000000	10.000000	17.000000	12.000000	3.000000
1.000000	5.000000	6.000000	19.000000	9.000000
13.000000	8.000000	19.000000	11.000000	5.000000
18.000000	2.000000	10.000000	9.000000	18.000000
8.000000	8.000000	17.000000	15.000000	17.000000
10.663750	10.323750	10.388749	10.486250	1.000000
5.000000	16.000000	2.000000	1.000000	19.000000
9.476250	9.136250	9.201249	9.298750	11.000000
3.000000	2.000000	10.000000	2.000000	4.000000
14.000000	19.000000	6.000000	3.000000	19.000000
9.506249	9.693749	9.789583	9.747916	16.000000
14.000000	10.000000	13.000000	6.000000	18.000000
9.506249	9.693749	9.789583	9.747916	2.000000
3.000000	10.000000	2.000000	18.000000	19.000000
4.000000	12.000000	12.000000	14.000000	5.000000
9.568749	9.756249	9.852083	9.810416	14.000000
6.000000	15.000000	15.000000	4.000000	17.000000
3.000000	9.000000	19.000000	7.000000	14.000000
7.848436	8.557812	8.335937	8.079686	16.000000
16.000000	14.000000	5.000000	9.000000	3.000000
9.443749	9.631249	9.727083	9.685416	10.000000
19.000000	9.000000	8.000000	14.000000	20.000000
13.000000	20.000000	14.000000	20.000000	15.000000
3.000000	2.000000	15.000000	1.000000	20.000000
1.000000	16.000000	10.000000	15.000000	7.000000
5.000000	3.000000	20.000000	10.000000	3.000000
9.535936	10.245312	10.023437	9.767186	18.000000
16.000000	19.000000	18.000000	4.000000	13.000000
17.000000	8.000000	4.000000	3.000000	7.000000
10.000000	5.000000	20.000000	4.000000	5.000000
19.000000	4.000000	12.000000	8.000000	19.000000
10.000000	13.000000	13.000000	9.000000	14.000000
15.000000	3.000000	17.000000	2.000000	3.000000
9.976250	9.636250	9.701249	9.798750	12.000000
9.035936	9.745312	9.523437	9.267186	14.000000
18.000000	18.000000	10.000000	18.000000	1.000000
10.726250	10.386250	10.451249	10.548750	4.000000
15.000000	6.000000	8.000000	19.000000	6.000000
13.000000	13.000000	1.000000	9.000000	6.000000
15.000000	7.000000	3.000000	16.000000	9.000000
6.000000	1.000000	20.000000	17.000000	1.000000
5.000000	7.000000	18.000000	14.000000	4.000000
11.000000	19.000000	11.000000	7.000000	15.000000
14.000000	13.000000	12.000000	13.000000	11.000000
8.598436	9.307812	9.085937	8.829686	18.000000
1.000000	16.000000	4.000000	15.000000	12.000000
12.000000	12.000000	4.000000	4.000000	1.000000
10.538750	10.198750	10.263749	10.361250	2.000000
9.913750	9.573750	9.638749	9.736250	2.000000
7.000000	6.000000	14.000000	10.000000	10.000000
16.000000	19.000000	7.000000	11.000000	20.000000
4.000000	11.000000	16.000000	7.000000	5.000000
10.506249	10.693749	10.789583	10.747916	13.000000
16.000000	6.000000	1.000000	14.000000	20.000000
14.000000	3.000000	15.000000	13.000000	15.000000
17.000000	11.000000	12.000000	10.000000	1.000000
8.381249	8.568749	8.664583	8.622916	8.000000
10.163750	9.823750	9.888749	9.986250	12.000000
14.000000	16.000000	14.000000	1.000000	9.000000
6.000000	9.000000	7.000000	18.000000	2.000000
6.000000	3.000000	17.000000	12.000000	8.000000
11.000000	8.000000	18.000000	14.000000	10.000000
10.131249	10.318749	10.414583	10.372916	9.000000
14.000000	11.000000	14.000000	3.000000	8.000000
6.000000	16.000000	15.000000	11.000000	16.000000
8.913750	8.573750	8.638749	8.736250	6.000000
9.068749	9.256249	9.352083	9.310416	18.000000
10.131249	10.318749	10.414583	10.372916	9.000000
9.848436	10.557812	10.335937	10.079686	14.000000
14.000000	5.000000	4.000000	20.000000	7.000000
9.068749	9.256249	9.352083	9.310416	7.000000
10.000000	20.000000	14.000000	5.000000	20.000000
9.348436	10.057812	9.835937	9.579686	15.000000
7.000000	17.000000	10.000000	15.000000	1.000000
9.038750	8.698750	8.763749	8.861250	12.000000
10.163750	9.823750	9.888749	9.986250	12.000000
15.000000	6.000000	8.000000	9.000000	3.000000
14.000000	10.000000	14.000000	20.000000	6.000000
10.351250	10.011250	10.076249	10.173750	20.000000
10.163750	9.823750	9.888749	9.986250	7.000000
1.000000	17.000000	7.000000	7.000000	4.000000
10.000000	7.000000	9.000000	18.000000	2.000000
7.660936	8.370312	8.148437	7.892186	5.000000
8.723436	9.432812	9.210937	8.954686	16.000000
11.000000	7.000000	6.000000	18.000000	20.000000
17.000000	4.000000	12.000000	5.000000	19.000000
10.000000	18.000000	7.000000	16.000000	4.000000
8.535936	9.245312	9.023437	8.767186	7.000000
3.000000	2.000000	11.000000	2.000000	13.000000
7.000000	10.000000	18.000000	12.000000	4.000000
5.000000	2.000000	2.000000	10.000000	12.000000
13.000000	19.000000	7.000000	16.000000	15.000000
5.000000	5.000000	12.000000	11.000000	12.000000
16.000000	13.000000	9.000000	9.000000	15.000000
15.000000	12.000000	17.000000	17.000000	5.000000
9.000000	3.000000	14.000000	18.000000	14.000000
9.000000	3.000000	7.000000	10.000000	4.000000
10.000000	15.000000	2.000000	16.000000	10.000000
8.160936	8.870312	8.648437	8.392186	15.000000
18.000000	15.000000	19.000000	6.000000	4.000000
14.000000	12.000000	7.000000	10.000000	8.000000
11.000000	10.000000	2.000000	16.000000	20.000000
