7.000000	5.000000	14.000000	6.000000	6.000000
9.000000	15.000000	20.000000	3.000000	11.000000
9.511250	9.171249	9.236249	9.333750	10.000000
9.454686	10.164062	9.942186	9.685936	11.000000
12.000000	20.000000	14.000000	10.000000	1.000000
14.000000	20.000000	10.000000	15.000000	7.000000
1.000000	2.000000	3.000000	6.000000	7.000000
10.781249	10.968749	11.064583	11.022916	9.000000
9.573750	9.233749	9.298749	9.396250	20.000000
20.000000	12.000000	5.000000	16.000000	18.000000
10.468749	10.656249	10.752083	10.710416	8.000000
17.000000	13.000000	19.000000	19.000000	20.000000
6.000000	11.000000	13.000000	20.000000	9.000000
11.000000	20.000000	15.000000	3.000000	20.000000
3.000000	6.000000	12.000000	13.000000	2.000000
8.948750	8.608749	8.673749	8.771250	20.000000
15.000000	14.000000	18.000000	3.000000	13.000000
18.000000	12.000000	18.000000	16.000000	2.000000
17.000000	1.000000	4.000000	9.000000	13.000000
12.000000	19.000000	12.000000	6.000000	13.000000
3.000000	20.000000	18.000000	7.000000	4.000000
10.073750	9.733749	9.798749	9.896250	17.000000
19.000000	14.000000	10.000000	16.000000	16.000000
8.781249	8.968749	9.064583	9.022916	1.000000
20.000000	11.000000	13.000000	16.000000	11.000000
5.000000	7.000000	9.000000	17.000000	5.000000
2.000000	19.000000	4.000000	11.000000	17.000000
20.000000	14.000000	6.000000	7.000000	1.000000
8.517186	9.226562	9.004686	8.748436	12.000000
1.000000	9.000000	17.000000	12.000000	11.000000
17.000000	3.000000	2.000000	9.000000	18.000000
12.000000	6.000000	5.000000	13.000000	2.000000
1.000000	6.000000	12.000000	4.000000	8.000000
9.000000	15.000000	1.000000	6.000000	1.000000
13.000000	8.000000	5.000000	18.000000	2.000000
9.000000	11.000000	10.000000	5.000000	2.000000
13.000000	13.000000	4.000000	6.000000	13.000000
10.136250	9.796249	9.861249	9.958750	1.000000
11.000000	18.000000	18.000000	3.000000	13.000000
6.000000	3.000000	8.000000	6.000000	8.000000
20.000000	11.000000	7.000000	17.000000	8.000000
8.698750	8.358749	8.423749	8.521250	1.000000
11.000000	2.000000	13.000000	7.000000	7.000000
5.000000	20.000000	16.000000	3.000000	9.000000
8.000000	13.000000	18.000000	6.000000	7.000000
2.000000	3.000000	9.000000	9.000000	8.000000
9.000000	1.000000	10.000000	15.000000	17.000000
18.000000	15.000000	1.000000	19.000000	17.000000
1.000000	2.000000	10.000000	5.000000	8.000000
9.000000	9.000000	19.000000	4.000000	11.000000
19.000000	3.000000	16.000000	16.000000	20.000000
2.000000	17.000000	2.000000	3.000000	18.000000
9.656249	9.843749	9.939583	9.897916	17.000000
9.823750	9.483749	9.548749	9.646250	19.000000
20.000000	18.000000	20.000000	1.000000	2.000000
19.000000	9.000000	2.000000	17.000000	4.000000
5.000000	15.000000	7.000000	20.000000	2.000000
6.000000	13.000000	18.000000	8.000000	15.000000
15.000000	9.000000	17.000000	4.000000	11.000000
6.000000	9.000000	11.000000	9.000000	6.000000
9.000000	20.000000	3.000000	20.000000	20.000000
16.000000	18.000000	9.000000	10.000000	6.000000
4.000000	14.000000	12.000000	10.000000	5.000000
13.000000	8.000000	17.000000	10.000000	7.000000
4.000000	17.000000	7.000000	20.000000	20.000000
17.000000	5.000000	1.000000	7.000000	5.000000
9.636250	9.296249	9.361249	9.458750	6.000000
8.000000	8.000000	15.000000	8.000000	17.000000
9.892186	10.601562	10.379686	10.123436	1.000000
9.017186	9.726562	9.504686	9.248436	5.000000
6.000000	18.000000	1.000000	12.000000	17.000000
12.000000	8.000000	14.000000	12.000000	7.000000
10.000000	18.000000	5.000000	6.000000	18.000000
11.000000	5.000000	17.000000	17.000000	12.000000
14.000000	17.000000	2.000000	15.000000	7.000000
14.000000	1.000000	2.000000	5.000000	15.000000
6.000000	10.000000	12.000000	18.000000	13.000000
9.698750	9.358749	9.423749	9.521250	13.000000
19.000000	15.000000	2.000000	15.000000	12.000000
11.000000	17.000000	16.000000	7.000000	14.000000
9.204686	9.914062	9.692186	9.435936	7.000000
9.261250	8.921249	8.986249	9.083750	10.000000
5.000000	6.000000	20.000000	8.000000	3.000000
4.000000	7.000000	16.000000	16.000000	12.000000
8.000000	6.000000	6.000000	1.000000	1.000000
9.000000	11.000000	17.000000	4.000000	9.000000
9.954686	10.664062	10.442186	10.185936	13.000000
19.000000	19.000000	18.000000	17.000000	7.000000
8.000000	13.000000	5.000000	19.000000	20.000000
10.011250	9.671249	9.736249	9.833750	10.000000
9.000000	1.000000	15.000000	6.000000	13.000000
15.000000	14.000000	3.000000	4.000000	17.000000
4.000000	13.000000	10.000000	4.000000	4.000000
3.000000	2.000000	2.000000	20.000000	10.000000
11.011250	10.671249	10.736249	10.833750	9.000000
1.000000	3.000000	3.000000	18.000000	16.000000
12.000000	7.000000	9.000000	6.000000	12.000000
1.000000	13.000000	6.000000	16.000000	16.000000
14.000000	19.000000	8.000000	16.000000	14.000000
10.823750	10.483749	10.548749	10.646250	9.000000
4.000000	4.000000	20.000000	17.000000	7.000000
8.000000	17.000000	1.000000	10.000000	14.000000
17.000000	1.000000	12.000000	5.000000	7.000000
4.000000	17.000000	11.000000	1.000000	12.000000
6.000000	14.000000	10.000000	5.000000	9.000000
3.000000	8.000000	18.000000	9.000000	3.000000
8.767186	9.476562	9.254686	8.998436	20.000000
17.000000	5.000000	8.000000	17.000000	15.000000
10.093749	10.281249	10.377083	10.335416	9.000000
9.517186	10.226562	10.004686	9.748436	20.000000
9.636250	9.296249	9.361249	9.458750	5.000000
14.000000	13.000000	4.000000	12.000000	2.000000
6.000000	10.000000	17.000000	4.000000	7.000000
9.000000	20.000000	11.000000	16.000000	8.000000
5.000000	1.000000	1.000000	12.000000	6.000000
1.000000	16.000000	5.000000	6.000000	19.000000
5.000000	3.000000	10.000000	10.000000	13.000000
14.000000	15.000000	5.000000	9.000000	6.000000
18.000000	15.000000	7.000000	15.000000	10.000000
13.000000	3.000000	1.000000	4.000000	10.000000
10.573750	10.233749	10.298749	10.396250	11.000000
8.000000	1.000000	7.000000	4.000000	6.000000
9.761250	9.421249	9.486249	9.583750	9.000000
12.000000	12.000000	16.000000	9.000000	20.000000
1.000000	6.000000	14.000000	8.000000	12.000000
15.000000	12.000000	14.000000	15.000000	15.000000
16.000000	15.000000	15.000000	6.000000	14.000000
5.000000	5.000000	14.000000	3.000000	8.000000
20.000000	19.000000	8.000000	11.000000	5.000000
8.000000	3.000000	8.000000	3.000000	3.000000
9.406249	9.593749	9.689583	9.647916	15.000000
20.000000	7.000000	6.000000	5.000000	14.000000
13.000000	12.000000	8.000000	7.000000	17.000000
9.448750	9.108749	9.173749	9.271250	18.000000
1.000000	18.000000	16.000000	20.000000	8.000000
12.000000	7.000000	2.000000	19.000000	2.000000
4.000000	18.000000	17.000000	4.000000	10.000000
9.823750	9.483749	9.548749	9.646250	19.000000
13.000000	12.000000	11.000000	20.000000	10.000000
19.000000	13.000000	13.000000	12.000000	19.000000
2.000000	4.000000	8.000000	17.000000	3.000000
15.000000	1.000000	1.000000	9.000000	11.000000
8.267186	8.976562	8.754686	8.498436	15.000000
9.000000	4.000000	9.000000	9.000000	4.000000
20.000000	1.000000	15.000000	10.000000	13.000000
5.000000	20.000000	5.000000	9.000000	3.000000
15.000000	10.000000	6.000000	2.000000	18.000000
8.698750	8.358749	8.423749	8.521250	16.000000
9.000000	6.000000	20.000000	8.000000	8.000000
6.000000	17.000000	3.000000	7.000000	5.000000
8.198750	7.858749	7.923749	8.021250	7.000000
9.000000	17.000000	6.000000	13.000000	17.000000
9.000000	19.000000	6.000000	6.000000	12.000000
3.000000	6.000000	20.000000	13.000000	10.000000
7.000000	1.000000	15.000000	18.000000	20.000000
14.000000	4.000000	8.000000	9.000000	10.000000
10.511250	10.171249	10.236249	10.333750	18.000000
13.000000	9.000000	6.000000	18.000000	2.000000
2.000000	18.000000	12.000000	19.000000	4.000000
9.642186	10.351562	10.129686	9.873436	6.000000
8.948750	8.608749	8.673749	8.771250	11.000000
7.573750	7.233749	7.298749	7.396250	10.000000
7.000000	8.000000	15.000000	13.000000	8.000000
5.000000	5.000000	17.000000	10.000000	14.000000
10.000000	4.000000	12.000000	1.000000	2.000000
7.000000	16.000000	15.000000	19.000000	2.000000
20.000000	20.000000	15.000000	17.000000	7.000000
9.079686	9.789062	9.567186	9.310936	10.000000
9.156249	9.343749	9.439583	9.397916	12.000000
5.000000	12.000000	8.000000	13.000000	1.000000
8.204686	8.914062	8.692186	8.435936	14.000000
18.000000	2.000000	10.000000	12.000000	20.000000
11.000000	12.000000	19.000000	17.000000	8.000000
6.000000	5.000000	13.000000	5.000000	18.000000
2.000000	6.000000	17.000000	19.000000	1.000000
20.000000	15.000000	12.000000	7.000000	7.000000
10.573750	10.233749	10.298749	10.396250	15.000000
13.000000	17.000000	17.000000	14.000000	20.000000
8.000000	17.000000	11.000000	7.000000	13.000000
11.000000	4.000000	18.000000	15.000000	20.000000
7.000000	17.000000	5.000000	4.000000	7.000000
17.000000	15.000000	13.000000	20.000000	14.000000
11.000000	16.000000	5.000000	10.000000	7.000000
9.343749	9.531249	9.627083	9.585416	8.000000
14.000000	3.000000	4.000000	5.000000	1.000000
9.954686	10.664062	10.442186	10.185936	1.000000
7.000000	12.000000	9.000000	4.000000	7.000000
9.267186	9.976562	9.754686	9.498436	12.000000
9.531249	9.718749	9.814583	9.772916	18.000000
5.000000	9.000000	12.000000	19.000000	15.000000
19.000000	12.000000	9.000000	2.000000	8.000000
10.198750	9.858749	9.923749	10.021250	6.000000
7.000000	15.000000	17.000000	7.000000	18.000000
9.156249	9.343749	9.439583	9.397916	12.000000
12.000000	1.000000	13.000000	10.000000	10.000000
8.968749	9.156249	9.252083	9.210416	4.000000
5.000000	3.000000	8.000000	13.000000	16.000000
9.017186	9.726562	9.504686	9.248436	1.000000
2.000000	19.000000	15.000000	18.000000	5.000000
12.000000	12.000000	18.000000	1.000000	18.000000
2.000000	4.000000	18.000000	14.000000	14.000000
20.000000	15.000000	11.000000	9.000000	20.000000
15.000000	5.000000	2.000000	2.000000	18.000000
18.000000	8.000000	3.000000	14.000000	8.000000
3.000000	15.000000	18.000000	18.000000	4.000000
3.000000	1.000000	7.000000	12.000000	13.000000
4.000000	13.000000	17.000000	14.000000	6.000000
2.000000	13.000000	13.000000	12.000000	13.000000
9.136250	8.796249	8.861249	8.958750	11.000000
15.000000	14.000000	19.000000	9.000000	7.000000
18.000000	11.000000	13.000000	16.000000	20.000000
8.000000	10.000000	1.000000	14.000000	1.000000
5.000000	18.000000	14.000000	1.000000	11.000000
11.000000	14.000000	15.000000	15.000000	6.000000
7.000000	6.000000	3.000000	4.000000	11.000000
8.517186	9.226562	9.004686	8.748436	18.000000
3.000000	1.000000	1.000000	7.000000	8.000000
20.000000	15.000000	17.000000	12.000000	20.000000
18.000000	17.000000	17.000000	3.000000	9.000000
8.829686	9.539062	9.317186	9.060936	20.000000
8.000000	20.000000	17.000000	2.000000	15.000000
19.000000	7.000000	5.000000	15.000000	2.000000
14.000000	9.000000	3.000000	14.000000	15.000000
2.000000	6.000000	1.000000	19.000000	17.000000
1.000000	8.000000	13.000000	9.000000	10.000000
9.329686	10.039062	9.817186	9.560936	12.000000
5.000000	15.000000	3.000000	14.000000	8.000000
10.000000	12.000000	7.000000	6.000000	6.000000
8.000000	19.000000	6.000000	10.000000	5.000000
8.767186	9.476562	9.254686	8.998436	2.000000
6.000000	5.000000	1.000000	11.000000	6.000000
2.000000	4.000000	5.000000	7.000000	11.000000
8.000000	4.000000	5.000000	3.000000	17.000000
4.000000	12.000000	20.000000	10.000000	17.000000
18.000000	18.000000	7.000000	3.000000	19.000000
11.000000	15.000000	2.000000	20.000000	8.000000
15.000000	6.000000	4.000000	15.000000	8.000000
9.000000	16.000000	3.000000	5.000000	15.000000
9.968749	10.156249	10.252083	10.210416	7.000000
9.392186	10.101562	9.879686	9.623436	14.000000
6.000000	2.000000	3.000000	4.000000	5.000000
8.843749	9.031249	9.127083	9.085416	6.000000
18.000000	1.000000	3.000000	14.000000	16.000000
10.000000	14.000000	3.000000	12.000000	19.000000
17.000000	16.000000	15.000000	6.000000	16.000000
10.386250	10.046249	10.111249	10.208750	16.000000
13.000000	7.000000	9.000000	15.000000	10.000000
13.000000	7.000000	16.000000	4.000000	13.000000
2.000000	13.000000	14.000000	4.000000	18.000000
1.000000	14.000000	12.000000	15.000000	17.000000
2.000000	4.000000	5.000000	16.000000	9.000000
20.000000	16.000000	12.000000	19.000000	17.000000
19.000000	3.000000	3.000000	7.000000	17.000000
4.000000	12.000000	16.000000	20.000000	7.000000
20.000000	1.000000	11.000000	5.000000	4.000000
7.517186	8.226562	8.004686	7.748436	12.000000
6.000000	5.000000	7.000000	10.000000	20.000000
15.000000	9.000000	7.000000	18.000000	8.000000
3.000000	8.000000	10.000000	17.000000	7.000000
19.000000	20.000000	10.000000	6.000000	19.000000
8.000000	17.000000	19.000000	18.000000	2.000000
3.000000	18.000000	18.000000	11.000000	9.000000
1.000000	8.000000	13.000000	7.000000	17.000000
4.000000	14.000000	18.000000	10.000000	11.000000
17.000000	4.000000	11.000000	18.000000	12.000000
17.000000	8.000000	4.000000	6.000000	13.000000
8.767186	9.476562	9.254686	8.998436	2.000000
3.000000	7.000000	20.000000	12.000000	9.000000
8.823750	8.483749	8.548749	8.646250	11.000000
13.000000	8.000000	4.000000	2.000000	10.000000
7.781249	7.968749	8.064583	8.022916	16.000000
17.000000	13.000000	3.000000	20.000000	10.000000
8.000000	13.000000	14.000000	9.000000	5.000000
15.000000	3.000000	3.000000	14.000000	14.000000
12.000000	6.000000	18.000000	8.000000	10.000000
9.000000	12.000000	17.000000	12.000000	6.000000
6.000000	18.000000	3.000000	11.000000	6.000000
18.000000	19.000000	18.000000	1.000000	10.000000
7.642186	8.351562	8.129686	7.873436	8.000000
19.000000	7.000000	10.000000	13.000000	12.000000
3.000000	4.000000	17.000000	13.000000	3.000000
6.000000	1.000000	7.000000	3.000000	12.000000
12.000000	20.000000	2.000000	14.000000	2.000000
7.000000	4.000000	12.000000	17.000000	16.000000
1.000000	7.000000	15.000000	15.000000	19.000000
10.593749	10.781249	10.877083	10.835416	9.000000
9.448750	9.108749	9.173749	9.271250	9.000000
8.142186	8.851562	8.629686	8.373436	16.000000
5.000000	8.000000	8.000000	6.000000	14.000000
9.000000	4.000000	17.000000	13.000000	12.000000
4.000000	5.000000	19.000000	18.000000	19.000000
9.000000	11.000000	15.000000	5.000000	5.000000
4.000000	12.000000	1.000000	8.000000	8.000000
2.000000	6.000000	2.000000	2.000000	3.000000
9.000000	6.000000	10.000000	16.000000	3.000000
15.000000	17.000000	7.000000	11.000000	9.000000
10.073750	9.733749	9.798749	9.896250	3.000000
4.000000	8.000000	5.000000	10.000000	12.000000
1.000000	5.000000	16.000000	2.000000	12.000000
15.000000	3.000000	10.000000	16.000000	16.000000
4.000000	5.000000	2.000000	13.000000	12.000000
4.000000	8.000000	8.000000	2.000000	10.000000
16.000000	12.000000	16.000000	1.000000	11.000000
10.000000	16.000000	19.000000	7.000000	5.000000
2.000000	7.000000	10.000000	17.000000	20.000000
13.000000	4.000000	14.000000	2.000000	19.000000
10.000000	17.000000	15.000000	11.000000	10.000000
19.000000	6.000000	9.000000	6.000000	8.000000
10.000000	14.000000	19.000000	17.000000	14.000000
9.761250	9.421249	9.486249	9.583750	17.000000
5.000000	13.000000	15.000000	14.000000	9.000000
8.761250	8.421249	8.486249	8.583750	20.000000
3.000000	9.000000	17.000000	9.000000	11.000000
18.000000	7.000000	17.000000	18.000000	5.000000
9.011250	8.671249	8.736249	8.833750	8.000000
3.000000	6.000000	6.000000	3.000000	17.000000
14.000000	7.000000	9.000000	8.000000	13.000000
9.511250	9.171249	9.236249	9.333750	2.000000
10.000000	15.000000	2.000000	18.000000	15.000000
13.000000	7.000000	2.000000	1.000000	4.000000
6.000000	16.000000	15.000000	15.000000	1.000000
2.000000	17.000000	18.000000	19.000000	11.000000
14.000000	12.000000	17.000000	14.000000	19.000000
9.000000	3.000000	5.000000	19.000000	15.000000
6.000000	1.000000	1.000000	19.000000	18.000000
15.000000	3.000000	5.000000	8.000000	3.000000
20.000000	5.000000	18.000000	14.000000	19.000000
10.000000	7.000000	7.000000	8.000000	5.000000
17.000000	13.000000	16.000000	6.000000	19.000000
9.142186	9.851562	9.629686	9.373436	17.000000
7.000000	8.000000	17.000000	7.000000	18.000000
14.000000	13.000000	1.000000	10.000000	1.000000
3.000000	10.000000	17.000000	13.000000	15.000000
9.031249	9.218749	9.314583	9.272916	13.000000
18.000000	3.000000	6.000000	6.000000	20.000000
8.718749	8.906249	9.002083	8.960416	14.000000
1.000000	2.000000	13.000000	9.000000	20.000000
10.000000	3.000000	12.000000	2.000000	4.000000
4.000000	5.000000	5.000000	1.000000	9.000000
20.000000	20.000000	2.000000	13.000000	5.000000
15.000000	10.000000	19.000000	12.000000	15.000000
10.448750	10.108749	10.173749	10.271250	14.000000
3.000000	7.000000	7.000000	15.000000	8.000000
6.000000	17.000000	2.000000	9.000000	18.000000
5.000000	13.000000	14.000000	10.000000	5.000000
14.000000	1.000000	16.000000	16.000000	13.000000
20.000000	2.000000	2.000000	19.000000	5.000000
9.136250	8.796249	8.861249	8.958750	14.000000
8.000000	9.000000	13.000000	14.000000	15.000000
20.000000	11.000000	3.000000	1.000000	19.000000
13.000000	17.000000	3.000000	18.000000	6.000000
7.000000	12.000000	6.000000	2.000000	19.000000
9.329686	10.039062	9.817186	9.560936	4.000000
9.329686	10.039062	9.817186	9.560936	17.000000
9.000000	9.000000	17.000000	13.000000	2.000000
8.454686	9.164062	8.942186	8.685936	4.000000
2.000000	18.000000	12.000000	5.000000	16.000000
18.000000	3.000000	7.000000	15.000000	17.000000
17.000000	5.000000	10.000000	8.000000	8.000000
5.000000	15.000000	19.000000	7.000000	4.000000
7.000000	15.000000	12.000000	16.000000	7.000000
9.386250	9.046249	9.111249	9.208750	4.000000
5.000000	9.000000	14.000000	17.000000	5.000000
1.000000	6.000000	20.000000	7.000000	12.000000
16.000000	15.000000	16.000000	17.000000	2.000000
8.948750	8.608749	8.673749	8.771250	19.000000
11.000000	4.000000	6.000000	2.000000	19.000000
4.000000	18.000000	9.000000	6.000000	5.000000
9.073750	8.733749	8.798749	8.896250	10.000000
2.000000	17.000000	15.000000	1.000000	15.000000
19.000000	8.000000	9.000000	6.000000	16.000000
10.000000	1.000000	8.000000	5.000000	17.000000
18.000000	15.000000	20.000000	3.000000	8.000000
10.000000	19.000000	5.000000	18.000000	16.000000
1.000000	2.000000	17.000000	18.000000	10.000000
7.000000	19.000000	7.000000	13.000000	11.000000
7.892186	8.601562	8.379686	8.123436	17.000000
10.017186	10.726562	10.504686	10.248436	8.000000
5.000000	9.000000	2.000000	17.000000	4.000000
9.886250	9.546249	9.611249	9.708750	16.000000
9.000000	19.000000	9.000000	5.000000	16.000000
18.000000	3.000000	6.000000	4.000000	16.000000
16.000000	17.000000	18.000000	13.000000	18.000000
14.000000	17.000000	20.000000	14.000000	8.000000
7.767186	8.476562	8.254686	7.998436	7.000000
11.000000	2.000000	4.000000	4.000000	19.000000
19.000000	12.000000	9.000000	19.000000	17.000000
16.000000	17.000000	11.000000	13.000000	12.000000
6.000000	8.000000	20.000000	16.000000	12.000000
17.000000	1.000000	20.000000	17.000000	15.000000
19.000000	3.000000	5.000000	7.000000	15.000000
11.000000	17.000000	16.000000	14.000000	13.000000
9.886250	9.546249	9.611249	9.708750	3.000000
9.718749	9.906249	10.002083	9.960416	7.000000
9.031249	9.218749	9.314583	9.272916	15.000000
18.000000	11.000000	16.000000	18.000000	19.000000
2.000000	16.000000	13.000000	6.000000	2.000000
8.000000	8.000000	11.000000	3.000000	1.000000
3.000000	1.000000	17.000000	6.000000	8.000000
12.000000	10.000000	14.000000	2.000000	12.000000
20.000000	16.000000	11.000000	14.000000	2.000000
9.031249	9.218749	9.314583	9.272916	1.000000
2.000000	14.000000	8.000000	14.000000	11.000000
2.000000	1.000000	18.000000	12.000000	16.000000
10.000000	6.000000	8.000000	19.000000	3.000000
7.000000	10.000000	12.000000	20.000000	3.000000
8.017186	8.726562	8.504686	8.248436	5.000000
12.000000	3.000000	8.000000	15.000000	7.000000
10.636250	10.296249	10.361249	10.458750	9.000000
10.267186	10.976562	10.754686	10.498436	20.000000
9.636250	9.296249	9.361249	9.458750	18.000000
19.000000	3.000000	7.000000	11.000000	14.000000
9.843749	10.031249	10.127083	10.085416	10.000000
10.000000	15.000000	4.000000	17.000000	1.000000
10.000000	17.000000	16.000000	1.000000	16.000000
16.000000	2.000000	4.000000	9.000000	12.000000
15.000000	17.000000	12.000000	11.000000	5.000000
9.000000	9.000000	19.000000	8.000000	11.000000
12.000000	1.000000	16.000000	17.000000	4.000000
17.000000	6.000000	10.000000	1.000000	14.000000
8.892186	9.601562	9.379686	9.123436	3.000000
9.073750	8.733749	8.798749	8.896250	1.000000
8.000000	6.000000	9.000000	19.000000	16.000000
13.000000	19.000000	17.000000	3.000000	18.000000
19.000000	15.000000	18.000000	14.000000	3.000000
1.000000	3.000000	8.000000	10.000000	15.000000
1.000000	19.000000	16.000000	3.000000	15.000000
9.406249	9.593749	9.689583	9.647916	11.000000
11.000000	1.000000	16.000000	19.000000	11.000000
4.000000	4.000000	9.000000	12.000000	6.000000
7.000000	10.000000	12.000000	4.000000	16.000000
14.000000	17.000000	18.000000	13.000000	6.000000
12.000000	14.000000	17.000000	7.000000	8.000000
8.892186	9.601562	9.379686	9.123436	10.000000
16.000000	11.000000	10.000000	4.000000	2.000000
20.000000	7.000000	5.000000	20.000000	18.000000
2.000000	6.000000	19.000000	6.000000	2.000000
10.843749	11.031249	11.127083	11.085416	4.000000
15.000000	14.000000	9.000000	3.000000	13.000000
16.000000	6.000000	9.000000	1.000000	6.000000
10.000000	9.000000	9.000000	19.000000	4.000000
10.000000	10.000000	2.000000	14.000000	1.000000
11.000000	7.000000	19.000000	9.000000	12.000000
20.000000	3.000000	3.000000	9.000000	5.000000
6.000000	15.000000	11.000000	14.000000	18.000000
15.000000	1.000000	3.000000	15.000000	13.000000
20.000000	4.000000	13.000000	8.000000	14.000000
16.000000	17.000000	15.000000	17.000000	2.000000
15.000000	7.000000	9.000000	13.000000	8.000000
9.968749	10.156249	10.252083	10.210416	12.000000
6.000000	11.000000	7.000000	8.000000	16.000000
16.000000	2.000000	16.000000	18.000000	16.000000
8.343749	8.531249	8.627083	8.585416	5.000000
4.000000	17.000000	13.000000	18.000000	5.000000
15.000000	5.000000	4.000000	3.000000	17.000000
11.000000	14.000000	13.000000	12.000000	20.000000
4.000000	17.000000	10.000000	2.000000	17.000000
18.000000	17.000000	10.000000	13.000000	6.000000
18.000000	1.000000	15.000000	8.000000	14.000000
10.136250	9.796249	9.861249	9.958750	13.000000
6.000000	17.000000	17.000000	9.000000	11.000000
6.000000	11.000000	17.000000	18.000000	2.000000
8.000000	13.000000	11.000000	9.000000	7.000000
7.000000	6.000000	15.000000	16.000000	19.000000
1.000000	13.000000	11.000000	15.000000	13.000000
4.000000	5.000000	16.000000	5.000000	19.000000
8.000000	3.000000	8.000000	17.000000	3.000000
9.511250	9.171249	9.236249	9.333750	19.000000
15.000000	5.000000	11.000000	17.000000	14.000000
17.000000	3.000000	11.000000	12.000000	11.000000
9.698750	9.358749	9.423749	9.521250	10.000000
19.000000	7.000000	6.000000	14.000000	4.000000
9.698750	9.358749	9.423749	9.521250	10.000000
8.000000	1.000000	11.000000	13.000000	10.000000
1.000000	8.000000	15.000000	11.000000	16.000000
20.000000	20.000000	11.000000	10.000000	3.000000
1.000000	11.000000	18.000000	7.000000	14.000000
7.000000	6.000000	20.000000	12.000000	11.000000
3.000000	7.000000	4.000000	20.000000	18.000000
8.468749	8.656249	8.752083	8.710416	20.000000
19.000000	15.000000	19.000000	5.000000	6.000000
7.000000	4.000000	17.000000	17.000000	6.000000
11.000000	9.000000	8.000000	8.000000	15.000000
1.000000	6.000000	12.000000	12.000000	17.000000
3.000000	7.000000	15.000000	18.000000	6.000000
4.000000	11.000000	5.000000	13.000000	5.000000
17.000000	4.000000	20.000000	7.000000	8.000000
9.454686	10.164062	9.942186	9.685936	9.000000
1.000000	15.000000	9.000000	8.000000	14.000000
16.000000	20.000000	19.000000	7.000000	11.000000
7.000000	1.000000	9.000000	1.000000	19.000000
8.829686	9.539062	9.317186	9.060936	9.000000
17.000000	19.000000	4.000000	8.000000	6.000000
12.000000	4.000000	10.000000	7.000000	20.000000
8.573750	8.233749	8.298749	8.396250	6.000000
19.000000	14.000000	5.000000	9.000000	13.000000
7.000000	15.000000	5.000000	16.000000	8.000000
3.000000	2.000000	4.000000	15.000000	4.000000
4.000000	12.000000	3.000000	8.000000	19.000000
20.000000	11.000000	15.000000	1.000000	17.000000
14.000000	11.000000	15.000000	12.000000	2.000000
8.761250	8.421249	8.486249	8.583750	19.000000
11.000000	2.000000	5.000000	16.000000	17.000000
4.000000	10.000000	10.000000	7.000000	5.000000
14.000000	11.000000	8.000000	8.000000	18.000000
18.000000	7.000000	20.000000	12.000000	19.000000
16.000000	18.000000	10.000000	2.000000	9.000000
3.000000	1.000000	10.000000	1.000000	16.000000
20.000000	12.000000	9.000000	5.000000	19.000000
18.000000	20.000000	8.000000	7.000000	19.000000
4.000000	12.000000	9.000000	11.000000	11.000000
18.000000	9.000000	17.000000	17.000000	12.000000
9.704686	10.414062	10.192186	9.935936	5.000000
9.000000	11.000000	17.000000	19.000000	3.000000
4.000000	10.000000	14.000000	4.000000	14.000000
9.329686	10.039062	9.817186	9.560936	20.000000
4.000000	15.000000	3.000000	4.000000	6.000000
14.000000	13.000000	6.000000	2.000000	1.000000
9.198750	8.858749	8.923749	9.021250	17.000000
8.767186	9.476562	9.254686	8.998436	16.000000
2.000000	11.000000	6.000000	15.000000	14.000000
11.000000	19.000000	7.000000	16.000000	2.000000
6.000000	19.000000	16.000000	8.000000	2.000000
13.000000	13.000000	14.000000	10.000000	15.000000
14.000000	7.000000	3.000000	9.000000	4.000000
20.000000	20.000000	1.000000	18.000000	7.000000
9.000000	11.000000	17.000000	14.000000	6.000000
3.000000	16.000000	16.000000	9.000000	12.000000
9.000000	6.000000	2.000000	16.000000	5.000000
16.000000	9.000000	18.000000	1.000000	10.000000
12.000000	7.000000	16.000000	6.000000	7.000000
11.000000	5.000000	7.000000	12.000000	15.000000
13.000000	12.000000	5.000000	2.000000	5.000000
2.000000	4.000000	12.000000	9.000000	4.000000
3.000000	9.000000	1.000000	17.000000	5.000000
10.718749	10.906249	11.002083	10.960416	4.000000
14.000000	5.000000	10.000000	2.000000	11.000000
17.000000	12.000000	7.000000	3.000000	15.000000
13.000000	7.000000	6.000000	10.000000	8.000000
9.886250	9.546249	9.611249	9.708750	4.000000
9.261250	8.921249	8.986249	9.083750	4.000000
16.000000	3.000000	7.000000	20.000000	16.000000
3.000000	14.000000	13.000000	12.000000	15.000000
3.000000	20.000000	18.000000	1.000000	14.000000
13.000000	6.000000	13.000000	10.000000	15.000000
12.000000	12.000000	9.000000	15.000000	5.000000
12.000000	4.000000	12.000000	4.000000	2.000000
8.000000	19.000000	16.000000	6.000000	11.000000
11.000000	8.000000	16.000000	15.000000	12.000000
2.000000	9.000000	3.000000	19.000000	10.000000
9.000000	3.000000	7.000000	1.000000	13.000000
1.000000	12.000000	4.000000	9.000000	18.000000
20.000000	13.000000	2.000000	3.000000	16.000000
9.448750	9.108749	9.173749	9.271250	8.000000
8.000000	20.000000	7.000000	3.000000	7.000000
10.000000	4.000000	15.000000	13.000000	15.000000
4.000000	13.000000	17.000000	10.000000	13.000000
9.000000	2.000000	16.000000	4.000000	3.000000
14.000000	3.000000	15.000000	15.000000	6.000000
2.000000	9.000000	7.000000	19.000000	18.000000
14.000000	7.000000	9.000000	1.000000	1.000000
15.000000	10.000000	17.000000	10.000000	14.000000
11.000000	5.000000	6.000000	7.000000	7.000000
9.406249	9.593749	9.689583	9.647916	19.000000
2.000000	19.000000	14.000000	8.000000	5.000000
19.000000	1.000000	5.000000	5.000000	12.000000
14.000000	19.000000	10.000000	14.000000	11.000000
10.000000	1.000000	12.000000	6.000000	10.000000
18.000000	16.000000	6.000000	3.000000	15.000000
9.636250	9.296249	9.361249	9.458750	10.000000
10.011250	9.671249	9.736249	9.833750	5.000000
16.000000	3.000000	5.000000	20.000000	8.000000
8.000000	5.000000	18.000000	17.000000	18.000000
20.000000	7.000000	18.000000	11.000000	4.000000
19.000000	8.000000	12.000000	17.000000	3.000000
10.323750	9.983749	10.048749	10.146250	3.000000
16.000000	18.000000	8.000000	15.000000	3.000000
9.142186	9.851562	9.629686	9.373436	1.000000
16.000000	8.000000	5.000000	13.000000	4.000000
14.000000	4.000000	2.000000	12.000000	7.000000
6.000000	2.000000	6.000000	17.000000	18.000000
8.000000	14.000000	18.000000	6.000000	20.000000
9.517186	10.226562	10.004686	9.748436	7.000000
3.000000	2.000000	8.000000	20.000000	2.000000
8.000000	15.000000	9.000000	4.000000	20.000000
8.767186	9.476562	9.254686	8.998436	1.000000
9.000000	11.000000	14.000000	15.000000	19.000000
8.892186	9.601562	9.379686	9.123436	20.000000
11.000000	20.000000	12.000000	11.000000	19.000000
19.000000	14.000000	12.000000	6.000000	13.000000
13.000000	6.000000	7.000000	13.000000	1.000000
6.000000	17.000000	10.000000	9.000000	2.000000
8.198750	7.858749	7.923749	8.021250	3.000000
2.000000	19.000000	9.000000	13.000000	19.000000
8.000000	15.000000	10.000000	19.000000	5.000000
20.000000	17.000000	18.000000	12.000000	15.000000
2.000000	16.000000	12.000000	9.000000	9.000000
9.198750	8.858749	8.923749	9.021250	6.000000
10.000000	19.000000	15.000000	13.000000	6.000000
9.000000	6.000000	4.000000	17.000000	10.000000
14.000000	16.000000	16.000000	4.000000	15.000000
20.000000	3.000000	3.000000	10.000000	14.000000
9.000000	11.000000	2.000000	12.000000	11.000000
10.823750	10.483749	10.548749	10.646250	13.000000
9.579686	10.289062	10.067186	9.810936	11.000000
7.573750	7.233749	7.298749	7.396250	17.000000
17.000000	6.000000	13.000000	12.000000	1.000000
8.454686	9.164062	8.942186	8.685936	4.000000
9.386250	9.046249	9.111249	9.208750	5.000000
8.204686	8.914062	8.692186	8.435936	20.000000
4.000000	19.000000	18.000000	15.000000	18.000000
8.000000	3.000000	6.000000	7.000000	14.000000
15.000000	15.000000	19.000000	7.000000	18.000000
19.000000	17.000000	20.000000	14.000000	9.000000
10.511250	10.171249	10.236249	10.333750	15.000000
7.000000	6.000000	5.000000	10.000000	11.000000
16.000000	14.000000	1.000000	13.000000	20.000000
18.000000	12.000000	2.000000	16.000000	18.000000
15.000000	10.000000	12.000000	6.000000	8.000000
9.000000	4.000000	4.000000	20.000000	9.000000
8.281249	8.468749	8.564583	8.522916	16.000000
9.156249	9.343749	9.439583	9.397916	5.000000
4.000000	7.000000	10.000000	16.000000	19.000000
9.000000	13.000000	10.000000	2.000000	8.000000
19.000000	9.000000	9.000000	2.000000	14.000000
16.000000	2.000000	9.000000	11.000000	2.000000
9.142186	9.851562	9.629686	9.373436	4.000000
4.000000	7.000000	19.000000	17.000000	18.000000
10.198750	9.858749	9.923749	10.021250	7.000000
15.000000	5.000000	19.000000	5.000000	19.000000
9.017186	9.726562	9.504686	9.248436	17.000000
12.000000	15.000000	18.000000	20.000000	5.000000
11.000000	17.000000	3.000000	11.000000	8.000000
6.000000	14.000000	14.000000	16.000000	10.000000
11.000000	3.000000	1.000000	7.000000	19.000000
7.000000	2.000000	3.000000	17.000000	18.000000
13.000000	15.000000	12.000000	11.000000	2.000000
8.156249	8.343749	8.439583	8.397916	2.000000
12.000000	20.000000	10.000000	15.000000	10.000000
9.000000	12.000000	15.000000	2.000000	8.000000
4.000000	5.000000	10.000000	16.000000	11.000000
8.000000	14.000000	4.000000	2.000000	11.000000
13.000000	7.000000	5.000000	17.000000	17.000000
18.000000	16.000000	19.000000	13.000000	5.000000
12.000000	17.000000	17.000000	13.000000	11.000000
18.000000	2.000000	2.000000	13.000000	15.000000
1.000000	8.000000	19.000000	2.000000	16.000000
2.000000	1.000000	9.000000	17.000000	3.000000
19.000000	10.000000	1.000000	4.000000	6.000000
8.954686	9.664062	9.442186	9.185936	6.000000
8.767186	9.476562	9.254686	8.998436	3.000000
8.892186	9.601562	9.379686	9.123436	19.000000
10.000000	10.000000	19.000000	1.000000	11.000000
14.000000	14.000000	12.000000	2.000000	10.000000
6.000000	1.000000	11.000000	6.000000	16.000000
9.281249	9.468749	9.564583	9.522916	1.000000
9.454686	10.164062	9.942186	9.685936	19.000000
4.000000	1.000000	5.000000	19.000000	10.000000
16.000000	1.000000	19.000000	14.000000	1.000000
1.000000	19.000000	6.000000	12.000000	20.000000
7.000000	9.000000	12.000000	10.000000	6.000000
19.000000	17.000000	20.000000	19.000000	1.000000
20.000000	3.000000	14.000000	1.000000	1.000000
12.000000	5.000000	13.000000	9.000000	3.000000
2.000000	4.000000	15.000000	20.000000	9.000000
7.000000	1.000000	7.000000	12.000000	4.000000
18.000000	19.000000	5.000000	2.000000	20.000000
10.000000	12.000000	8.000000	9.000000	10.000000
9.000000	8.000000	13.000000	2.000000	9.000000
8.593749	8.781249	8.877083	8.835416	14.000000
7.000000	19.000000	9.000000	14.000000	10.000000
8.954686	9.664062	9.442186	9.185936	12.000000
6.000000	16.000000	2.000000	2.000000	9.000000
1.000000	11.000000	1.000000	8.000000	20.000000
2.000000	8.000000	19.000000	14.000000	10.000000
19.000000	18.000000	15.000000	3.000000	15.000000
20.000000	2.000000	5.000000	20.000000	15.000000
14.000000	20.000000	6.000000	16.000000	6.000000
17.000000	13.000000	13.000000	10.000000	14.000000
8.906249	9.093749	9.189583	9.147916	2.000000
15.000000	15.000000	9.000000	6.000000	9.000000
18.000000	16.000000	18.000000	4.000000	19.000000
8.642186	9.351562	9.129686	8.873436	6.000000
9.511250	9.171249	9.236249	9.333750	17.000000
9.656249	9.843749	9.939583	9.897916	13.000000
14.000000	8.000000	15.000000	9.000000	1.000000
16.000000	16.000000	15.000000	4.000000	1.000000
15.000000	14.000000	16.000000	5.000000	9.000000
6.000000	8.000000	16.000000	9.000000	8.000000
1.000000	18.000000	9.000000	18.000000	13.000000
17.000000	11.000000	4.000000	17.000000	17.000000
16.000000	2.000000	16.000000	2.000000	2.000000
16.000000	17.000000	17.000000	3.000000	13.000000
10.136250	9.796249	9.861249	9.958750	13.000000
18.000000	2.000000	1.000000	13.000000	11.000000
8.517186	9.226562	9.004686	8.748436	15.000000
12.000000	16.000000	17.000000	7.000000	4.000000
14.000000	3.000000	5.000000	1.000000	16.000000
18.000000	9.000000	13.000000	15.000000	11.000000
7.642186	8.351562	8.129686	7.873436	19.000000
12.000000	3.000000	1.000000	4.000000	16.000000
3.000000	3.000000	13.000000	2.000000	2.000000
7.000000	14.000000	17.000000	15.000000	20.000000
8.198750	7.858749	7.923749	8.021250	1.000000
9.261250	8.921249	8.986249	9.083750	19.000000
10.761250	10.421249	10.486249	10.583750	7.000000
20.000000	12.000000	9.000000	20.000000	7.000000
16.000000	14.000000	9.000000	20.000000	16.000000
2.000000	18.000000	1.000000	10.000000	13.000000
9.204686	9.914062	9.692186	9.435936	16.000000
4.000000	7.000000	1.000000	12.000000	12.000000
19.000000	2.000000	5.000000	12.000000	11.000000
11.000000	12.000000	14.000000	11.000000	3.000000
1.000000	19.000000	9.000000	1.000000	18.000000
4.000000	3.000000	16.000000	16.000000	12.000000
8.000000	7.000000	13.000000	11.000000	4.000000
9.198750	8.858749	8.923749	9.021250	6.000000
5.000000	3.000000	20.000000	9.000000	14.000000
2.000000	11.000000	17.000000	15.000000	14.000000
12.000000	15.000000	12.000000	20.000000	16.000000
1.000000	15.000000	10.000000	16.000000	2.000000
9.142186	9.851562	9.629686	9.373436	6.000000
9.323750	8.983749	9.048749	9.146250	20.000000
17.000000	14.000000	14.000000	8.000000	14.000000
10.761250	10.421249	10.486249	10.583750	16.000000
10.000000	19.000000	10.000000	13.000000	10.000000
17.000000	13.000000	16.000000	18.000000	9.000000
8.698750	8.358749	8.423749	8.521250	7.000000
20.000000	4.000000	15.000000	11.000000	12.000000
7.000000	20.000000	5.000000	12.000000	19.000000
8.704686	9.414062	9.192186	8.935936	19.000000
3.000000	8.000000	9.000000	4.000000	20.000000
11.000000	1.000000	4.000000	18.000000	10.000000
12.000000	7.000000	20.000000	19.000000	15.000000
19.000000	18.000000	18.000000	13.000000	1.000000
9.261250	8.921249	8.986249	9.083750	3.000000
8.579686	9.289062	9.067186	8.810936	14.000000
3.000000	3.000000	1.000000	12.000000	7.000000
12.000000	14.000000	19.000000	15.000000	11.000000
8.000000	19.000000	17.000000	8.000000	17.000000
11.000000	6.000000	6.000000	20.000000	10.000000
8.886250	8.546249	8.611249	8.708750	18.000000
15.000000	19.000000	13.000000	19.000000	19.000000
6.000000	14.000000	2.000000	18.000000	5.000000
10.079686	10.789062	10.567186	10.310936	3.000000
8.000000	5.000000	1.000000	17.000000	4.000000
17.000000	19.000000	1.000000	3.000000	11.000000
3.000000	20.000000	11.000000	15.000000	9.000000
8.000000	1.000000	19.000000	12.000000	11.000000
8.281249	8.468749	8.564583	8.522916	18.000000
20.000000	9.000000	6.000000	9.000000	6.000000
20.000000	9.000000	3.000000	13.000000	5.000000
18.000000	9.000000	3.000000	11.000000	3.000000
9.406249	9.593749	9.689583	9.647916	19.000000
15.000000	14.000000	11.000000	5.000000	17.000000
13.000000	13.000000	5.000000	17.000000	3.000000
2.000000	16.000000	11.000000	19.000000	17.000000
9.000000	19.000000	5.000000	11.000000	3.000000
9.000000	20.000000	3.000000	3.000000	10.000000
7.531249	7.718749	7.814583	7.772916	14.000000
4.000000	6.000000	8.000000	14.000000	2.000000
4.000000	7.000000	14.000000	1.000000	15.000000
16.000000	14.000000	2.000000	19.000000	5.000000
18.000000	7.000000	15.000000	2.000000	9.000000
9.267186	9.976562	9.754686	9.498436	17.000000
10.000000	16.000000	4.000000	15.000000	7.000000
17.000000	19.000000	4.000000	16.000000	4.000000
8.954686	9.664062	9.442186	9.185936	12.000000
8.843749	9.031249	9.127083	9.085416	16.000000
1.000000	7.000000	2.000000	15.000000	1.000000
8.968749	9.156249	9.252083	9.210416	2.000000
10.000000	3.000000	17.000000	5.000000	9.000000
16.000000	14.000000	7.000000	11.000000	9.000000
9.656249	9.843749	9.939583	9.897916	6.000000
8.579686	9.289062	9.067186	8.810936	1.000000
9.698750	9.358749	9.423749	9.521250	19.000000
11.000000	14.000000	1.000000	5.000000	7.000000
10.031249	10.218749	10.314583	10.272916	11.000000
9.343749	9.531249	9.627083	9.585416	16.000000
12.000000	2.000000	3.000000	4.000000	17.000000
8.000000	18.000000	8.000000	11.000000	9.000000
9.281249	9.468749	9.564583	9.522916	20.000000
19.000000	1.000000	5.000000	11.000000	17.000000
8.343749	8.531249	8.627083	8.585416	15.000000
9.011250	8.671249	8.736249	8.833750	15.000000
7.000000	19.000000	16.000000	10.000000	14.000000
4.000000	9.000000	12.000000	12.000000	11.000000
20.000000	3.000000	11.000000	12.000000	13.000000
3.000000	10.000000	6.000000	7.000000	13.000000
2.000000	2.000000	17.000000	16.000000	16.000000
11.000000	8.000000	3.000000	2.000000	15.000000
17.000000	8.000000	6.000000	4.000000	9.000000
11.000000	8.000000	10.000000	2.000000	11.000000
12.000000	2.000000	5.000000	3.000000	13.000000
18.000000	5.000000	15.000000	15.000000	3.000000
19.000000	8.000000	4.000000	15.000000	4.000000
9.593749	9.781249	9.877083	9.835416	6.000000
18.000000	3.000000	5.000000	15.000000	6.000000
14.000000	5.000000	13.000000	15.000000	7.000000
15.000000	6.000000	20.000000	20.000000	8.000000
4.000000	9.000000	4.000000	10.000000	3.000000
7.000000	8.000000	10.000000	2.000000	2.000000
13.000000	5.000000	6.000000	16.000000	19.000000
3.000000	5.000000	1.000000	8.000000	19.000000
18.000000	1.000000	3.000000	3.000000	7.000000
1.000000	17.000000	12.000000	12.000000	16.000000
12.000000	16.000000	16.000000	15.000000	17.000000
18.000000	13.000000	5.000000	20.000000	7.000000
18.000000	4.000000	11.000000	16.000000	19.000000
1.000000	18.000000	15.000000	13.000000	5.000000
13.000000	11.000000	17.000000	8.000000	13.000000
3.000000	8.000000	1.000000	7.000000	20.000000
9.000000	18.000000	7.000000	4.000000	4.000000
3.000000	14.000000	9.000000	19.000000	13.000000
15.000000	17.000000	8.000000	17.000000	4.000000
19.000000	18.000000	1.000000	13.000000	2.000000
9.511250	9.171249	9.236249	9.333750	5.000000
16.000000	17.000000	12.000000	17.000000	15.000000
3.000000	17.000000	12.000000	1.000000	20.000000
7.000000	4.000000	5.000000	15.000000	14.000000
9.011250	8.671249	8.736249	8.833750	18.000000
5.000000	15.000000	7.000000	6.000000	7.000000
8.906249	9.093749	9.189583	9.147916	16.000000
9.323750	8.983749	9.048749	9.146250	15.000000
9.392186	10.101562	9.879686	9.623436	7.000000
3.000000	8.000000	2.000000	7.000000	2.000000
15.000000	16.000000	3.000000	9.000000	12.000000
12.000000	13.000000	6.000000	18.000000	10.000000
8.386250	8.046249	8.111249	8.208750	8.000000
20.000000	7.000000	15.000000	3.000000	10.000000
9.642186	10.351562	10.129686	9.873436	13.000000
2.000000	14.000000	20.000000	3.000000	12.000000
2.000000	9.000000	7.000000	16.000000	9.000000
18.000000	7.000000	14.000000	15.000000	16.000000
3.000000	19.000000	12.000000	7.000000	18.000000
20.000000	18.000000	16.000000	6.000000	20.000000
6.000000	6.000000	12.000000	1.000000	9.000000
5.000000	14.000000	2.000000	16.000000	8.000000
14.000000	9.000000	8.000000	12.000000	4.000000
17.000000	10.000000	2.000000	10.000000	16.000000
9.000000	4.000000	6.000000	1.000000	10.000000
15.000000	20.000000	19.000000	11.000000	5.000000
8.511250	8.171249	8.236249	8.333750	20.000000
9.886250	9.546249	9.611249	9.708750	14.000000
20.000000	17.000000	2.000000	19.000000	1.000000
8.823750	8.483749	8.548749	8.646250	16.000000
17.000000	20.000000	20.000000	3.000000	20.000000
1.000000	9.000000	11.000000	20.000000	11.000000
7.000000	10.000000	18.000000	8.000000	3.000000
17.000000	18.000000	13.000000	1.000000	2.000000
6.000000	12.000000	10.000000	19.000000	11.000000
10.000000	8.000000	17.000000	11.000000	11.000000
13.000000	20.000000	10.000000	12.000000	14.000000
1.000000	4.000000	2.000000	3.000000	3.000000
8.948750	8.608749	8.673749	8.771250	8.000000
7.000000	19.000000	6.000000	11.000000	19.000000
19.000000	16.000000	3.000000	8.000000	6.000000
13.000000	10.000000	6.000000	9.000000	12.000000
16.000000	1.000000	11.000000	17.000000	4.000000
4.000000	9.000000	8.000000	18.000000	11.000000
8.142186	8.851562	8.629686	8.373436	11.000000
10.323750	9.983749	10.048749	10.146250	6.000000
12.000000	13.000000	13.000000	14.000000	1.000000
10.000000	6.000000	2.000000	15.000000	6.000000
10.142186	10.851562	10.629686	10.373436	18.000000
2.000000	19.000000	6.000000	1.000000	16.000000
8.000000	15.000000	17.000000	18.000000	12.000000
20.000000	8.000000	7.000000	20.000000	2.000000
4.000000	11.000000	7.000000	16.000000	4.000000
7.000000	5.000000	1.000000	20.000000	12.000000
7.000000	12.000000	13.000000	5.000000	7.000000
9.468749	9.656249	9.752083	9.710416	11.000000
13.000000	20.000000	5.000000	2.000000	9.000000
8.000000	1.000000	16.000000	6.000000	20.000000
10.000000	9.000000	3.000000	16.000000	4.000000
18.000000	14.000000	20.000000	19.000000	13.000000
3.000000	17.000000	16.000000	16.000000	13.000000
3.000000	10.000000	10.000000	20.000000	9.000000
12.000000	4.000000	8.000000	16.000000	5.000000
10.329686	11.039062	10.817186	10.560936	20.000000
9.511250	9.171249	9.236249	9.333750	8.000000
9.218749	9.406249	9.502083	9.460416	18.000000
5.000000	17.000000	14.000000	1.000000	4.000000
18.000000	15.000000	13.000000	20.000000	14.000000
14.000000	11.000000	9.000000	13.000000	19.000000
6.000000	9.000000	13.000000	2.000000	5.000000
13.000000	10.000000	17.000000	20.000000	12.000000
17.000000	3.000000	20.000000	9.000000	9.000000
9.000000	14.000000	5.000000	15.000000	6.000000
9.000000	12.000000	20.000000	13.000000	11.000000
9.281249	9.468749	9.564583	9.522916	11.000000
12.000000	18.000000	11.000000	4.000000	12.000000
15.000000	16.000000	13.000000	4.000000	16.000000
5.000000	20.000000	10.000000	16.000000	20.000000
18.000000	4.000000	13.000000	14.000000	18.000000
10.000000	14.000000	10.000000	9.000000	7.000000
12.000000	13.000000	4.000000	5.000000	18.000000
10.636250	10.296249	10.361249	10.458750	20.000000
10.000000	19.000000	15.000000	3.000000	2.000000
2.000000	7.000000	13.000000	3.000000	2.000000
13.000000	12.000000	5.000000	17.000000	6.000000
3.000000	19.000000	19.000000	4.000000	7.000000
17.000000	15.000000	12.000000	1.000000	20.000000
10.573750	10.233749	10.298749	10.396250	10.000000
6.000000	17.000000	1.000000	13.000000	11.000000
9.386250	9.046249	9.111249	9.208750	9.000000
10.000000	3.000000	12.000000	14.000000	11.000000
17.000000	8.000000	9.000000	8.000000	3.000000
9.281249	9.468749	9.564583	9.522916	8.000000
9.000000	19.000000	14.000000	7.000000	17.000000
9.281249	9.468749	9.564583	9.522916	17.000000
15.000000	13.000000	2.000000	3.000000	11.000000
10.000000	12.000000	13.000000	2.000000	18.000000
9.343749	9.531249	9.627083	9.585416	9.000000
20.000000	19.000000	5.000000	9.000000	9.000000
4.000000	9.000000	7.000000	9.000000	15.000000
7.767186	8.476562	8.254686	7.998436	2.000000
15.000000	6.000000	14.000000	17.000000	9.000000
9.218749	9.406249	9.502083	9.460416	19.000000
9.000000	11.000000	1.000000	6.000000	14.000000
1.000000	17.000000	4.000000	17.000000	5.000000
12.000000	1.000000	5.000000	10.000000	9.000000
19.000000	4.000000	4.000000	18.000000	15.000000
6.000000	12.000000	13.000000	19.000000	8.000000
9.454686	10.164062	9.942186	9.685936	10.000000
16.000000	5.000000	12.000000	8.000000	2.000000
5.000000	9.000000	10.000000	20.000000	5.000000
6.000000	11.000000	17.000000	10.000000	12.000000
6.000000	20.000000	8.000000	1.000000	17.000000
14.000000	6.000000	1.000000	6.000000	5.000000
20.000000	10.000000	19.000000	17.000000	6.000000
9.886250	9.546249	9.611249	9.708750	12.000000
8.954686	9.664062	9.442186	9.185936	8.000000
17.000000	9.000000	18.000000	13.000000	18.000000
10.636250	10.296249	10.361249	10.458750	11.000000
6.000000	10.000000	8.000000	18.000000	8.000000
4.000000	9.000000	17.000000	2.000000	6.000000
14.000000	2.000000	10.000000	15.000000	13.000000
1.000000	9.000000	20.000000	13.000000	12.000000
19.000000	1.000000	12.000000	17.000000	5.000000
1.000000	18.000000	15.000000	10.000000	6.000000
17.000000	7.000000	7.000000	16.000000	4.000000
8.517186	9.226562	9.004686	8.748436	13.000000
9.000000	8.000000	14.000000	18.000000	3.000000
18.000000	11.000000	3.000000	10.000000	3.000000
10.448750	10.108749	10.173749	10.271250	16.000000
9.823750	9.483749	9.548749	9.646250	20.000000
10.000000	1.000000	6.000000	9.000000	9.000000
1.000000	14.000000	8.000000	12.000000	8.000000
20.000000	13.000000	16.000000	6.000000	10.000000
10.281249	10.468749	10.564583	10.522916	4.000000
6.000000	18.000000	4.000000	20.000000	8.000000
19.000000	19.000000	18.000000	16.000000	3.000000
17.000000	5.000000	16.000000	2.000000	5.000000
8.156249	8.343749	8.439583	8.397916	5.000000
10.073750	9.733749	9.798749	9.896250	19.000000
19.000000	2.000000	14.000000	10.000000	14.000000
17.000000	16.000000	3.000000	20.000000	7.000000
10.000000	11.000000	5.000000	7.000000	6.000000
20.000000	3.000000	2.000000	15.000000	16.000000
9.906249	10.093749	10.189583	10.147916	12.000000
14.000000	2.000000	5.000000	2.000000	7.000000
16.000000	20.000000	8.000000	9.000000	2.000000
8.823750	8.483749	8.548749	8.646250	9.000000
8.843749	9.031249	9.127083	9.085416	12.000000
9.906249	10.093749	10.189583	10.147916	5.000000
9.767186	10.476562	10.254686	9.998436	3.000000
17.000000	3.000000	17.000000	13.000000	17.000000
8.843749	9.031249	9.127083	9.085416	8.000000
9.000000	3.000000	5.000000	9.000000	6.000000
9.267186	9.976562	9.754686	9.498436	15.000000
13.000000	10.000000	5.000000	19.000000	10.000000
8.948750	8.608749	8.673749	8.771250	9.000000
10.073750	9.733749	9.798749	9.896250	18.000000
20.000000	17.000000	6.000000	7.000000	7.000000
13.000000	8.000000	9.000000	9.000000	16.000000
10.261250	9.921249	9.986249	10.083750	7.000000
10.073750	9.733749	9.798749	9.896250	10.000000
6.000000	1.000000	9.000000	14.000000	18.000000
17.000000	12.000000	3.000000	12.000000	7.000000
7.579686	8.289062	8.067186	7.810936	10.000000
8.642186	9.351562	9.129686	8.873436	11.000000
12.000000	10.000000	3.000000	3.000000	17.000000
10.000000	7.000000	8.000000	17.000000	8.000000
17.000000	14.000000	20.000000	5.000000	7.000000
8.454686	9.164062	8.942186	8.685936	17.000000
17.000000	12.000000	7.000000	3.000000	9.000000
8.000000	16.000000	11.000000	4.000000	8.000000
13.000000	16.000000	10.000000	15.000000	10.000000
6.000000	16.000000	16.000000	5.000000	13.000000
15.000000	1.000000	18.000000	15.000000	17.000000
5.000000	16.000000	1.000000	15.000000	7.000000
9.000000	11.000000	11.000000	8.000000	13.000000
19.000000	15.000000	20.000000	1.000000	19.000000
20.000000	13.000000	6.000000	9.000000	20.000000
15.000000	6.000000	15.000000	2.000000	10.000000
8.079686	8.789062	8.567186	8.310936	3.000000
18.000000	1.000000	18.000000	10.000000	15.000000
16.000000	19.000000	17.000000	6.000000	6.000000
9.000000	17.000000	20.000000	1.000000	17.000000
