4.000000	19.000000	12.000000	12.000000	7.000000
5.000000	10.000000	13.000000	8.000000	17.000000
9.730582	9.176585	9.442936	9.502922	5.000000
9.493279	10.325572	10.021508	9.842848	15.000000
3.000000	7.000000	14.000000	10.000000	11.000000
17.000000	4.000000	10.000000	7.000000	19.000000
18.000000	10.000000	17.000000	9.000000	1.000000
11.172239	11.395319	11.407248	11.273781	12.000000
9.579389	9.221219	9.296844	9.504554	1.000000
1.000000	3.000000	4.000000	17.000000	20.000000
10.708981	11.025193	11.260219	11.103297	1.000000
20.000000	12.000000	16.000000	9.000000	18.000000
14.000000	6.000000	19.000000	2.000000	7.000000
12.000000	16.000000	11.000000	14.000000	14.000000
3.000000	12.000000	20.000000	19.000000	4.000000
8.908681	8.685044	8.898261	8.855569	7.000000
17.000000	5.000000	18.000000	14.000000	7.000000
11.000000	5.000000	10.000000	6.000000	14.000000
19.000000	12.000000	11.000000	18.000000	13.000000
9.000000	9.000000	9.000000	20.000000	2.000000
14.000000	14.000000	5.000000	5.000000	12.000000
10.073793	9.835844	9.897298	9.921592	19.000000
20.000000	13.000000	3.000000	10.000000	18.000000
9.094019	9.422873	9.313674	9.372627	17.000000
16.000000	2.000000	8.000000	18.000000	11.000000
13.000000	7.000000	19.000000	13.000000	6.000000
12.000000	6.000000	11.000000	8.000000	11.000000
2.000000	8.000000	7.000000	7.000000	4.000000
8.624896	9.190046	8.949145	8.763795	7.000000
6.000000	13.000000	18.000000	8.000000	15.000000
7.000000	15.000000	8.000000	14.000000	13.000000
18.000000	18.000000	11.000000	8.000000	10.000000
16.000000	11.000000	8.000000	6.000000	19.000000
10.000000	19.000000	18.000000	16.000000	5.000000
13.000000	12.000000	2.000000	1.000000	3.000000
1.000000	7.000000	7.000000	18.000000	6.000000
2.000000	16.000000	1.000000	9.000000	10.000000
10.053125	10.071706	9.904450	9.967384	6.000000
9.000000	2.000000	17.000000	8.000000	19.000000
7.000000	17.000000	9.000000	16.000000	4.000000
5.000000	8.000000	7.000000	18.000000	9.000000
8.687000	8.430274	8.493901	8.679599	8.000000
12.000000	9.000000	3.000000	12.000000	10.000000
4.000000	8.000000	8.000000	3.000000	14.000000
5.000000	3.000000	15.000000	1.000000	2.000000
5.000000	19.000000	18.000000	13.000000	14.000000
13.000000	17.000000	2.000000	19.000000	15.000000
2.000000	20.000000	12.000000	8.000000	8.000000
11.000000	19.000000	8.000000	14.000000	3.000000
9.000000	9.000000	10.000000	16.000000	11.000000
16.000000	13.000000	5.000000	10.000000	5.000000
6.000000	7.000000	4.000000	15.000000	19.000000
10.065070	10.353151	10.184115	10.249443	18.000000
9.916959	9.525369	9.617913	9.487757	2.000000
16.000000	16.000000	1.000000	16.000000	1.000000
3.000000	4.000000	9.000000	4.000000	12.000000
12.000000	19.000000	4.000000	8.000000	1.000000
20.000000	14.000000	7.000000	3.000000	8.000000
5.000000	12.000000	7.000000	12.000000	5.000000
4.000000	5.000000	8.000000	4.000000	10.000000
9.000000	12.000000	17.000000	1.000000	7.000000
17.000000	3.000000	2.000000	17.000000	19.000000
5.000000	20.000000	17.000000	20.000000	8.000000
17.000000	20.000000	13.000000	15.000000	2.000000
12.000000	20.000000	5.000000	18.000000	3.000000
10.000000	13.000000	8.000000	9.000000	17.000000
9.609450	9.208782	9.406485	9.438705	10.000000
6.000000	13.000000	4.000000	7.000000	1.000000
9.974176	10.564478	10.415087	10.132031	11.000000
9.038276	9.827832	9.608752	9.175533	14.000000
4.000000	15.000000	5.000000	20.000000	5.000000
19.000000	1.000000	17.000000	18.000000	9.000000
5.000000	6.000000	10.000000	4.000000	10.000000
19.000000	1.000000	2.000000	14.000000	20.000000
15.000000	8.000000	3.000000	7.000000	10.000000
5.000000	6.000000	20.000000	15.000000	9.000000
5.000000	10.000000	3.000000	1.000000	1.000000
9.774151	9.325394	9.562744	9.551431	17.000000
10.000000	12.000000	3.000000	11.000000	8.000000
4.000000	1.000000	8.000000	18.000000	15.000000
9.234058	10.143414	9.872432	9.284014	18.000000
9.382543	9.109962	9.045244	9.311853	12.000000
3.000000	19.000000	1.000000	17.000000	19.000000
1.000000	4.000000	18.000000	2.000000	11.000000
7.000000	4.000000	14.000000	1.000000	6.000000
1.000000	4.000000	7.000000	1.000000	1.000000
10.142714	10.762634	10.574526	10.351731	20.000000
1.000000	20.000000	17.000000	15.000000	13.000000
8.000000	17.000000	11.000000	8.000000	6.000000
10.100019	9.802423	9.808743	9.723035	14.000000
11.000000	17.000000	9.000000	16.000000	17.000000
14.000000	17.000000	13.000000	12.000000	9.000000
5.000000	4.000000	19.000000	9.000000	9.000000
10.000000	9.000000	20.000000	6.000000	16.000000
11.063426	10.769394	10.732744	10.766037	12.000000
9.000000	8.000000	4.000000	9.000000	19.000000
17.000000	11.000000	15.000000	17.000000	7.000000
4.000000	2.000000	15.000000	16.000000	14.000000
3.000000	20.000000	17.000000	1.000000	8.000000
10.873101	10.257034	10.394815	10.683189	8.000000
4.000000	1.000000	1.000000	19.000000	8.000000
12.000000	8.000000	15.000000	15.000000	16.000000
5.000000	3.000000	19.000000	20.000000	11.000000
5.000000	15.000000	13.000000	19.000000	10.000000
18.000000	13.000000	1.000000	14.000000	5.000000
1.000000	3.000000	7.000000	1.000000	12.000000
8.859666	9.586489	9.205316	9.156294	14.000000
3.000000	18.000000	1.000000	18.000000	5.000000
10.563939	10.568922	10.821240	10.638662	13.000000
9.634943	10.215205	10.187765	9.765314	13.000000
9.753723	9.426729	9.594693	9.296942	16.000000
9.000000	1.000000	11.000000	8.000000	1.000000
2.000000	14.000000	8.000000	5.000000	20.000000
1.000000	8.000000	9.000000	14.000000	17.000000
5.000000	14.000000	10.000000	4.000000	12.000000
15.000000	5.000000	14.000000	13.000000	10.000000
6.000000	1.000000	12.000000	2.000000	1.000000
19.000000	2.000000	13.000000	9.000000	9.000000
5.000000	10.000000	2.000000	12.000000	7.000000
13.000000	4.000000	6.000000	2.000000	17.000000
10.398542	10.317961	10.316921	10.277390	1.000000
13.000000	9.000000	5.000000	6.000000	2.000000
9.596331	9.503185	9.731702	9.447247	4.000000
6.000000	16.000000	18.000000	18.000000	4.000000
6.000000	2.000000	6.000000	20.000000	5.000000
4.000000	12.000000	8.000000	9.000000	5.000000
17.000000	14.000000	11.000000	18.000000	8.000000
11.000000	11.000000	17.000000	8.000000	8.000000
10.000000	13.000000	3.000000	15.000000	10.000000
18.000000	20.000000	5.000000	15.000000	9.000000
9.610036	9.828605	10.166001	9.977929	12.000000
6.000000	16.000000	15.000000	5.000000	16.000000
20.000000	1.000000	9.000000	10.000000	19.000000
9.592954	9.149365	9.356462	9.472322	19.000000
8.000000	6.000000	12.000000	10.000000	20.000000
13.000000	8.000000	11.000000	17.000000	2.000000
19.000000	4.000000	6.000000	20.000000	9.000000
9.834508	9.553372	9.689939	9.714850	1.000000
4.000000	3.000000	2.000000	4.000000	4.000000
20.000000	12.000000	7.000000	20.000000	8.000000
6.000000	19.000000	13.000000	9.000000	9.000000
4.000000	1.000000	8.000000	14.000000	9.000000
8.350501	9.078510	8.882030	8.689090	3.000000
12.000000	15.000000	19.000000	20.000000	18.000000
20.000000	3.000000	20.000000	13.000000	18.000000
15.000000	12.000000	10.000000	2.000000	3.000000
17.000000	19.000000	13.000000	2.000000	19.000000
8.618025	8.360635	8.418481	8.597083	11.000000
19.000000	13.000000	6.000000	14.000000	11.000000
9.000000	6.000000	5.000000	19.000000	17.000000
8.244271	8.010384	7.937843	8.192626	2.000000
8.000000	1.000000	5.000000	17.000000	14.000000
19.000000	14.000000	12.000000	12.000000	7.000000
2.000000	4.000000	3.000000	12.000000	16.000000
5.000000	2.000000	8.000000	11.000000	15.000000
18.000000	11.000000	12.000000	14.000000	9.000000
10.760687	10.455998	10.317507	10.330758	2.000000
20.000000	18.000000	14.000000	17.000000	6.000000
7.000000	15.000000	11.000000	18.000000	6.000000
9.640765	10.366873	10.114397	9.994958	14.000000
9.007200	8.695886	8.818394	8.873408	14.000000
7.782077	7.167704	7.307379	7.374835	6.000000
5.000000	4.000000	14.000000	15.000000	6.000000
7.000000	6.000000	15.000000	20.000000	2.000000
20.000000	6.000000	17.000000	11.000000	15.000000
2.000000	19.000000	5.000000	3.000000	10.000000
10.000000	19.000000	14.000000	16.000000	14.000000
9.129848	9.960405	9.543643	9.384136	4.000000
9.573860	9.838907	9.564015	9.783981	5.000000
5.000000	15.000000	10.000000	19.000000	6.000000
8.208826	8.977264	8.652004	8.593856	20.000000
17.000000	1.000000	19.000000	13.000000	4.000000
20.000000	2.000000	2.000000	13.000000	9.000000
16.000000	4.000000	16.000000	13.000000	10.000000
20.000000	8.000000	20.000000	19.000000	16.000000
16.000000	3.000000	2.000000	5.000000	13.000000
10.617749	10.329276	10.283377	10.431876	7.000000
2.000000	17.000000	8.000000	12.000000	1.000000
11.000000	11.000000	14.000000	4.000000	16.000000
2.000000	11.000000	11.000000	10.000000	16.000000
20.000000	9.000000	3.000000	11.000000	19.000000
11.000000	6.000000	1.000000	12.000000	2.000000
13.000000	19.000000	2.000000	14.000000	19.000000
9.755965	9.990542	10.078853	10.155051	18.000000
8.000000	17.000000	1.000000	2.000000	13.000000
10.073218	10.653285	10.618592	10.210689	4.000000
10.000000	17.000000	4.000000	13.000000	19.000000
9.436015	10.055532	9.783318	9.425038	6.000000
9.898508	9.893537	10.209457	10.215240	12.000000
15.000000	18.000000	18.000000	2.000000	4.000000
8.000000	1.000000	1.000000	8.000000	14.000000
10.179991	10.007704	9.844610	10.179737	12.000000
4.000000	17.000000	8.000000	8.000000	1.000000
9.691802	9.899023	9.858029	9.882240	15.000000
20.000000	1.000000	12.000000	16.000000	11.000000
9.409660	9.572023	9.685323	9.710115	15.000000
3.000000	12.000000	15.000000	3.000000	11.000000
9.153753	9.795358	9.335505	9.311499	6.000000
16.000000	16.000000	14.000000	15.000000	3.000000
14.000000	12.000000	16.000000	8.000000	4.000000
10.000000	19.000000	4.000000	1.000000	14.000000
6.000000	8.000000	7.000000	5.000000	12.000000
1.000000	8.000000	3.000000	16.000000	2.000000
13.000000	8.000000	1.000000	9.000000	8.000000
6.000000	4.000000	3.000000	19.000000	10.000000
18.000000	4.000000	1.000000	13.000000	3.000000
16.000000	14.000000	1.000000	19.000000	6.000000
7.000000	17.000000	13.000000	13.000000	1.000000
9.352405	8.769209	8.851706	8.988429	1.000000
2.000000	2.000000	8.000000	2.000000	10.000000
7.000000	7.000000	5.000000	1.000000	17.000000
14.000000	10.000000	20.000000	6.000000	14.000000
2.000000	1.000000	7.000000	2.000000	12.000000
5.000000	20.000000	8.000000	17.000000	13.000000
8.000000	13.000000	18.000000	8.000000	10.000000
8.703291	9.416192	9.112504	8.904542	10.000000
1.000000	15.000000	8.000000	18.000000	15.000000
4.000000	11.000000	5.000000	3.000000	9.000000
18.000000	4.000000	9.000000	17.000000	17.000000
8.839449	9.464693	9.443621	9.205647	17.000000
1.000000	19.000000	9.000000	18.000000	6.000000
11.000000	19.000000	14.000000	2.000000	7.000000
15.000000	14.000000	1.000000	2.000000	11.000000
7.000000	5.000000	14.000000	11.000000	19.000000
2.000000	1.000000	2.000000	2.000000	9.000000
9.588490	10.017707	9.978074	9.475784	12.000000
17.000000	18.000000	10.000000	18.000000	7.000000
7.000000	8.000000	5.000000	12.000000	1.000000
11.000000	6.000000	14.000000	11.000000	19.000000
8.879178	9.603695	9.466005	8.943101	12.000000
13.000000	11.000000	12.000000	6.000000	4.000000
20.000000	16.000000	17.000000	20.000000	13.000000
1.000000	17.000000	3.000000	2.000000	14.000000
9.000000	9.000000	13.000000	14.000000	12.000000
13.000000	16.000000	18.000000	6.000000	19.000000
8.000000	2.000000	8.000000	15.000000	11.000000
19.000000	7.000000	13.000000	3.000000	5.000000
17.000000	14.000000	12.000000	5.000000	14.000000
10.257717	10.472956	10.787417	10.586135	7.000000
9.304265	10.309052	9.842603	9.708897	12.000000
10.000000	19.000000	7.000000	19.000000	4.000000
9.290954	9.378272	9.535110	9.302956	1.000000
8.000000	15.000000	19.000000	13.000000	17.000000
3.000000	9.000000	10.000000	6.000000	13.000000
3.000000	2.000000	10.000000	4.000000	19.000000
10.487304	10.188749	10.150281	10.405482	16.000000
8.000000	15.000000	14.000000	7.000000	14.000000
10.000000	3.000000	20.000000	7.000000	19.000000
12.000000	6.000000	13.000000	10.000000	10.000000
1.000000	5.000000	18.000000	10.000000	10.000000
3.000000	5.000000	11.000000	12.000000	20.000000
2.000000	11.000000	10.000000	18.000000	16.000000
5.000000	18.000000	10.000000	11.000000	16.000000
3.000000	20.000000	10.000000	14.000000	18.000000
8.000000	5.000000	15.000000	12.000000	7.000000
7.764825	8.181069	7.855090	7.875856	14.000000
12.000000	16.000000	18.000000	15.000000	19.000000
17.000000	16.000000	9.000000	6.000000	5.000000
4.000000	3.000000	2.000000	6.000000	13.000000
17.000000	8.000000	12.000000	19.000000	14.000000
1.000000	6.000000	18.000000	7.000000	10.000000
16.000000	11.000000	1.000000	6.000000	17.000000
14.000000	18.000000	4.000000	3.000000	12.000000
3.000000	20.000000	19.000000	3.000000	17.000000
3.000000	19.000000	19.000000	5.000000	4.000000
11.000000	13.000000	3.000000	14.000000	3.000000
8.990882	9.906836	9.598297	9.040807	5.000000
18.000000	1.000000	7.000000	10.000000	7.000000
8.836780	8.625759	8.732188	8.697044	18.000000
19.000000	1.000000	17.000000	17.000000	3.000000
8.248810	8.407038	8.366933	8.411528	7.000000
4.000000	19.000000	12.000000	7.000000	4.000000
14.000000	2.000000	2.000000	2.000000	19.000000
6.000000	11.000000	20.000000	12.000000	13.000000
18.000000	15.000000	8.000000	13.000000	1.000000
5.000000	3.000000	1.000000	14.000000	11.000000
15.000000	11.000000	1.000000	16.000000	6.000000
8.000000	11.000000	4.000000	19.000000	17.000000
7.559229	8.352060	8.249366	7.829041	6.000000
9.000000	6.000000	8.000000	20.000000	17.000000
20.000000	17.000000	3.000000	19.000000	9.000000
15.000000	4.000000	3.000000	7.000000	9.000000
13.000000	2.000000	19.000000	14.000000	17.000000
16.000000	1.000000	19.000000	12.000000	19.000000
16.000000	11.000000	2.000000	18.000000	11.000000
10.941582	11.028186	11.184103	11.245380	18.000000
9.557751	9.230174	9.203165	9.360826	17.000000
8.148000	8.893326	8.712971	8.504126	20.000000
20.000000	10.000000	13.000000	10.000000	3.000000
1.000000	5.000000	15.000000	19.000000	16.000000
5.000000	6.000000	18.000000	6.000000	3.000000
8.000000	5.000000	13.000000	7.000000	11.000000
10.000000	3.000000	8.000000	15.000000	1.000000
4.000000	9.000000	5.000000	15.000000	18.000000
16.000000	14.000000	19.000000	8.000000	3.000000
13.000000	8.000000	20.000000	7.000000	7.000000
10.148294	9.889331	9.881351	9.989502	8.000000
7.000000	4.000000	4.000000	19.000000	11.000000
14.000000	20.000000	13.000000	14.000000	14.000000
5.000000	17.000000	15.000000	9.000000	12.000000
12.000000	17.000000	17.000000	10.000000	4.000000
12.000000	14.000000	4.000000	11.000000	20.000000
2.000000	17.000000	14.000000	5.000000	1.000000
1.000000	11.000000	5.000000	17.000000	1.000000
15.000000	2.000000	20.000000	19.000000	15.000000
6.000000	3.000000	12.000000	20.000000	3.000000
15.000000	3.000000	19.000000	11.000000	4.000000
15.000000	14.000000	17.000000	18.000000	4.000000
8.000000	19.000000	1.000000	1.000000	3.000000
9.966532	9.437766	9.594833	9.775917	9.000000
6.000000	3.000000	3.000000	18.000000	1.000000
8.848484	8.532652	8.554602	8.592480	14.000000
18.000000	6.000000	8.000000	8.000000	9.000000
11.000000	2.000000	2.000000	19.000000	11.000000
9.054838	8.741462	8.863074	8.807898	18.000000
4.000000	10.000000	10.000000	1.000000	7.000000
11.000000	18.000000	9.000000	13.000000	7.000000
9.679294	9.375071	9.143626	9.432737	1.000000
14.000000	5.000000	18.000000	1.000000	13.000000
6.000000	3.000000	6.000000	8.000000	1.000000
17.000000	5.000000	18.000000	17.000000	2.000000
15.000000	12.000000	11.000000	5.000000	4.000000
9.000000	7.000000	2.000000	10.000000	19.000000
20.000000	11.000000	19.000000	1.000000	6.000000
11.000000	6.000000	11.000000	9.000000	7.000000
3.000000	6.000000	1.000000	20.000000	13.000000
2.000000	8.000000	9.000000	11.000000	17.000000
10.000000	6.000000	8.000000	13.000000	2.000000
4.000000	13.000000	8.000000	17.000000	2.000000
9.335148	10.104146	9.656493	9.354141	16.000000
18.000000	19.000000	2.000000	8.000000	19.000000
20.000000	2.000000	4.000000	20.000000	13.000000
9.000000	13.000000	1.000000	17.000000	16.000000
9.362365	9.401543	9.722858	9.499983	3.000000
2.000000	19.000000	15.000000	1.000000	15.000000
9.147090	9.283240	9.351963	9.176664	13.000000
18.000000	17.000000	3.000000	11.000000	16.000000
1.000000	2.000000	9.000000	17.000000	14.000000
2.000000	5.000000	6.000000	2.000000	13.000000
1.000000	18.000000	3.000000	13.000000	5.000000
5.000000	6.000000	4.000000	20.000000	6.000000
10.292336	10.056839	10.217043	10.122664	15.000000
8.000000	2.000000	4.000000	2.000000	4.000000
19.000000	3.000000	6.000000	8.000000	11.000000
19.000000	9.000000	15.000000	16.000000	2.000000
19.000000	9.000000	11.000000	2.000000	1.000000
15.000000	18.000000	7.000000	10.000000	17.000000
9.120894	8.798231	9.088496	9.017806	3.000000
11.000000	6.000000	16.000000	6.000000	7.000000
20.000000	4.000000	1.000000	5.000000	3.000000
11.000000	3.000000	11.000000	17.000000	18.000000
4.000000	8.000000	6.000000	14.000000	9.000000
9.488302	10.166807	9.981810	9.905786	10.000000
9.587769	9.976252	9.928184	9.684460	18.000000
4.000000	12.000000	15.000000	19.000000	17.000000
8.647732	9.341573	9.184992	8.784375	14.000000
15.000000	17.000000	8.000000	18.000000	5.000000
18.000000	1.000000	12.000000	15.000000	15.000000
20.000000	13.000000	15.000000	18.000000	9.000000
4.000000	4.000000	1.000000	5.000000	5.000000
10.000000	8.000000	17.000000	5.000000	18.000000
9.531517	9.117292	9.245399	9.173064	3.000000
13.000000	4.000000	11.000000	1.000000	1.000000
16.000000	18.000000	1.000000	7.000000	12.000000
7.000000	19.000000	17.000000	1.000000	8.000000
8.962605	8.489655	8.768630	8.836479	1.000000
15.000000	19.000000	20.000000	3.000000	15.000000
9.000000	8.000000	4.000000	16.000000	16.000000
8.997240	8.787477	9.000447	8.971553	13.000000
11.000000	4.000000	10.000000	4.000000	2.000000
13.000000	10.000000	20.000000	1.000000	11.000000
7.000000	10.000000	7.000000	9.000000	18.000000
19.000000	4.000000	16.000000	18.000000	18.000000
2.000000	6.000000	17.000000	5.000000	14.000000
13.000000	3.000000	6.000000	3.000000	11.000000
18.000000	6.000000	6.000000	19.000000	9.000000
8.086654	8.696858	8.347719	8.431522	4.000000
10.163230	10.974813	10.571310	10.392365	6.000000
2.000000	16.000000	1.000000	18.000000	5.000000
9.921449	9.592390	9.835368	9.693884	16.000000
8.000000	19.000000	18.000000	13.000000	13.000000
20.000000	2.000000	18.000000	17.000000	20.000000
6.000000	3.000000	14.000000	16.000000	13.000000
17.000000	15.000000	10.000000	1.000000	5.000000
7.784504	8.579997	8.432733	8.114317	12.000000
17.000000	4.000000	2.000000	11.000000	18.000000
9.000000	18.000000	8.000000	18.000000	2.000000
1.000000	9.000000	15.000000	18.000000	5.000000
14.000000	16.000000	20.000000	7.000000	11.000000
12.000000	16.000000	17.000000	13.000000	8.000000
1.000000	7.000000	2.000000	13.000000	13.000000
5.000000	9.000000	17.000000	19.000000	11.000000
9.989198	9.498509	9.521175	9.772630	17.000000
10.132361	10.295797	10.318970	10.351137	3.000000
9.501294	9.725331	9.743407	9.733964	18.000000
12.000000	12.000000	5.000000	9.000000	5.000000
13.000000	9.000000	3.000000	6.000000	13.000000
16.000000	11.000000	13.000000	4.000000	9.000000
3.000000	1.000000	7.000000	2.000000	6.000000
3.000000	14.000000	11.000000	8.000000	20.000000
6.000000	17.000000	11.000000	15.000000	17.000000
9.417459	9.625653	9.665489	9.514472	7.000000
4.000000	9.000000	7.000000	19.000000	15.000000
20.000000	14.000000	17.000000	12.000000	9.000000
5.000000	7.000000	9.000000	11.000000	8.000000
15.000000	6.000000	14.000000	5.000000	13.000000
8.150251	8.842094	8.584820	8.427578	17.000000
9.000000	16.000000	15.000000	8.000000	12.000000
10.665545	10.252733	10.317048	10.463579	14.000000
10.350234	11.107000	10.828165	10.662272	10.000000
9.674644	9.321146	9.403464	9.562807	1.000000
15.000000	13.000000	6.000000	8.000000	10.000000
10.073755	10.483181	10.628539	10.288708	8.000000
7.000000	10.000000	15.000000	1.000000	10.000000
6.000000	13.000000	5.000000	18.000000	20.000000
18.000000	16.000000	5.000000	16.000000	10.000000
14.000000	14.000000	8.000000	1.000000	20.000000
1.000000	16.000000	13.000000	6.000000	3.000000
14.000000	8.000000	7.000000	4.000000	9.000000
14.000000	3.000000	11.000000	20.000000	15.000000
9.119973	9.577882	9.522448	9.241280	15.000000
9.105347	8.732338	8.856979	8.790934	20.000000
12.000000	9.000000	13.000000	12.000000	9.000000
12.000000	12.000000	16.000000	16.000000	9.000000
19.000000	9.000000	16.000000	5.000000	13.000000
17.000000	11.000000	7.000000	7.000000	2.000000
1.000000	18.000000	19.000000	8.000000	13.000000
9.924867	9.863535	10.078643	10.084377	9.000000
4.000000	11.000000	17.000000	16.000000	2.000000
17.000000	19.000000	13.000000	13.000000	15.000000
2.000000	3.000000	15.000000	9.000000	19.000000
19.000000	5.000000	1.000000	5.000000	3.000000
3.000000	6.000000	20.000000	13.000000	5.000000
9.126003	9.646913	9.627944	9.034093	17.000000
19.000000	3.000000	8.000000	7.000000	10.000000
1.000000	15.000000	9.000000	14.000000	7.000000
15.000000	7.000000	1.000000	9.000000	7.000000
11.209831	11.525419	11.474636	11.334787	4.000000
6.000000	14.000000	9.000000	6.000000	7.000000
14.000000	17.000000	16.000000	4.000000	5.000000
5.000000	14.000000	19.000000	12.000000	20.000000
9.000000	12.000000	6.000000	17.000000	17.000000
5.000000	11.000000	15.000000	5.000000	11.000000
14.000000	16.000000	10.000000	17.000000	8.000000
14.000000	14.000000	13.000000	14.000000	19.000000
11.000000	7.000000	8.000000	7.000000	2.000000
4.000000	11.000000	15.000000	2.000000	14.000000
6.000000	10.000000	17.000000	4.000000	6.000000
6.000000	8.000000	8.000000	12.000000	12.000000
10.474430	10.574676	10.557896	10.562923	13.000000
19.000000	5.000000	7.000000	11.000000	11.000000
5.000000	2.000000	17.000000	4.000000	20.000000
8.619053	8.868088	8.974957	8.922743	9.000000
7.000000	15.000000	10.000000	15.000000	18.000000
8.000000	20.000000	5.000000	7.000000	4.000000
8.000000	17.000000	20.000000	19.000000	9.000000
13.000000	17.000000	5.000000	19.000000	8.000000
15.000000	15.000000	1.000000	4.000000	11.000000
12.000000	6.000000	17.000000	5.000000	2.000000
10.149512	9.930541	9.923732	10.194921	17.000000
17.000000	6.000000	9.000000	13.000000	12.000000
12.000000	1.000000	1.000000	3.000000	11.000000
1.000000	15.000000	8.000000	5.000000	5.000000
7.000000	12.000000	12.000000	7.000000	7.000000
2.000000	10.000000	12.000000	10.000000	14.000000
5.000000	7.000000	16.000000	13.000000	5.000000
4.000000	9.000000	10.000000	12.000000	2.000000
9.422596	9.144541	9.389132	9.537032	18.000000
4.000000	13.000000	4.000000	3.000000	18.000000
9.000000	9.000000	1.000000	12.000000	15.000000
9.669761	9.441436	9.606012	9.580991	2.000000
9.000000	14.000000	20.000000	16.000000	18.000000
9.869659	9.282187	9.441946	9.697584	3.000000
20.000000	10.000000	18.000000	5.000000	2.000000
7.000000	8.000000	7.000000	10.000000	3.000000
16.000000	18.000000	11.000000	16.000000	9.000000
18.000000	14.000000	13.000000	13.000000	3.000000
7.000000	14.000000	8.000000	18.000000	9.000000
6.000000	14.000000	20.000000	4.000000	2.000000
8.869642	8.947706	9.277139	9.225554	7.000000
5.000000	10.000000	6.000000	11.000000	19.000000
8.000000	6.000000	9.000000	19.000000	13.000000
9.000000	8.000000	6.000000	2.000000	20.000000
20.000000	20.000000	5.000000	7.000000	17.000000
6.000000	12.000000	10.000000	5.000000	15.000000
12.000000	19.000000	17.000000	14.000000	2.000000
15.000000	10.000000	11.000000	13.000000	20.000000
9.605170	10.212494	10.044372	9.715655	2.000000
9.000000	18.000000	9.000000	6.000000	11.000000
9.000000	5.000000	10.000000	13.000000	12.000000
7.000000	18.000000	3.000000	8.000000	15.000000
8.907993	9.651168	9.327645	9.116075	17.000000
19.000000	13.000000	6.000000	1.000000	17.000000
6.000000	2.000000	8.000000	14.000000	3.000000
8.590869	8.408978	8.222886	8.454447	20.000000
3.000000	18.000000	17.000000	13.000000	3.000000
8.000000	19.000000	20.000000	2.000000	18.000000
6.000000	11.000000	9.000000	3.000000	1.000000
5.000000	1.000000	13.000000	10.000000	1.000000
1.000000	7.000000	15.000000	8.000000	13.000000
17.000000	17.000000	7.000000	9.000000	15.000000
8.744640	8.649175	8.419118	8.603231	16.000000
14.000000	1.000000	6.000000	6.000000	15.000000
3.000000	3.000000	17.000000	3.000000	5.000000
17.000000	19.000000	5.000000	1.000000	1.000000
18.000000	1.000000	7.000000	12.000000	9.000000
11.000000	20.000000	17.000000	17.000000	9.000000
11.000000	15.000000	12.000000	15.000000	8.000000
19.000000	20.000000	1.000000	4.000000	17.000000
7.000000	6.000000	20.000000	3.000000	1.000000
4.000000	12.000000	19.000000	1.000000	12.000000
19.000000	10.000000	5.000000	18.000000	1.000000
9.781335	10.412290	10.285233	10.169780	5.000000
12.000000	12.000000	11.000000	15.000000	18.000000
10.000000	13.000000	17.000000	10.000000	16.000000
9.293624	9.865455	9.866789	9.738188	11.000000
14.000000	20.000000	2.000000	4.000000	12.000000
13.000000	3.000000	1.000000	9.000000	12.000000
9.296166	8.977420	8.973584	9.232684	14.000000
8.942440	9.724970	9.320513	9.141783	3.000000
14.000000	7.000000	15.000000	2.000000	16.000000
3.000000	7.000000	4.000000	8.000000	3.000000
14.000000	1.000000	15.000000	15.000000	16.000000
18.000000	19.000000	10.000000	19.000000	8.000000
1.000000	3.000000	12.000000	20.000000	19.000000
5.000000	6.000000	19.000000	1.000000	3.000000
1.000000	6.000000	9.000000	7.000000	8.000000
16.000000	1.000000	6.000000	19.000000	8.000000
1.000000	4.000000	20.000000	7.000000	18.000000
16.000000	4.000000	9.000000	5.000000	14.000000
8.000000	6.000000	17.000000	19.000000	17.000000
7.000000	4.000000	14.000000	5.000000	16.000000
16.000000	17.000000	2.000000	16.000000	16.000000
1.000000	12.000000	16.000000	18.000000	2.000000
4.000000	18.000000	6.000000	15.000000	16.000000
10.980326	11.422400	11.414012	11.273700	7.000000
13.000000	10.000000	4.000000	1.000000	9.000000
20.000000	8.000000	4.000000	13.000000	4.000000
19.000000	1.000000	1.000000	20.000000	16.000000
9.966057	9.614336	9.698446	9.757113	18.000000
9.356216	9.087329	9.129128	9.011142	5.000000
3.000000	8.000000	14.000000	14.000000	3.000000
12.000000	6.000000	12.000000	15.000000	19.000000
12.000000	14.000000	18.000000	15.000000	19.000000
13.000000	14.000000	11.000000	5.000000	5.000000
6.000000	12.000000	17.000000	5.000000	7.000000
14.000000	5.000000	4.000000	12.000000	10.000000
20.000000	6.000000	9.000000	14.000000	19.000000
11.000000	5.000000	17.000000	15.000000	12.000000
15.000000	6.000000	5.000000	4.000000	1.000000
15.000000	16.000000	6.000000	5.000000	1.000000
10.000000	3.000000	12.000000	6.000000	7.000000
18.000000	11.000000	3.000000	14.000000	15.000000
9.479144	9.089959	9.225749	9.380412	18.000000
19.000000	3.000000	15.000000	7.000000	9.000000
6.000000	13.000000	14.000000	2.000000	16.000000
6.000000	9.000000	3.000000	11.000000	5.000000
3.000000	1.000000	7.000000	7.000000	18.000000
5.000000	16.000000	9.000000	7.000000	1.000000
3.000000	10.000000	6.000000	14.000000	2.000000
15.000000	4.000000	16.000000	9.000000	10.000000
4.000000	6.000000	2.000000	9.000000	20.000000
9.000000	15.000000	20.000000	4.000000	5.000000
9.900549	10.167822	10.206171	10.005846	4.000000
15.000000	7.000000	12.000000	15.000000	14.000000
12.000000	9.000000	15.000000	9.000000	14.000000
16.000000	4.000000	18.000000	3.000000	4.000000
19.000000	18.000000	2.000000	13.000000	7.000000
1.000000	1.000000	1.000000	20.000000	4.000000
9.673175	9.240831	9.603835	9.545913	5.000000
9.987743	9.631814	9.718064	9.784863	6.000000
17.000000	12.000000	6.000000	11.000000	20.000000
19.000000	19.000000	3.000000	16.000000	13.000000
7.000000	15.000000	11.000000	8.000000	7.000000
9.000000	20.000000	19.000000	1.000000	11.000000
10.461329	10.085808	10.028802	10.120761	14.000000
2.000000	4.000000	13.000000	5.000000	12.000000
9.178248	9.883144	9.638411	9.552325	3.000000
2.000000	14.000000	13.000000	17.000000	9.000000
6.000000	15.000000	15.000000	8.000000	14.000000
13.000000	16.000000	13.000000	12.000000	16.000000
15.000000	18.000000	4.000000	19.000000	5.000000
9.390942	10.285476	9.943345	9.908946	16.000000
11.000000	12.000000	20.000000	5.000000	18.000000
3.000000	19.000000	11.000000	7.000000	15.000000
8.837294	9.350307	9.315193	9.145819	11.000000
14.000000	11.000000	6.000000	18.000000	14.000000
9.007014	9.811038	9.299487	9.343850	2.000000
7.000000	18.000000	6.000000	6.000000	11.000000
13.000000	17.000000	14.000000	13.000000	1.000000
12.000000	7.000000	11.000000	14.000000	13.000000
17.000000	5.000000	17.000000	17.000000	15.000000
8.250033	8.083459	7.900712	8.133306	7.000000
10.000000	9.000000	10.000000	20.000000	9.000000
4.000000	6.000000	6.000000	9.000000	11.000000
9.000000	13.000000	19.000000	2.000000	5.000000
12.000000	13.000000	11.000000	2.000000	19.000000
9.335589	8.874116	8.957922	9.098544	15.000000
9.000000	18.000000	17.000000	13.000000	14.000000
15.000000	14.000000	15.000000	17.000000	13.000000
3.000000	12.000000	10.000000	1.000000	12.000000
13.000000	9.000000	4.000000	3.000000	10.000000
9.000000	14.000000	15.000000	19.000000	8.000000
10.852684	10.470079	10.562670	10.734995	5.000000
9.678820	10.227587	10.125848	9.802489	12.000000
7.639135	7.322793	7.350421	7.509001	15.000000
10.000000	17.000000	6.000000	12.000000	17.000000
8.587855	9.255461	9.029475	8.683678	18.000000
9.585213	9.078350	9.342175	9.203282	19.000000
8.249686	8.917832	8.674899	8.492002	7.000000
9.000000	3.000000	14.000000	15.000000	7.000000
17.000000	14.000000	13.000000	2.000000	8.000000
7.000000	4.000000	4.000000	12.000000	15.000000
12.000000	8.000000	10.000000	20.000000	19.000000
10.610455	10.176600	10.277105	10.387371	1.000000
17.000000	12.000000	8.000000	20.000000	3.000000
14.000000	8.000000	18.000000	19.000000	2.000000
4.000000	16.000000	16.000000	8.000000	9.000000
15.000000	14.000000	12.000000	10.000000	17.000000
6.000000	1.000000	16.000000	7.000000	12.000000
8.669916	8.866808	8.850300	8.666142	15.000000
9.445971	9.818049	9.759762	9.729690	8.000000
13.000000	13.000000	15.000000	10.000000	12.000000
9.000000	13.000000	19.000000	16.000000	20.000000
7.000000	10.000000	5.000000	19.000000	19.000000
13.000000	16.000000	11.000000	8.000000	3.000000
9.116042	9.857368	9.956180	9.440857	5.000000
14.000000	1.000000	13.000000	4.000000	20.000000
10.107667	9.751587	9.937014	10.170033	6.000000
15.000000	6.000000	11.000000	13.000000	1.000000
9.200654	9.807029	9.606195	9.316693	10.000000
8.000000	11.000000	17.000000	10.000000	19.000000
11.000000	11.000000	12.000000	18.000000	12.000000
16.000000	4.000000	4.000000	20.000000	7.000000
3.000000	11.000000	3.000000	14.000000	9.000000
1.000000	9.000000	14.000000	3.000000	13.000000
7.000000	4.000000	12.000000	8.000000	2.000000
8.537926	8.711457	8.736791	8.894297	17.000000
3.000000	20.000000	8.000000	6.000000	10.000000
11.000000	13.000000	13.000000	14.000000	13.000000
11.000000	16.000000	15.000000	6.000000	1.000000
3.000000	18.000000	1.000000	9.000000	20.000000
14.000000	15.000000	15.000000	17.000000	2.000000
9.000000	10.000000	9.000000	13.000000	11.000000
6.000000	7.000000	2.000000	5.000000	12.000000
11.000000	15.000000	16.000000	15.000000	20.000000
8.000000	6.000000	15.000000	15.000000	3.000000
7.000000	17.000000	20.000000	8.000000	5.000000
19.000000	13.000000	11.000000	5.000000	1.000000
8.914042	9.696349	9.685864	9.248176	17.000000
8.858635	9.625231	9.361660	9.193008	2.000000
8.988310	9.859231	9.364001	9.046212	11.000000
7.000000	1.000000	8.000000	13.000000	15.000000
10.000000	20.000000	12.000000	1.000000	19.000000
8.000000	19.000000	3.000000	19.000000	15.000000
9.583616	9.782537	10.080814	10.150318	15.000000
9.548379	10.181709	10.003345	9.696129	1.000000
18.000000	4.000000	17.000000	6.000000	5.000000
19.000000	4.000000	6.000000	6.000000	17.000000
12.000000	7.000000	8.000000	15.000000	7.000000
18.000000	3.000000	17.000000	20.000000	13.000000
11.000000	2.000000	15.000000	10.000000	18.000000
1.000000	14.000000	6.000000	5.000000	12.000000
6.000000	3.000000	7.000000	14.000000	20.000000
12.000000	12.000000	3.000000	9.000000	9.000000
19.000000	20.000000	7.000000	18.000000	15.000000
5.000000	15.000000	9.000000	13.000000	14.000000
1.000000	4.000000	8.000000	7.000000	5.000000
17.000000	7.000000	18.000000	2.000000	12.000000
8.831369	9.010309	9.176661	9.224500	13.000000
5.000000	11.000000	17.000000	7.000000	11.000000
9.023717	9.924113	9.540899	9.287380	7.000000
16.000000	20.000000	2.000000	16.000000	13.000000
7.000000	16.000000	8.000000	6.000000	14.000000
12.000000	3.000000	1.000000	2.000000	4.000000
4.000000	14.000000	15.000000	9.000000	13.000000
20.000000	13.000000	15.000000	16.000000	11.000000
5.000000	4.000000	20.000000	7.000000	19.000000
7.000000	2.000000	11.000000	8.000000	18.000000
9.133394	9.556036	9.516268	9.537613	12.000000
19.000000	5.000000	14.000000	19.000000	6.000000
9.000000	14.000000	12.000000	4.000000	2.000000
8.697737	9.393746	9.334282	9.005911	10.000000
9.523013	9.127235	9.259668	9.470843	1.000000
9.970350	10.247765	10.333304	10.107603	5.000000
12.000000	12.000000	10.000000	16.000000	5.000000
13.000000	6.000000	9.000000	6.000000	16.000000
7.000000	7.000000	9.000000	18.000000	2.000000
10.000000	13.000000	16.000000	7.000000	3.000000
17.000000	15.000000	18.000000	13.000000	14.000000
18.000000	8.000000	19.000000	20.000000	5.000000
3.000000	3.000000	16.000000	4.000000	19.000000
12.000000	17.000000	16.000000	1.000000	14.000000
10.063436	9.806453	9.907163	10.017159	16.000000
13.000000	2.000000	20.000000	8.000000	8.000000
8.654787	9.213573	9.044680	8.827971	9.000000
7.000000	17.000000	16.000000	5.000000	9.000000
13.000000	19.000000	11.000000	20.000000	15.000000
1.000000	12.000000	11.000000	17.000000	12.000000
7.825078	8.462219	8.092426	8.059331	19.000000
17.000000	8.000000	20.000000	16.000000	8.000000
8.000000	18.000000	3.000000	1.000000	9.000000
11.000000	8.000000	18.000000	19.000000	4.000000
8.256174	8.029234	8.038404	7.983421	10.000000
9.192436	9.048429	9.310932	9.275826	9.000000
10.675292	10.490203	10.671331	10.688759	1.000000
6.000000	13.000000	1.000000	6.000000	1.000000
8.000000	13.000000	18.000000	2.000000	5.000000
19.000000	5.000000	4.000000	16.000000	3.000000
9.284361	9.828732	9.946436	9.584693	20.000000
6.000000	14.000000	20.000000	19.000000	4.000000
8.000000	14.000000	9.000000	15.000000	11.000000
2.000000	1.000000	3.000000	2.000000	6.000000
15.000000	1.000000	10.000000	5.000000	14.000000
14.000000	3.000000	18.000000	10.000000	18.000000
12.000000	9.000000	10.000000	16.000000	2.000000
9.356097	9.058071	8.862129	8.942898	20.000000
10.000000	20.000000	5.000000	10.000000	15.000000
15.000000	11.000000	7.000000	10.000000	4.000000
4.000000	4.000000	16.000000	13.000000	8.000000
10.000000	18.000000	2.000000	19.000000	7.000000
9.276871	10.011070	9.627088	9.360158	6.000000
9.381462	8.957119	8.999584	9.061931	1.000000
18.000000	3.000000	12.000000	3.000000	5.000000
10.825196	10.491477	10.453018	10.600437	18.000000
11.000000	7.000000	14.000000	6.000000	11.000000
13.000000	7.000000	9.000000	15.000000	6.000000
8.889926	8.281127	8.475037	8.452699	5.000000
13.000000	1.000000	5.000000	12.000000	15.000000
17.000000	1.000000	9.000000	8.000000	15.000000
8.894799	9.557408	9.218831	8.979601	9.000000
13.000000	2.000000	8.000000	18.000000	19.000000
18.000000	11.000000	6.000000	18.000000	5.000000
11.000000	5.000000	9.000000	18.000000	18.000000
5.000000	10.000000	18.000000	9.000000	13.000000
9.351124	9.041699	9.035619	9.234447	17.000000
8.782569	9.380864	9.042301	8.924109	8.000000
2.000000	16.000000	1.000000	9.000000	13.000000
20.000000	19.000000	3.000000	5.000000	16.000000
19.000000	7.000000	20.000000	8.000000	4.000000
17.000000	12.000000	5.000000	7.000000	13.000000
8.850951	8.732685	8.505301	8.827985	14.000000
17.000000	18.000000	3.000000	18.000000	1.000000
2.000000	12.000000	16.000000	3.000000	12.000000
10.228894	10.725017	10.708135	10.406775	18.000000
6.000000	1.000000	4.000000	17.000000	8.000000
7.000000	6.000000	12.000000	11.000000	12.000000
16.000000	20.000000	1.000000	16.000000	10.000000
7.000000	13.000000	20.000000	9.000000	2.000000
8.541208	8.968993	9.034549	8.964746	12.000000
17.000000	14.000000	5.000000	6.000000	16.000000
2.000000	3.000000	17.000000	5.000000	12.000000
16.000000	3.000000	17.000000	7.000000	6.000000
9.701251	10.044306	10.116067	9.987814	10.000000
7.000000	18.000000	2.000000	6.000000	6.000000
3.000000	5.000000	8.000000	8.000000	11.000000
19.000000	4.000000	16.000000	16.000000	1.000000
12.000000	17.000000	16.000000	20.000000	14.000000
7.000000	15.000000	16.000000	3.000000	14.000000
7.829245	7.964388	8.152960	8.206878	13.000000
8.000000	16.000000	11.000000	9.000000	1.000000
8.000000	4.000000	17.000000	15.000000	11.000000
19.000000	6.000000	6.000000	14.000000	1.000000
6.000000	17.000000	9.000000	13.000000	8.000000
9.252819	10.124400	9.604566	9.599747	13.000000
8.000000	2.000000	6.000000	6.000000	11.000000
19.000000	14.000000	6.000000	1.000000	2.000000
9.051575	9.639174	9.599093	9.390293	15.000000
9.380911	9.364582	9.370984	9.301142	10.000000
4.000000	2.000000	18.000000	12.000000	14.000000
9.350397	9.579532	9.640472	9.491343	3.000000
17.000000	19.000000	4.000000	3.000000	4.000000
7.000000	13.000000	9.000000	12.000000	5.000000
10.094316	10.201170	10.275193	10.247605	15.000000
8.813488	9.485863	9.184773	8.804348	1.000000
9.676319	9.346952	9.317787	9.668297	8.000000
8.000000	6.000000	1.000000	12.000000	5.000000
10.452898	10.504373	10.582512	10.553622	2.000000
9.692525	9.982581	10.028415	9.966855	8.000000
10.000000	1.000000	9.000000	6.000000	20.000000
15.000000	15.000000	17.000000	17.000000	20.000000
9.700466	9.780043	9.795804	9.940608	17.000000
2.000000	2.000000	2.000000	14.000000	5.000000
8.752547	8.956260	8.808431	8.962705	18.000000
9.115794	8.723939	8.817347	8.831299	2.000000
20.000000	13.000000	2.000000	20.000000	18.000000
1.000000	7.000000	4.000000	9.000000	3.000000
3.000000	10.000000	11.000000	18.000000	4.000000
7.000000	11.000000	17.000000	20.000000	5.000000
13.000000	18.000000	12.000000	16.000000	11.000000
9.000000	13.000000	5.000000	2.000000	16.000000
6.000000	13.000000	8.000000	8.000000	5.000000
5.000000	20.000000	11.000000	20.000000	9.000000
13.000000	15.000000	10.000000	3.000000	12.000000
5.000000	1.000000	14.000000	1.000000	1.000000
18.000000	13.000000	10.000000	2.000000	20.000000
9.827925	9.968141	10.093075	10.232305	3.000000
8.000000	2.000000	16.000000	15.000000	1.000000
12.000000	11.000000	1.000000	2.000000	2.000000
1.000000	14.000000	16.000000	10.000000	9.000000
19.000000	14.000000	1.000000	13.000000	6.000000
13.000000	10.000000	10.000000	15.000000	3.000000
9.000000	6.000000	13.000000	1.000000	2.000000
7.000000	8.000000	16.000000	14.000000	14.000000
16.000000	5.000000	16.000000	8.000000	6.000000
18.000000	20.000000	12.000000	13.000000	9.000000
12.000000	12.000000	14.000000	12.000000	4.000000
11.000000	17.000000	5.000000	20.000000	11.000000
8.000000	1.000000	16.000000	12.000000	1.000000
10.000000	18.000000	1.000000	17.000000	4.000000
6.000000	4.000000	8.000000	2.000000	12.000000
14.000000	19.000000	11.000000	17.000000	11.000000
12.000000	8.000000	14.000000	17.000000	11.000000
9.000000	20.000000	7.000000	14.000000	11.000000
9.000000	13.000000	11.000000	17.000000	4.000000
4.000000	6.000000	13.000000	16.000000	2.000000
9.618662	9.186578	9.202657	9.349383	14.000000
8.000000	1.000000	4.000000	11.000000	17.000000
7.000000	14.000000	16.000000	20.000000	10.000000
6.000000	9.000000	9.000000	5.000000	14.000000
9.088565	8.779461	8.705452	8.868171	1.000000
1.000000	5.000000	6.000000	5.000000	12.000000
9.308499	9.602634	9.545721	9.532272	8.000000
9.370393	9.108367	9.186272	9.194139	13.000000
9.475372	10.149693	10.126657	9.693390	7.000000
8.000000	16.000000	7.000000	8.000000	12.000000
20.000000	19.000000	17.000000	17.000000	13.000000
17.000000	17.000000	9.000000	15.000000	2.000000
8.339097	8.097608	8.111662	8.090338	20.000000
1.000000	2.000000	3.000000	20.000000	3.000000
9.778234	10.469859	10.310774	9.876267	13.000000
9.000000	4.000000	8.000000	15.000000	3.000000
20.000000	15.000000	14.000000	8.000000	11.000000
6.000000	4.000000	20.000000	14.000000	10.000000
13.000000	14.000000	15.000000	18.000000	18.000000
14.000000	10.000000	12.000000	8.000000	9.000000
14.000000	15.000000	11.000000	16.000000	11.000000
15.000000	4.000000	6.000000	2.000000	10.000000
8.000000	13.000000	16.000000	1.000000	20.000000
7.000000	18.000000	16.000000	18.000000	12.000000
5.000000	10.000000	17.000000	19.000000	19.000000
7.000000	5.000000	8.000000	18.000000	12.000000
8.820564	8.196382	8.233573	8.574272	18.000000
9.950914	9.663601	9.762692	9.769045	5.000000
3.000000	5.000000	10.000000	10.000000	5.000000
9.020651	8.644181	8.645888	8.714844	5.000000
6.000000	13.000000	6.000000	2.000000	3.000000
4.000000	8.000000	7.000000	11.000000	17.000000
19.000000	18.000000	20.000000	16.000000	15.000000
9.000000	16.000000	18.000000	14.000000	20.000000
3.000000	16.000000	16.000000	12.000000	17.000000
1.000000	12.000000	13.000000	15.000000	20.000000
9.000000	20.000000	12.000000	15.000000	13.000000
6.000000	18.000000	1.000000	13.000000	1.000000
8.938130	8.672194	8.701839	8.911242	18.000000
5.000000	17.000000	13.000000	14.000000	10.000000
5.000000	8.000000	17.000000	20.000000	19.000000
13.000000	12.000000	3.000000	17.000000	18.000000
14.000000	6.000000	17.000000	17.000000	12.000000
2.000000	2.000000	9.000000	14.000000	14.000000
8.117558	8.939780	9.028762	8.482697	10.000000
10.295153	9.935812	10.168030	10.218515	16.000000
19.000000	14.000000	4.000000	7.000000	6.000000
14.000000	11.000000	9.000000	8.000000	8.000000
10.344172	10.929065	10.448455	10.540037	17.000000
16.000000	8.000000	11.000000	16.000000	1.000000
16.000000	5.000000	3.000000	12.000000	3.000000
12.000000	17.000000	17.000000	1.000000	6.000000
12.000000	19.000000	12.000000	7.000000	17.000000
9.000000	1.000000	7.000000	9.000000	20.000000
6.000000	7.000000	1.000000	10.000000	14.000000
9.788847	10.213141	10.263393	10.039428	5.000000
2.000000	7.000000	9.000000	4.000000	10.000000
3.000000	7.000000	18.000000	11.000000	19.000000
15.000000	2.000000	9.000000	6.000000	1.000000
5.000000	6.000000	1.000000	11.000000	7.000000
20.000000	17.000000	13.000000	12.000000	18.000000
6.000000	13.000000	7.000000	19.000000	3.000000
11.000000	20.000000	1.000000	11.000000	15.000000
10.405747	11.158969	10.940516	10.504807	3.000000
9.498014	9.078619	9.382181	9.459764	19.000000
9.593311	9.697265	9.864522	9.827640	13.000000
3.000000	20.000000	1.000000	7.000000	11.000000
11.000000	13.000000	15.000000	17.000000	11.000000
10.000000	7.000000	2.000000	10.000000	17.000000
16.000000	20.000000	1.000000	8.000000	18.000000
15.000000	18.000000	19.000000	10.000000	16.000000
10.000000	18.000000	18.000000	6.000000	5.000000
2.000000	8.000000	4.000000	3.000000	6.000000
7.000000	13.000000	10.000000	13.000000	1.000000
9.731711	9.837970	9.890242	10.036711	12.000000
15.000000	8.000000	3.000000	15.000000	15.000000
20.000000	9.000000	12.000000	19.000000	10.000000
19.000000	20.000000	7.000000	16.000000	5.000000
4.000000	18.000000	4.000000	7.000000	12.000000
9.000000	5.000000	16.000000	19.000000	18.000000
16.000000	10.000000	19.000000	2.000000	15.000000
10.708157	10.239986	10.476963	10.538189	2.000000
9.000000	4.000000	10.000000	12.000000	14.000000
19.000000	11.000000	13.000000	18.000000	18.000000
9.000000	1.000000	15.000000	12.000000	19.000000
18.000000	12.000000	4.000000	13.000000	2.000000
13.000000	8.000000	12.000000	11.000000	1.000000
10.494884	10.285169	10.339671	10.346922	8.000000
9.000000	11.000000	3.000000	10.000000	3.000000
9.290799	9.058366	9.128618	9.305594	18.000000
14.000000	20.000000	10.000000	1.000000	11.000000
8.000000	18.000000	15.000000	3.000000	3.000000
9.680355	9.849076	10.030307	9.953184	18.000000
3.000000	16.000000	2.000000	2.000000	7.000000
9.763089	9.699947	10.012394	9.925832	4.000000
11.000000	11.000000	4.000000	7.000000	3.000000
13.000000	1.000000	2.000000	2.000000	1.000000
9.665690	9.891978	10.134049	9.911204	4.000000
12.000000	14.000000	11.000000	14.000000	13.000000
8.000000	8.000000	8.000000	9.000000	1.000000
7.818390	8.492907	8.473724	8.075585	4.000000
7.000000	13.000000	15.000000	2.000000	20.000000
9.497410	9.864062	9.951660	9.812367	8.000000
12.000000	14.000000	9.000000	1.000000	12.000000
5.000000	13.000000	18.000000	15.000000	6.000000
10.000000	2.000000	13.000000	9.000000	2.000000
13.000000	15.000000	2.000000	8.000000	17.000000
6.000000	6.000000	1.000000	12.000000	7.000000
9.425471	10.392276	9.969553	9.919852	9.000000
1.000000	2.000000	15.000000	9.000000	3.000000
18.000000	13.000000	7.000000	15.000000	19.000000
12.000000	16.000000	20.000000	16.000000	17.000000
13.000000	20.000000	11.000000	15.000000	19.000000
19.000000	20.000000	4.000000	19.000000	3.000000
11.000000	11.000000	2.000000	3.000000	13.000000
10.052430	9.548138	9.552382	9.774161	12.000000
8.878917	9.809930	9.648277	9.394697	20.000000
15.000000	18.000000	8.000000	6.000000	5.000000
10.672953	10.487702	10.474840	10.395495	13.000000
15.000000	4.000000	4.000000	18.000000	14.000000
6.000000	8.000000	16.000000	19.000000	11.000000
9.000000	12.000000	13.000000	15.000000	20.000000
16.000000	7.000000	5.000000	4.000000	13.000000
16.000000	18.000000	2.000000	3.000000	15.000000
6.000000	18.000000	13.000000	1.000000	3.000000
5.000000	15.000000	6.000000	20.000000	5.000000
8.668390	9.371026	9.067063	8.940809	15.000000
14.000000	15.000000	7.000000	19.000000	1.000000
18.000000	6.000000	7.000000	2.000000	9.000000
10.535830	10.060576	10.276227	10.114696	4.000000
9.953958	9.513591	9.575675	9.615544	10.000000
4.000000	2.000000	16.000000	1.000000	1.000000
12.000000	12.000000	18.000000	16.000000	19.000000
4.000000	9.000000	5.000000	2.000000	19.000000
10.784233	10.746471	10.891839	10.954550	12.000000
13.000000	7.000000	1.000000	11.000000	10.000000
4.000000	3.000000	19.000000	16.000000	19.000000
20.000000	11.000000	20.000000	7.000000	12.000000
8.480367	8.749262	8.711088	8.674196	14.000000
10.103412	9.775776	9.823997	9.879469	7.000000
13.000000	19.000000	17.000000	9.000000	14.000000
9.000000	13.000000	12.000000	1.000000	3.000000
2.000000	16.000000	17.000000	20.000000	11.000000
8.000000	11.000000	2.000000	7.000000	17.000000
10.271132	10.551673	10.492269	10.638114	20.000000
20.000000	16.000000	17.000000	6.000000	17.000000
15.000000	18.000000	15.000000	11.000000	18.000000
8.905950	8.579001	8.517146	8.683035	11.000000
9.230495	9.358333	9.345367	9.383060	4.000000
10.352047	10.436543	10.527631	10.513704	7.000000
10.039954	10.604434	10.212084	9.984656	8.000000
9.000000	8.000000	15.000000	5.000000	13.000000
9.190224	9.365893	9.425563	9.556896	1.000000
19.000000	9.000000	12.000000	1.000000	20.000000
9.452976	10.026916	9.890924	9.502742	9.000000
19.000000	20.000000	9.000000	4.000000	1.000000
9.106772	8.899803	8.666096	8.891066	13.000000
10.198663	9.700958	9.756769	9.767591	19.000000
5.000000	14.000000	9.000000	19.000000	3.000000
10.000000	17.000000	11.000000	13.000000	9.000000
10.235473	10.025583	10.059293	10.323596	9.000000
10.006314	9.745668	9.947269	9.799021	18.000000
12.000000	8.000000	2.000000	1.000000	2.000000
15.000000	18.000000	17.000000	7.000000	1.000000
7.850257	8.619905	8.264481	7.864305	1.000000
8.745266	9.309863	9.212351	9.067661	17.000000
18.000000	3.000000	14.000000	3.000000	7.000000
15.000000	16.000000	13.000000	14.000000	9.000000
10.000000	6.000000	8.000000	12.000000	18.000000
8.516762	9.351855	8.982542	8.847302	4.000000
7.000000	12.000000	6.000000	5.000000	15.000000
19.000000	4.000000	19.000000	8.000000	14.000000
7.000000	5.000000	8.000000	12.000000	19.000000
15.000000	6.000000	6.000000	19.000000	12.000000
14.000000	9.000000	9.000000	13.000000	20.000000
6.000000	14.000000	17.000000	13.000000	2.000000
12.000000	11.000000	13.000000	9.000000	15.000000
19.000000	7.000000	19.000000	9.000000	14.000000
4.000000	15.000000	11.000000	11.000000	7.000000
9.000000	17.000000	4.000000	15.000000	16.000000
8.213296	8.944699	8.710664	8.369340	13.000000
15.000000	1.000000	18.000000	3.000000	13.000000
19.000000	6.000000	3.000000	4.000000	14.000000
18.000000	2.000000	13.000000	8.000000	11.000000
