17.000000	4.000000	1.000000	16.000000	6.000000
20.000000	5.000000	17.000000	9.000000	11.000000
9.694190	9.376841	9.461245	9.422941	8.000000
9.556804	10.208681	10.111107	9.876146	10.000000
20.000000	14.000000	14.000000	16.000000	9.000000
6.000000	4.000000	1.000000	12.000000	5.000000
12.000000	8.000000	8.000000	13.000000	16.000000
10.868842	11.035479	11.247954	11.041347	20.000000
9.806800	9.310312	9.323799	9.596913	15.000000
20.000000	11.000000	3.000000	9.000000	6.000000
10.743829	10.911028	10.965353	10.944783	16.000000
8.000000	15.000000	11.000000	8.000000	6.000000
15.000000	12.000000	6.000000	14.000000	4.000000
1.000000	10.000000	7.000000	12.000000	2.000000
7.000000	14.000000	10.000000	11.000000	16.000000
9.097915	8.645231	8.733033	9.143577	10.000000
4.000000	2.000000	17.000000	3.000000	3.000000
4.000000	3.000000	17.000000	14.000000	2.000000
15.000000	20.000000	13.000000	12.000000	13.000000
8.000000	12.000000	2.000000	15.000000	3.000000
16.000000	13.000000	8.000000	5.000000	3.000000
10.175680	9.626411	9.895283	10.025562	19.000000
13.000000	17.000000	13.000000	1.000000	12.000000
9.196855	9.078920	9.309372	9.178813	18.000000
19.000000	10.000000	18.000000	12.000000	1.000000
2.000000	11.000000	4.000000	4.000000	5.000000
18.000000	19.000000	17.000000	6.000000	15.000000
19.000000	1.000000	16.000000	2.000000	6.000000
8.696171	9.413135	9.055197	9.015615	7.000000
5.000000	17.000000	11.000000	2.000000	20.000000
8.000000	1.000000	1.000000	17.000000	4.000000
1.000000	19.000000	14.000000	4.000000	14.000000
19.000000	1.000000	4.000000	7.000000	18.000000
18.000000	18.000000	18.000000	5.000000	11.000000
3.000000	11.000000	17.000000	17.000000	12.000000
3.000000	13.000000	8.000000	5.000000	15.000000
19.000000	12.000000	7.000000	19.000000	1.000000
10.205886	9.959236	9.875483	10.053265	6.000000
4.000000	13.000000	7.000000	7.000000	12.000000
16.000000	16.000000	9.000000	14.000000	1.000000
19.000000	8.000000	3.000000	15.000000	16.000000
8.764892	8.427305	8.515213	8.625015	13.000000
15.000000	20.000000	17.000000	13.000000	11.000000
17.000000	2.000000	1.000000	7.000000	16.000000
19.000000	10.000000	1.000000	17.000000	8.000000
4.000000	12.000000	3.000000	12.000000	5.000000
3.000000	2.000000	5.000000	5.000000	9.000000
20.000000	19.000000	17.000000	20.000000	12.000000
10.000000	6.000000	3.000000	18.000000	18.000000
5.000000	14.000000	11.000000	18.000000	12.000000
19.000000	16.000000	13.000000	11.000000	12.000000
20.000000	14.000000	3.000000	2.000000	5.000000
9.870789	9.999294	10.322769	10.169289	1.000000
9.838074	9.731898	9.643268	9.710341	7.000000
2.000000	4.000000	12.000000	17.000000	1.000000
10.000000	1.000000	6.000000	12.000000	18.000000
17.000000	10.000000	13.000000	9.000000	20.000000
4.000000	8.000000	13.000000	19.000000	1.000000
9.000000	18.000000	5.000000	7.000000	13.000000
18.000000	12.000000	7.000000	8.000000	6.000000
13.000000	2.000000	9.000000	17.000000	18.000000
1.000000	6.000000	18.000000	6.000000	17.000000
8.000000	14.000000	19.000000	20.000000	14.000000
18.000000	16.000000	1.000000	3.000000	14.000000
14.000000	11.000000	11.000000	10.000000	9.000000
3.000000	7.000000	1.000000	1.000000	15.000000
9.691753	9.251488	9.458216	9.455301	2.000000
5.000000	7.000000	19.000000	14.000000	13.000000
9.964108	10.567980	10.554471	10.310734	1.000000
9.129156	9.935298	9.785128	9.287043	17.000000
9.000000	17.000000	19.000000	11.000000	7.000000
8.000000	5.000000	13.000000	20.000000	5.000000
19.000000	17.000000	2.000000	6.000000	3.000000
15.000000	2.000000	2.000000	5.000000	16.000000
14.000000	12.000000	16.000000	11.000000	8.000000
8.000000	14.000000	2.000000	15.000000	18.000000
10.000000	15.000000	14.000000	9.000000	17.000000
9.827542	9.368996	9.527150	9.639486	7.000000
18.000000	3.000000	15.000000	11.000000	9.000000
10.000000	6.000000	2.000000	11.000000	10.000000
9.262744	10.049294	9.794118	9.411915	6.000000
9.302036	9.025770	9.031212	9.236489	11.000000
9.000000	4.000000	17.000000	2.000000	12.000000
14.000000	14.000000	11.000000	14.000000	18.000000
17.000000	3.000000	20.000000	3.000000	14.000000
20.000000	12.000000	11.000000	2.000000	2.000000
10.054768	10.571918	10.674319	10.360139	14.000000
3.000000	5.000000	10.000000	14.000000	6.000000
20.000000	2.000000	1.000000	16.000000	15.000000
9.924821	9.977494	9.979156	9.931827	15.000000
5.000000	10.000000	9.000000	17.000000	13.000000
2.000000	16.000000	4.000000	12.000000	9.000000
18.000000	4.000000	19.000000	14.000000	8.000000
4.000000	8.000000	12.000000	13.000000	13.000000
11.203145	10.542594	10.728108	10.804217	12.000000
1.000000	13.000000	12.000000	8.000000	15.000000
18.000000	13.000000	16.000000	19.000000	9.000000
20.000000	20.000000	16.000000	16.000000	4.000000
5.000000	13.000000	19.000000	15.000000	6.000000
10.896731	10.544173	10.617496	10.831538	15.000000
18.000000	17.000000	18.000000	4.000000	6.000000
1.000000	4.000000	19.000000	5.000000	3.000000
5.000000	2.000000	7.000000	12.000000	20.000000
7.000000	12.000000	12.000000	3.000000	7.000000
7.000000	19.000000	11.000000	5.000000	5.000000
8.000000	2.000000	14.000000	13.000000	10.000000
8.869102	9.529066	9.282015	8.971649	6.000000
12.000000	18.000000	1.000000	2.000000	2.000000
10.481209	10.584060	10.689030	10.673310	17.000000
9.721966	10.412359	9.961340	9.809826	10.000000
9.773378	9.284534	9.419003	9.560872	12.000000
4.000000	8.000000	13.000000	18.000000	12.000000
2.000000	17.000000	14.000000	8.000000	14.000000
11.000000	11.000000	4.000000	11.000000	12.000000
5.000000	6.000000	17.000000	12.000000	7.000000
5.000000	19.000000	14.000000	5.000000	8.000000
4.000000	14.000000	16.000000	15.000000	2.000000
7.000000	19.000000	1.000000	12.000000	8.000000
12.000000	13.000000	4.000000	18.000000	12.000000
18.000000	8.000000	2.000000	1.000000	11.000000
10.580628	10.294858	10.607051	10.466108	1.000000
14.000000	18.000000	11.000000	7.000000	2.000000
9.597610	9.602872	9.465741	9.761837	17.000000
8.000000	4.000000	7.000000	20.000000	15.000000
14.000000	12.000000	7.000000	17.000000	9.000000
19.000000	6.000000	8.000000	12.000000	18.000000
10.000000	5.000000	15.000000	17.000000	17.000000
15.000000	10.000000	14.000000	17.000000	9.000000
7.000000	6.000000	2.000000	14.000000	11.000000
10.000000	13.000000	14.000000	16.000000	13.000000
9.699498	9.693475	9.868213	10.030900	10.000000
4.000000	16.000000	15.000000	3.000000	8.000000
13.000000	13.000000	4.000000	19.000000	9.000000
9.521220	9.290442	9.235511	9.398565	1.000000
11.000000	12.000000	6.000000	12.000000	17.000000
8.000000	14.000000	10.000000	1.000000	1.000000
2.000000	20.000000	2.000000	17.000000	18.000000
9.811322	9.534607	9.551928	9.756442	14.000000
20.000000	9.000000	18.000000	3.000000	7.000000
7.000000	15.000000	11.000000	9.000000	20.000000
3.000000	19.000000	3.000000	9.000000	10.000000
20.000000	16.000000	15.000000	1.000000	9.000000
8.229655	8.901942	8.703421	8.521427	18.000000
17.000000	19.000000	1.000000	10.000000	15.000000
14.000000	1.000000	16.000000	4.000000	16.000000
2.000000	10.000000	10.000000	5.000000	18.000000
1.000000	7.000000	8.000000	15.000000	7.000000
8.827455	8.435181	8.549717	8.502551	6.000000
11.000000	19.000000	7.000000	10.000000	15.000000
16.000000	7.000000	5.000000	8.000000	8.000000
8.444292	7.828800	7.893318	8.292389	17.000000
3.000000	20.000000	18.000000	4.000000	16.000000
15.000000	16.000000	2.000000	14.000000	11.000000
1.000000	2.000000	16.000000	3.000000	13.000000
14.000000	5.000000	3.000000	12.000000	6.000000
17.000000	20.000000	4.000000	13.000000	7.000000
10.735710	10.364015	10.318523	10.317472	9.000000
16.000000	13.000000	8.000000	13.000000	9.000000
3.000000	19.000000	4.000000	17.000000	12.000000
9.628277	10.368905	10.005043	10.014909	11.000000
9.136192	8.758734	8.752833	8.992353	18.000000
7.693749	7.338161	7.432273	7.420208	14.000000
4.000000	2.000000	17.000000	15.000000	12.000000
17.000000	11.000000	17.000000	5.000000	15.000000
5.000000	19.000000	6.000000	8.000000	7.000000
17.000000	14.000000	15.000000	2.000000	7.000000
17.000000	12.000000	13.000000	15.000000	4.000000
9.154403	9.923633	9.701981	9.370073	18.000000
9.409625	9.536420	9.565302	9.629455	16.000000
3.000000	10.000000	18.000000	19.000000	6.000000
8.396242	8.917713	8.842038	8.553934	2.000000
15.000000	6.000000	7.000000	9.000000	8.000000
13.000000	18.000000	11.000000	5.000000	12.000000
14.000000	15.000000	10.000000	17.000000	13.000000
19.000000	14.000000	14.000000	18.000000	18.000000
9.000000	12.000000	7.000000	7.000000	10.000000
10.581414	10.188381	10.293188	10.586452	8.000000
17.000000	6.000000	13.000000	16.000000	14.000000
12.000000	8.000000	11.000000	2.000000	13.000000
15.000000	7.000000	19.000000	4.000000	4.000000
11.000000	3.000000	17.000000	4.000000	12.000000
14.000000	12.000000	15.000000	13.000000	10.000000
4.000000	8.000000	20.000000	19.000000	19.000000
9.482166	9.833310	10.034335	9.680028	2.000000
10.000000	15.000000	2.000000	12.000000	9.000000
10.052636	10.840799	10.594762	10.253626	10.000000
10.000000	2.000000	4.000000	6.000000	17.000000
9.438645	9.943722	9.934443	9.533871	4.000000
9.830933	9.844678	10.167761	10.096308	6.000000
2.000000	20.000000	12.000000	5.000000	3.000000
6.000000	14.000000	9.000000	7.000000	6.000000
10.324179	10.004095	10.147573	10.089404	15.000000
12.000000	13.000000	16.000000	7.000000	11.000000
9.471602	9.449471	9.683282	9.497275	13.000000
17.000000	12.000000	20.000000	19.000000	13.000000
9.284142	9.586017	9.379527	9.554756	17.000000
6.000000	14.000000	10.000000	14.000000	12.000000
9.034752	9.812094	9.663781	9.397631	6.000000
17.000000	1.000000	10.000000	4.000000	20.000000
20.000000	7.000000	12.000000	13.000000	1.000000
17.000000	1.000000	13.000000	16.000000	12.000000
17.000000	13.000000	11.000000	20.000000	1.000000
7.000000	5.000000	6.000000	9.000000	18.000000
17.000000	7.000000	20.000000	11.000000	16.000000
17.000000	19.000000	9.000000	7.000000	2.000000
8.000000	18.000000	20.000000	19.000000	11.000000
20.000000	7.000000	3.000000	4.000000	3.000000
14.000000	12.000000	7.000000	17.000000	3.000000
9.191753	8.959833	8.882812	9.217278	3.000000
17.000000	20.000000	10.000000	8.000000	10.000000
5.000000	5.000000	8.000000	13.000000	3.000000
1.000000	12.000000	20.000000	12.000000	11.000000
2.000000	3.000000	17.000000	5.000000	7.000000
11.000000	18.000000	10.000000	17.000000	14.000000
13.000000	15.000000	9.000000	11.000000	18.000000
8.608783	9.331530	9.065639	8.806413	19.000000
6.000000	9.000000	3.000000	5.000000	1.000000
5.000000	17.000000	13.000000	16.000000	8.000000
15.000000	18.000000	11.000000	3.000000	2.000000
8.798062	9.667580	9.509975	9.221709	14.000000
17.000000	2.000000	1.000000	5.000000	5.000000
18.000000	7.000000	15.000000	15.000000	19.000000
13.000000	12.000000	7.000000	7.000000	17.000000
19.000000	3.000000	5.000000	3.000000	19.000000
13.000000	9.000000	8.000000	15.000000	4.000000
9.352019	10.211200	9.784457	9.711884	12.000000
14.000000	7.000000	6.000000	14.000000	11.000000
2.000000	12.000000	10.000000	16.000000	18.000000
8.000000	1.000000	9.000000	6.000000	7.000000
9.124384	9.596606	9.325755	8.999782	11.000000
20.000000	6.000000	19.000000	7.000000	20.000000
2.000000	7.000000	2.000000	2.000000	17.000000
5.000000	8.000000	4.000000	10.000000	1.000000
6.000000	3.000000	4.000000	15.000000	11.000000
1.000000	14.000000	11.000000	10.000000	19.000000
17.000000	6.000000	7.000000	18.000000	19.000000
17.000000	17.000000	4.000000	15.000000	15.000000
3.000000	9.000000	1.000000	16.000000	10.000000
10.341547	10.505948	10.633529	10.363626	2.000000
9.439013	10.372958	9.948624	9.422207	13.000000
15.000000	14.000000	6.000000	17.000000	15.000000
9.308569	9.138755	9.435812	9.503621	3.000000
11.000000	19.000000	11.000000	6.000000	5.000000
6.000000	9.000000	13.000000	6.000000	16.000000
15.000000	3.000000	16.000000	3.000000	15.000000
10.481998	10.103989	10.208123	10.439938	17.000000
17.000000	12.000000	2.000000	14.000000	8.000000
8.000000	10.000000	12.000000	19.000000	4.000000
14.000000	1.000000	2.000000	5.000000	7.000000
19.000000	10.000000	7.000000	11.000000	7.000000
2.000000	17.000000	10.000000	10.000000	12.000000
16.000000	19.000000	15.000000	20.000000	4.000000
3.000000	16.000000	15.000000	16.000000	2.000000
14.000000	3.000000	11.000000	5.000000	2.000000
15.000000	19.000000	2.000000	8.000000	15.000000
7.602311	8.233187	7.987597	7.781811	9.000000
2.000000	8.000000	17.000000	3.000000	17.000000
8.000000	19.000000	7.000000	3.000000	10.000000
10.000000	17.000000	18.000000	16.000000	13.000000
19.000000	9.000000	15.000000	9.000000	5.000000
16.000000	15.000000	15.000000	10.000000	3.000000
9.000000	9.000000	20.000000	4.000000	15.000000
8.000000	18.000000	14.000000	5.000000	20.000000
2.000000	4.000000	10.000000	8.000000	18.000000
20.000000	17.000000	15.000000	9.000000	4.000000
7.000000	7.000000	4.000000	13.000000	7.000000
8.960093	9.520041	9.545494	8.945620	10.000000
16.000000	11.000000	10.000000	15.000000	7.000000
9.001427	8.577053	8.481110	8.831196	11.000000
15.000000	10.000000	14.000000	5.000000	17.000000
7.994315	8.117756	8.380155	8.194552	4.000000
8.000000	16.000000	10.000000	3.000000	8.000000
16.000000	11.000000	8.000000	9.000000	13.000000
9.000000	16.000000	15.000000	19.000000	3.000000
13.000000	14.000000	17.000000	8.000000	3.000000
7.000000	3.000000	12.000000	12.000000	7.000000
1.000000	3.000000	2.000000	5.000000	12.000000
5.000000	5.000000	7.000000	6.000000	7.000000
7.763106	8.503671	8.162205	7.900588	2.000000
1.000000	15.000000	9.000000	8.000000	5.000000
11.000000	20.000000	10.000000	7.000000	8.000000
12.000000	5.000000	2.000000	16.000000	9.000000
8.000000	8.000000	11.000000	1.000000	12.000000
15.000000	17.000000	8.000000	1.000000	2.000000
15.000000	7.000000	14.000000	3.000000	13.000000
10.956835	11.098924	11.032383	10.885312	11.000000
9.609657	9.245893	9.220494	9.500278	5.000000
8.249050	9.091223	8.813307	8.555126	3.000000
9.000000	9.000000	10.000000	12.000000	1.000000
13.000000	6.000000	17.000000	1.000000	18.000000
18.000000	7.000000	5.000000	4.000000	9.000000
17.000000	10.000000	4.000000	15.000000	17.000000
6.000000	17.000000	15.000000	8.000000	8.000000
11.000000	8.000000	3.000000	3.000000	2.000000
5.000000	12.000000	10.000000	6.000000	15.000000
3.000000	19.000000	12.000000	19.000000	11.000000
10.224327	10.039974	10.107719	9.880977	4.000000
17.000000	1.000000	5.000000	1.000000	7.000000
2.000000	6.000000	3.000000	8.000000	5.000000
11.000000	18.000000	5.000000	5.000000	20.000000
6.000000	2.000000	3.000000	7.000000	7.000000
9.000000	9.000000	5.000000	20.000000	20.000000
7.000000	1.000000	20.000000	3.000000	17.000000
3.000000	20.000000	18.000000	19.000000	12.000000
16.000000	12.000000	17.000000	19.000000	19.000000
14.000000	1.000000	16.000000	18.000000	5.000000
16.000000	3.000000	6.000000	10.000000	1.000000
5.000000	19.000000	10.000000	1.000000	18.000000
1.000000	8.000000	10.000000	20.000000	10.000000
9.882644	9.532318	9.590609	9.736553	4.000000
12.000000	11.000000	16.000000	1.000000	1.000000
8.927018	8.456511	8.570011	8.745701	11.000000
18.000000	17.000000	5.000000	3.000000	18.000000
5.000000	19.000000	16.000000	6.000000	20.000000
9.073746	8.766668	8.761283	8.917156	9.000000
16.000000	13.000000	14.000000	9.000000	8.000000
18.000000	20.000000	11.000000	13.000000	20.000000
9.658017	9.279715	9.232527	9.388457	7.000000
15.000000	1.000000	15.000000	11.000000	15.000000
13.000000	8.000000	14.000000	20.000000	13.000000
13.000000	5.000000	3.000000	19.000000	12.000000
11.000000	6.000000	4.000000	5.000000	6.000000
4.000000	2.000000	6.000000	14.000000	6.000000
17.000000	16.000000	3.000000	10.000000	19.000000
2.000000	16.000000	11.000000	8.000000	7.000000
18.000000	20.000000	6.000000	11.000000	20.000000
10.000000	15.000000	16.000000	12.000000	5.000000
7.000000	3.000000	2.000000	11.000000	7.000000
8.000000	14.000000	20.000000	13.000000	19.000000
9.259424	9.820601	9.468668	9.564368	10.000000
17.000000	20.000000	18.000000	7.000000	8.000000
16.000000	4.000000	7.000000	1.000000	6.000000
18.000000	10.000000	20.000000	14.000000	2.000000
9.107759	9.357737	9.442216	9.532428	2.000000
2.000000	13.000000	7.000000	1.000000	17.000000
8.737169	9.238993	9.171706	9.131137	3.000000
7.000000	7.000000	15.000000	4.000000	5.000000
2.000000	19.000000	9.000000	20.000000	11.000000
14.000000	18.000000	20.000000	6.000000	3.000000
1.000000	9.000000	14.000000	16.000000	6.000000
8.000000	17.000000	10.000000	14.000000	9.000000
10.524416	10.168211	10.151073	10.336163	1.000000
8.000000	1.000000	19.000000	2.000000	16.000000
3.000000	3.000000	6.000000	3.000000	14.000000
16.000000	9.000000	3.000000	15.000000	14.000000
17.000000	8.000000	14.000000	11.000000	3.000000
20.000000	10.000000	12.000000	1.000000	3.000000
9.240882	8.900692	9.048245	9.047435	13.000000
5.000000	4.000000	13.000000	15.000000	5.000000
8.000000	10.000000	19.000000	5.000000	12.000000
4.000000	20.000000	20.000000	7.000000	6.000000
5.000000	3.000000	13.000000	19.000000	5.000000
9.484088	9.862831	9.893347	9.540531	2.000000
9.483744	10.141235	9.828687	9.602134	14.000000
12.000000	10.000000	17.000000	16.000000	4.000000
8.656740	9.171603	8.922973	8.806581	19.000000
17.000000	7.000000	18.000000	8.000000	13.000000
4.000000	13.000000	7.000000	8.000000	3.000000
12.000000	15.000000	4.000000	5.000000	5.000000
5.000000	5.000000	15.000000	5.000000	18.000000
8.000000	8.000000	7.000000	17.000000	4.000000
9.558187	9.108546	9.242310	9.359941	4.000000
17.000000	11.000000	2.000000	6.000000	10.000000
6.000000	9.000000	14.000000	12.000000	9.000000
16.000000	3.000000	3.000000	11.000000	20.000000
8.970273	8.672427	8.722318	8.724651	12.000000
13.000000	1.000000	19.000000	19.000000	9.000000
2.000000	9.000000	18.000000	12.000000	15.000000
9.230218	8.861303	8.721383	8.845182	13.000000
6.000000	19.000000	14.000000	20.000000	2.000000
2.000000	7.000000	17.000000	16.000000	18.000000
16.000000	15.000000	5.000000	11.000000	8.000000
16.000000	4.000000	9.000000	14.000000	2.000000
17.000000	8.000000	2.000000	6.000000	19.000000
8.000000	10.000000	18.000000	4.000000	3.000000
2.000000	2.000000	13.000000	7.000000	13.000000
8.011801	8.766133	8.410195	8.129323	16.000000
10.107346	10.756312	10.605562	10.236905	12.000000
18.000000	19.000000	15.000000	6.000000	5.000000
10.011266	9.652819	9.712857	9.875956	12.000000
2.000000	10.000000	1.000000	11.000000	5.000000
16.000000	12.000000	6.000000	20.000000	19.000000
18.000000	6.000000	18.000000	9.000000	20.000000
13.000000	8.000000	9.000000	3.000000	20.000000
7.687122	8.517769	8.079260	8.015005	17.000000
14.000000	7.000000	2.000000	17.000000	9.000000
5.000000	18.000000	10.000000	6.000000	8.000000
6.000000	13.000000	12.000000	4.000000	12.000000
10.000000	1.000000	10.000000	19.000000	1.000000
9.000000	12.000000	9.000000	10.000000	6.000000
20.000000	10.000000	17.000000	9.000000	8.000000
5.000000	3.000000	15.000000	18.000000	19.000000
9.864541	9.681050	9.918381	9.838652	8.000000
9.794203	10.207286	10.438330	10.222288	4.000000
9.245305	9.423513	9.481968	9.396184	19.000000
17.000000	13.000000	2.000000	17.000000	2.000000
7.000000	16.000000	3.000000	15.000000	5.000000
10.000000	19.000000	19.000000	16.000000	16.000000
17.000000	10.000000	18.000000	17.000000	5.000000
17.000000	5.000000	18.000000	8.000000	3.000000
1.000000	3.000000	15.000000	9.000000	6.000000
9.196742	9.311416	9.550184	9.656106	14.000000
3.000000	12.000000	10.000000	5.000000	18.000000
6.000000	7.000000	16.000000	4.000000	14.000000
3.000000	20.000000	4.000000	13.000000	9.000000
20.000000	1.000000	13.000000	17.000000	9.000000
8.063708	8.602657	8.553484	8.171103	18.000000
8.000000	5.000000	15.000000	18.000000	10.000000
10.882135	10.318901	10.461238	10.694334	17.000000
10.435789	11.042934	10.915517	10.452951	18.000000
9.610868	9.309351	9.437016	9.617252	4.000000
17.000000	15.000000	4.000000	9.000000	3.000000
9.995440	10.328247	10.512311	10.266004	20.000000
2.000000	14.000000	5.000000	8.000000	3.000000
6.000000	16.000000	14.000000	19.000000	17.000000
2.000000	20.000000	11.000000	16.000000	17.000000
20.000000	16.000000	8.000000	9.000000	10.000000
11.000000	17.000000	4.000000	6.000000	18.000000
7.000000	10.000000	5.000000	10.000000	15.000000
4.000000	3.000000	20.000000	20.000000	11.000000
9.073887	9.780723	9.452751	9.248837	16.000000
9.093448	8.882249	8.887833	8.976339	5.000000
3.000000	17.000000	12.000000	10.000000	5.000000
1.000000	12.000000	13.000000	17.000000	10.000000
10.000000	15.000000	19.000000	14.000000	16.000000
13.000000	10.000000	19.000000	13.000000	9.000000
9.000000	6.000000	6.000000	18.000000	13.000000
9.673912	9.740417	9.976229	9.968198	9.000000
6.000000	10.000000	17.000000	17.000000	12.000000
13.000000	9.000000	15.000000	5.000000	5.000000
4.000000	15.000000	19.000000	14.000000	20.000000
15.000000	7.000000	9.000000	13.000000	11.000000
18.000000	13.000000	8.000000	3.000000	10.000000
8.891910	9.701228	9.424483	9.238927	3.000000
14.000000	7.000000	4.000000	10.000000	15.000000
7.000000	14.000000	3.000000	14.000000	18.000000
8.000000	17.000000	4.000000	18.000000	11.000000
11.196663	11.261662	11.215362	11.278310	16.000000
11.000000	1.000000	20.000000	10.000000	16.000000
2.000000	10.000000	11.000000	7.000000	11.000000
5.000000	20.000000	9.000000	20.000000	1.000000
3.000000	7.000000	14.000000	18.000000	20.000000
3.000000	5.000000	8.000000	7.000000	14.000000
10.000000	2.000000	18.000000	10.000000	5.000000
5.000000	12.000000	6.000000	5.000000	2.000000
13.000000	18.000000	11.000000	3.000000	4.000000
14.000000	19.000000	3.000000	14.000000	18.000000
15.000000	17.000000	4.000000	20.000000	6.000000
15.000000	2.000000	2.000000	15.000000	20.000000
10.262084	10.353363	10.265292	10.296421	6.000000
18.000000	17.000000	9.000000	15.000000	13.000000
10.000000	7.000000	10.000000	13.000000	1.000000
8.445916	8.672888	8.839029	8.883506	11.000000
16.000000	1.000000	19.000000	20.000000	20.000000
4.000000	6.000000	13.000000	5.000000	20.000000
5.000000	20.000000	8.000000	17.000000	3.000000
13.000000	6.000000	11.000000	13.000000	20.000000
3.000000	3.000000	18.000000	12.000000	7.000000
18.000000	16.000000	4.000000	16.000000	2.000000
10.246527	9.759083	9.917024	10.324137	3.000000
13.000000	8.000000	8.000000	18.000000	13.000000
20.000000	2.000000	4.000000	7.000000	10.000000
18.000000	11.000000	8.000000	9.000000	3.000000
19.000000	11.000000	17.000000	17.000000	15.000000
3.000000	14.000000	10.000000	18.000000	2.000000
12.000000	4.000000	13.000000	5.000000	8.000000
7.000000	18.000000	15.000000	6.000000	15.000000
9.393885	9.308078	9.260286	9.105799	3.000000
9.000000	20.000000	5.000000	16.000000	8.000000
20.000000	7.000000	10.000000	8.000000	3.000000
9.881206	9.355898	9.390829	9.575634	20.000000
9.000000	5.000000	3.000000	13.000000	1.000000
9.719227	9.456922	9.387114	9.623969	5.000000
4.000000	15.000000	1.000000	3.000000	9.000000
16.000000	12.000000	20.000000	12.000000	19.000000
19.000000	11.000000	5.000000	8.000000	11.000000
19.000000	12.000000	13.000000	19.000000	17.000000
4.000000	7.000000	13.000000	19.000000	12.000000
13.000000	20.000000	10.000000	11.000000	16.000000
8.626150	8.833378	8.962311	8.933529	1.000000
11.000000	14.000000	4.000000	10.000000	5.000000
2.000000	8.000000	8.000000	19.000000	7.000000
18.000000	9.000000	18.000000	2.000000	7.000000
6.000000	17.000000	6.000000	18.000000	15.000000
17.000000	11.000000	15.000000	18.000000	13.000000
2.000000	4.000000	10.000000	4.000000	10.000000
10.000000	14.000000	15.000000	13.000000	15.000000
9.565425	10.334968	9.945295	9.710599	5.000000
1.000000	15.000000	5.000000	10.000000	8.000000
12.000000	16.000000	5.000000	9.000000	13.000000
19.000000	5.000000	15.000000	5.000000	2.000000
9.095010	9.716248	9.470992	9.272243	2.000000
6.000000	18.000000	8.000000	20.000000	11.000000
2.000000	11.000000	17.000000	16.000000	8.000000
8.655988	8.438035	8.389245	8.663279	5.000000
2.000000	20.000000	12.000000	18.000000	8.000000
5.000000	9.000000	12.000000	19.000000	13.000000
6.000000	18.000000	11.000000	2.000000	6.000000
5.000000	8.000000	3.000000	12.000000	19.000000
5.000000	5.000000	9.000000	1.000000	20.000000
9.000000	13.000000	7.000000	3.000000	2.000000
8.657616	8.406018	8.655557	8.585800	14.000000
1.000000	11.000000	2.000000	4.000000	10.000000
6.000000	1.000000	19.000000	9.000000	3.000000
16.000000	13.000000	10.000000	18.000000	4.000000
20.000000	3.000000	8.000000	1.000000	15.000000
20.000000	9.000000	20.000000	18.000000	3.000000
13.000000	1.000000	10.000000	5.000000	8.000000
15.000000	5.000000	18.000000	8.000000	1.000000
19.000000	14.000000	1.000000	17.000000	2.000000
3.000000	4.000000	6.000000	4.000000	2.000000
1.000000	16.000000	16.000000	20.000000	16.000000
9.898798	10.462372	10.113363	9.976437	9.000000
18.000000	5.000000	1.000000	19.000000	10.000000
8.000000	14.000000	6.000000	6.000000	1.000000
9.301369	9.995685	9.886956	9.479065	13.000000
19.000000	1.000000	16.000000	4.000000	17.000000
9.000000	4.000000	12.000000	16.000000	4.000000
9.378114	9.019795	9.063138	9.210272	2.000000
8.804577	9.422564	9.237947	9.025938	1.000000
16.000000	2.000000	14.000000	1.000000	19.000000
7.000000	7.000000	15.000000	12.000000	5.000000
7.000000	11.000000	17.000000	14.000000	14.000000
13.000000	15.000000	10.000000	16.000000	2.000000
5.000000	14.000000	11.000000	10.000000	7.000000
13.000000	4.000000	9.000000	19.000000	18.000000
10.000000	6.000000	11.000000	15.000000	6.000000
10.000000	1.000000	4.000000	4.000000	13.000000
20.000000	2.000000	3.000000	9.000000	7.000000
8.000000	13.000000	1.000000	17.000000	9.000000
15.000000	1.000000	2.000000	17.000000	11.000000
1.000000	9.000000	6.000000	9.000000	19.000000
3.000000	10.000000	16.000000	13.000000	5.000000
2.000000	14.000000	17.000000	17.000000	17.000000
9.000000	17.000000	18.000000	3.000000	17.000000
10.926563	11.165443	11.412424	11.146208	19.000000
17.000000	3.000000	12.000000	11.000000	20.000000
14.000000	11.000000	20.000000	11.000000	11.000000
11.000000	13.000000	13.000000	6.000000	17.000000
10.004917	9.589788	9.557203	9.766253	16.000000
9.454667	8.998233	9.102139	9.005158	20.000000
20.000000	5.000000	2.000000	8.000000	13.000000
13.000000	17.000000	8.000000	16.000000	19.000000
19.000000	1.000000	1.000000	18.000000	11.000000
11.000000	20.000000	15.000000	3.000000	6.000000
3.000000	3.000000	4.000000	5.000000	8.000000
11.000000	4.000000	13.000000	14.000000	4.000000
4.000000	5.000000	20.000000	6.000000	13.000000
12.000000	18.000000	1.000000	11.000000	5.000000
19.000000	9.000000	5.000000	19.000000	7.000000
15.000000	1.000000	18.000000	9.000000	16.000000
3.000000	11.000000	18.000000	19.000000	16.000000
5.000000	1.000000	11.000000	9.000000	15.000000
9.703432	9.225889	9.337226	9.385239	10.000000
3.000000	8.000000	7.000000	15.000000	19.000000
11.000000	13.000000	7.000000	15.000000	11.000000
5.000000	1.000000	4.000000	3.000000	9.000000
19.000000	17.000000	11.000000	16.000000	7.000000
18.000000	13.000000	8.000000	20.000000	1.000000
14.000000	5.000000	5.000000	4.000000	1.000000
14.000000	7.000000	9.000000	12.000000	13.000000
19.000000	2.000000	6.000000	5.000000	8.000000
8.000000	2.000000	20.000000	11.000000	16.000000
9.586005	9.857055	9.940161	9.784283	17.000000
11.000000	20.000000	9.000000	10.000000	12.000000
1.000000	3.000000	8.000000	6.000000	6.000000
9.000000	19.000000	4.000000	9.000000	11.000000
17.000000	7.000000	4.000000	2.000000	3.000000
4.000000	1.000000	4.000000	15.000000	12.000000
9.576683	9.355467	9.538486	9.529475	17.000000
10.076541	9.786420	9.921120	10.063703	6.000000
19.000000	17.000000	8.000000	7.000000	14.000000
5.000000	7.000000	12.000000	9.000000	7.000000
14.000000	5.000000	13.000000	10.000000	18.000000
7.000000	5.000000	10.000000	3.000000	19.000000
10.264707	10.123568	10.058115	10.218767	19.000000
9.000000	12.000000	15.000000	9.000000	8.000000
9.236056	10.079129	9.662487	9.330746	5.000000
9.000000	4.000000	3.000000	12.000000	12.000000
9.000000	18.000000	8.000000	13.000000	7.000000
17.000000	20.000000	11.000000	6.000000	2.000000
9.000000	19.000000	14.000000	14.000000	3.000000
9.548993	10.376061	9.868016	9.799958	2.000000
1.000000	19.000000	1.000000	8.000000	17.000000
5.000000	8.000000	20.000000	20.000000	20.000000
8.812143	9.626469	9.316503	9.140560	13.000000
15.000000	18.000000	12.000000	17.000000	4.000000
8.904852	9.544104	9.413988	9.224838	10.000000
16.000000	2.000000	16.000000	9.000000	1.000000
17.000000	2.000000	19.000000	17.000000	9.000000
7.000000	14.000000	9.000000	19.000000	13.000000
8.000000	1.000000	12.000000	8.000000	3.000000
8.363227	8.038836	7.982720	8.157211	10.000000
15.000000	19.000000	18.000000	8.000000	9.000000
8.000000	3.000000	10.000000	15.000000	4.000000
10.000000	3.000000	5.000000	20.000000	12.000000
5.000000	7.000000	5.000000	13.000000	17.000000
9.422283	8.844674	8.997046	9.035216	19.000000
19.000000	8.000000	12.000000	11.000000	14.000000
1.000000	5.000000	5.000000	19.000000	5.000000
13.000000	18.000000	19.000000	2.000000	12.000000
2.000000	4.000000	6.000000	6.000000	3.000000
17.000000	11.000000	1.000000	1.000000	3.000000
10.770766	10.658390	10.517922	10.676834	13.000000
9.631927	10.233066	10.087656	9.774383	6.000000
7.839999	7.367038	7.362444	7.576399	19.000000
7.000000	13.000000	16.000000	5.000000	15.000000
8.511694	9.359331	9.077516	8.743371	12.000000
9.471783	9.187016	9.342199	9.442483	14.000000
8.291784	9.083580	8.952332	8.560803	18.000000
10.000000	19.000000	14.000000	1.000000	7.000000
19.000000	18.000000	16.000000	1.000000	6.000000
14.000000	7.000000	19.000000	2.000000	4.000000
5.000000	12.000000	10.000000	14.000000	8.000000
10.543401	10.339155	10.382316	10.694131	13.000000
14.000000	15.000000	18.000000	19.000000	9.000000
7.000000	1.000000	19.000000	12.000000	1.000000
6.000000	3.000000	18.000000	13.000000	15.000000
16.000000	18.000000	14.000000	6.000000	11.000000
17.000000	2.000000	3.000000	6.000000	7.000000
8.410129	8.732340	8.708425	8.763264	4.000000
9.404320	9.699234	9.753662	9.651781	6.000000
18.000000	15.000000	6.000000	17.000000	7.000000
6.000000	14.000000	9.000000	16.000000	18.000000
3.000000	11.000000	7.000000	8.000000	16.000000
18.000000	4.000000	17.000000	12.000000	9.000000
9.337272	9.813725	9.664706	9.331510	15.000000
2.000000	8.000000	9.000000	12.000000	4.000000
10.143334	10.056625	9.973207	10.024136	17.000000
17.000000	17.000000	2.000000	17.000000	12.000000
9.172779	9.807308	9.542244	9.210160	19.000000
1.000000	7.000000	2.000000	9.000000	10.000000
11.000000	3.000000	2.000000	9.000000	11.000000
16.000000	10.000000	19.000000	5.000000	13.000000
14.000000	10.000000	2.000000	4.000000	1.000000
10.000000	20.000000	17.000000	12.000000	16.000000
20.000000	2.000000	7.000000	5.000000	11.000000
8.445499	8.720248	8.491210	8.499959	13.000000
18.000000	8.000000	15.000000	12.000000	8.000000
17.000000	7.000000	10.000000	15.000000	3.000000
2.000000	1.000000	13.000000	15.000000	4.000000
5.000000	5.000000	16.000000	1.000000	16.000000
11.000000	12.000000	9.000000	9.000000	16.000000
12.000000	5.000000	12.000000	12.000000	3.000000
4.000000	10.000000	2.000000	10.000000	1.000000
10.000000	18.000000	19.000000	19.000000	5.000000
2.000000	12.000000	5.000000	6.000000	7.000000
8.000000	10.000000	11.000000	3.000000	2.000000
18.000000	6.000000	5.000000	18.000000	14.000000
9.030163	9.887139	9.491773	9.176415	1.000000
8.845076	9.494118	9.268763	8.989800	7.000000
9.122365	9.845490	9.422309	9.215283	13.000000
8.000000	5.000000	5.000000	4.000000	10.000000
3.000000	12.000000	11.000000	13.000000	6.000000
4.000000	2.000000	3.000000	8.000000	19.000000
9.464115	9.820283	9.759445	9.819944	13.000000
9.800384	10.060882	9.958995	9.805487	4.000000
16.000000	6.000000	7.000000	12.000000	9.000000
11.000000	19.000000	14.000000	15.000000	3.000000
15.000000	9.000000	6.000000	18.000000	1.000000
3.000000	1.000000	2.000000	18.000000	1.000000
13.000000	6.000000	11.000000	12.000000	4.000000
4.000000	3.000000	14.000000	13.000000	7.000000
17.000000	1.000000	4.000000	15.000000	12.000000
12.000000	6.000000	2.000000	17.000000	12.000000
16.000000	4.000000	1.000000	13.000000	1.000000
13.000000	16.000000	13.000000	7.000000	5.000000
5.000000	19.000000	10.000000	16.000000	10.000000
5.000000	11.000000	4.000000	18.000000	15.000000
8.863371	8.890186	9.132900	8.888004	13.000000
6.000000	8.000000	10.000000	20.000000	17.000000
9.056492	9.739004	9.522743	9.296803	8.000000
12.000000	18.000000	15.000000	4.000000	4.000000
19.000000	1.000000	2.000000	8.000000	8.000000
3.000000	4.000000	18.000000	18.000000	1.000000
12.000000	19.000000	18.000000	19.000000	3.000000
2.000000	16.000000	2.000000	3.000000	15.000000
18.000000	16.000000	10.000000	17.000000	20.000000
17.000000	20.000000	17.000000	3.000000	16.000000
9.247700	9.315360	9.399703	9.193204	20.000000
3.000000	19.000000	3.000000	12.000000	16.000000
15.000000	15.000000	14.000000	4.000000	13.000000
8.658917	9.471169	9.277465	8.826453	8.000000
9.618859	9.280315	9.430178	9.497327	16.000000
9.880661	10.122466	10.092340	10.058335	14.000000
2.000000	15.000000	14.000000	17.000000	19.000000
13.000000	11.000000	18.000000	15.000000	2.000000
5.000000	9.000000	17.000000	19.000000	5.000000
9.000000	18.000000	10.000000	9.000000	19.000000
9.000000	4.000000	6.000000	12.000000	7.000000
13.000000	18.000000	19.000000	19.000000	8.000000
4.000000	1.000000	14.000000	18.000000	9.000000
13.000000	2.000000	12.000000	2.000000	9.000000
10.247161	9.774217	9.892980	9.895671	16.000000
13.000000	2.000000	14.000000	14.000000	10.000000
8.494108	9.563321	9.034733	8.667479	6.000000
12.000000	13.000000	3.000000	2.000000	4.000000
2.000000	5.000000	16.000000	16.000000	14.000000
4.000000	8.000000	8.000000	15.000000	1.000000
7.672852	8.486973	8.165131	8.017282	20.000000
2.000000	1.000000	13.000000	7.000000	14.000000
15.000000	10.000000	16.000000	19.000000	11.000000
1.000000	2.000000	3.000000	3.000000	3.000000
8.352589	7.853182	8.102120	8.247584	20.000000
9.397204	8.993325	8.835321	9.098708	3.000000
10.993727	10.489364	10.536035	10.616473	7.000000
6.000000	9.000000	7.000000	18.000000	15.000000
20.000000	12.000000	17.000000	8.000000	3.000000
7.000000	8.000000	4.000000	1.000000	3.000000
9.238594	10.031025	10.021537	9.373869	19.000000
10.000000	14.000000	7.000000	20.000000	18.000000
2.000000	18.000000	8.000000	7.000000	5.000000
6.000000	12.000000	14.000000	4.000000	2.000000
20.000000	16.000000	5.000000	16.000000	3.000000
7.000000	14.000000	2.000000	11.000000	15.000000
16.000000	9.000000	13.000000	14.000000	18.000000
9.242547	9.004744	9.152435	9.214258	2.000000
20.000000	15.000000	11.000000	20.000000	1.000000
16.000000	5.000000	5.000000	1.000000	9.000000
6.000000	20.000000	4.000000	2.000000	8.000000
18.000000	9.000000	1.000000	19.000000	11.000000
9.295251	10.028864	9.757041	9.415680	20.000000
9.339526	9.155951	9.313624	9.150886	7.000000
16.000000	14.000000	1.000000	19.000000	13.000000
10.932279	10.391393	10.577881	10.735572	6.000000
9.000000	2.000000	5.000000	4.000000	4.000000
4.000000	13.000000	4.000000	5.000000	12.000000
8.701835	8.448816	8.299935	8.732009	14.000000
9.000000	7.000000	7.000000	3.000000	20.000000
13.000000	11.000000	5.000000	5.000000	9.000000
8.730231	9.418275	9.420155	9.117955	2.000000
19.000000	18.000000	15.000000	15.000000	14.000000
18.000000	19.000000	6.000000	13.000000	15.000000
9.000000	10.000000	17.000000	18.000000	17.000000
10.000000	7.000000	15.000000	8.000000	9.000000
9.411787	8.974777	9.071842	9.172347	16.000000
8.840747	9.365299	9.111036	8.907881	9.000000
14.000000	2.000000	18.000000	20.000000	17.000000
11.000000	10.000000	7.000000	17.000000	2.000000
1.000000	5.000000	12.000000	17.000000	3.000000
8.000000	19.000000	9.000000	15.000000	6.000000
9.075267	8.583109	8.854036	8.756878	11.000000
5.000000	18.000000	2.000000	17.000000	2.000000
10.000000	2.000000	3.000000	8.000000	2.000000
9.987671	10.846095	10.473999	10.382366	6.000000
4.000000	17.000000	3.000000	15.000000	6.000000
5.000000	15.000000	4.000000	5.000000	9.000000
1.000000	5.000000	9.000000	10.000000	4.000000
19.000000	15.000000	2.000000	1.000000	11.000000
8.423721	8.748846	8.893285	8.640168	1.000000
6.000000	8.000000	11.000000	8.000000	16.000000
8.000000	11.000000	5.000000	10.000000	6.000000
10.000000	6.000000	12.000000	5.000000	2.000000
9.506826	9.640443	9.857071	9.891458	15.000000
10.000000	10.000000	1.000000	3.000000	2.000000
3.000000	17.000000	4.000000	7.000000	6.000000
16.000000	12.000000	5.000000	18.000000	19.000000
20.000000	6.000000	2.000000	4.000000	7.000000
7.000000	5.000000	13.000000	18.000000	9.000000
7.809229	8.028586	7.963310	7.941567	8.000000
20.000000	2.000000	9.000000	12.000000	16.000000
11.000000	14.000000	5.000000	6.000000	1.000000
10.000000	1.000000	4.000000	14.000000	19.000000
15.000000	5.000000	16.000000	16.000000	9.000000
9.418764	10.073163	9.677261	9.745069	3.000000
14.000000	20.000000	11.000000	19.000000	11.000000
10.000000	10.000000	4.000000	10.000000	1.000000
9.148381	9.741721	9.376318	9.206608	5.000000
9.025966	9.233367	9.589792	9.306379	10.000000
16.000000	16.000000	14.000000	3.000000	3.000000
9.197312	9.308887	9.660509	9.377137	10.000000
10.000000	4.000000	9.000000	12.000000	2.000000
11.000000	1.000000	3.000000	7.000000	2.000000
9.825537	10.153530	10.258574	10.258559	13.000000
8.694508	9.304974	9.319572	8.798005	7.000000
9.833341	9.401283	9.461756	9.627938	16.000000
16.000000	17.000000	20.000000	3.000000	7.000000
10.323290	10.417164	10.656567	10.548664	3.000000
9.388920	9.718384	9.747635	9.812879	5.000000
16.000000	19.000000	2.000000	9.000000	6.000000
14.000000	7.000000	3.000000	2.000000	13.000000
9.418764	9.641332	9.827194	9.781221	2.000000
2.000000	9.000000	18.000000	13.000000	3.000000
8.579717	8.683032	8.865671	8.738732	9.000000
9.116392	8.730845	8.840634	9.079174	11.000000
4.000000	18.000000	9.000000	18.000000	6.000000
6.000000	11.000000	4.000000	9.000000	5.000000
9.000000	9.000000	3.000000	7.000000	15.000000
16.000000	8.000000	3.000000	13.000000	1.000000
18.000000	8.000000	13.000000	11.000000	12.000000
2.000000	19.000000	18.000000	1.000000	20.000000
20.000000	16.000000	9.000000	8.000000	13.000000
7.000000	6.000000	16.000000	2.000000	6.000000
12.000000	10.000000	6.000000	14.000000	16.000000
20.000000	10.000000	16.000000	3.000000	14.000000
8.000000	20.000000	14.000000	12.000000	2.000000
9.741162	9.942934	10.241816	10.017155	5.000000
12.000000	14.000000	13.000000	12.000000	2.000000
17.000000	18.000000	7.000000	12.000000	20.000000
4.000000	3.000000	1.000000	9.000000	9.000000
9.000000	9.000000	10.000000	16.000000	3.000000
15.000000	15.000000	14.000000	8.000000	6.000000
15.000000	13.000000	11.000000	7.000000	19.000000
15.000000	10.000000	12.000000	19.000000	1.000000
13.000000	16.000000	11.000000	11.000000	19.000000
2.000000	14.000000	14.000000	2.000000	3.000000
14.000000	2.000000	3.000000	3.000000	17.000000
5.000000	9.000000	3.000000	18.000000	17.000000
9.000000	12.000000	1.000000	19.000000	10.000000
19.000000	5.000000	19.000000	10.000000	4.000000
12.000000	15.000000	19.000000	2.000000	17.000000
17.000000	3.000000	3.000000	2.000000	16.000000
5.000000	15.000000	10.000000	19.000000	17.000000
18.000000	3.000000	18.000000	1.000000	20.000000
14.000000	9.000000	3.000000	14.000000	7.000000
5.000000	4.000000	11.000000	3.000000	13.000000
9.685806	9.339480	9.179371	9.430652	7.000000
16.000000	13.000000	1.000000	18.000000	14.000000
9.000000	14.000000	9.000000	18.000000	12.000000
17.000000	15.000000	6.000000	14.000000	7.000000
9.018004	8.792307	8.866708	8.968657	4.000000
13.000000	3.000000	7.000000	16.000000	18.000000
9.176250	9.307530	9.408773	9.303542	17.000000
9.368261	9.038571	9.294687	9.235143	6.000000
9.462325	10.172070	9.952982	9.509817	19.000000
2.000000	11.000000	14.000000	7.000000	16.000000
12.000000	3.000000	7.000000	7.000000	2.000000
10.000000	11.000000	4.000000	9.000000	6.000000
8.401250	8.060886	8.127001	8.388487	1.000000
15.000000	5.000000	10.000000	3.000000	6.000000
9.832992	10.545455	10.314282	9.943141	2.000000
6.000000	7.000000	4.000000	19.000000	6.000000
11.000000	11.000000	8.000000	17.000000	9.000000
9.000000	7.000000	19.000000	5.000000	15.000000
17.000000	17.000000	6.000000	15.000000	20.000000
18.000000	9.000000	16.000000	19.000000	3.000000
2.000000	14.000000	10.000000	9.000000	11.000000
11.000000	14.000000	9.000000	6.000000	5.000000
14.000000	17.000000	7.000000	2.000000	13.000000
7.000000	2.000000	11.000000	17.000000	6.000000
5.000000	13.000000	15.000000	2.000000	7.000000
14.000000	12.000000	15.000000	2.000000	10.000000
8.453075	8.289208	8.243455	8.329443	15.000000
9.824362	9.835150	9.712084	9.709906	7.000000
4.000000	7.000000	15.000000	2.000000	20.000000
9.057965	8.556901	8.642819	8.831170	5.000000
11.000000	14.000000	9.000000	5.000000	8.000000
16.000000	11.000000	19.000000	2.000000	12.000000
8.000000	11.000000	6.000000	3.000000	1.000000
20.000000	19.000000	1.000000	19.000000	12.000000
19.000000	15.000000	11.000000	13.000000	16.000000
2.000000	12.000000	16.000000	15.000000	1.000000
12.000000	6.000000	6.000000	20.000000	2.000000
5.000000	7.000000	12.000000	3.000000	9.000000
8.901709	8.619900	8.745177	8.826701	5.000000
11.000000	19.000000	3.000000	11.000000	10.000000
7.000000	2.000000	16.000000	9.000000	6.000000
3.000000	10.000000	17.000000	18.000000	5.000000
9.000000	1.000000	2.000000	7.000000	13.000000
3.000000	11.000000	19.000000	7.000000	6.000000
8.018331	8.833657	8.635909	8.443479	9.000000
10.508501	10.069959	10.188994	10.127000	2.000000
20.000000	4.000000	15.000000	15.000000	12.000000
20.000000	18.000000	14.000000	9.000000	7.000000
10.128546	10.927122	10.685540	10.337614	15.000000
20.000000	5.000000	6.000000	10.000000	11.000000
11.000000	9.000000	12.000000	10.000000	17.000000
12.000000	13.000000	8.000000	2.000000	10.000000
9.000000	2.000000	6.000000	3.000000	8.000000
9.000000	14.000000	17.000000	14.000000	2.000000
4.000000	3.000000	11.000000	3.000000	5.000000
9.749808	9.862077	9.978774	9.983682	3.000000
4.000000	12.000000	11.000000	15.000000	13.000000
8.000000	18.000000	5.000000	15.000000	20.000000
7.000000	15.000000	13.000000	4.000000	9.000000
12.000000	4.000000	14.000000	9.000000	18.000000
16.000000	12.000000	20.000000	6.000000	14.000000
17.000000	2.000000	7.000000	18.000000	4.000000
1.000000	1.000000	7.000000	12.000000	16.000000
10.327333	11.045529	10.757509	10.889869	5.000000
9.658623	9.355328	9.280079	9.411389	17.000000
9.353482	9.750113	9.736307	9.921918	8.000000
18.000000	11.000000	11.000000	9.000000	16.000000
16.000000	5.000000	18.000000	14.000000	2.000000
1.000000	14.000000	15.000000	7.000000	5.000000
2.000000	18.000000	15.000000	6.000000	2.000000
11.000000	2.000000	15.000000	13.000000	9.000000
12.000000	3.000000	20.000000	4.000000	19.000000
7.000000	1.000000	9.000000	17.000000	1.000000
17.000000	12.000000	18.000000	6.000000	5.000000
9.389274	9.837203	9.779256	9.621358	4.000000
15.000000	6.000000	14.000000	10.000000	12.000000
15.000000	12.000000	13.000000	1.000000	5.000000
13.000000	4.000000	19.000000	13.000000	7.000000
17.000000	11.000000	19.000000	18.000000	8.000000
20.000000	14.000000	11.000000	17.000000	19.000000
8.000000	7.000000	16.000000	18.000000	12.000000
10.854475	10.390600	10.491119	10.699718	13.000000
20.000000	10.000000	17.000000	12.000000	3.000000
1.000000	5.000000	6.000000	19.000000	9.000000
13.000000	8.000000	19.000000	11.000000	5.000000
18.000000	2.000000	10.000000	9.000000	18.000000
8.000000	8.000000	17.000000	15.000000	17.000000
10.579802	10.287637	10.327381	10.600214	1.000000
5.000000	16.000000	2.000000	1.000000	19.000000
9.450253	9.205528	9.232423	9.315389	11.000000
3.000000	2.000000	10.000000	2.000000	4.000000
14.000000	19.000000	6.000000	3.000000	19.000000
9.493634	9.688047	9.766047	9.738391	16.000000
14.000000	10.000000	13.000000	6.000000	18.000000
9.596418	9.511817	9.954706	9.711304	2.000000
3.000000	10.000000	2.000000	18.000000	19.000000
4.000000	12.000000	12.000000	14.000000	5.000000
9.497219	9.647444	9.686269	9.929414	14.000000
6.000000	15.000000	15.000000	4.000000	17.000000
3.000000	9.000000	19.000000	7.000000	14.000000
7.922752	8.514441	8.269249	8.109734	16.000000
16.000000	14.000000	5.000000	9.000000	3.000000
9.497108	9.758703	9.783026	9.690205	10.000000
19.000000	9.000000	8.000000	14.000000	20.000000
13.000000	20.000000	14.000000	20.000000	15.000000
3.000000	2.000000	15.000000	1.000000	20.000000
1.000000	16.000000	10.000000	15.000000	7.000000
5.000000	3.000000	20.000000	10.000000	3.000000
9.543591	10.040892	10.001273	9.947163	18.000000
16.000000	19.000000	18.000000	4.000000	13.000000
17.000000	8.000000	4.000000	3.000000	7.000000
10.000000	5.000000	20.000000	4.000000	5.000000
19.000000	4.000000	12.000000	8.000000	19.000000
10.000000	13.000000	13.000000	9.000000	14.000000
15.000000	3.000000	17.000000	2.000000	3.000000
9.949721	9.726074	9.660611	9.675352	12.000000
9.080012	9.625808	9.413283	9.333006	14.000000
18.000000	18.000000	10.000000	18.000000	1.000000
10.661216	10.550219	10.346968	10.652448	4.000000
15.000000	6.000000	8.000000	19.000000	6.000000
13.000000	13.000000	1.000000	9.000000	6.000000
15.000000	7.000000	3.000000	16.000000	9.000000
6.000000	1.000000	20.000000	17.000000	1.000000
5.000000	7.000000	18.000000	14.000000	4.000000
11.000000	19.000000	11.000000	7.000000	15.000000
14.000000	13.000000	12.000000	13.000000	11.000000
8.619680	9.250912	9.163812	8.714355	18.000000
1.000000	16.000000	4.000000	15.000000	12.000000
12.000000	12.000000	4.000000	4.000000	1.000000
10.476360	10.298535	10.217201	10.395823	2.000000
9.852505	9.606896	9.605310	9.773673	2.000000
7.000000	6.000000	14.000000	10.000000	10.000000
16.000000	19.000000	7.000000	11.000000	20.000000
4.000000	11.000000	16.000000	7.000000	5.000000
10.532133	10.555123	10.773952	10.796419	13.000000
16.000000	6.000000	1.000000	14.000000	20.000000
14.000000	3.000000	15.000000	13.000000	15.000000
17.000000	11.000000	12.000000	10.000000	1.000000
8.333661	8.694072	8.587782	8.625202	8.000000
10.173901	9.876174	9.974899	9.833251	12.000000
14.000000	16.000000	14.000000	1.000000	9.000000
6.000000	9.000000	7.000000	18.000000	2.000000
6.000000	3.000000	17.000000	12.000000	8.000000
11.000000	8.000000	18.000000	14.000000	10.000000
10.113664	10.084496	10.493105	10.322216	9.000000
14.000000	11.000000	14.000000	3.000000	8.000000
6.000000	16.000000	15.000000	11.000000	16.000000
8.705215	8.591910	8.418104	8.586930	6.000000
9.100107	9.030387	9.356146	9.330433	18.000000
10.186617	10.349813	10.336721	10.377296	9.000000
9.876943	10.390448	10.376513	10.212583	14.000000
14.000000	5.000000	4.000000	20.000000	7.000000
9.280194	9.117383	9.318240	9.410657	7.000000
10.000000	20.000000	14.000000	5.000000	20.000000
9.382393	10.029140	10.013610	9.499634	15.000000
7.000000	17.000000	10.000000	15.000000	1.000000
8.768146	8.734999	8.657734	8.915566	12.000000
9.908257	9.854308	9.701443	10.113345	12.000000
15.000000	6.000000	8.000000	9.000000	3.000000
14.000000	10.000000	14.000000	20.000000	6.000000
10.240348	10.125490	10.005719	10.304204	20.000000
10.006266	9.761011	10.123723	9.961193	7.000000
1.000000	17.000000	7.000000	7.000000	4.000000
10.000000	7.000000	9.000000	18.000000	2.000000
7.620752	8.339369	8.355896	7.812621	5.000000
8.664927	9.318715	9.125389	8.974580	16.000000
11.000000	7.000000	6.000000	18.000000	20.000000
17.000000	4.000000	12.000000	5.000000	19.000000
10.000000	18.000000	7.000000	16.000000	4.000000
8.526671	9.208798	9.098941	8.944508	7.000000
3.000000	2.000000	11.000000	2.000000	13.000000
7.000000	10.000000	18.000000	12.000000	4.000000
5.000000	2.000000	2.000000	10.000000	12.000000
13.000000	19.000000	7.000000	16.000000	15.000000
5.000000	5.000000	12.000000	11.000000	12.000000
16.000000	13.000000	9.000000	9.000000	15.000000
15.000000	12.000000	17.000000	17.000000	5.000000
9.000000	3.000000	14.000000	18.000000	14.000000
9.000000	3.000000	7.000000	10.000000	4.000000
10.000000	15.000000	2.000000	16.000000	10.000000
8.061013	8.707240	8.784068	8.470417	15.000000
18.000000	15.000000	19.000000	6.000000	4.000000
14.000000	12.000000	7.000000	10.000000	8.000000
11.000000	10.000000	2.000000	16.000000	20.000000
