7.000000	5.000000	14.000000	6.000000	6.000000
9.000000	15.000000	20.000000	3.000000	11.000000
9.397882	9.204066	9.045959	9.435270	10.000000
9.482246	10.177129	9.926435	9.831926	11.000000
12.000000	20.000000	14.000000	10.000000	1.000000
14.000000	20.000000	10.000000	15.000000	7.000000
1.000000	2.000000	3.000000	6.000000	7.000000
10.759677	10.986929	11.115252	11.053122	9.000000
9.598417	8.995124	9.063548	9.363267	20.000000
20.000000	12.000000	5.000000	16.000000	18.000000
10.589560	10.487263	10.724741	10.801709	8.000000
17.000000	13.000000	19.000000	19.000000	20.000000
6.000000	11.000000	13.000000	20.000000	9.000000
11.000000	20.000000	15.000000	3.000000	20.000000
3.000000	6.000000	12.000000	13.000000	2.000000
8.868498	8.624394	8.648664	8.773498	20.000000
15.000000	14.000000	18.000000	3.000000	13.000000
18.000000	12.000000	18.000000	16.000000	2.000000
17.000000	1.000000	4.000000	9.000000	13.000000
12.000000	19.000000	12.000000	6.000000	13.000000
3.000000	20.000000	18.000000	7.000000	4.000000
9.989159	9.671824	9.801676	9.906806	17.000000
19.000000	14.000000	10.000000	16.000000	16.000000
8.745399	8.961953	9.148939	9.023157	1.000000
20.000000	11.000000	13.000000	16.000000	11.000000
5.000000	7.000000	9.000000	17.000000	5.000000
2.000000	19.000000	4.000000	11.000000	17.000000
20.000000	14.000000	6.000000	7.000000	1.000000
8.517100	9.380548	9.005070	8.757545	12.000000
1.000000	9.000000	17.000000	12.000000	11.000000
17.000000	3.000000	2.000000	9.000000	18.000000
12.000000	6.000000	5.000000	13.000000	2.000000
1.000000	6.000000	12.000000	4.000000	8.000000
9.000000	15.000000	1.000000	6.000000	1.000000
13.000000	8.000000	5.000000	18.000000	2.000000
9.000000	11.000000	10.000000	5.000000	2.000000
13.000000	13.000000	4.000000	6.000000	13.000000
10.132913	9.831430	9.957407	9.918736	1.000000
11.000000	18.000000	18.000000	3.000000	13.000000
6.000000	3.000000	8.000000	6.000000	8.000000
20.000000	11.000000	7.000000	17.000000	8.000000
8.784996	8.193151	8.466125	8.498275	1.000000
11.000000	2.000000	13.000000	7.000000	7.000000
5.000000	20.000000	16.000000	3.000000	9.000000
8.000000	13.000000	18.000000	6.000000	7.000000
2.000000	3.000000	9.000000	9.000000	8.000000
9.000000	1.000000	10.000000	15.000000	17.000000
18.000000	15.000000	1.000000	19.000000	17.000000
1.000000	2.000000	10.000000	5.000000	8.000000
9.000000	9.000000	19.000000	4.000000	11.000000
19.000000	3.000000	16.000000	16.000000	20.000000
2.000000	17.000000	2.000000	3.000000	18.000000
9.706857	9.823226	9.773969	9.985530	17.000000
9.858467	9.527089	9.374453	9.384592	19.000000
20.000000	18.000000	20.000000	1.000000	2.000000
19.000000	9.000000	2.000000	17.000000	4.000000
5.000000	15.000000	7.000000	20.000000	2.000000
6.000000	13.000000	18.000000	8.000000	15.000000
15.000000	9.000000	17.000000	4.000000	11.000000
6.000000	9.000000	11.000000	9.000000	6.000000
9.000000	20.000000	3.000000	20.000000	20.000000
16.000000	18.000000	9.000000	10.000000	6.000000
4.000000	14.000000	12.000000	10.000000	5.000000
13.000000	8.000000	17.000000	10.000000	7.000000
4.000000	17.000000	7.000000	20.000000	20.000000
17.000000	5.000000	1.000000	7.000000	5.000000
9.627622	9.127329	9.591243	9.480257	6.000000
8.000000	8.000000	15.000000	8.000000	17.000000
9.964746	10.615175	10.394930	10.122615	1.000000
8.984670	9.646441	9.580670	9.119843	5.000000
6.000000	18.000000	1.000000	12.000000	17.000000
12.000000	8.000000	14.000000	12.000000	7.000000
10.000000	18.000000	5.000000	6.000000	18.000000
11.000000	5.000000	17.000000	17.000000	12.000000
14.000000	17.000000	2.000000	15.000000	7.000000
14.000000	1.000000	2.000000	5.000000	15.000000
6.000000	10.000000	12.000000	18.000000	13.000000
9.748741	9.250262	9.336851	9.392147	13.000000
19.000000	15.000000	2.000000	15.000000	12.000000
11.000000	17.000000	16.000000	7.000000	14.000000
9.235912	10.051451	9.796533	9.383410	7.000000
9.459841	9.002316	9.121673	9.109230	10.000000
5.000000	6.000000	20.000000	8.000000	3.000000
4.000000	7.000000	16.000000	16.000000	12.000000
8.000000	6.000000	6.000000	1.000000	1.000000
9.000000	11.000000	17.000000	4.000000	9.000000
9.933247	10.710855	10.420625	10.211616	13.000000
19.000000	19.000000	18.000000	17.000000	7.000000
8.000000	13.000000	5.000000	19.000000	20.000000
9.912786	9.629270	9.633898	9.992739	10.000000
9.000000	1.000000	15.000000	6.000000	13.000000
15.000000	14.000000	3.000000	4.000000	17.000000
4.000000	13.000000	10.000000	4.000000	4.000000
3.000000	2.000000	2.000000	20.000000	10.000000
11.008184	10.603320	10.816811	10.719297	9.000000
1.000000	3.000000	3.000000	18.000000	16.000000
12.000000	7.000000	9.000000	6.000000	12.000000
1.000000	13.000000	6.000000	16.000000	16.000000
14.000000	19.000000	8.000000	16.000000	14.000000
10.686639	10.378217	10.618725	10.736931	9.000000
4.000000	4.000000	20.000000	17.000000	7.000000
8.000000	17.000000	1.000000	10.000000	14.000000
17.000000	1.000000	12.000000	5.000000	7.000000
4.000000	17.000000	11.000000	1.000000	12.000000
6.000000	14.000000	10.000000	5.000000	9.000000
3.000000	8.000000	18.000000	9.000000	3.000000
8.728785	9.396332	9.356962	8.958697	20.000000
17.000000	5.000000	8.000000	17.000000	15.000000
10.114607	10.378253	10.516970	10.287630	9.000000
9.541034	10.210903	9.924459	9.836779	20.000000
9.640163	9.351810	9.268774	9.486006	5.000000
14.000000	13.000000	4.000000	12.000000	2.000000
6.000000	10.000000	17.000000	4.000000	7.000000
9.000000	20.000000	11.000000	16.000000	8.000000
5.000000	1.000000	1.000000	12.000000	6.000000
1.000000	16.000000	5.000000	6.000000	19.000000
5.000000	3.000000	10.000000	10.000000	13.000000
14.000000	15.000000	5.000000	9.000000	6.000000
18.000000	15.000000	7.000000	15.000000	10.000000
13.000000	3.000000	1.000000	4.000000	10.000000
10.484109	10.181980	10.224256	10.323774	11.000000
8.000000	1.000000	7.000000	4.000000	6.000000
9.878635	9.328921	9.481606	9.691934	9.000000
12.000000	12.000000	16.000000	9.000000	20.000000
1.000000	6.000000	14.000000	8.000000	12.000000
15.000000	12.000000	14.000000	15.000000	15.000000
16.000000	15.000000	15.000000	6.000000	14.000000
5.000000	5.000000	14.000000	3.000000	8.000000
20.000000	19.000000	8.000000	11.000000	5.000000
8.000000	3.000000	8.000000	3.000000	3.000000
9.215224	9.805547	9.794020	9.821944	15.000000
20.000000	7.000000	6.000000	5.000000	14.000000
13.000000	12.000000	8.000000	7.000000	17.000000
9.189540	9.115135	9.164838	9.304296	18.000000
1.000000	18.000000	16.000000	20.000000	8.000000
12.000000	7.000000	2.000000	19.000000	2.000000
4.000000	18.000000	17.000000	4.000000	10.000000
9.837789	9.332883	9.605824	9.828522	19.000000
13.000000	12.000000	11.000000	20.000000	10.000000
19.000000	13.000000	13.000000	12.000000	19.000000
2.000000	4.000000	8.000000	17.000000	3.000000
15.000000	1.000000	1.000000	9.000000	11.000000
8.293103	8.967881	8.791170	8.524028	15.000000
9.000000	4.000000	9.000000	9.000000	4.000000
20.000000	1.000000	15.000000	10.000000	13.000000
5.000000	20.000000	5.000000	9.000000	3.000000
15.000000	10.000000	6.000000	2.000000	18.000000
8.732436	8.189276	8.321377	8.480514	16.000000
9.000000	6.000000	20.000000	8.000000	8.000000
6.000000	17.000000	3.000000	7.000000	5.000000
8.120213	7.741518	7.910278	8.007928	7.000000
9.000000	17.000000	6.000000	13.000000	17.000000
9.000000	19.000000	6.000000	6.000000	12.000000
3.000000	6.000000	20.000000	13.000000	10.000000
7.000000	1.000000	15.000000	18.000000	20.000000
14.000000	4.000000	8.000000	9.000000	10.000000
10.606025	10.417521	10.140705	10.327776	18.000000
13.000000	9.000000	6.000000	18.000000	2.000000
2.000000	18.000000	12.000000	19.000000	4.000000
9.719814	10.443906	10.139529	9.754802	6.000000
9.025937	8.610259	8.792196	8.688867	11.000000
7.425954	7.239618	7.192499	7.440224	10.000000
7.000000	8.000000	15.000000	13.000000	8.000000
5.000000	5.000000	17.000000	10.000000	14.000000
10.000000	4.000000	12.000000	1.000000	2.000000
7.000000	16.000000	15.000000	19.000000	2.000000
20.000000	20.000000	15.000000	17.000000	7.000000
8.978870	9.887784	9.577814	9.357733	10.000000
9.145266	9.163948	9.636677	9.566166	12.000000
5.000000	12.000000	8.000000	13.000000	1.000000
8.102048	8.875168	8.686037	8.313293	14.000000
18.000000	2.000000	10.000000	12.000000	20.000000
11.000000	12.000000	19.000000	17.000000	8.000000
6.000000	5.000000	13.000000	5.000000	18.000000
2.000000	6.000000	17.000000	19.000000	1.000000
20.000000	15.000000	12.000000	7.000000	7.000000
10.587301	10.234707	10.322690	10.526146	15.000000
13.000000	17.000000	17.000000	14.000000	20.000000
8.000000	17.000000	11.000000	7.000000	13.000000
11.000000	4.000000	18.000000	15.000000	20.000000
7.000000	17.000000	5.000000	4.000000	7.000000
17.000000	15.000000	13.000000	20.000000	14.000000
11.000000	16.000000	5.000000	10.000000	7.000000
9.200730	9.322263	9.730819	9.563361	8.000000
14.000000	3.000000	4.000000	5.000000	1.000000
10.061478	10.487155	10.354640	10.135926	1.000000
7.000000	12.000000	9.000000	4.000000	7.000000
9.422563	10.020007	9.744970	9.363760	12.000000
9.479559	9.871895	9.754901	9.858345	18.000000
5.000000	9.000000	12.000000	19.000000	15.000000
19.000000	12.000000	9.000000	2.000000	8.000000
10.404309	9.781191	9.901073	10.153334	6.000000
7.000000	15.000000	17.000000	7.000000	18.000000
9.028560	9.346806	9.465452	9.268624	12.000000
12.000000	1.000000	13.000000	10.000000	10.000000
8.995837	9.183756	9.378388	9.389285	4.000000
5.000000	3.000000	8.000000	13.000000	16.000000
9.015066	9.605161	9.301797	9.213815	1.000000
2.000000	19.000000	15.000000	18.000000	5.000000
12.000000	12.000000	18.000000	1.000000	18.000000
2.000000	4.000000	18.000000	14.000000	14.000000
20.000000	15.000000	11.000000	9.000000	20.000000
15.000000	5.000000	2.000000	2.000000	18.000000
18.000000	8.000000	3.000000	14.000000	8.000000
3.000000	15.000000	18.000000	18.000000	4.000000
3.000000	1.000000	7.000000	12.000000	13.000000
4.000000	13.000000	17.000000	14.000000	6.000000
2.000000	13.000000	13.000000	12.000000	13.000000
9.146941	9.110464	8.890578	9.066673	11.000000
15.000000	14.000000	19.000000	9.000000	7.000000
18.000000	11.000000	13.000000	16.000000	20.000000
8.000000	10.000000	1.000000	14.000000	1.000000
5.000000	18.000000	14.000000	1.000000	11.000000
11.000000	14.000000	15.000000	15.000000	6.000000
7.000000	6.000000	3.000000	4.000000	11.000000
8.370098	9.214238	9.020234	8.857247	18.000000
3.000000	1.000000	1.000000	7.000000	8.000000
20.000000	15.000000	17.000000	12.000000	20.000000
18.000000	17.000000	17.000000	3.000000	9.000000
8.751394	9.643549	9.393003	9.029247	20.000000
8.000000	20.000000	17.000000	2.000000	15.000000
19.000000	7.000000	5.000000	15.000000	2.000000
14.000000	9.000000	3.000000	14.000000	15.000000
2.000000	6.000000	1.000000	19.000000	17.000000
1.000000	8.000000	13.000000	9.000000	10.000000
9.392078	9.971752	9.890897	9.587938	12.000000
5.000000	15.000000	3.000000	14.000000	8.000000
10.000000	12.000000	7.000000	6.000000	6.000000
8.000000	19.000000	6.000000	10.000000	5.000000
8.751401	9.463473	9.037931	8.787238	2.000000
6.000000	5.000000	1.000000	11.000000	6.000000
2.000000	4.000000	5.000000	7.000000	11.000000
8.000000	4.000000	5.000000	3.000000	17.000000
4.000000	12.000000	20.000000	10.000000	17.000000
18.000000	18.000000	7.000000	3.000000	19.000000
11.000000	15.000000	2.000000	20.000000	8.000000
15.000000	6.000000	4.000000	15.000000	8.000000
9.000000	16.000000	3.000000	5.000000	15.000000
9.903343	10.214434	10.206247	10.232183	7.000000
9.409086	10.022099	9.842424	9.619752	14.000000
6.000000	2.000000	3.000000	4.000000	5.000000
8.813193	9.131000	9.142866	8.826739	6.000000
18.000000	1.000000	3.000000	14.000000	16.000000
10.000000	14.000000	3.000000	12.000000	19.000000
17.000000	16.000000	15.000000	6.000000	16.000000
10.215881	10.064055	10.177392	10.173188	16.000000
13.000000	7.000000	9.000000	15.000000	10.000000
13.000000	7.000000	16.000000	4.000000	13.000000
2.000000	13.000000	14.000000	4.000000	18.000000
1.000000	14.000000	12.000000	15.000000	17.000000
2.000000	4.000000	5.000000	16.000000	9.000000
20.000000	16.000000	12.000000	19.000000	17.000000
19.000000	3.000000	3.000000	7.000000	17.000000
4.000000	12.000000	16.000000	20.000000	7.000000
20.000000	1.000000	11.000000	5.000000	4.000000
7.484864	8.082338	8.045735	7.775589	12.000000
6.000000	5.000000	7.000000	10.000000	20.000000
15.000000	9.000000	7.000000	18.000000	8.000000
3.000000	8.000000	10.000000	17.000000	7.000000
19.000000	20.000000	10.000000	6.000000	19.000000
8.000000	17.000000	19.000000	18.000000	2.000000
3.000000	18.000000	18.000000	11.000000	9.000000
1.000000	8.000000	13.000000	7.000000	17.000000
4.000000	14.000000	18.000000	10.000000	11.000000
17.000000	4.000000	11.000000	18.000000	12.000000
17.000000	8.000000	4.000000	6.000000	13.000000
8.545523	9.427800	9.352962	9.005529	2.000000
3.000000	7.000000	20.000000	12.000000	9.000000
8.619023	8.504843	8.397982	8.536427	11.000000
13.000000	8.000000	4.000000	2.000000	10.000000
7.962058	7.958138	7.989795	8.024511	16.000000
17.000000	13.000000	3.000000	20.000000	10.000000
8.000000	13.000000	14.000000	9.000000	5.000000
15.000000	3.000000	3.000000	14.000000	14.000000
12.000000	6.000000	18.000000	8.000000	10.000000
9.000000	12.000000	17.000000	12.000000	6.000000
6.000000	18.000000	3.000000	11.000000	6.000000
18.000000	19.000000	18.000000	1.000000	10.000000
7.573366	8.232632	8.159367	7.827738	8.000000
19.000000	7.000000	10.000000	13.000000	12.000000
3.000000	4.000000	17.000000	13.000000	3.000000
6.000000	1.000000	7.000000	3.000000	12.000000
12.000000	20.000000	2.000000	14.000000	2.000000
7.000000	4.000000	12.000000	17.000000	16.000000
1.000000	7.000000	15.000000	15.000000	19.000000
10.600667	10.889091	10.963355	10.959004	9.000000
9.438617	9.137848	9.086452	9.413020	9.000000
8.277686	8.779239	8.812215	8.406574	16.000000
5.000000	8.000000	8.000000	6.000000	14.000000
9.000000	4.000000	17.000000	13.000000	12.000000
4.000000	5.000000	19.000000	18.000000	19.000000
9.000000	11.000000	15.000000	5.000000	5.000000
4.000000	12.000000	1.000000	8.000000	8.000000
2.000000	6.000000	2.000000	2.000000	3.000000
9.000000	6.000000	10.000000	16.000000	3.000000
15.000000	17.000000	7.000000	11.000000	9.000000
9.993977	9.779484	9.723269	9.871380	3.000000
4.000000	8.000000	5.000000	10.000000	12.000000
1.000000	5.000000	16.000000	2.000000	12.000000
15.000000	3.000000	10.000000	16.000000	16.000000
4.000000	5.000000	2.000000	13.000000	12.000000
4.000000	8.000000	8.000000	2.000000	10.000000
16.000000	12.000000	16.000000	1.000000	11.000000
10.000000	16.000000	19.000000	7.000000	5.000000
2.000000	7.000000	10.000000	17.000000	20.000000
13.000000	4.000000	14.000000	2.000000	19.000000
10.000000	17.000000	15.000000	11.000000	10.000000
19.000000	6.000000	9.000000	6.000000	8.000000
10.000000	14.000000	19.000000	17.000000	14.000000
9.772063	9.513208	9.675137	9.702724	17.000000
5.000000	13.000000	15.000000	14.000000	9.000000
8.736495	8.234294	8.470710	8.577717	20.000000
3.000000	9.000000	17.000000	9.000000	11.000000
18.000000	7.000000	17.000000	18.000000	5.000000
9.034205	8.689262	8.781641	8.831239	8.000000
3.000000	6.000000	6.000000	3.000000	17.000000
14.000000	7.000000	9.000000	8.000000	13.000000
9.529199	9.140155	9.283953	9.464627	2.000000
10.000000	15.000000	2.000000	18.000000	15.000000
13.000000	7.000000	2.000000	1.000000	4.000000
6.000000	16.000000	15.000000	15.000000	1.000000
2.000000	17.000000	18.000000	19.000000	11.000000
14.000000	12.000000	17.000000	14.000000	19.000000
9.000000	3.000000	5.000000	19.000000	15.000000
6.000000	1.000000	1.000000	19.000000	18.000000
15.000000	3.000000	5.000000	8.000000	3.000000
20.000000	5.000000	18.000000	14.000000	19.000000
10.000000	7.000000	7.000000	8.000000	5.000000
17.000000	13.000000	16.000000	6.000000	19.000000
9.380954	9.875344	9.698380	9.394835	17.000000
7.000000	8.000000	17.000000	7.000000	18.000000
14.000000	13.000000	1.000000	10.000000	1.000000
3.000000	10.000000	17.000000	13.000000	15.000000
9.283657	9.356154	9.417303	9.431779	13.000000
18.000000	3.000000	6.000000	6.000000	20.000000
8.669990	8.917318	8.950763	9.207637	14.000000
1.000000	2.000000	13.000000	9.000000	20.000000
10.000000	3.000000	12.000000	2.000000	4.000000
4.000000	5.000000	5.000000	1.000000	9.000000
20.000000	20.000000	2.000000	13.000000	5.000000
15.000000	10.000000	19.000000	12.000000	15.000000
10.302505	10.062780	10.249309	10.352144	14.000000
3.000000	7.000000	7.000000	15.000000	8.000000
6.000000	17.000000	2.000000	9.000000	18.000000
5.000000	13.000000	14.000000	10.000000	5.000000
14.000000	1.000000	16.000000	16.000000	13.000000
20.000000	2.000000	2.000000	19.000000	5.000000
8.979173	8.711263	8.813898	8.864267	14.000000
8.000000	9.000000	13.000000	14.000000	15.000000
20.000000	11.000000	3.000000	1.000000	19.000000
13.000000	17.000000	3.000000	18.000000	6.000000
7.000000	12.000000	6.000000	2.000000	19.000000
9.401990	9.894173	9.776502	9.531310	4.000000
9.473639	10.259749	9.651183	9.609983	17.000000
9.000000	9.000000	17.000000	13.000000	2.000000
8.525849	9.240669	8.903492	8.722150	4.000000
2.000000	18.000000	12.000000	5.000000	16.000000
18.000000	3.000000	7.000000	15.000000	17.000000
17.000000	5.000000	10.000000	8.000000	8.000000
5.000000	15.000000	19.000000	7.000000	4.000000
7.000000	15.000000	12.000000	16.000000	7.000000
9.350035	9.120717	9.050874	9.148412	4.000000
5.000000	9.000000	14.000000	17.000000	5.000000
1.000000	6.000000	20.000000	7.000000	12.000000
16.000000	15.000000	16.000000	17.000000	2.000000
8.974855	8.700127	8.731817	8.670245	19.000000
11.000000	4.000000	6.000000	2.000000	19.000000
4.000000	18.000000	9.000000	6.000000	5.000000
9.098308	8.716080	8.878751	8.772248	10.000000
2.000000	17.000000	15.000000	1.000000	15.000000
19.000000	8.000000	9.000000	6.000000	16.000000
10.000000	1.000000	8.000000	5.000000	17.000000
18.000000	15.000000	20.000000	3.000000	8.000000
10.000000	19.000000	5.000000	18.000000	16.000000
1.000000	2.000000	17.000000	18.000000	10.000000
7.000000	19.000000	7.000000	13.000000	11.000000
7.800789	8.536624	8.368157	8.201781	17.000000
10.095944	10.568667	10.427260	10.318730	8.000000
5.000000	9.000000	2.000000	17.000000	4.000000
9.882117	9.534910	9.666927	9.526218	16.000000
9.000000	19.000000	9.000000	5.000000	16.000000
18.000000	3.000000	6.000000	4.000000	16.000000
16.000000	17.000000	18.000000	13.000000	18.000000
14.000000	17.000000	20.000000	14.000000	8.000000
7.850100	8.528894	8.215586	8.094337	7.000000
11.000000	2.000000	4.000000	4.000000	19.000000
19.000000	12.000000	9.000000	19.000000	17.000000
16.000000	17.000000	11.000000	13.000000	12.000000
6.000000	8.000000	20.000000	16.000000	12.000000
17.000000	1.000000	20.000000	17.000000	15.000000
19.000000	3.000000	5.000000	7.000000	15.000000
11.000000	17.000000	16.000000	14.000000	13.000000
10.029710	9.543853	9.403031	9.537589	3.000000
9.826429	10.023965	10.030202	9.976658	7.000000
8.889739	9.150607	9.328132	9.124586	15.000000
18.000000	11.000000	16.000000	18.000000	19.000000
2.000000	16.000000	13.000000	6.000000	2.000000
8.000000	8.000000	11.000000	3.000000	1.000000
3.000000	1.000000	17.000000	6.000000	8.000000
12.000000	10.000000	14.000000	2.000000	12.000000
20.000000	16.000000	11.000000	14.000000	2.000000
9.205448	9.279435	9.330102	9.353070	1.000000
2.000000	14.000000	8.000000	14.000000	11.000000
2.000000	1.000000	18.000000	12.000000	16.000000
10.000000	6.000000	8.000000	19.000000	3.000000
7.000000	10.000000	12.000000	20.000000	3.000000
8.005030	8.897188	8.607125	8.342029	5.000000
12.000000	3.000000	8.000000	15.000000	7.000000
10.832087	10.156461	10.435046	10.414522	9.000000
10.184987	11.021724	10.804794	10.428721	20.000000
9.683855	9.221902	9.269631	9.500980	18.000000
19.000000	3.000000	7.000000	11.000000	14.000000
9.974238	10.114909	10.235312	10.037742	10.000000
10.000000	15.000000	4.000000	17.000000	1.000000
10.000000	17.000000	16.000000	1.000000	16.000000
16.000000	2.000000	4.000000	9.000000	12.000000
15.000000	17.000000	12.000000	11.000000	5.000000
9.000000	9.000000	19.000000	8.000000	11.000000
12.000000	1.000000	16.000000	17.000000	4.000000
17.000000	6.000000	10.000000	1.000000	14.000000
8.822355	9.727403	9.342472	8.937907	3.000000
9.176749	8.808786	9.028154	8.923947	1.000000
8.000000	6.000000	9.000000	19.000000	16.000000
13.000000	19.000000	17.000000	3.000000	18.000000
19.000000	15.000000	18.000000	14.000000	3.000000
1.000000	3.000000	8.000000	10.000000	15.000000
1.000000	19.000000	16.000000	3.000000	15.000000
9.475943	9.609425	9.623024	9.569158	11.000000
11.000000	1.000000	16.000000	19.000000	11.000000
4.000000	4.000000	9.000000	12.000000	6.000000
7.000000	10.000000	12.000000	4.000000	16.000000
14.000000	17.000000	18.000000	13.000000	6.000000
12.000000	14.000000	17.000000	7.000000	8.000000
8.759053	9.670123	9.402439	9.118608	10.000000
16.000000	11.000000	10.000000	4.000000	2.000000
20.000000	7.000000	5.000000	20.000000	18.000000
2.000000	6.000000	19.000000	6.000000	2.000000
10.831766	10.960628	11.124907	11.021731	4.000000
15.000000	14.000000	9.000000	3.000000	13.000000
16.000000	6.000000	9.000000	1.000000	6.000000
10.000000	9.000000	9.000000	19.000000	4.000000
10.000000	10.000000	2.000000	14.000000	1.000000
11.000000	7.000000	19.000000	9.000000	12.000000
20.000000	3.000000	3.000000	9.000000	5.000000
6.000000	15.000000	11.000000	14.000000	18.000000
15.000000	1.000000	3.000000	15.000000	13.000000
20.000000	4.000000	13.000000	8.000000	14.000000
16.000000	17.000000	15.000000	17.000000	2.000000
15.000000	7.000000	9.000000	13.000000	8.000000
9.862094	10.190223	10.059505	10.205976	12.000000
6.000000	11.000000	7.000000	8.000000	16.000000
16.000000	2.000000	16.000000	18.000000	16.000000
8.396640	8.561012	8.514872	8.300237	5.000000
4.000000	17.000000	13.000000	18.000000	5.000000
15.000000	5.000000	4.000000	3.000000	17.000000
11.000000	14.000000	13.000000	12.000000	20.000000
4.000000	17.000000	10.000000	2.000000	17.000000
18.000000	17.000000	10.000000	13.000000	6.000000
18.000000	1.000000	15.000000	8.000000	14.000000
10.151404	9.915358	9.983442	9.983083	13.000000
6.000000	17.000000	17.000000	9.000000	11.000000
6.000000	11.000000	17.000000	18.000000	2.000000
8.000000	13.000000	11.000000	9.000000	7.000000
7.000000	6.000000	15.000000	16.000000	19.000000
1.000000	13.000000	11.000000	15.000000	13.000000
4.000000	5.000000	16.000000	5.000000	19.000000
8.000000	3.000000	8.000000	17.000000	3.000000
9.681167	9.179386	9.268500	9.354959	19.000000
15.000000	5.000000	11.000000	17.000000	14.000000
17.000000	3.000000	11.000000	12.000000	11.000000
9.751851	9.315768	9.477884	9.766747	10.000000
19.000000	7.000000	6.000000	14.000000	4.000000
9.564865	9.313835	9.335249	9.444559	10.000000
8.000000	1.000000	11.000000	13.000000	10.000000
1.000000	8.000000	15.000000	11.000000	16.000000
20.000000	20.000000	11.000000	10.000000	3.000000
1.000000	11.000000	18.000000	7.000000	14.000000
7.000000	6.000000	20.000000	12.000000	11.000000
3.000000	7.000000	4.000000	20.000000	18.000000
8.679407	8.586057	8.744287	8.751135	20.000000
19.000000	15.000000	19.000000	5.000000	6.000000
7.000000	4.000000	17.000000	17.000000	6.000000
11.000000	9.000000	8.000000	8.000000	15.000000
1.000000	6.000000	12.000000	12.000000	17.000000
3.000000	7.000000	15.000000	18.000000	6.000000
4.000000	11.000000	5.000000	13.000000	5.000000
17.000000	4.000000	20.000000	7.000000	8.000000
9.318937	10.349797	10.023664	9.880745	9.000000
1.000000	15.000000	9.000000	8.000000	14.000000
16.000000	20.000000	19.000000	7.000000	11.000000
7.000000	1.000000	9.000000	1.000000	19.000000
8.809361	9.589866	9.418986	9.161750	9.000000
17.000000	19.000000	4.000000	8.000000	6.000000
12.000000	4.000000	10.000000	7.000000	20.000000
8.508218	8.314933	8.337119	8.409495	6.000000
19.000000	14.000000	5.000000	9.000000	13.000000
7.000000	15.000000	5.000000	16.000000	8.000000
3.000000	2.000000	4.000000	15.000000	4.000000
4.000000	12.000000	3.000000	8.000000	19.000000
20.000000	11.000000	15.000000	1.000000	17.000000
14.000000	11.000000	15.000000	12.000000	2.000000
8.561716	8.396835	8.414330	8.524680	19.000000
11.000000	2.000000	5.000000	16.000000	17.000000
4.000000	10.000000	10.000000	7.000000	5.000000
14.000000	11.000000	8.000000	8.000000	18.000000
18.000000	7.000000	20.000000	12.000000	19.000000
16.000000	18.000000	10.000000	2.000000	9.000000
3.000000	1.000000	10.000000	1.000000	16.000000
20.000000	12.000000	9.000000	5.000000	19.000000
18.000000	20.000000	8.000000	7.000000	19.000000
4.000000	12.000000	9.000000	11.000000	11.000000
18.000000	9.000000	17.000000	17.000000	12.000000
9.615970	10.457886	10.109307	9.958786	5.000000
9.000000	11.000000	17.000000	19.000000	3.000000
4.000000	10.000000	14.000000	4.000000	14.000000
9.239394	10.127719	9.992967	9.525753	20.000000
4.000000	15.000000	3.000000	4.000000	6.000000
14.000000	13.000000	6.000000	2.000000	1.000000
9.323631	8.869462	8.755097	8.980971	17.000000
8.933378	9.394995	9.267793	9.059544	16.000000
2.000000	11.000000	6.000000	15.000000	14.000000
11.000000	19.000000	7.000000	16.000000	2.000000
6.000000	19.000000	16.000000	8.000000	2.000000
13.000000	13.000000	14.000000	10.000000	15.000000
14.000000	7.000000	3.000000	9.000000	4.000000
20.000000	20.000000	1.000000	18.000000	7.000000
9.000000	11.000000	17.000000	14.000000	6.000000
3.000000	16.000000	16.000000	9.000000	12.000000
9.000000	6.000000	2.000000	16.000000	5.000000
16.000000	9.000000	18.000000	1.000000	10.000000
12.000000	7.000000	16.000000	6.000000	7.000000
11.000000	5.000000	7.000000	12.000000	15.000000
13.000000	12.000000	5.000000	2.000000	5.000000
2.000000	4.000000	12.000000	9.000000	4.000000
3.000000	9.000000	1.000000	17.000000	5.000000
10.680067	10.788177	10.880455	10.900460	4.000000
14.000000	5.000000	10.000000	2.000000	11.000000
17.000000	12.000000	7.000000	3.000000	15.000000
13.000000	7.000000	6.000000	10.000000	8.000000
9.798766	9.643037	9.557527	9.571671	4.000000
9.254237	9.064872	8.887076	9.275764	4.000000
16.000000	3.000000	7.000000	20.000000	16.000000
3.000000	14.000000	13.000000	12.000000	15.000000
3.000000	20.000000	18.000000	1.000000	14.000000
13.000000	6.000000	13.000000	10.000000	15.000000
12.000000	12.000000	9.000000	15.000000	5.000000
12.000000	4.000000	12.000000	4.000000	2.000000
8.000000	19.000000	16.000000	6.000000	11.000000
11.000000	8.000000	16.000000	15.000000	12.000000
2.000000	9.000000	3.000000	19.000000	10.000000
9.000000	3.000000	7.000000	1.000000	13.000000
1.000000	12.000000	4.000000	9.000000	18.000000
20.000000	13.000000	2.000000	3.000000	16.000000
9.367119	9.069395	9.248847	9.444743	8.000000
8.000000	20.000000	7.000000	3.000000	7.000000
10.000000	4.000000	15.000000	13.000000	15.000000
4.000000	13.000000	17.000000	10.000000	13.000000
9.000000	2.000000	16.000000	4.000000	3.000000
14.000000	3.000000	15.000000	15.000000	6.000000
2.000000	9.000000	7.000000	19.000000	18.000000
14.000000	7.000000	9.000000	1.000000	1.000000
15.000000	10.000000	17.000000	10.000000	14.000000
11.000000	5.000000	6.000000	7.000000	7.000000
9.632468	9.426097	9.750095	9.635420	19.000000
2.000000	19.000000	14.000000	8.000000	5.000000
19.000000	1.000000	5.000000	5.000000	12.000000
14.000000	19.000000	10.000000	14.000000	11.000000
10.000000	1.000000	12.000000	6.000000	10.000000
18.000000	16.000000	6.000000	3.000000	15.000000
9.517838	9.356884	9.244337	9.322866	10.000000
10.052948	9.708116	9.661936	9.899578	5.000000
16.000000	3.000000	5.000000	20.000000	8.000000
8.000000	5.000000	18.000000	17.000000	18.000000
20.000000	7.000000	18.000000	11.000000	4.000000
19.000000	8.000000	12.000000	17.000000	3.000000
10.277485	10.083673	10.107370	10.009568	3.000000
16.000000	18.000000	8.000000	15.000000	3.000000
9.358382	9.817958	9.660569	9.433708	1.000000
16.000000	8.000000	5.000000	13.000000	4.000000
14.000000	4.000000	2.000000	12.000000	7.000000
6.000000	2.000000	6.000000	17.000000	18.000000
8.000000	14.000000	18.000000	6.000000	20.000000
9.600979	10.162916	10.036059	9.739954	7.000000
3.000000	2.000000	8.000000	20.000000	2.000000
8.000000	15.000000	9.000000	4.000000	20.000000
8.802418	9.283600	9.191201	8.976125	1.000000
9.000000	11.000000	14.000000	15.000000	19.000000
8.960104	9.718131	9.335815	9.255255	20.000000
11.000000	20.000000	12.000000	11.000000	19.000000
19.000000	14.000000	12.000000	6.000000	13.000000
13.000000	6.000000	7.000000	13.000000	1.000000
6.000000	17.000000	10.000000	9.000000	2.000000
8.169912	7.786710	7.924398	8.098500	3.000000
2.000000	19.000000	9.000000	13.000000	19.000000
8.000000	15.000000	10.000000	19.000000	5.000000
20.000000	17.000000	18.000000	12.000000	15.000000
2.000000	16.000000	12.000000	9.000000	9.000000
9.047207	8.951635	8.807722	8.944934	6.000000
10.000000	19.000000	15.000000	13.000000	6.000000
9.000000	6.000000	4.000000	17.000000	10.000000
14.000000	16.000000	16.000000	4.000000	15.000000
20.000000	3.000000	3.000000	10.000000	14.000000
9.000000	11.000000	2.000000	12.000000	11.000000
10.761999	10.637584	10.530290	10.785139	13.000000
9.605674	10.238091	10.042899	9.796083	11.000000
7.783970	7.427615	7.369999	7.455287	17.000000
17.000000	6.000000	13.000000	12.000000	1.000000
8.318417	9.216200	8.880706	8.657190	4.000000
9.318825	9.030642	9.039235	9.192166	5.000000
8.224482	8.743308	8.583187	8.347400	20.000000
4.000000	19.000000	18.000000	15.000000	18.000000
8.000000	3.000000	6.000000	7.000000	14.000000
15.000000	15.000000	19.000000	7.000000	18.000000
19.000000	17.000000	20.000000	14.000000	9.000000
10.550242	10.242393	10.334969	10.307364	15.000000
7.000000	6.000000	5.000000	10.000000	11.000000
16.000000	14.000000	1.000000	13.000000	20.000000
18.000000	12.000000	2.000000	16.000000	18.000000
15.000000	10.000000	12.000000	6.000000	8.000000
9.000000	4.000000	4.000000	20.000000	9.000000
8.339862	8.350122	8.647130	8.612393	16.000000
9.235834	9.355393	9.346465	9.464272	5.000000
4.000000	7.000000	10.000000	16.000000	19.000000
9.000000	13.000000	10.000000	2.000000	8.000000
19.000000	9.000000	9.000000	2.000000	14.000000
16.000000	2.000000	9.000000	11.000000	2.000000
9.327810	9.938453	9.792677	9.397250	4.000000
4.000000	7.000000	19.000000	17.000000	18.000000
10.324495	9.976583	9.972713	10.028263	7.000000
15.000000	5.000000	19.000000	5.000000	19.000000
9.006340	9.788740	9.621416	9.273331	17.000000
12.000000	15.000000	18.000000	20.000000	5.000000
11.000000	17.000000	3.000000	11.000000	8.000000
6.000000	14.000000	14.000000	16.000000	10.000000
11.000000	3.000000	1.000000	7.000000	19.000000
7.000000	2.000000	3.000000	17.000000	18.000000
13.000000	15.000000	12.000000	11.000000	2.000000
8.141510	8.340974	8.528996	8.369737	2.000000
12.000000	20.000000	10.000000	15.000000	10.000000
9.000000	12.000000	15.000000	2.000000	8.000000
4.000000	5.000000	10.000000	16.000000	11.000000
8.000000	14.000000	4.000000	2.000000	11.000000
13.000000	7.000000	5.000000	17.000000	17.000000
18.000000	16.000000	19.000000	13.000000	5.000000
12.000000	17.000000	17.000000	13.000000	11.000000
18.000000	2.000000	2.000000	13.000000	15.000000
1.000000	8.000000	19.000000	2.000000	16.000000
2.000000	1.000000	9.000000	17.000000	3.000000
19.000000	10.000000	1.000000	4.000000	6.000000
8.880186	9.653660	9.464131	9.229807	6.000000
8.825236	9.493003	9.317290	8.846352	3.000000
8.751206	9.593805	9.354358	9.154812	19.000000
10.000000	10.000000	19.000000	1.000000	11.000000
14.000000	14.000000	12.000000	2.000000	10.000000
6.000000	1.000000	11.000000	6.000000	16.000000
9.256533	9.461503	9.557660	9.403071	1.000000
9.370126	10.251969	9.764971	9.465249	19.000000
4.000000	1.000000	5.000000	19.000000	10.000000
16.000000	1.000000	19.000000	14.000000	1.000000
1.000000	19.000000	6.000000	12.000000	20.000000
7.000000	9.000000	12.000000	10.000000	6.000000
19.000000	17.000000	20.000000	19.000000	1.000000
20.000000	3.000000	14.000000	1.000000	1.000000
12.000000	5.000000	13.000000	9.000000	3.000000
2.000000	4.000000	15.000000	20.000000	9.000000
7.000000	1.000000	7.000000	12.000000	4.000000
18.000000	19.000000	5.000000	2.000000	20.000000
10.000000	12.000000	8.000000	9.000000	10.000000
9.000000	8.000000	13.000000	2.000000	9.000000
8.772223	8.679338	8.771529	8.824162	14.000000
7.000000	19.000000	9.000000	14.000000	10.000000
8.835880	9.619292	9.484934	9.166894	12.000000
6.000000	16.000000	2.000000	2.000000	9.000000
1.000000	11.000000	1.000000	8.000000	20.000000
2.000000	8.000000	19.000000	14.000000	10.000000
19.000000	18.000000	15.000000	3.000000	15.000000
20.000000	2.000000	5.000000	20.000000	15.000000
14.000000	20.000000	6.000000	16.000000	6.000000
17.000000	13.000000	13.000000	10.000000	14.000000
8.792508	9.012855	9.255932	9.158901	2.000000
15.000000	15.000000	9.000000	6.000000	9.000000
18.000000	16.000000	18.000000	4.000000	19.000000
8.722511	9.406230	9.242635	8.649851	6.000000
9.566690	9.329407	9.180122	9.363346	17.000000
9.477992	9.888301	10.085315	9.903105	13.000000
14.000000	8.000000	15.000000	9.000000	1.000000
16.000000	16.000000	15.000000	4.000000	1.000000
15.000000	14.000000	16.000000	5.000000	9.000000
6.000000	8.000000	16.000000	9.000000	8.000000
1.000000	18.000000	9.000000	18.000000	13.000000
17.000000	11.000000	4.000000	17.000000	17.000000
16.000000	2.000000	16.000000	2.000000	2.000000
16.000000	17.000000	17.000000	3.000000	13.000000
9.825916	9.697355	9.774965	10.119053	13.000000
18.000000	2.000000	1.000000	13.000000	11.000000
8.512445	9.347536	8.939897	8.626354	15.000000
12.000000	16.000000	17.000000	7.000000	4.000000
14.000000	3.000000	5.000000	1.000000	16.000000
18.000000	9.000000	13.000000	15.000000	11.000000
7.510476	8.412457	8.064060	7.803096	19.000000
12.000000	3.000000	1.000000	4.000000	16.000000
3.000000	3.000000	13.000000	2.000000	2.000000
7.000000	14.000000	17.000000	15.000000	20.000000
8.125729	7.969681	8.121553	8.046592	1.000000
9.173869	8.946956	9.031905	9.167951	19.000000
10.715165	10.529939	10.554050	10.534854	7.000000
20.000000	12.000000	9.000000	20.000000	7.000000
16.000000	14.000000	9.000000	20.000000	16.000000
2.000000	18.000000	1.000000	10.000000	13.000000
9.115084	9.953321	9.707579	9.460748	16.000000
4.000000	7.000000	1.000000	12.000000	12.000000
19.000000	2.000000	5.000000	12.000000	11.000000
11.000000	12.000000	14.000000	11.000000	3.000000
1.000000	19.000000	9.000000	1.000000	18.000000
4.000000	3.000000	16.000000	16.000000	12.000000
8.000000	7.000000	13.000000	11.000000	4.000000
9.180077	8.801339	8.898264	9.051319	6.000000
5.000000	3.000000	20.000000	9.000000	14.000000
2.000000	11.000000	17.000000	15.000000	14.000000
12.000000	15.000000	12.000000	20.000000	16.000000
1.000000	15.000000	10.000000	16.000000	2.000000
9.011477	9.948674	9.655410	9.329379	6.000000
9.278930	9.007071	8.840822	9.168067	20.000000
17.000000	14.000000	14.000000	8.000000	14.000000
10.928639	10.527058	10.502469	10.726015	16.000000
10.000000	19.000000	10.000000	13.000000	10.000000
17.000000	13.000000	16.000000	18.000000	9.000000
8.823845	8.283668	8.342903	8.508911	7.000000
20.000000	4.000000	15.000000	11.000000	12.000000
7.000000	20.000000	5.000000	12.000000	19.000000
8.887671	9.374582	9.181470	8.946743	19.000000
3.000000	8.000000	9.000000	4.000000	20.000000
11.000000	1.000000	4.000000	18.000000	10.000000
12.000000	7.000000	20.000000	19.000000	15.000000
19.000000	18.000000	18.000000	13.000000	1.000000
9.145278	8.845587	8.995081	9.177464	3.000000
8.596752	9.236004	8.961515	8.852362	14.000000
3.000000	3.000000	1.000000	12.000000	7.000000
12.000000	14.000000	19.000000	15.000000	11.000000
8.000000	19.000000	17.000000	8.000000	17.000000
11.000000	6.000000	6.000000	20.000000	10.000000
8.986232	8.408313	8.589722	8.744176	18.000000
15.000000	19.000000	13.000000	19.000000	19.000000
6.000000	14.000000	2.000000	18.000000	5.000000
10.039594	10.793692	10.537432	10.124530	3.000000
8.000000	5.000000	1.000000	17.000000	4.000000
17.000000	19.000000	1.000000	3.000000	11.000000
3.000000	20.000000	11.000000	15.000000	9.000000
8.000000	1.000000	19.000000	12.000000	11.000000
8.206258	8.541922	8.672727	8.215240	18.000000
20.000000	9.000000	6.000000	9.000000	6.000000
20.000000	9.000000	3.000000	13.000000	5.000000
18.000000	9.000000	3.000000	11.000000	3.000000
9.298847	9.512436	9.620784	9.845948	19.000000
15.000000	14.000000	11.000000	5.000000	17.000000
13.000000	13.000000	5.000000	17.000000	3.000000
2.000000	16.000000	11.000000	19.000000	17.000000
9.000000	19.000000	5.000000	11.000000	3.000000
9.000000	20.000000	3.000000	3.000000	10.000000
7.488639	7.785944	7.892241	7.662225	14.000000
4.000000	6.000000	8.000000	14.000000	2.000000
4.000000	7.000000	14.000000	1.000000	15.000000
16.000000	14.000000	2.000000	19.000000	5.000000
18.000000	7.000000	15.000000	2.000000	9.000000
9.203566	9.876819	9.677258	9.373294	17.000000
10.000000	16.000000	4.000000	15.000000	7.000000
17.000000	19.000000	4.000000	16.000000	4.000000
8.974213	9.499176	9.314155	9.074543	12.000000
8.708432	8.916477	9.209748	9.037582	16.000000
1.000000	7.000000	2.000000	15.000000	1.000000
9.180599	9.268641	9.165922	9.086829	2.000000
10.000000	3.000000	17.000000	5.000000	9.000000
16.000000	14.000000	7.000000	11.000000	9.000000
9.879822	9.818682	10.075041	9.924576	6.000000
8.447778	9.618167	8.987672	8.776072	1.000000
9.735334	9.446339	9.310075	9.551373	19.000000
11.000000	14.000000	1.000000	5.000000	7.000000
10.108657	10.285686	10.275268	10.487922	11.000000
9.411080	9.427681	9.575149	9.548996	16.000000
12.000000	2.000000	3.000000	4.000000	17.000000
8.000000	18.000000	8.000000	11.000000	9.000000
9.206203	9.381662	9.613515	9.499247	20.000000
19.000000	1.000000	5.000000	11.000000	17.000000
8.294346	8.582584	8.692891	8.568534	15.000000
9.007761	8.766116	8.779384	8.992200	15.000000
7.000000	19.000000	16.000000	10.000000	14.000000
4.000000	9.000000	12.000000	12.000000	11.000000
20.000000	3.000000	11.000000	12.000000	13.000000
3.000000	10.000000	6.000000	7.000000	13.000000
2.000000	2.000000	17.000000	16.000000	16.000000
11.000000	8.000000	3.000000	2.000000	15.000000
17.000000	8.000000	6.000000	4.000000	9.000000
11.000000	8.000000	10.000000	2.000000	11.000000
12.000000	2.000000	5.000000	3.000000	13.000000
18.000000	5.000000	15.000000	15.000000	3.000000
19.000000	8.000000	4.000000	15.000000	4.000000
9.527895	9.677606	9.956951	9.818415	6.000000
18.000000	3.000000	5.000000	15.000000	6.000000
14.000000	5.000000	13.000000	15.000000	7.000000
15.000000	6.000000	20.000000	20.000000	8.000000
4.000000	9.000000	4.000000	10.000000	3.000000
7.000000	8.000000	10.000000	2.000000	2.000000
13.000000	5.000000	6.000000	16.000000	19.000000
3.000000	5.000000	1.000000	8.000000	19.000000
18.000000	1.000000	3.000000	3.000000	7.000000
1.000000	17.000000	12.000000	12.000000	16.000000
12.000000	16.000000	16.000000	15.000000	17.000000
18.000000	13.000000	5.000000	20.000000	7.000000
18.000000	4.000000	11.000000	16.000000	19.000000
1.000000	18.000000	15.000000	13.000000	5.000000
13.000000	11.000000	17.000000	8.000000	13.000000
3.000000	8.000000	1.000000	7.000000	20.000000
9.000000	18.000000	7.000000	4.000000	4.000000
3.000000	14.000000	9.000000	19.000000	13.000000
15.000000	17.000000	8.000000	17.000000	4.000000
19.000000	18.000000	1.000000	13.000000	2.000000
9.659565	9.305016	9.174322	9.371156	5.000000
16.000000	17.000000	12.000000	17.000000	15.000000
3.000000	17.000000	12.000000	1.000000	20.000000
7.000000	4.000000	5.000000	15.000000	14.000000
8.968669	8.718172	8.888062	8.826540	18.000000
5.000000	15.000000	7.000000	6.000000	7.000000
8.930127	9.123062	9.214199	9.055888	16.000000
9.301915	8.848218	9.014386	9.258204	15.000000
9.332236	10.038576	9.905575	9.435183	7.000000
3.000000	8.000000	2.000000	7.000000	2.000000
15.000000	16.000000	3.000000	9.000000	12.000000
12.000000	13.000000	6.000000	18.000000	10.000000
8.389847	8.036345	8.097246	8.269184	8.000000
20.000000	7.000000	15.000000	3.000000	10.000000
9.631062	10.242156	10.021698	9.791957	13.000000
2.000000	14.000000	20.000000	3.000000	12.000000
2.000000	9.000000	7.000000	16.000000	9.000000
18.000000	7.000000	14.000000	15.000000	16.000000
3.000000	19.000000	12.000000	7.000000	18.000000
20.000000	18.000000	16.000000	6.000000	20.000000
6.000000	6.000000	12.000000	1.000000	9.000000
5.000000	14.000000	2.000000	16.000000	8.000000
14.000000	9.000000	8.000000	12.000000	4.000000
17.000000	10.000000	2.000000	10.000000	16.000000
9.000000	4.000000	6.000000	1.000000	10.000000
15.000000	20.000000	19.000000	11.000000	5.000000
8.640523	8.182687	8.288144	8.487878	20.000000
9.967666	9.515377	9.688333	9.679161	14.000000
20.000000	17.000000	2.000000	19.000000	1.000000
8.795497	8.515726	8.621919	8.668710	16.000000
17.000000	20.000000	20.000000	3.000000	20.000000
1.000000	9.000000	11.000000	20.000000	11.000000
7.000000	10.000000	18.000000	8.000000	3.000000
17.000000	18.000000	13.000000	1.000000	2.000000
6.000000	12.000000	10.000000	19.000000	11.000000
10.000000	8.000000	17.000000	11.000000	11.000000
13.000000	20.000000	10.000000	12.000000	14.000000
1.000000	4.000000	2.000000	3.000000	3.000000
8.787176	8.639806	8.688478	8.949825	8.000000
7.000000	19.000000	6.000000	11.000000	19.000000
19.000000	16.000000	3.000000	8.000000	6.000000
13.000000	10.000000	6.000000	9.000000	12.000000
16.000000	1.000000	11.000000	17.000000	4.000000
4.000000	9.000000	8.000000	18.000000	11.000000
8.023584	8.876851	8.632260	8.604274	11.000000
10.404103	9.985768	10.019485	10.311534	6.000000
12.000000	13.000000	13.000000	14.000000	1.000000
10.000000	6.000000	2.000000	15.000000	6.000000
10.021576	10.797312	10.655402	10.219715	18.000000
2.000000	19.000000	6.000000	1.000000	16.000000
8.000000	15.000000	17.000000	18.000000	12.000000
20.000000	8.000000	7.000000	20.000000	2.000000
4.000000	11.000000	7.000000	16.000000	4.000000
7.000000	5.000000	1.000000	20.000000	12.000000
7.000000	12.000000	13.000000	5.000000	7.000000
9.283848	9.690744	9.751204	9.653742	11.000000
13.000000	20.000000	5.000000	2.000000	9.000000
8.000000	1.000000	16.000000	6.000000	20.000000
10.000000	9.000000	3.000000	16.000000	4.000000
18.000000	14.000000	20.000000	19.000000	13.000000
3.000000	17.000000	16.000000	16.000000	13.000000
3.000000	10.000000	10.000000	20.000000	9.000000
12.000000	4.000000	8.000000	16.000000	5.000000
10.340503	11.009759	10.764901	10.531485	20.000000
9.596274	9.163233	9.309832	9.318152	8.000000
9.286038	9.416245	9.482809	9.498638	18.000000
5.000000	17.000000	14.000000	1.000000	4.000000
18.000000	15.000000	13.000000	20.000000	14.000000
14.000000	11.000000	9.000000	13.000000	19.000000
6.000000	9.000000	13.000000	2.000000	5.000000
13.000000	10.000000	17.000000	20.000000	12.000000
17.000000	3.000000	20.000000	9.000000	9.000000
9.000000	14.000000	5.000000	15.000000	6.000000
9.000000	12.000000	20.000000	13.000000	11.000000
9.235483	9.295604	9.453986	9.520006	11.000000
12.000000	18.000000	11.000000	4.000000	12.000000
15.000000	16.000000	13.000000	4.000000	16.000000
5.000000	20.000000	10.000000	16.000000	20.000000
18.000000	4.000000	13.000000	14.000000	18.000000
10.000000	14.000000	10.000000	9.000000	7.000000
12.000000	13.000000	4.000000	5.000000	18.000000
10.587695	10.306507	10.335322	10.450037	20.000000
10.000000	19.000000	15.000000	3.000000	2.000000
2.000000	7.000000	13.000000	3.000000	2.000000
13.000000	12.000000	5.000000	17.000000	6.000000
3.000000	19.000000	19.000000	4.000000	7.000000
17.000000	15.000000	12.000000	1.000000	20.000000
10.663972	10.267622	10.305115	10.318680	10.000000
6.000000	17.000000	1.000000	13.000000	11.000000
9.387790	9.095942	9.224679	9.131907	9.000000
10.000000	3.000000	12.000000	14.000000	11.000000
17.000000	8.000000	9.000000	8.000000	3.000000
9.445298	9.379856	9.540658	9.379879	8.000000
9.000000	19.000000	14.000000	7.000000	17.000000
9.330926	9.551568	9.588790	9.469689	17.000000
15.000000	13.000000	2.000000	3.000000	11.000000
10.000000	12.000000	13.000000	2.000000	18.000000
9.181707	9.698798	9.745462	9.574282	9.000000
20.000000	19.000000	5.000000	9.000000	9.000000
4.000000	9.000000	7.000000	9.000000	15.000000
7.755469	8.476871	8.329785	8.081285	2.000000
15.000000	6.000000	14.000000	17.000000	9.000000
9.251551	9.472624	9.512910	9.375548	19.000000
9.000000	11.000000	1.000000	6.000000	14.000000
1.000000	17.000000	4.000000	17.000000	5.000000
12.000000	1.000000	5.000000	10.000000	9.000000
19.000000	4.000000	4.000000	18.000000	15.000000
6.000000	12.000000	13.000000	19.000000	8.000000
9.516068	10.007414	10.053529	9.688136	10.000000
16.000000	5.000000	12.000000	8.000000	2.000000
5.000000	9.000000	10.000000	20.000000	5.000000
6.000000	11.000000	17.000000	10.000000	12.000000
6.000000	20.000000	8.000000	1.000000	17.000000
14.000000	6.000000	1.000000	6.000000	5.000000
20.000000	10.000000	19.000000	17.000000	6.000000
9.882820	9.549960	9.764502	9.578608	12.000000
9.102349	9.630866	9.349686	9.248175	8.000000
17.000000	9.000000	18.000000	13.000000	18.000000
10.890425	10.395654	10.365098	10.495702	11.000000
6.000000	10.000000	8.000000	18.000000	8.000000
4.000000	9.000000	17.000000	2.000000	6.000000
14.000000	2.000000	10.000000	15.000000	13.000000
1.000000	9.000000	20.000000	13.000000	12.000000
19.000000	1.000000	12.000000	17.000000	5.000000
1.000000	18.000000	15.000000	10.000000	6.000000
17.000000	7.000000	7.000000	16.000000	4.000000
8.621490	9.201771	9.143555	8.623590	13.000000
9.000000	8.000000	14.000000	18.000000	3.000000
18.000000	11.000000	3.000000	10.000000	3.000000
10.457696	10.135426	10.299542	10.034304	16.000000
9.832395	9.434789	9.475909	9.446946	20.000000
10.000000	1.000000	6.000000	9.000000	9.000000
1.000000	14.000000	8.000000	12.000000	8.000000
20.000000	13.000000	16.000000	6.000000	10.000000
10.336240	10.466523	10.504259	10.550078	4.000000
6.000000	18.000000	4.000000	20.000000	8.000000
19.000000	19.000000	18.000000	16.000000	3.000000
17.000000	5.000000	16.000000	2.000000	5.000000
8.196900	8.399542	8.299500	8.489112	5.000000
10.169149	9.847603	9.807878	9.958378	19.000000
19.000000	2.000000	14.000000	10.000000	14.000000
17.000000	16.000000	3.000000	20.000000	7.000000
10.000000	11.000000	5.000000	7.000000	6.000000
20.000000	3.000000	2.000000	15.000000	16.000000
9.862159	10.109200	10.296708	10.141176	12.000000
14.000000	2.000000	5.000000	2.000000	7.000000
16.000000	20.000000	8.000000	9.000000	2.000000
8.790749	8.554567	8.340546	8.606524	9.000000
8.963867	9.187910	9.121364	9.111461	12.000000
9.858919	10.123272	10.030128	10.169972	5.000000
9.821576	10.623755	10.148432	10.098985	3.000000
17.000000	3.000000	17.000000	13.000000	17.000000
8.983044	9.132685	9.063048	9.061840	8.000000
9.000000	3.000000	5.000000	9.000000	6.000000
9.294353	10.126314	9.756645	9.701558	15.000000
13.000000	10.000000	5.000000	19.000000	10.000000
8.821216	8.419617	8.678247	8.871767	9.000000
10.076403	9.548689	9.870721	9.929720	18.000000
20.000000	17.000000	6.000000	7.000000	7.000000
13.000000	8.000000	9.000000	9.000000	16.000000
10.193477	9.930563	9.801217	10.057607	7.000000
10.204359	9.661907	9.977890	10.024511	10.000000
6.000000	1.000000	9.000000	14.000000	18.000000
17.000000	12.000000	3.000000	12.000000	7.000000
7.561511	8.204759	7.994991	7.850203	10.000000
8.510070	9.277756	9.226691	8.730124	11.000000
12.000000	10.000000	3.000000	3.000000	17.000000
10.000000	7.000000	8.000000	17.000000	8.000000
17.000000	14.000000	20.000000	5.000000	7.000000
8.656618	9.026464	8.942691	8.666578	17.000000
17.000000	12.000000	7.000000	3.000000	9.000000
8.000000	16.000000	11.000000	4.000000	8.000000
13.000000	16.000000	10.000000	15.000000	10.000000
6.000000	16.000000	16.000000	5.000000	13.000000
15.000000	1.000000	18.000000	15.000000	17.000000
5.000000	16.000000	1.000000	15.000000	7.000000
9.000000	11.000000	11.000000	8.000000	13.000000
19.000000	15.000000	20.000000	1.000000	19.000000
20.000000	13.000000	6.000000	9.000000	20.000000
15.000000	6.000000	15.000000	2.000000	10.000000
7.970478	8.736749	8.536033	8.381457	3.000000
18.000000	1.000000	18.000000	10.000000	15.000000
16.000000	19.000000	17.000000	6.000000	6.000000
9.000000	17.000000	20.000000	1.000000	17.000000
