4.397943	4.599513	4.216353	4.9668	3.96096	3.436355	3.694751	4.418962	4.357623	4.30084
4.867193	8.492519	3.994498	4.669618	5.341845	3.809199	4.237889	6.477577	3.626914	5.031661
4.42571	3.815216	4.184536	4.939929	5.96811	4.452268	5.441676	5.413568	5.80653	4.550152
6.878358	4.592796	5.550541	3.880831	6.622173	6.815987	5.352308	2.504532	4.91839	5.296227
8.13913	5.413399	5.808746	5.374216	4.538613	4.896071	6.814946	6.06427	4.937013	5.769339
6.262642	5.142925	6.973941	5.344291	5.437845	5.816211	3.834057	4.307234	7.934554	4.876808
5.401909	4.798873	6.017398	5.792729	4.258926	6.900193	5.713155	5.23936	5.325559	5.687144
5.563435	4.080671	4.997885	5.160373	5.128172	4.185107	4.029511	4.492902	4.120434	6.333971
5.684455	5.903601	5.46859	5.575787	3.68809	5.83134	4.331714	4.078374	5.144622	5.037745
5.790651	7.034132	5.494342	4.435733	4.802189	5.585676	3.983395	5.851661	3.5841	4.470827
5.286867	5.020916	2.632427	5.409489	4.690958	5.303523	3.362595	5.223308	3.918917	4.951189
4.246168	4.278531	6.1837	3.802603	5.258495	6.068822	5.47907	2.072975	5.698892	5.999085
4.955733	6.774096	5.479733	4.871703	4.446073	7.08417	3.453867	4.287153	6.508204	4.759035
6.586164	4.691455	4.531415	6.102085	5.332176	4.779137	6.344482	4.86395	5.063852	4.10483
3.917045	4.618181	4.767264	2.963727	4.012968	5.196036	3.287699	4.934361	4.254713	4.488105
5.652456	5.392504	4.751015	4.75011	3.1307	5.743397	6.85724	4.01916	5.81354	5.282153
4.523053	5.762716	4.634536	5.944418	5.325416	4.045025	5.445299	3.280774	4.320459	5.286752
5.953553	4.397217	6.124995	5.049294	5.740827	4.39306	3.677612	4.44766	3.968111	6.266119
5.524622	4.511131	5.164624	4.851216	4.684077	4.495911	5.325651	3.887113	5.481869	5.812752
4.376713	3.640429	6.349108	5.424831	4.347085	5.49162	5.059132	6.338476	7.701313	5.490999
4.09045	6.15915	3.20005	5.87666	4.580188	2.963627	5.803461	4.220911	5.999685	4.440101
5.060077	5.353926	3.837173	6.693766	4.544942	3.535135	5.919187	5.282459	4.171117	5.911084
5.371821	5.729187	4.24628	6.639651	4.604414	5.803552	3.147343	6.650479	4.98475	3.631874
4.067686	2.406633	3.796557	4.41529	3.380176	3.669369	4.146705	5.132026	5.520739	5.787082
3.785947	5.825353	3.811533	5.756817	3.750489	3.647656	6.826004	5.15059	5.441525	4.874001
5.18247	5.352757	3.752714	6.145835	4.275356	6.621395	6.636142	5.608427	4.556606	3.708039
5.491702	4.58705	4.895401	4.822652	4.351394	3.72385	4.580003	5.18141	2.781061	3.366851
3.287154	5.607981	4.652703	6.224535	3.732436	4.418146	3.101944	3.713908	3.457538	5.498967
6.541906	3.712429	5.443767	5.159535	5.5351	6.405692	5.813498	5.644986	3.709247	3.747693
5.419823	4.167174	5.52049	4.198741	5.258971	6.597528	6.399138	6.909278	5.321991	3.799216
3.846015	5.82169	5.60592	5.023934	4.651775	5.23046	5.315095	5.281919	4.226991	4.816412
5.713189	5.016509	3.782467	5.7443	4.396581	5.231877	5.809483	4.664164	5.092238	6.26356
4.826976	4.793097	5.596997	7.055672	4.876076	5.868968	4.581676	6.198186	5.991086	4.755965
6.459875	4.906806	6.677831	4.536801	4.11446	5.30434	2.061196	4.457417	3.685249	5.375865
6.732061	5.199566	4.580688	4.55834	7.265524	5.608195	3.919846	5.269861	6.304212	5.974395
4.335636	3.927389	4.126906	5.312513	4.741843	3.687177	6.308757	4.426067	5.642535	5.277977
4.22983	5.178017	6.134895	5.192897	4.263947	7.485442	6.062674	4.277148	4.756382	5.682759
5.028206	3.182929	4.664747	4.125657	6.423207	4.721118	4.849292	4.833031	5.750608	5.002932
6.273929	5.835738	4.625116	5.125905	4.086224	5.50123	3.292683	6.343832	4.634729	4.269819
4.938958	3.697244	4.977824	5.382058	3.960869	6.567724	4.282279	5.013717	5.413619	4.684432
3.234966	5.144629	6.815128	5.054468	3.600731	5.548819	5.975233	5.55736	3.458078	3.138975
4.24645	6.122921	5.968863	3.808447	6.811278	4.727479	3.316127	7.050865	5.522741	5.644259
3.33175	4.00395	6.680652	5.227777	5.147718	3.655775	4.369197	4.775545	5.480841	3.751518
5.847759	4.332701	4.894593	5.424431	4.548673	6.459308	4.612174	6.051175	5.083236	5.155504
4.576563	5.006275	3.759835	5.123283	3.819903	5.538322	6.235124	6.098064	5.437421	4.458457
4.497825	4.229409	3.214461	4.200997	6.374492	3.908031	3.326527	6.315516	5.471184	5.239297
6.725615	4.158446	5.864447	5.197212	5.69551	5.483924	3.278518	5.916957	4.742715	6.44272
6.295259	6.899189	5.970784	4.542414	4.996286	4.199159	4.361691	4.937812	4.289102	4.561463
6.583519	5.145022	6.043756	4.52593	5.538226	6.031734	3.69927	5.01443	3.358694	5.679031
7.313368	5.74406	3.871731	4.349836	4.002604	4.451371	6.176431	5.588131	3.128507	7.395154
5.19816	5.724235	3.284254	5.495483	4.450798	7.073427	5.768183	4.561254	3.281884	5.245495
4.273628	5.328381	5.698347	5.13554	5.937064	3.718477	4.021566	5.242135	3.131485	4.711473
4.084108	5.752767	4.456507	4.595085	4.124928	3.794248	2.690017	4.570109	6.036608	4.427914
6.240573	4.812582	4.48446	3.845145	4.607849	6.061177	4.73182	4.536242	2.995056	5.199245
5.523281	5.241304	6.178345	5.683761	5.664411	6.050646	5.910629	3.560806	4.854438	5.797738
4.843218	5.467795	4.540962	7.705072	5.762694	5.852134	3.205812	4.945584	6.170148	4.59343
4.038125	5.047876	5.743382	5.800631	3.017864	3.59512	5.179583	5.530954	4.797897	5.365582
5.356572	5.231113	5.828166	4.772666	5.604869	5.619104	5.325949	4.513118	3.617194	6.915242
5.372124	5.325413	5.27143	7.608778	3.572606	4.543154	6.752633	5.678007	3.098318	5.876607
6.910158	3.247878	5.164793	6.060669	6.548099	4.028515	5.696167	4.484129	4.463873	5.329456
4.795161	5.005313	4.046215	6.532693	3.364516	4.951471	3.290646	6.175058	4.131314	3.838817
6.632787	5.894221	4.454942	4.131202	6.557531	4.215698	5.49022	4.410374	6.006817	3.918163
7.195404	5.703647	6.151986	5.217428	4.035329	4.59152	4.969807	6.281402	5.16305	4.589716
5.134459	2.938504	4.290818	5.53449	5.136235	4.305724	5.629621	5.944878	5.046301	2.51206
5.066272	6.451254	5.114408	4.4532	5.405929	4.64491	4.760196	4.332751	6.874228	4.731266
3.697021	5.545877	5.743796	3.616919	5.870334	4.16196	4.704524	4.190168	6.59323	4.72252
5.812227	4.215274	6.140612	7.583065	6.173146	4.524767	5.170993	5.322661	5.226305	3.851787
5.091416	4.061242	5.801356	4.605308	5.552039	5.974825	4.020439	4.575405	6.849122	4.327139
6.088948	4.528892	6.708652	3.317849	4.745288	4.83627	6.588205	5.912396	2.576445	5.408498
5.368955	5.482162	5.717267	5.888505	4.94666	5.941386	4.574438	6.357684	4.501758	7.484879
4.842924	4.19985	5.886643	6.141826	7.882146	3.425425	5.875514	5.373559	4.733629	5.732275
4.159097	3.902334	3.505229	6.185246	5.047542	4.447445	5.090075	6.24789	4.761362	6.900756
4.876896	6.11432	3.250757	5.781126	6.400115	6.403541	5.600845	4.587105	5.582469	5.709444
4.846978	2.955009	5.005958	3.397998	4.933484	3.906025	7.45993	2.050637	6.616468	4.00643
4.969816	5.972289	5.104165	4.89238	7.057162	4.376754	4.266906	6.145761	6.359331	4.642233
6.216366	5.697853	3.761396	4.706246	3.277743	3.120091	5.512798	4.633445	4.087821	6.525052
3.514836	4.819201	4.473925	6.05469	6.595871	5.524133	3.715278	5.809525	6.084372	5.408839
4.279805	3.938659	6.472799	4.180042	5.187615	4.478195	4.765461	3.957796	3.066	5.00612
4.139872	6.758921	5.750055	5.005686	4.575197	3.588369	3.608558	3.705716	5.678591	7.021472
4.600724	5.349161	4.395247	5.292283	5.73578	5.32447	4.552464	4.616541	5.709427	5.976002
6.312102	2.44559	5.010933	4.870641	5.829366	5.40008	5.850676	4.165572	4.679168	6.016985
4.650143	3.933886	4.778437	4.992666	6.37087	3.720606	4.328813	4.27209	4.345653	5.042245
5.880802	5.525568	4.557237	5.316215	7.516566	4.412818	3.711135	3.301399	5.085395	4.619246
4.749949	4.971481	4.062451	4.005198	4.492343	5.268547	3.824361	5.724975	5.79501	5.423225
5.540499	4.617307	4.489583	4.938316	4.485976	5.28264	6.970014	3.227075	3.565046	5.792259
5.471305	4.278974	4.14929	6.515183	4.563163	6.564281	3.504734	6.237418	4.506888	5.912268
5.403532	5.031557	4.215911	6.001877	3.727811	5.582887	4.028214	6.515856	4.666326	5.817342
4.27684	5.451733	4.648119	5.009188	4.70399	3.463884	4.1204	4.607597	6.875147	3.682636
5.194343	5.044724	5.321947	5.260622	5.761174	4.502743	5.417818	3.812888	3.638643	5.868966
5.17079	5.487705	5.271514	4.614442	5.050013	3.408437	5.887172	6.567248	5.021824	4.495483
4.695641	4.21181	6.706069	5.928136	3.920332	6.853452	5.469369	3.616961	3.162596	6.348707
5.986084	5.880697	3.477355	4.700454	3.568593	4.621863	3.278544	6.051033	5.394608	5.091982
5.857967	4.363981	7.010594	4.347766	4.244582	6.008628	5.651726	4.30562	4.597329	7.865373
5.848946	3.875987	6.360673	7.325199	6.052506	5.329954	4.218114	5.075326	5.078743	4.351179
7.682352	3.155301	4.42225	7.146689	3.884171	3.889527	3.727908	5.27569	5.486825	6.581249
4.866955	4.495023	4.924104	4.727053	6.530345	5.333287	4.540616	4.171017	4.630548	5.727341
5.913155	6.088992	7.174666	5.691404	5.060565	4.386576	3.760556	6.474734	1.964473	4.616102
3.97343	5.621229	4.626657	4.468941	3.593046	4.286168	3.587176	3.194545	4.260259	3.162678
6.327195	5.175266	6.241912	4.703784	3.666417	5.277264	5.844539	4.399008	4.710154	8.306808
4.12853	4.20024	5.024262	6.485929	7.386894	4.528974	7.599048	4.401141	5.476604	3.877445
5.493504	4.752162	6.116541	4.393413	4.390549	6.285718	6.265016	4.667931	5.876076	5.741657
5.595264	5.603731	3.787889	4.063677	4.308627	2.471582	3.041884	4.272255	3.003031	5.868028
5.10627	7.228241	4.526258	5.162226	4.742026	4.59138	5.943491	4.443706	2.316117	3.926209
3.77636	6.317016	6.844498	5.27198	7.535842	3.33225	2.480021	4.984452	5.466279	4.905485
4.158999	6.244698	4.453775	4.755424	4.566372	5.204201	3.893185	3.453334	5.790222	5.202058
5.158506	3.905258	5.402007	4.832137	7.330948	5.89951	3.168577	3.637806	4.409735	5.000552
6.633502	4.709004	5.332807	4.611327	4.303441	4.881742	4.93978	4.977705	3.586672	6.169326
6.607244	5.350604	3.550774	3.786108	5.509569	5.007059	6.12189	6.308722	6.15771	4.174589
7.827788	3.778421	4.098922	4.587856	4.98902	5.250501	3.351066	5.822933	5.841085	2.948205
5.258543	6.335044	6.76565	5.444357	7.021465	5.920715	4.340487	3.903863	5.842059	5.268437
3.941639	4.27317	5.33863	4.227898	6.154078	4.049422	4.481662	5.279905	5.329978	5.429378
4.00357	3.757924	5.038791	4.031558	4.978804	2.237518	4.255344	4.157491	5.575894	5.160059
5.303139	5.093911	5.854846	5.355499	4.77077	4.826785	3.84272	5.118598	4.818679	6.661092
5.79677	3.937212	5.91337	5.215923	3.591239	6.298945	6.257057	4.416056	4.90976	6.570703
2.402896	6.070309	4.46327	5.129285	5.022982	6.897318	3.64899	4.663041	4.150076	4.802613
3.882385	5.151068	6.040988	3.933317	3.977941	4.022541	5.63583	5.973801	5.568607	5.69382
5.60774	6.060327	5.544264	3.89713	4.904321	5.517271	4.081272	5.205848	4.959548	5.882901
3.589249	2.9069	6.624043	3.895113	6.02617	4.574591	5.068227	5.932616	3.759153	3.399739
5.435373	5.197946	4.853586	4.760227	5.123721	7.485043	5.893701	5.451042	5.519804	4.619393
4.753174	5.023276	3.260435	4.798629	5.582954	3.791954	3.689411	5.254333	3.496115	2.342032
5.177866	4.864771	5.704753	4.1665	5.153958	4.756482	5.02592	5.357209	5.937142	5.242476
3.63139	7.220017	5.226803	4.942411	3.970559	5.779269	4.130336	6.65311	4.506411	5.665168
4.433743	4.969102	4.203098	4.857427	4.510716	5.346369	5.235037	5.962064	6.166703	3.625108
5.397338	5.013854	5.99213	5.207134	5.102124	6.802686	4.526545	4.70303	6.123093	3.200078
3.70031	4.715047	3.813291	3.036982	4.481927	4.230145	5.687402	4.998941	3.684671	2.635337
4.637331	4.983027	5.896756	5.430471	4.310555	5.587782	4.965925	4.991528	5.562416	3.924486
5.175025	3.819237	5.630447	4.577603	5.619695	4.71504	6.4363	4.857378	5.027116	5.904325
4.923687	5.652983	5.553721	4.627215	3.846125	3.76371	5.996262	4.459797	0.433115	3.931752
4.829542	4.635538	5.144366	7.064573	7.147505	4.679096	4.756298	5.977576	3.67029	5.731791
4.901139	3.878347	6.75498	4.744636	4.392879	4.491456	4.560236	5.686673	4.299071	4.105169
2.753351	5.731217	6.209842	5.055086	7.080657	6.279941	5.684498	4.104281	4.063293	4.483346
6.060208	5.167181	4.339413	4.471655	5.212454	6.09148	5.409234	4.992522	5.734539	6.246835
4.271971	5.760737	4.793954	4.668047	6.284562	5.325888	3.293545	5.510714	5.554846	5.194247
5.707106	6.018755	4.166081	3.606152	5.901695	6.410749	5.924699	6.616333	5.14629	5.363127
5.047122	2.227256	4.470201	4.629563	5.620576	7.093713	4.111971	4.999933	5.048131	7.060569
6.356856	4.367861	3.956691	6.457442	5.535689	5.619997	5.273672	4.703579	5.156184	3.918295
5.321239	4.96529	6.251212	3.56854	5.602959	5.936517	4.789932	5.895331	4.232615	4.405712
4.217944	4.984497	5.059476	4.246943	4.974731	4.826541	5.067975	5.097585	4.750136	4.918423
5.295066	3.327576	4.241795	6.131156	5.536859	5.585629	7.750769	6.176075	5.925768	5.966975
4.114817	6.193363	5.62149	3.828052	4.888582	8.48307	5.129744	6.030386	5.977944	3.496278
5.648464	5.018201	7.52875	5.773393	6.951414	5.999197	4.255999	4.531423	5.021077	5.175869
4.881444	2.62843	6.003937	4.634376	5.778647	4.757919	3.975197	4.659982	4.173592	5.86556
5.201267	4.818074	6.346599	4.143735	4.582163	4.52482	6.489612	3.291342	5.744975	5.443549
4.443475	4.007748	4.65479	4.828772	4.646899	6.988487	5.964752	3.448873	4.834664	5.759823
7.779705	3.917468	3.790609	5.519423	6.053364	5.536471	6.877137	4.641996	4.531567	4.792953
6.22331	5.381343	5.306862	3.582445	5.033179	8.693934	3.266873	4.91327	5.656328	6.010167
4.990956	6.690804	4.790235	6.540922	4.925014	2.961669	5.395135	4.824829	4.636958	5.190843
3.331075	4.151816	2.636393	6.339947	4.219405	7.392475	5.033836	4.897471	5.915388	4.575902
4.499772	6.285947	4.900889	3.321768	5.249182	4.834187	5.870595	5.91361	5.557957	4.380419
6.857553	5.960814	4.915113	5.654943	6.009676	4.069385	5.830823	3.659078	4.809921	4.17415
4.990696	3.009011	5.358105	4.717243	4.852951	4.611401	7.242168	5.07104	5.235366	2.44497
5.700365	7.313285	3.844157	0.830243	3.842477	5.306953	5.548661	3.297512	5.963646	5.42739
6.102932	3.4317	4.122898	5.368461	5.558333	4.979799	5.587602	4.352717	5.405263	5.759196
4.468632	4.346033	4.527411	7.187164	4.227984	5.413935	5.549364	3.787547	6.503528	5.91144
5.256517	5.226285	5.662076	5.767433	4.443638	3.607569	5.699465	4.241227	5.064886	5.068189
4.252848	5.180803	5.951637	6.345285	4.946507	5.545455	3.357915	5.545814	1.205143	3.033321
6.446382	5.987334	4.232083	4.136661	5.123816	5.426407	5.654319	5.158749	5.772077	4.136392
4.105979	3.02346	6.173571	6.780461	3.016824	4.07735	3.452227	5.857221	4.500964	4.9013
5.140791	5.2022	5.25077	3.22273	5.398334	5.520391	6.08791	5.346698	5.666995	5.757593
6.114613	5.102248	6.344811	3.911256	5.544479	4.714898	6.223988	5.071418	4.858384	3.370323
4.510291	4.424056	7.25498	6.046476	7.755151	4.113138	4.672862	3.94294	3.589975	5.108871
5.138977	4.428213	4.729241	5.136472	4.923723	4.834643	6.700984	5.037208	5.040602	5.098794
5.884308	3.519197	5.242455	5.4704	4.257563	4.416128	4.705763	5.769669	3.287563	5.790182
5.947852	4.846835	6.035928	3.504441	6.62606	6.423487	4.021028	6.530284	4.076656	4.575484
4.568809	6.16725	4.694931	5.296895	5.471557	7.759229	5.414392	5.200988	5.177853	4.601133
7.310766	6.911835	3.282547	5.641499	5.706087	6.581019	4.974722	4.318887	3.078474	6.973389
6.455627	5.168458	5.743931	5.530341	6.238938	5.820752	5.060272	5.346126	4.198953	3.030222
4.017094	4.878836	5.178864	5.998818	6.146194	5.153723	6.158017	4.456902	4.351993	3.789942
4.514103	4.80058	4.347433	4.575105	5.026424	5.537746	5.518587	6.261501	4.079542	4.845326
4.849544	6.05402	5.785062	5.878957	5.094549	6.235725	3.493228	5.88009	4.297643	3.02018
5.848079	5.366461	5.453252	3.562707	3.804821	4.917044	6.76111	3.678757	6.411221	7.198779
4.950428	4.654987	5.65017	4.753201	5.152426	4.949151	4.211198	5.218853	3.646042	3.882441
5.259745	4.236373	4.368254	5.676613	5.383378	4.393056	5.557279	5.171344	4.569257	4.089835
6.498966	4.600692	3.717603	6.036245	6.482574	4.391213	5.944554	4.680432	6.131845	4.747142
4.321021	7.024852	3.668144	5.500332	5.748501	3.135048	4.259425	4.401234	4.03738	2.662517
4.429264	3.581832	5.795049	5.443796	5.399811	5.465407	5.332094	5.281922	6.315876	2.543357
3.298198	5.422984	4.20778	5.605687	6.064786	4.771698	4.215785	5.106416	1.672732	5.368888
6.209787	4.143152	4.504066	4.545359	4.960494	5.612886	4.73354	3.359481	5.056994	4.85415
5.533766	3.938446	5.506262	5.97651	7.768601	4.901546	5.283557	5.877946	7.037794	5.860854
4.550302	3.76498	5.835736	5.21502	4.331646	4.71939	4.64358	5.29962	5.905309	4.645957
5.947823	3.652197	5.307359	5.893449	4.989053	4.312886	5.874512	3.790671	6.060406	5.065672
5.636453	5.347255	7.679465	6.302002	5.365772	2.70221	4.321968	5.474617	5.816723	2.448245
5.627605	3.072191	4.593112	7.025145	4.728641	4.444379	4.079817	5.560277	5.817607	4.640282
4.000193	5.530356	3.295726	3.680475	4.719895	5.037465	5.581275	3.600718	5.262986	3.531377
4.508168	5.764964	5.544895	4.808401	5.083504	2.772299	4.049487	4.724965	3.60039	4.361069
5.832506	6.32521	4.968885	4.47965	4.273477	3.772048	7.077863	5.360875	4.05235	6.030457
4.739746	5.786075	5.033202	5.028615	3.528309	5.338706	5.105166	7.213819	6.657994	4.559742
3.915768	3.558455	6.976186	5.774062	5.47109	4.558057	4.860169	5.633787	3.937197	4.64644
5.241543	5.540828	5.068495	5.311251	5.731748	6.911578	3.890947	5.911104	4.569397	7.390063
5.245612	4.5167	5.610158	4.416367	6.063625	5.284243	2.755308	6.263323	5.05289	3.704607
4.243828	4.833157	2.62363	6.025353	5.753451	5.777601	4.258738	4.858195	4.001569	5.107626
4.843761	3.795795	4.115835	4.152401	4.665284	6.034271	4.596897	4.571412	6.260694	4.951241
5.69639	4.663732	4.848814	6.392059	4.438428	4.573722	4.524909	5.029322	5.726368	4.997076
2.792715	5.125309	4.375484	5.768485	5.548954	4.906489	5.528454	5.467256	6.321967	3.955161
4.662643	6.285357	5.847035	4.009079	5.416244	5.471244	5.91854	4.901775	4.877332	6.399944
5.039587	4.900813	4.614234	6.367991	5.958745	5.83602	3.464501	4.320811	4.146985	5.081767
3.556365	5.110822	3.985236	5.653464	5.663827	4.907756	6.211084	5.472313	5.807898	6.342818
6.39804	3.700771	3.656097	4.312627	5.351104	3.095188	5.859807	5.162485	2.541475	7.434879
4.487947	5.988134	4.713	5.643745	2.975454	5.443838	4.258587	6.947055	4.578348	6.813694
3.645389	4.248859	6.417728	4.592068	4.600893	5.574328	6.906938	3.124753	3.88432	5.344311
