4.385443	6.232422	5.318575	4.608975	5.549567	5.303619	3.786196	5.225498	5.397705	3.420433
4.398411	4.448832	5.657057	3.296896	2.62394	5.252336	4.868356	3.926931	3.64242	5.786665
5.75163	6.665655	4.278803	4.734046	4.537674	2.887308	5.242224	4.950208	4.866091	5.351058
4.471412	4.246153	3.641879	4.666738	4.199583	3.839015	5.846637	5.558527	4.723896	4.738358
5.722889	4.813036	7.606856	3.858428	3.430849	5.229631	6.127954	7.040856	4.105935	3.77436
4.902	5.522305	5.328107	4.217175	5.030791	4.697934	5.55702	4.782675	3.932171	5.853986
4.466599	6.103502	6.605887	5.296347	4.417545	3.716336	7.215515	5.614953	3.193819	4.602527
4.970276	4.390772	4.468894	5.408812	4.443457	5.634908	4.537359	4.937767	3.912729	6.258451
5.728141	3.339451	5.027373	4.503675	4.987316	5.64954	6.356205	4.833185	5.240993	5.59942
4.299044	6.992373	4.597291	5.827054	3.746268	5.892365	4.47473	3.805252	4.045573	6.087417
4.776525	4.977351	4.482083	2.745747	3.133234	5.895849	4.926222	6.845851	5.446627	4.426291
3.971191	5.215774	4.269462	6.536783	3.038293	4.842478	5.482479	5.841112	5.143438	4.343667
3.658724	5.332462	5.117646	4.744722	4.304737	5.602641	5.225486	3.792817	3.559299	5.404431
6.103723	5.06988	4.788974	5.103369	5.883039	3.602607	3.719499	4.116232	5.605026	4.356472
4.383808	4.393868	5.36372	6.694586	7.159201	7.759057	6.578271	3.296386	5.207538	3.464409
5.231475	5.460661	5.97536	3.809279	4.583367	6.224067	6.370549	5.761331	4.05794	3.246792
2.496672	3.685421	6.312892	3.677258	3.677909	4.405144	4.510119	3.721122	5.936207	3.339374
5.294216	5.820048	6.624831	5.770113	4.324797	5.944924	5.14444	4.089779	3.693252	5.879038
4.995665	5.618268	6.356125	2.881356	5.119792	5.286103	1.657092	5.437844	7.927759	5.619581
3.889898	2.680902	5.431328	5.543324	4.656236	4.350518	7.206279	5.932462	4.19636	4.623503
2.708172	4.719884	5.267115	5.603261	6.574269	5.932292	3.155395	4.092355	4.727938	5.444171
4.799998	5.784974	3.854516	4.517931	3.004943	4.711721	4.995564	5.031358	5.876588	3.402276
5.509396	4.667965	3.621673	5.339716	4.072358	5.268354	5.763093	5.347699	4.746167	5.851041
5.016206	4.768382	4.693813	6.283489	4.564044	4.488046	6.250318	4.955039	2.813678	7.372446
5.885966	5.374021	7.192894	2.606577	6.508007	6.530872	3.983994	4.760352	4.382123	3.615521
3.877584	8.305785	7.107543	3.71039	5.183518	7.358091	6.404821	3.129156	4.656701	5.367774
4.09956	6.132409	5.981528	4.567384	5.956184	3.553547	3.532901	3.687031	5.164411	4.773871
3.65343	5.991478	3.393898	3.525232	5.590419	1.134226	5.082734	7.601616	6.480261	4.918118
5.304503	3.116285	6.263495	5.323238	5.74551	6.548807	5.426905	4.942432	5.512515	5.179912
6.125086	5.148987	4.783964	3.850757	6.157865	4.415997	6.137007	4.938164	4.943998	4.376998
6.195815	3.453181	4.903254	4.424024	4.330036	3.844012	5.10334	4.052172	4.221955	5.501371
5.344318	4.566759	4.902133	6.516322	4.313552	4.59462	4.727102	4.840716	5.769675	6.217511
4.112247	6.334781	5.529155	5.39044	5.16556	3.618539	4.065179	5.094103	5.219326	4.14455
6.152758	5.289512	5.612747	6.545935	4.471946	4.798551	4.675407	4.139376	5.059151	5.089964
5.389968	5.384758	5.63564	3.576325	4.002233	5.654837	4.314307	4.629771	3.658529	3.876598
4.588888	5.122474	6.470243	3.483419	3.659956	4.925421	1.893681	4.452928	4.996516	4.986581
2.120566	5.318344	4.653648	3.754917	4.905189	4.394509	5.082104	6.462935	5.492598	4.879768
5.979458	6.469646	5.428031	6.357647	3.223994	3.436001	4.59202	3.969305	6.358688	3.74595
5.871545	4.881279	4.544034	3.430376	3.793446	6.676059	3.722301	5.393661	3.128338	6.080453
5.249817	4.610137	4.389638	5.287036	6.31674	1.363653	3.380674	4.47454	4.872695	4.489655
3.281048	5.475757	6.07526	5.364201	4.06278	1.841604	7.399769	6.378043	3.769853	6.842905
4.012257	4.611378	5.14917	5.024109	2.824796	5.149823	4.76777	5.326138	3.511168	3.950342
5.097624	4.581288	3.59185	3.679855	5.879706	3.859814	4.152575	4.928202	2.680875	4.993136
5.220516	4.087421	4.623196	5.603527	5.546624	4.83348	6.22929	6.813321	5.169312	4.449305
5.931388	2.821052	6.485078	6.192737	4.954489	4.226153	3.420919	5.164555	4.355411	5.639833
7.615022	5.154285	4.905575	5.764174	5.778362	4.529652	4.732429	4.344753	4.550034	5.640234
5.899088	4.949471	6.062854	5.536941	6.490377	3.651559	3.836477	3.291027	6.159075	4.893296
4.451436	3.09306	4.588274	5.133907	5.658809	5.784106	4.124897	7.018278	6.131744	4.503885
4.621779	4.761259	5.457855	5.621628	5.880958	3.041733	6.529831	4.141167	3.954293	3.321189
7.692958	6.463425	4.747309	3.943319	5.44029	3.493993	3.375262	6.124342	6.134223	5.758901
4.210439	5.393455	5.606013	4.213196	2.913574	3.31964	5.100143	4.625454	4.287106	3.167532
4.450981	5.313384	6.352932	5.358478	5.382796	5.646101	3.891162	4.544655	4.98343	3.557324
6.064047	5.417093	5.250364	6.210589	4.941054	4.060653	5.922317	4.416121	4.695766	6.131028
4.178166	4.249109	4.242858	3.749874	5.51167	5.025465	7.443459	3.551258	3.489829	4.097962
5.061327	6.351374	3.532006	6.971298	5.151837	4.907787	5.428072	6.332055	6.202016	4.014895
4.450574	4.630404	4.603364	5.927391	5.321332	3.810229	6.260885	5.997653	4.262181	3.789527
5.612045	2.540027	3.926716	5.959449	3.993648	4.277953	5.406421	6.167804	3.277664	5.802106
5.342635	7.026832	3.634061	5.480989	5.775146	5.109874	5.932487	5.248457	5.45112	4.508173
5.244009	5.021411	5.367375	4.752272	2.75299	4.983429	5.13203	5.124232	3.581714	5.158552
4.987375	6.344241	6.619747	5.047626	3.818308	4.499235	4.445185	6.703203	5.311659	6.654821
4.193941	3.951622	4.565721	3.789196	4.043728	4.827966	4.50907	5.464874	4.144279	5.272683
6.182346	4.44684	5.916337	5.138153	5.177275	6.513677	5.246923	4.126402	5.155239	5.736984
5.505743	5.23335	5.767182	4.317345	3.771037	5.275214	5.601361	4.87008	4.554475	3.526848
4.796947	6.752898	3.895172	3.940855	5.476253	3.206801	5.444551	3.391815	5.766173	5.499888
4.772387	4.787487	4.228403	3.416153	3.756391	4.132195	5.250194	3.505867	6.391243	4.56527
6.983912	5.014916	5.478289	5.663486	6.024457	5.362957	4.10046	5.894286	4.585626	6.187648
5.33156	3.499511	3.90888	7.233593	4.4926	5.913359	3.592108	5.050708	6.01784	4.474141
5.327017	3.618968	5.071093	5.770621	6.008672	4.723872	3.718011	5.275461	5.102978	4.563726
3.685564	3.623222	4.513574	4.47293	3.131575	6.168856	4.454349	6.037008	4.720308	4.355213
5.659701	4.719538	5.790662	5.220785	5.7741	6.554965	4.352318	5.108069	6.180031	3.377242
1.814012	5.841237	5.451211	5.372545	6.603862	4.552868	4.456731	4.115625	5.390713	3.651048
4.932971	6.389349	3.730755	4.337049	5.446491	6.113435	4.613377	3.869077	4.735284	5.888236
5.750283	4.298796	5.173956	6.150436	4.56711	4.838554	4.298824	4.850533	4.414822	3.485425
4.71615	3.298638	6.667626	5.538152	5.2185	4.42126	2.309507	3.609066	4.374783	5.693645
6.543048	5.678799	5.470391	5.72901	3.489646	4.362597	3.76209	5.429633	4.683889	3.874706
6.286133	4.855915	4.711699	6.485143	3.007614	5.573688	6.264482	3.726195	6.195543	3.544646
7.916277	5.110764	4.802867	5.080381	5.762568	4.314628	3.860373	5.574049	3.802185	4.825171
5.949864	5.438284	6.30313	7.302404	5.802059	3.708216	5.532811	5.109596	4.973629	3.809716
3.719367	4.81421	4.426834	6.273107	4.912504	4.173475	3.679893	6.050155	4.695031	4.296382
5.200431	7.050208	5.129117	5.734491	6.087145	5.952856	6.024034	4.992008	4.883162	5.282825
5.91719	4.808946	5.530138	4.673165	5.257151	6.312925	4.82812	4.899628	4.603774	5.167364
5.70981	4.563678	6.49411	4.610803	6.96103	5.85358	4.11282	4.296913	5.161085	5.252784
3.571623	6.720881	5.923863	5.122364	4.466982	4.31433	4.238374	4.758783	5.387736	5.627971
2.303774	5.814127	4.622424	5.142394	5.427009	4.156589	5.949119	4.779669	4.134938	4.360145
6.724821	5.620518	4.392128	6.148297	4.318592	4.301515	5.414343	7.257742	5.08326	4.862984
4.669429	4.933699	4.805661	5.140236	4.672041	6.644915	5.926298	5.292286	5.276034	3.880559
6.486632	4.143149	5.816438	5.034997	4.367399	5.126696	4.302877	5.308955	5.504241	5.485473
5.821551	3.258593	7.663161	6.012279	5.56725	5.224714	5.079719	5.869825	5.602991	3.299688
5.899244	2.853487	6.768556	6.257354	3.844126	4.672539	5.184801	4.765097	4.66154	5.328412
5.102837	6.970017	5.643514	3.988937	5.746266	5.540039	3.327692	5.787938	5.039423	5.623889
4.293955	6.274973	4.687782	6.536638	7.123916	3.633025	4.774482	6.170618	5.510738	7.37406
3.574262	2.775553	4.746037	4.780943	3.826106	6.264114	4.996122	4.72851	6.350443	4.604177
4.301936	4.289406	7.176523	5.775703	5.116237	4.023183	6.005574	5.432725	3.606099	5.188579
4.92285	3.792508	5.797012	3.745241	6.467916	5.418371	3.803495	5.006266	6.455493	7.358248
3.584319	4.939831	5.467336	5.785649	4.615324	3.989311	7.29036	4.794741	5.096983	5.881907
5.046873	5.966702	5.476895	5.1882	5.923338	4.563179	5.917301	4.240525	3.576778	5.812179
4.212622	4.010695	6.173677	4.310455	6.236042	5.01202	4.208948	5.396204	4.836453	6.544839
4.404111	2.362441	3.479852	5.667235	6.327318	4.8669	4.899122	5.536984	4.644983	4.611683
3.536073	4.318565	5.030493	6.663111	5.250683	6.004253	4.528697	4.360516	4.332256	5.737213
3.485369	4.620283	6.370427	5.325649	3.369013	6.252553	6.498688	6.189491	6.320198	4.652616
4.721071	4.13325	4.579108	6.71301	3.589265	3.881863	5.068885	4.898893	4.169742	3.928926
3.891385	2.891644	4.912175	6.028018	5.765937	6.694613	4.257581	4.361941	6.310223	5.934244
5.499024	6.130552	3.935174	4.537453	5.817836	4.9268	5.075514	4.388834	4.006779	5.22586
5.00764	6.492472	7.008825	5.977179	4.374262	5.745341	6.425262	4.247208	4.459764	6.180249
6.010594	4.41311	6.74302	6.525638	4.321362	4.523275	5.664283	3.229309	7.695321	4.265152
5.5471	6.912879	4.676102	5.947309	4.514849	5.105881	5.297163	5.157748	7.120725	3.386667
3.742932	5.944598	4.347671	4.988547	5.665495	7.196773	8.175673	6.061863	4.242332	6.039748
4.697216	4.734243	6.093826	4.447955	5.063277	3.358335	4.434825	3.924898	4.955297	5.376824
6.675699	5.741394	4.31803	5.121963	3.269442	3.939836	3.994661	5.00041	7.69294	4.744706
8.22579	5.023813	3.989075	5.428346	4.121265	4.828862	3.633319	6.055906	5.770435	6.46823
5.437592	6.686732	4.759392	4.042547	4.712548	3.191859	6.383742	5.601033	4.838363	5.066264
5.153337	6.616286	6.413126	3.711425	4.309515	3.942812	3.169876	4.467796	4.561708	4.076497
5.625632	3.201459	4.473084	4.586913	6.330598	4.703389	4.414988	4.347342	4.29536	6.107983
4.392867	6.735595	4.797432	6.197134	4.936588	4.956241	4.958328	5.287804	5.570422	6.328565
5.088254	6.334317	5.354711	4.444696	4.606162	5.262154	4.280232	7.093435	3.885606	3.276304
7.444713	5.614907	5.764416	5.963374	7.337882	5.554049	7.710745	4.69182	4.444118	4.586671
4.64639	5.410374	4.79341	4.633373	3.128748	4.382468	3.209977	5.11227	4.356285	4.523973
5.993184	5.958145	4.670533	5.145164	5.429588	4.321469	4.930586	4.15309	3.278392	6.521196
6.681407	6.982733	6.754552	5.955091	4.513526	6.276647	1.191105	5.423626	4.958164	4.049601
3.923443	4.86329	5.250931	3.895282	4.008783	6.049248	4.537633	6.248301	4.886483	4.763062
2.907589	4.781292	6.1387	5.434151	4.605437	5.781611	5.143896	4.570529	3.746222	6.308126
4.474034	4.377529	4.478143	2.326021	4.58058	5.802547	4.101423	4.52926	3.77272	5.284233
4.541447	4.564129	6.138893	5.335404	4.876257	6.290399	5.345989	5.389983	4.391497	4.905709
4.560946	2.598866	5.20333	6.48441	4.974473	6.694825	5.239348	4.301433	5.523793	4.749538
4.218192	4.113804	3.528292	5.264253	4.412519	6.7356	3.042468	5.360713	5.476849	4.375161
3.619874	5.735786	6.223368	5.775556	4.62807	4.939307	6.352592	4.887885	4.893504	6.964358
5.130013	4.801625	4.299667	4.904311	5.362486	3.50737	4.045727	4.387465	6.140643	5.997648
4.444717	4.391683	6.013528	3.171571	6.481687	4.761661	2.701341	6.707186	3.819201	6.596146
4.805305	5.323433	4.967929	4.841228	3.451204	3.598948	4.959876	6.698318	3.733031	6.294926
4.189367	6.201495	6.713706	5.949658	3.757643	6.629025	5.180066	5.021846	3.942409	5.573449
4.252527	5.631909	4.982072	6.670403	7.699104	5.640165	4.235071	5.267156	5.088606	5.05931
6.561387	3.697161	5.31605	5.021414	3.845977	5.923818	6.122814	3.640848	6.58842	6.642039
3.392221	4.731244	4.468135	6.477134	3.619852	4.445486	5.692555	4.965468	3.163739	4.296219
3.641919	3.90992	4.103794	4.451378	3.504623	5.63348	5.292696	3.836699	5.99545	4.488654
5.18584	5.069482	5.11605	5.379178	4.08685	4.948676	5.091223	4.653315	6.508766	3.674677
4.937195	5.126599	4.583855	5.465939	6.442187	3.98185	5.461347	2.381771	4.654564	3.890267
4.309549	6.945506	6.568316	5.832838	5.927929	5.660214	4.738082	6.06909	5.127125	4.252545
6.45095	4.515411	4.544128	5.381955	5.165872	6.498577	4.34115	3.82067	5.923763	4.50381
4.01944	4.48749	6.839067	4.54669	3.826821	5.619903	6.507804	4.089231	4.617704	5.696074
2.727864	5.498036	6.216812	4.691685	2.772908	6.670341	4.233567	5.092084	6.405424	5.584055
5.3251	4.346052	6.260716	5.917934	7.771553	5.197025	2.979134	4.584583	4.789897	5.794576
4.42999	4.286016	6.121539	6.576001	4.013561	4.513517	4.415122	4.617615	6.267033	4.211431
4.320607	3.915613	4.930226	3.952729	6.127751	2.194703	4.413869	6.325789	6.374928	5.285366
4.251487	5.740116	5.740243	4.282974	6.245383	5.074695	5.220834	4.793256	5.172567	5.349425
4.613634	5.412118	4.767602	5.968348	5.840295	2.862904	3.947132	3.09755	6.035905	4.552712
5.119487	5.123431	5.604128	4.584974	5.491409	4.408051	7.21431	5.107212	6.102279	5.819612
3.879927	5.361599	6.013954	5.233703	4.087271	5.750694	2.763973	4.464678	3.685114	5.557607
4.681849	3.258244	4.159272	4.068605	5.387242	4.893475	6.188642	4.170362	3.724214	3.532374
4.053689	3.949318	4.709553	5.660604	5.771438	3.388313	5.651602	6.009932	5.378587	4.394959
4.137513	7.303825	4.643045	4.087388	4.884453	4.191929	4.77481	5.104213	4.49438	4.28145
5.108999	4.336666	4.793168	5.006028	4.031974	5.771259	5.063036	4.336645	5.612907	6.787731
4.424132	4.387244	6.01971	4.735473	4.526127	6.216003	5.590733	4.713403	5.924601	5.852205
5.874809	3.059588	4.944287	5.48675	3.783524	5.628258	5.18249	4.096473	4.674394	5.398308
3.740006	3.593403	5.727411	7.335909	4.655761	4.42457	5.18058	3.737827	4.517889	4.542519
6.486168	5.938684	4.716997	4.27575	5.397121	4.72721	5.381964	5.537219	5.764675	5.069568
6.41468	5.629989	4.294116	4.105134	5.955048	4.840645	4.257441	5.268384	5.222047	4.771544
5.486424	4.07761	3.868995	6.605535	6.690839	6.216483	5.128614	5.206977	3.423398	5.898924
3.535096	5.554397	3.967825	5.637405	4.666746	3.813251	6.174964	5.172458	4.540263	6.015048
6.974916	6.640566	3.97454	3.825377	2.422445	6.050381	5.304083	4.281475	4.071686	2.968722
4.828588	5.98207	5.023988	5.720333	5.472352	5.94238	5.371035	3.1744	5.545162	3.379665
4.281803	6.366849	4.199301	4.962287	4.766994	5.770415	2.608827	4.737584	5.594217	4.571227
6.458994	6.909111	5.666542	5.972283	4.275984	5.533415	5.693706	4.690823	4.187725	3.106925
4.755578	6.878633	4.988313	4.06466	5.447042	3.643023	4.579316	5.080213	5.23774	5.966377
5.714445	5.146948	5.462163	3.240743	1.693285	5.213785	4.399189	4.947218	6.649118	7.155417
6.272218	3.895042	3.569423	4.573087	4.443323	3.666333	5.968466	6.179749	3.064877	4.04797
5.720362	5.274334	6.99721	5.27726	3.770849	4.566473	4.774056	4.729545	3.847482	4.044738
4.796287	4.50516	5.420738	4.28436	2.673955	1.890259	5.20754	2.830299	6.575113	5.632928
3.748677	4.727285	9.021035	5.283131	3.75523	7.616348	3.620279	5.284433	4.46583	4.465599
2.742816	3.438087	4.294067	4.039361	6.728224	4.022824	4.52721	4.456225	5.856829	4.534604
5.414116	5.595468	6.030842	5.878961	4.729433	5.566092	2.925529	5.016132	5.065196	5.102513
4.038395	5.713614	5.584396	4.799607	3.498539	6.343483	6.133815	4.012141	4.783761	3.058239
5.617507	3.01862	3.825662	4.276249	5.147943	5.823225	5.419795	5.207844	3.134252	4.629655
6.159235	6.32657	4.109293	3.534769	3.088551	3.39975	4.746606	6.016066	6.386546	6.697119
5.298395	4.952467	3.068357	4.867317	3.521953	6.815024	4.208577	5.172008	5.151774	5.888377
4.231111	4.283051	6.207561	5.543457	4.413135	5.108214	4.741851	5.392344	5.512607	5.749864
6.356874	6.868627	4.488145	4.715135	5.209229	5.210015	6.196344	4.10264	5.204644	3.38867
5.453224	6.476192	4.000232	5.671288	5.274915	5.313117	4.681393	4.439292	4.580127	4.706307
5.817561	3.796176	4.659374	5.665952	4.70827	4.953316	5.032263	4.038375	5.570349	4.653399
2.607809	5.335371	4.945056	4.37882	3.316688	4.479089	3.99757	6.852657	3.810531	5.015871
5.506325	5.124553	5.231656	4.817255	3.355633	7.048233	4.498399	4.702309	6.370118	4.99568
3.656707	4.893066	5.364828	4.664485	2.185859	3.868209	6.587633	5.279507	4.410019	4.732532
5.533796	4.579716	4.279222	5.573275	7.37254	4.84639	2.683386	5.277188	3.4687	6.226272
5.579329	5.730271	6.13529	3.856097	6.082267	4.519401	5.323683	4.284623	7.20925	5.704659
2.618142	4.753707	5.339204	5.525695	4.291131	3.583169	6.821255	7.501279	4.691889	5.979803
4.370488	5.173832	4.783946	4.705226	6.36161	4.572317	2.99597	4.861986	5.378156	5.505191
5.387167	6.317535	4.989546	5.772014	5.571667	3.174061	5.826694	5.176774	6.155425	4.354485
3.851077	5.079524	4.832681	5.804648	6.10895	4.072885	4.739758	4.904396	4.622022	4.095816
2.964072	5.223097	4.929648	4.722155	4.940467	5.697743	5.297322	4.782325	5.416937	5.957084
4.03338	5.077207	5.414341	5.075637	4.974704	6.327535	4.102938	5.765027	4.34205	5.389042
5.811167	5.768862	6.604481	8.148546	5.239473	4.076879	3.351046	4.962671	4.077818	4.335143
4.344789	5.177599	4.282945	3.944498	5.070793	5.169991	4.348614	5.258266	4.236457	5.086299
4.387653	5.665135	5.057883	4.683021	4.321295	4.315884	5.448122	5.420061	5.016765	4.323751
5.538538	5.331186	5.020464	5.021966	5.33316	2.949094	2.777239	6.247419	4.968313	5.671187
4.573343	6.017445	5.479512	3.946384	2.962584	5.075366	3.173723	5.753249	3.82673	6.726336
6.896121	4.112947	4.729299	5.0133	6.101643	4.829874	7.487095	6.234918	5.034453	3.79752
5.21683	4.152937	4.11284	3.805728	4.615839	5.670178	4.47744	5.252015	4.167117	5.396559
6.573329	3.828244	5.0879	3.905371	4.238995	4.501426	4.090634	4.863705	3.950263	4.934021
3.57269	6.052331	5.016062	5.078058	4.899796	5.435152	6.516925	4.687592	3.900645	5.205466
6.694291	5.042341	4.303525	5.653563	6.145043	5.573142	4.299053	5.394323	5.119832	4.453767
4.691373	6.253967	5.530536	5.518088	4.356058	6.252139	4.811044	4.534924	6.316979	3.355567
