5.693775	3.355253	5.793176	4.718216	3.522594	3.661006	6.17166	6.115709	3.738112	6.770008
5.665829	4.761268	5.748346	4.339475	4.185706	4.367482	3.410476	5.625771	6.680715	4.483084
4.892323	5.28684	3.977579	5.925467	5.149495	5.090075	6.177069	5.181693	5.985496	5.366608
6.026282	5.342474	6.006961	4.230181	7.421371	5.634863	2.986053	5.672705	5.624599	4.769919
5.337906	5.719785	4.166808	5.136212	5.54394	5.666699	6.471144	3.593824	4.299623	4.875585
4.803913	5.316377	6.279027	5.498514	4.299093	4.9739	5.345078	6.09329	6.19225	4.980075
5.752857	5.202978	6.987697	7.304222	4.916155	5.487684	4.410661	6.20748	4.923409	6.406959
5.392078	4.113196	4.847044	5.771208	4.783381	4.516123	3.692885	4.46	5.023132	5.339509
5.821192	5.824162	5.443344	4.46243	2.930205	4.937663	5.451871	4.965372	5.015833	6.323404
5.913522	5.392758	4.144568	4.716505	4.12606	2.690035	3.497834	5.311232	6.38068	5.383687
5.186081	5.662241	5.344457	5.829921	4.939974	4.145266	3.215231	5.634586	5.556774	4.754596
3.808888	4.931963	3.767425	4.666306	6.853392	5.656508	4.779428	5.609787	3.319255	5.778089
6.32377	6.179501	1.406331	5.295944	4.076467	5.493461	5.185327	5.722851	5.876854	7.589389
4.28088	5.150339	4.611953	4.076309	4.698435	6.674929	4.070009	5.557358	4.616198	4.515765
3.81263	5.163619	5.237707	4.257483	5.86503	6.645699	6.455919	3.858174	4.187144	4.05499
4.579006	5.160274	4.854042	4.371483	3.58725	5.822286	4.678085	6.444944	5.195331	5.350921
5.683669	6.034533	7.665688	4.690876	6.112834	5.628208	7.755321	5.495383	5.233684	3.324201
3.623705	3.629576	6.58639	4.416551	5.808621	4.79723	5.65288	3.884239	5.69873	4.43188
5.144603	3.910673	6.045145	5.732461	4.378686	5.609087	6.53822	4.734518	4.749983	5.545642
6.3299	4.844148	7.389126	4.957212	5.683926	3.760782	5.618886	5.106789	5.168472	5.013013
4.383213	3.711719	5.754226	3.764102	4.869863	4.201872	3.832024	3.315617	3.272565	6.501881
5.710645	5.03823	6.028825	6.180078	5.536351	6.699749	6.160967	7.279552	4.279449	5.455921
4.914452	5.149765	5.432518	5.097033	5.983341	6.079843	3.489293	4.626688	6.59756	3.93461
4.841619	6.515254	5.945624	4.930517	6.620821	4.489982	4.86453	5.497491	3.22832	5.683684
6.010732	5.781382	5.96008	5.373933	5.408807	7.792789	4.644813	4.194913	4.938468	6.283127
3.085828	6.214422	6.103597	5.602588	4.927112	5.323144	4.72971	3.851925	5.020064	4.054142
6.152237	5.826579	6.8329	6.340405	4.095726	4.329319	4.226824	5.333091	4.343557	7.896971
4.08659	4.990647	5.07375	6.478902	6.167338	4.495128	4.64356	6.706096	4.955208	1.826791
5.23808	5.416096	4.090117	4.397062	3.562562	5.787093	3.885592	6.849407	5.301011	4.161285
4.269315	5.626122	4.645975	4.273911	5.177044	4.412873	7.553395	4.786536	3.811653	4.457687
5.189107	6.593455	5.008575	5.710838	4.518322	4.068959	4.503767	4.994837	5.032328	5.332347
5.981603	6.634624	3.298857	4.214367	4.663707	5.777844	5.603139	4.75107	7.279311	4.242424
5.560417	3.04615	4.799218	5.753457	5.021752	4.288121	3.190181	4.353201	6.186471	5.931413
5.755062	6.291521	6.700049	5.742056	7.203697	4.031289	4.639305	4.356003	4.038889	5.474003
5.064198	4.964444	3.375842	4.656248	5.49105	5.401565	2.686235	5.73214	3.508391	5.099876
5.835887	5.6585	6.458667	5.178227	5.642452	5.396387	4.631381	5.065988	6.843053	5.495022
5.322787	4.456358	4.284224	6.400082	5.195184	3.334389	2.704638	5.648227	4.955986	5.294632
4.868857	4.327435	7.600844	4.869983	2.892076	4.055051	3.798606	5.215531	5.465181	7.397208
5.989757	4.292302	5.665775	2.055633	3.192743	3.898798	4.145134	5.220524	5.526529	7.043464
5.178409	5.399724	5.496436	4.501029	4.021856	6.005121	4.23135	5.080122	4.415459	3.410393
6.219388	5.4639	4.636402	3.899984	4.279043	5.701264	5.188313	3.882676	7.241224	4.530859
7.550075	4.668721	3.448352	5.877679	5.94012	5.314151	4.806052	6.512752	6.678779	4.872728
4.764604	5.408772	3.875345	4.99761	2.491852	4.933644	3.579022	5.441294	5.515952	3.168153
6.138701	3.598065	3.909715	6.148651	5.848785	3.476342	3.333762	5.030822	5.244945	5.245194
6.127683	5.282829	5.141129	5.154979	4.668883	5.253512	5.708112	5.333154	6.405228	5.090879
6.002533	5.934898	3.649993	5.309933	4.522817	7.725394	6.384724	4.825908	5.403712	4.282425
5.925446	4.835337	5.527395	5.019176	5.255165	3.459103	5.436064	3.779982	6.084028	3.114222
4.16118	6.93767	5.168751	5.991699	5.037188	5.370567	3.027858	4.954518	6.884853	5.513809
6.23652	5.067423	4.818542	4.922027	4.809563	2.14821	4.945082	4.308857	5.066414	3.605262
4.515242	6.097695	3.33398	5.41204	5.425339	5.291718	4.938672	4.821149	6.974767	6.836476
6.100511	4.709924	5.282053	4.309428	4.90418	3.728277	3.201384	7.123637	4.292079	6.184414
5.490229	4.615531	3.606402	6.005026	4.959196	7.166443	4.149956	4.92626	4.661366	5.391056
6.443675	5.750737	4.771007	5.452479	4.490238	4.343822	5.652446	4.755782	6.189518	4.58072
5.054053	4.841923	4.676163	6.566986	2.767695	4.562101	3.81656	6.444507	4.553713	4.230958
5.61505	2.58037	4.435519	4.778445	3.936276	3.412847	4.503034	4.43211	4.423418	6.08172
3.220393	4.751415	4.843116	4.955404	5.029371	5.172615	5.019277	3.798031	5.703801	4.58742
5.091272	6.530326	3.251974	3.823046	4.559397	4.52141	4.859379	4.39732	5.856803	3.296927
6.443512	4.274357	5.151738	4.658805	3.781648	4.056705	5.131636	4.970362	5.312918	4.847275
6.198372	4.32543	5.136778	5.85947	4.264846	4.456906	6.910941	4.360179	6.010273	4.639663
7.202332	4.847051	4.547855	4.939739	3.820845	4.81924	5.374138	4.905228	4.783217	4.25199
3.571203	4.797984	3.745924	4.190903	5.509652	2.725799	4.697094	4.932715	5.225056	2.530829
5.231448	4.888183	4.956779	3.513011	5.412399	5.274642	4.740021	3.833394	6.685762	3.920787
5.169806	5.134171	4.276595	5.74226	5.061501	5.934585	2.869162	3.923073	4.059031	5.218324
3.652781	5.916829	5.824233	4.929533	6.415384	5.470601	4.705355	5.872159	5.681535	4.800003
5.027915	3.783372	5.418574	4.951272	5.45256	5.517353	5.880218	3.541717	6.182223	4.982635
4.704466	4.933549	6.780433	6.473846	5.072079	4.910534	3.925738	4.65066	3.860503	4.171003
6.790254	5.852455	6.22447	4.966325	4.633043	5.231043	6.746254	4.944183	5.461659	6.077842
6.235469	6.621142	4.336818	5.707431	5.769093	5.161028	6.368836	7.243558	5.021901	5.19578
4.552473	5.532761	4.429117	5.807705	5.31727	4.171066	5.578881	3.999812	4.686013	6.052577
3.578714	4.902277	3.887351	4.508228	4.3196	6.406524	6.204292	6.120922	5.275823	5.268829
6.849747	3.554724	4.84327	4.743212	4.0346	5.596294	5.350293	5.80461	5.943364	3.252068
6.563511	4.845476	7.060899	5.322624	4.865323	3.937557	6.440666	5.643498	2.895489	4.265509
6.932645	3.914418	4.655917	3.774866	7.041527	4.798963	6.878393	5.178232	4.004086	5.095348
5.917748	3.501736	7.355771	4.361646	5.725039	5.806772	6.258362	5.507012	4.876915	3.834287
4.812967	6.803532	6.120977	5.447206	3.151942	3.559762	4.199561	6.057638	4.730515	3.856342
3.119046	5.402456	3.655629	3.597209	5.917459	4.943304	5.694912	4.136421	5.715569	3.569177
4.785544	5.058661	4.13917	5.467091	5.316152	4.147058	3.156582	4.705489	5.601544	5.773975
4.922478	3.588354	5.419951	6.613936	4.630105	5.568585	4.666078	2.877652	4.647061	5.467716
5.014174	5.964525	4.845472	5.096512	4.741271	4.888458	4.93501	6.44414	4.13986	3.388246
5.552374	4.564463	4.349829	5.852089	5.305385	4.619596	6.106818	6.386512	5.153745	4.788141
5.020634	4.521529	5.915687	6.340927	5.387917	2.317859	3.643955	4.067332	3.530009	5.44935
6.152973	5.688746	4.387232	5.433864	4.127669	3.188846	6.976117	3.906988	5.412138	5.821889
3.858419	4.814703	5.314064	5.242758	6.173177	6.388708	5.730909	4.482294	4.790031	6.224487
5.677606	3.232732	5.500226	4.611095	4.845482	7.840648	5.493707	3.623491	5.514622	4.455142
5.290738	5.97085	5.163515	6.429971	5.025469	5.245982	4.058375	5.442333	3.94674	3.506115
4.68224	4.534886	5.698924	4.799222	5.150288	5.566835	5.77226	5.746414	6.003647	7.873074
5.073193	4.356259	4.485595	5.091919	3.661083	5.37902	4.65398	6.82396	6.545545	4.215606
4.618949	5.546332	5.677278	4.931066	5.3446	6.246639	4.970818	4.471854	2.798758	6.06844
4.800987	5.533471	4.880786	4.099651	4.725883	5.972084	4.068433	5.444977	6.555638	3.591014
4.311157	4.376887	5.086223	4.155078	6.027845	4.30894	5.622972	6.353189	4.100732	5.921279
6.652352	3.167474	4.19776	5.594342	3.213993	3.517186	5.184515	5.150904	6.431099	7.143542
3.258295	6.21361	5.14709	5.887772	7.236968	5.78796	2.839915	3.617929	6.123019	3.973343
5.981796	4.950903	4.96039	4.658947	6.453111	5.873345	6.063686	5.354364	5.483151	4.611615
4.47409	5.361063	4.67327	3.690298	5.276742	6.605503	4.335555	4.73243	2.515018	3.423788
5.067774	5.431049	3.947293	4.029978	4.8394	4.09035	5.546922	4.782303	4.409095	3.760589
5.122539	5.665251	4.587436	3.315039	6.510216	4.743745	4.77629	5.113111	3.909389	6.421138
5.414584	4.383759	6.083911	7.231427	3.003458	4.91939	7.043464	4.741816	4.470023	6.235822
3.905254	4.223533	5.931177	6.477438	5.493893	4.419188	3.297602	5.024905	5.445758	4.915801
3.830785	5.927852	4.097344	4.04635	4.566817	4.492439	5.483965	6.223881	4.590111	3.249599
4.766864	5.911192	5.044474	5.039443	4.765822	5.180402	5.371388	6.059093	6.913793	5.613409
5.100308	3.846616	4.76864	5.124912	7.405849	6.539075	7.252731	5.195266	3.288725	4.091056
4.986346	4.101995	5.614463	5.791196	4.549959	5.83385	6.619249	1.919403	5.211862	5.649011
4.611229	5.710732	6.016408	3.989278	4.298944	4.574612	3.795883	4.537496	4.575776	3.522835
5.136405	5.0843	4.900183	5.721871	3.915454	3.553899	4.240582	6.277848	4.980826	6.382126
4.580378	4.314899	5.299148	4.373563	6.097288	2.652528	5.63605	7.317268	4.003157	6.371691
3.660343	4.447372	6.661753	4.237933	4.140447	6.516278	4.511913	3.176068	6.095542	5.65205
4.460845	4.02538	5.559923	5.113878	4.484578	6.637765	5.503754	5.029973	5.985081	6.156094
6.523897	4.48586	7.709085	6.212869	5.171737	5.284038	6.687069	4.382992	6.339956	4.073294
5.471903	5.173131	4.390396	4.030922	6.993223	3.976186	6.266609	6.090373	6.783889	5.336137
4.362217	5.320754	5.899566	5.615083	5.814268	4.275764	5.083526	6.243197	3.471202	3.083117
6.223199	3.187174	4.478799	5.327924	4.518188	5.692622	6.365492	5.372145	4.214042	5.395904
5.077844	5.80705	4.424085	5.268049	4.400478	3.635262	6.339566	5.62821	5.51571	4.558679
3.535296	5.043473	5.666264	6.381146	4.400687	4.887103	5.294847	4.086896	4.746349	4.388567
3.166159	4.339573	5.620507	5.32873	4.244628	5.3953	4.293947	2.970103	3.87758	4.773063
4.115228	4.418897	4.868895	5.849266	5.296632	4.186215	3.253116	5.544045	4.594495	4.466531
4.543056	4.702315	5.010536	5.619201	3.848499	5.340626	5.916728	4.877738	5.095228	4.552357
4.869843	5.773474	4.805561	3.738228	5.740286	5.140687	4.534354	3.686936	4.75243	6.140681
6.428183	5.292688	2.840933	5.253942	7.481205	4.641493	4.486448	4.247971	5.893723	3.617564
5.168283	5.690515	4.743687	2.904569	4.650724	4.888714	6.438982	6.128013	5.586602	5.128936
5.669162	5.761871	5.057399	4.976474	4.581494	5.83528	5.54979	4.425593	4.081168	2.353651
5.711675	5.219374	5.197367	3.059793	6.253249	5.87971	5.78509	4.105317	6.237358	7.278852
4.006132	6.723972	5.643725	5.253284	3.506388	7.215308	3.568119	5.056269	5.045981	6.656566
4.884884	5.298481	4.566909	6.693326	4.945369	4.328349	7.02535	5.402925	6.597457	5.160365
5.767157	5.582269	2.998679	4.965885	3.789426	4.899274	3.785172	5.223491	4.293515	5.600247
5.461167	5.779263	6.140007	4.072825	5.22234	4.443491	3.983445	3.490651	5.957509	5.862627
5.953563	6.199575	5.575495	5.280307	5.017831	6.824907	4.805509	4.790388	5.217659	5.579093
5.629688	5.131465	5.636988	4.691108	4.729851	5.306451	3.647291	5.392787	5.168603	6.517797
4.750264	5.205532	6.909408	4.81265	5.704978	5.644239	4.889542	4.196707	5.392356	2.850927
4.489239	4.681582	3.89855	5.233889	4.645573	5.646691	5.15676	5.692976	3.546048	3.427364
6.042547	5.099161	6.442933	6.200236	6.352371	5.467956	4.85376	4.751119	4.024311	4.3054
3.625997	5.437407	2.935842	5.32437	7.826486	2.781518	4.157667	5.307735	4.898535	4.856564
4.662048	5.971546	7.013597	5.260338	4.711287	2.127721	3.981195	5.700252	3.696438	3.96054
4.586156	4.248687	7.052518	4.567758	4.10432	4.60149	5.132816	4.770069	4.754145	3.086593
5.158514	4.363294	5.352661	4.254422	4.971181	5.467155	6.415497	5.304999	5.524008	5.154175
3.658266	3.192406	6.078579	4.85971	4.034116	4.527494	3.94367	3.362995	6.123224	3.705808
4.489486	4.732289	4.630948	4.533517	2.619804	4.277102	6.143721	6.005586	5.2096	5.958873
6.405457	3.47376	3.811474	3.730738	5.101467	6.1223	6.368372	6.042729	7.541641	5.657606
6.703547	6.181781	5.388659	5.382288	3.403139	4.84238	4.3097	3.699147	4.497672	7.547788
5.534119	4.384677	5.027599	5.120194	5.330945	4.613816	7.494215	4.110185	5.309403	5.45279
3.759635	4.241644	4.136349	6.27452	4.142193	6.324633	5.405087	5.638974	6.282539	5.705617
3.937317	5.243018	4.341883	5.896515	5.669068	5.370296	5.327692	4.198929	5.840221	3.920815
4.154022	4.565843	6.231095	4.089197	5.774857	5.034595	5.912519	4.798134	4.82991	6.700832
5.440451	6.209442	5.40825	4.230623	6.87477	5.91707	5.178158	5.761689	3.571972	5.732096
4.556857	6.547437	4.855908	4.386718	4.751625	4.762053	6.843957	5.824074	5.390546	7.077169
5.861013	5.79889	7.266787	4.354181	5.990766	6.92893	5.230432	4.172698	5.407126	4.487898
5.186132	4.686787	4.849796	5.549837	6.664212	4.422061	4.400051	5.177058	3.122939	4.85237
5.884758	5.393746	4.872697	4.739679	5.890208	4.116926	6.745778	4.372504	5.666627	3.782036
4.69641	3.085499	6.131638	4.670529	6.026094	5.547044	4.315906	4.86803	3.1093	5.076937
5.472247	4.44529	4.212041	4.0058	2.504862	4.852646	4.500438	4.098706	4.252841	3.602543
4.23368	5.470062	6.568401	6.573733	5.903626	5.620901	6.662378	4.228138	5.666803	6.387052
3.740148	5.324049	3.412403	4.2179	5.461709	4.644391	4.319594	4.939994	4.926838	4.69943
6.721817	5.296091	4.311003	5.973357	4.786176	4.685083	4.637086	6.692945	4.975659	6.456603
4.579197	4.146576	5.323742	6.088775	4.953375	4.73768	5.584407	5.404412	2.347782	5.382755
5.740689	4.178311	5.943386	4.091503	5.563432	4.721083	3.032477	5.277228	5.12415	5.880735
6.375585	4.316504	3.820229	6.261836	6.046571	3.189023	3.000422	5.694158	5.097571	5.915856
4.900157	5.952672	4.423218	4.302592	5.037552	5.972262	4.911939	4.168293	6.741801	6.323656
4.613911	6.685894	5.614129	4.884748	6.09453	3.331545	4.710614	7.072016	4.227757	5.435955
5.534572	4.660738	3.934943	4.971378	5.484615	5.874117	6.973536	4.942498	3.366461	2.746079
6.355545	6.236197	5.058676	4.271585	3.298245	5.946738	5.482865	6.021473	5.719371	7.088176
4.543392	4.740689	5.139802	7.139834	6.515291	3.282232	4.94391	3.692083	3.637497	4.7949
5.201905	3.848814	5.819077	4.97847	5.334126	5.445506	6.565578	4.686878	5.098105	4.139061
4.234641	4.516515	4.982993	5.567702	5.726665	4.043647	6.001989	4.160773	3.840774	4.448148
5.595966	5.827616	6.288414	5.577808	4.459945	6.055062	5.359751	5.725404	5.84232	6.632861
2.70251	4.360846	2.668721	5.017149	5.469136	3.378062	5.529432	6.188541	5.185752	4.755266
6.32953	6.084718	4.787807	4.748891	5.203451	3.943663	4.656478	5.068662	5.233125	5.651775
5.221892	4.437733	4.25715	5.271882	5.415954	4.97562	5.717749	5.083475	4.50873	6.103101
6.72733	5.703335	5.15273	5.048009	5.714917	5.69266	6.430848	5.218534	4.987578	6.090369
6.249932	6.182286	6.339884	5.230054	4.978005	4.325099	3.567466	3.966156	4.592476	5.852422
3.917714	4.748744	4.924541	5.977805	5.751259	5.015749	6.637134	4.310787	5.598713	2.773681
6.925272	7.671105	4.237971	4.706166	4.669724	6.68058	5.014372	5.165092	7.190497	4.573116
4.608709	7.143426	5.248374	4.553512	3.967829	5.515041	4.355492	5.571338	3.581934	6.490634
5.599662	4.16081	4.167335	6.001733	4.020101	5.912556	2.831365	6.093179	4.818007	4.603161
4.948108	3.818616	5.953391	5.479959	5.234068	3.829088	6.27842	4.387642	5.568878	4.895678
3.381135	4.562209	6.77358	5.87943	4.820154	4.727771	4.975005	5.471686	4.054593	4.995544
3.851111	4.33706	6.159722	6.036848	6.005888	4.641589	4.516162	4.827706	4.521537	4.157115
1.324702	5.282901	5.210639	5.579291	3.498263	4.329168	6.182145	5.147753	5.490882	5.632744
5.616079	4.8679	5.821033	3.915654	4.934095	5.66107	5.656306	3.81484	3.606461	4.991274
4.609673	4.190576	5.098084	6.156303	4.162231	4.323818	5.810103	3.512254	3.953976	5.291562
5.544545	6.105742	3.730477	3.800729	5.255044	4.187249	6.438665	5.995666	1.803701	4.31218
5.283516	5.753465	6.018841	3.887952	4.777985	5.603405	6.244379	5.90016	5.011086	5.971848
5.755929	5.112446	3.652871	5.074966	4.55703	4.524063	5.301066	4.018567	4.061012	3.904233
4.298293	3.878509	4.722567	5.923599	7.254503	3.161098	5.51022	4.132143	5.728545	4.802567
4.024086	5.141385	5.353876	5.730284	3.290134	3.329464	5.803382	5.818018	5.774523	7.379116
4.74516	6.057893	4.448786	6.48034	5.238864	5.739556	3.97588	5.629	5.768119	6.205519
5.952903	4.369503	5.692677	5.108194	5.899364	3.554633	4.758265	5.117615	4.513573	3.881456
3.534638	4.500664	6.362208	3.538782	3.930775	3.615013	5.906185	5.78878	5.913302	6.258224
4.244672	5.472492	4.477352	4.694467	4.869637	4.779707	3.226808	6.119456	4.008224	3.34156
4.279001	3.339416	4.168128	2.478125	4.476617	4.301408	5.676051	1.910026	5.488768	5.061671
3.210155	4.415285	3.208627	4.948877	5.137262	2.984263	3.637177	6.754265	3.926347	4.136687
6.733529	7.576787	3.132775	6.455966	4.825297	3.863296	4.400873	4.167767	7.183541	5.113054
5.951139	4.161045	3.649455	5.753584	6.008012	5.69882	6.019229	4.752479	4.99738	3.892081
6.171779	5.313918	6.735298	3.650255	5.813661	4.252174	3.731008	5.95258	5.748903	4.726913
4.879282	5.257781	4.093534	5.397354	4.387625	5.077184	5.953073	4.886901	3.406847	6.253976
5.35871	5.514508	4.252535	4.77598	4.556858	5.576254	5.728626	4.408579	4.987629	5.324313
5.141164	6.747487	7.131272	5.478409	5.708858	3.801109	4.83791	4.932098	3.437969	5.592562
2.793684	6.487462	6.416049	4.212855	5.149693	3.905799	4.657431	5.532292	4.350043	4.540246
2.934024	7.70069	4.322968	4.979409	6.403831	4.444497	5.568343	5.479949	4.879632	5.251966
4.81439	6.58235	6.328753	4.621857	5.635055	6.461326	4.34898	6.00147	6.485659	6.061442
4.334687	5.894427	6.66026	4.342129	4.350336	6.732948	2.378187	5.871669	6.285383	6.424666
3.73137	6.10805	5.176514	5.169754	5.428495	5.117599	5.124535	6.488659	5.155171	6.02491
