5.151504	6.501582	3.795591	3.601489	5.530052	4.424113	4.858147	6.091805	4.474715	6.164669
3.991497	4.605577	4.960042	5.763369	4.001168	4.168103	4.93124	4.603131	4.331017	5.996559
5.032908	4.345278	5.778136	6.011055	4.052967	3.848445	4.123931	6.297628	5.191391	4.624681
4.985688	5.172814	6.572303	4.802813	5.316542	3.634439	5.410004	3.833316	5.104041	4.876896
5.939093	6.182845	5.326509	4.903793	5.312758	4.280238	5.533556	6.299127	6.14838	5.481075
4.994873	4.841935	5.014669	5.842383	6.161757	4.153144	4.370222	4.474855	2.861929	5.146708
6.864397	3.730207	3.104315	5.808301	3.38813	6.854635	3.621397	6.251223	5.373238	4.082108
3.639263	2.437808	3.578532	3.815722	6.288094	3.52311	6.137138	5.797486	5.803703	6.637537
3.627208	4.696297	6.209849	5.806993	6.169878	3.860246	5.737423	4.423316	6.063035	5.043515
6.478806	4.750793	4.673891	5.455588	5.615796	5.361639	4.542425	4.987196	4.40238	3.429584
5.082538	5.714556	5.222669	4.018497	5.80252	3.743345	5.952603	5.747322	4.499984	4.831115
4.452516	4.690167	6.757322	3.231156	4.933462	4.200776	5.277891	6.868814	6.654328	1.99144
4.9381	5.110841	4.843292	5.226282	5.015553	5.548165	5.182584	6.35741	5.759432	6.303906
4.33095	5.943782	5.774198	7.456599	5.697087	3.562226	4.180389	7.098134	5.661253	4.249052
4.295906	4.190998	5.141645	5.795098	5.22524	5.358686	5.626017	5.434588	3.674963	3.531731
5.429998	5.076783	3.45716	6.131337	5.307716	6.05198	5.004705	5.82173	5.653944	4.637046
4.557213	6.78163	3.445823	6.077211	5.28228	5.094652	5.195897	4.13352	3.49242	4.327473
5.929964	6.151176	5.04635	5.86592	5.376524	3.323439	4.579016	4.890133	5.674537	5.627109
4.930448	4.529593	5.587735	5.62794	4.65184	6.772116	4.751933	4.935444	4.875577	5.039888
4.827357	5.891027	5.175842	4.044034	3.840349	5.141522	6.282606	4.817189	4.269744	2.656151
6.254762	6.523354	5.895133	3.136878	6.988506	6.920412	3.710863	6.401185	4.643991	4.993509
4.225963	3.717883	4.235559	5.9023	5.193188	4.754609	4.973762	4.867361	5.846043	4.936069
5.684484	6.696278	3.481075	6.499069	6.529477	5.902719	7.080634	3.766648	4.580441	6.492435
3.522929	3.625444	2.745742	4.52616	4.920995	3.995639	4.783506	3.751554	6.152118	4.785681
4.265746	6.622628	3.255778	4.793534	5.071117	5.340054	5.658916	6.426025	5.639031	3.751112
5.567106	4.346242	5.955448	6.247985	4.683569	4.914314	3.532533	4.310005	3.607155	4.641538
3.101181	2.046329	5.406408	5.141121	4.530682	3.79959	4.936221	5.646536	3.734183	4.435931
5.483595	4.651516	5.22074	7.791036	4.253323	3.827519	6.75755	6.989351	5.482594	3.78548
4.61558	4.489587	4.966969	3.156703	4.129989	6.616207	6.328013	5.559133	5.745672	5.438531
6.421629	6.811126	4.692708	3.842806	6.842451	4.538307	5.07008	3.819188	6.734264	4.841076
5.246844	3.976051	3.231867	6.157847	7.362936	7.158161	6.554837	4.874696	4.669508	5.723622
4.500718	3.140084	5.236254	5.638237	5.803909	6.055509	7.831815	6.089805	6.458242	4.215971
6.242424	5.440806	4.991343	4.495404	6.150303	4.354257	5.169338	7.221332	3.685751	3.750588
6.02245	4.878281	5.385777	3.9915	5.71047	5.123854	6.620095	6.591982	3.462841	3.588646
4.193379	5.47314	4.84572	4.067674	5.030087	4.403213	6.258706	4.324725	3.77599	5.38095
4.543673	5.065504	5.504702	5.894421	6.121755	4.560433	5.002752	4.659949	4.81699	5.189639
2.936784	6.16969	3.913045	5.127597	3.519278	3.225275	5.314729	6.099256	4.530419	7.515247
4.392076	5.382523	6.348763	6.899714	4.613916	3.927325	5.279828	6.595545	6.222924	5.535918
4.560137	4.309882	5.664566	4.885303	3.979961	3.477022	4.964796	3.846091	4.860829	5.985494
5.86006	5.452588	4.330697	2.60364	4.656766	5.040407	6.974885	4.009414	5.796	5.153411
2.471277	5.446721	5.765495	6.111795	6.813857	2.942475	5.484833	4.907413	5.570198	4.711022
7.142591	5.397709	6.30811	5.506877	5.902426	5.168426	6.388837	4.998442	6.619352	7.13757
5.383025	4.637458	5.087373	5.517482	3.57625	4.40327	6.482856	6.805267	6.686509	4.784489
3.19786	5.246452	4.373432	3.340933	6.798129	3.365923	2.899184	5.019631	5.583089	5.129985
6.18067	4.125298	5.21577	4.466403	4.041349	7.287919	3.609526	5.621276	5.517869	5.671873
3.335825	4.441889	5.337638	3.828771	5.643026	4.973346	4.683241	4.437849	6.240251	4.311033
3.499537	5.327661	7.231314	3.538383	6.192486	4.579581	5.268189	6.580536	6.549442	5.249102
3.631975	5.523911	6.300683	5.707959	5.314908	4.380156	4.548916	4.877297	4.451024	4.629968
3.244942	4.596007	3.79623	4.09491	3.14177	5.298098	1.973508	4.218453	5.709355	4.589702
6.026182	3.094134	5.831282	4.605183	6.44128	2.230854	3.49951	3.47234	4.8738	3.897134
5.182467	3.67895	4.943894	4.041025	4.523298	4.985065	7.118998	4.24609	5.132296	5.413117
3.111115	6.405592	5.895231	6.518024	4.982789	4.302126	5.560832	3.197314	6.260301	5.522691
4.643708	4.828495	4.611697	4.512531	4.796103	6.021428	3.022175	6.096251	6.867993	3.584861
6.245973	4.587988	6.755447	4.151327	3.203098	5.230598	4.465899	4.824889	6.021302	4.173977
4.265005	5.174198	7.195416	4.011302	4.213786	4.717301	5.757094	4.015036	5.139722	5.038926
4.291863	4.71833	4.252286	5.278737	5.655731	5.133921	6.802694	3.701356	4.878798	6.644235
6.326038	5.159514	4.438929	4.160635	5.63841	5.52738	5.02978	7.918746	2.790588	6.619925
4.999815	5.272213	5.231775	3.507658	6.306735	3.511366	3.734979	4.904169	4.043318	2.462616
5.09922	7.192608	4.930862	6.009728	4.466208	5.166641	5.833191	6.81183	4.728668	5.123061
6.105999	5.718494	5.749063	5.893736	6.466544	3.919799	6.668355	3.639567	5.694757	5.186089
5.568583	4.361089	6.570405	6.03666	2.936499	5.891309	5.497257	4.634368	5.359183	5.512659
4.967972	5.821578	5.987363	6.967068	3.686086	6.256618	5.70518	4.460388	3.421153	5.439939
3.551104	3.682162	4.162446	4.260956	4.25143	5.407638	5.910442	5.814822	5.054124	5.876085
5.367055	4.091125	5.238544	5.0242	4.941347	4.73431	4.515856	5.293197	5.011185	4.985839
5.053006	5.056755	5.065531	4.851761	5.983795	5.069112	4.699172	4.247474	6.508263	3.009542
5.237657	4.753084	4.477273	5.232504	4.928992	3.94847	5.989519	4.952167	4.937094	4.520341
5.930182	6.038449	5.237455	4.667346	6.154732	2.091362	3.827003	6.083787	3.137978	4.253649
5.083719	4.666384	4.230044	5.501887	5.276999	6.509471	6.450226	5.247622	5.956487	4.447243
4.539876	3.068262	4.566451	5.09221	3.430555	5.324823	5.029899	4.625394	5.557759	4.670254
5.001007	5.02222	5.048668	5.153466	4.304087	4.046856	3.015898	5.177201	3.605014	6.761193
6.123261	5.716145	4.751928	5.161572	5.276713	4.555965	5.93722	5.666154	4.61097	6.084215
6.371111	6.458222	5.000069	4.241307	5.611546	4.466758	4.752627	5.710181	4.906545	5.173153
5.6282	5.578464	5.250654	3.217642	5.308242	3.08095	6.860363	4.810126	5.122433	4.504193
5.927609	4.267497	4.629663	6.377014	5.77859	4.389196	4.921196	5.839723	3.493013	6.259369
4.694977	5.412779	4.583612	4.318409	5.398601	7.014728	6.851529	5.881414	5.668009	6.211359
4.244674	5.613141	6.133534	4.205057	5.165203	4.228767	3.940313	3.116575	4.353907	5.803228
3.665734	5.049279	4.633036	5.196484	6.190081	4.938324	6.206669	6.528111	4.649577	3.294134
3.77089	4.556213	4.036245	5.059361	5.74974	5.080794	3.00065	4.43529	5.515519	7.308246
6.515576	3.892041	5.197321	4.590675	5.468688	5.011194	5.689964	7.116275	4.295431	3.807933
4.809184	7.44664	3.611867	3.974546	4.71163	4.917461	5.201247	6.181834	5.215634	6.132114
5.246499	6.373485	6.458428	6.258957	6.487387	3.932957	4.86673	5.236421	6.442608	3.182442
5.956354	5.093475	4.776072	5.441133	3.804489	5.311812	6.581273	7.066917	6.594362	4.330939
5.65309	5.911767	1.90267	5.701743	5.120017	6.410532	4.467128	5.504556	5.500638	4.546791
5.497416	4.885661	4.613972	5.591628	6.366545	5.587747	7.296521	4.631676	6.050961	5.392162
5.601821	2.318357	6.301539	5.268721	4.968328	5.436484	4.863008	3.772006	5.29052	6.246187
6.164173	4.822186	4.150024	6.560847	3.362003	5.342096	4.745366	4.253048	4.801573	6.048756
2.92693	5.60347	6.983898	6.414229	4.472302	4.416638	5.873201	4.838902	4.280667	4.011467
5.342422	5.703281	5.080997	3.73909	3.778509	4.370716	3.895155	4.330932	4.841956	3.490023
3.949225	4.961033	6.006268	5.892313	5.254759	4.313893	4.829506	5.766828	4.493727	5.042269
5.401796	5.795581	4.765252	6.226835	4.626954	3.663908	5.193766	5.772868	2.9466	7.098189
6.11018	3.867835	3.874046	5.610404	4.939526	5.335722	2.377061	4.015985	3.745148	4.558518
4.470881	4.6857	4.375535	6.317053	4.599695	5.153	6.389659	2.998497	4.411618	3.882392
4.399269	4.658159	3.579241	4.277527	4.180308	3.869104	3.922873	3.943732	4.480708	4.571809
5.94779	5.986319	5.302607	5.692455	4.334549	4.483123	3.87612	5.4966	5.853217	4.654858
5.587915	3.242822	5.956632	5.737555	4.209308	5.219044	4.728372	3.872436	5.062982	3.542263
3.958582	5.415854	5.165195	5.837568	4.191734	5.093376	4.337229	6.087869	5.740346	6.177004
6.179669	5.68069	4.345047	5.57749	3.413679	6.207154	4.937857	1.878158	4.382555	5.749776
5.438024	5.543158	4.359352	5.540515	5.707046	6.681233	4.989862	3.389058	3.921631	6.221751
5.161902	5.506465	4.770319	4.758324	5.95304	5.177478	4.289562	3.218099	5.250169	7.561681
5.532004	3.3865	6.582837	2.793508	5.880707	6.342016	4.031026	4.660818	5.149245	4.94529
3.915028	6.026961	4.71534	3.061536	6.946054	6.034778	5.615382	3.906558	4.812252	3.927336
4.246609	5.119091	5.345804	5.387224	6.555034	5.988625	4.01113	4.820532	7.117316	6.076886
5.042571	5.918464	4.394304	3.61604	5.410312	4.213513	6.480216	5.615087	5.509856	6.772044
4.454118	6.179408	5.234595	3.924406	5.39854	4.410533	5.866359	4.205427	3.753271	6.023838
3.077246	6.236643	5.179725	3.266981	4.568142	4.557007	5.907913	4.890336	5.110261	4.511394
6.126358	4.928839	4.973921	4.342686	5.543861	5.711824	5.138894	4.48447	4.28826	6.061455
1.961568	5.298074	6.523799	3.693587	3.852511	4.407392	4.853958	5.450409	4.428899	6.375098
6.198862	5.927032	6.149876	4.443747	4.63917	5.714496	4.895384	5.436115	4.257115	3.58588
6.912641	5.746147	5.80583	6.764073	3.97226	6.050204	5.276619	3.417528	5.978602	6.686608
5.301423	4.701434	2.457376	4.129683	4.893946	5.768468	2.915869	6.303944	3.514974	5.384572
4.279159	3.786617	6.006731	4.624813	6.626437	5.738383	5.37539	5.77703	4.099341	5.920558
4.277474	4.50979	4.982655	4.031802	5.471067	4.443799	3.958107	3.896151	3.178119	3.152828
5.595302	5.434768	3.442304	7.187105	4.121844	3.228297	5.3168	5.129336	6.222905	3.335651
4.573626	6.221486	3.505806	6.973103	4.634703	4.021777	7.074937	4.880785	4.767	4.8197
4.905181	5.084147	6.481651	4.131541	5.172448	4.883992	3.891048	5.062561	6.030169	5.075863
2.825607	3.092379	5.261933	4.685848	6.528312	3.294529	4.434951	5.653613	4.861238	5.452444
3.224805	4.429842	3.145562	2.217942	4.912868	5.585605	3.583646	3.987521	6.522588	3.484054
6.229431	4.185256	6.136265	3.151931	4.378476	3.526087	3.928175	6.10188	5.09958	4.293979
5.571741	7.307508	4.815516	6.456237	6.061817	5.82313	4.532104	5.820979	3.192339	4.993608
4.666177	6.207386	3.947222	5.243786	4.157316	4.521838	6.630632	4.076694	4.547798	5.987097
6.371431	6.415698	5.469215	5.796197	2.907201	3.784332	2.516294	5.852153	5.887442	4.585284
5.154609	4.730391	6.142998	4.920327	5.887427	6.033147	6.056386	4.684902	5.424011	5.577813
4.783896	4.083228	5.265863	6.067035	5.308144	3.473131	3.336265	4.931597	6.815129	3.479606
5.489072	4.624784	4.388692	6.282751	6.405929	4.648832	4.964309	5.957902	5.434229	4.493216
4.695703	5.617891	3.991013	6.708512	4.001206	5.282095	5.935722	4.080028	4.28853	3.199475
3.725305	5.628976	4.283419	4.779437	4.151852	4.591393	6.347893	5.05422	4.254834	5.016638
4.974178	5.153792	4.110548	6.679037	5.837722	4.485075	5.684018	4.779744	3.581072	3.266118
5.251071	4.359711	3.761246	5.835486	6.273394	4.897561	5.244714	5.778909	4.147497	4.075195
5.399805	3.638251	4.512965	4.435213	6.655147	4.027284	3.209165	6.658504	6.479834	4.503531
3.385053	5.220967	6.051012	5.440632	4.896253	4.621103	5.778506	5.092707	4.922481	6.306952
5.67066	4.375264	6.252527	4.496833	5.038444	4.627301	5.986089	4.108171	3.962903	3.340405
5.513032	4.761374	3.983108	4.926049	5.236087	3.73715	6.234651	3.548471	5.38109	4.323279
4.689094	5.19175	4.535025	4.860227	3.533077	5.393463	2.817829	5.400993	4.935168	5.632468
5.07134	2.983306	6.791027	5.441131	3.867326	4.353558	4.495195	6.66402	4.99951	4.407654
5.130071	3.388161	5.752853	5.111961	2.385121	6.898125	4.504807	4.331654	4.408771	4.626196
4.788476	5.288427	4.190457	3.885754	7.534477	5.96238	5.338454	4.370479	4.302291	5.503254
4.790751	5.256046	5.712141	3.886985	6.064982	5.449783	4.326404	6.081486	5.356832	4.114455
3.686264	5.083419	4.610547	5.582795	7.693062	6.532588	4.550753	6.754562	4.450891	6.761723
4.592328	5.358788	5.564581	3.122897	5.47015	6.908454	5.190353	5.206169	4.925486	6.316272
4.766224	5.106686	5.673297	6.989807	6.416145	5.288262	4.67458	4.515553	6.316615	2.870194
7.074818	5.379227	4.429422	5.353292	3.191631	6.934287	4.188259	5.538643	5.514939	5.306108
6.023128	5.586674	5.207287	3.850514	5.587048	5.844646	4.969552	6.311156	3.099514	5.891268
4.678709	5.251723	3.867109	3.018176	3.230721	5.215024	5.823131	4.400527	5.061255	4.151454
4.154675	4.813901	3.34738	4.6539	4.026517	7.119972	5.653793	4.684558	5.703832	5.824854
7.188071	4.127005	5.96093	3.707922	4.332026	5.166009	5.671082	5.070498	6.56886	5.566579
5.404752	4.704275	4.771695	2.414873	5.09775	5.150707	4.442551	4.148922	5.129902	4.1896
4.679298	5.472753	4.41474	5.865467	6.017064	6.321677	3.506473	2.831584	4.081903	6.037724
4.486255	5.195677	4.276649	5.920475	6.004054	6.703752	3.70882	4.178001	4.399883	2.200489
3.63778	4.876646	5.007382	4.510055	5.414776	5.198455	6.134313	3.314941	5.710857	4.786448
6.455412	6.328331	4.598118	4.482234	5.276553	3.266882	4.858954	5.222393	2.965621	6.501306
4.687429	4.85363	4.057271	4.309533	5.750239	7.161445	3.858498	4.547915	5.350374	4.668561
6.786743	4.775975	4.766367	5.419952	3.845755	6.066069	5.031455	3.966737	3.506318	6.197761
3.985373	3.110402	6.246037	4.12342	3.727862	4.902449	4.788826	4.525473	5.722793	5.36781
4.275954	5.184098	4.481905	5.330549	5.938071	3.222313	3.929809	7.706817	5.211689	5.836982
4.984993	8.134513	4.467245	5.28606	4.366249	4.821106	4.724652	5.967695	4.598668	4.874608
4.93888	4.712438	5.351615	5.006317	4.002822	5.176269	5.858911	5.282698	4.83361	3.890399
2.917386	4.074932	5.890855	4.087391	4.650315	5.197206	5.586503	6.159946	4.240821	4.688616
6.918142	6.245558	6.463469	4.649173	4.010247	4.855614	4.799948	4.980252	5.879106	5.720276
4.510012	5.661617	4.391842	6.172878	6.152924	7.697732	4.47833	2.818817	5.61851	6.436802
6.281012	4.215741	5.765356	6.101207	6.811462	4.124356	6.684136	4.689987	5.178339	5.723092
5.565329	4.407361	4.973745	5.129182	4.167676	5.370097	6.234702	5.732435	4.632046	3.621964
4.007437	5.919125	4.251192	4.510794	3.383053	6.719907	4.597867	6.139069	5.452132	5.382152
5.036535	4.850302	6.312577	7.146292	6.493581	5.872343	5.316432	4.234715	3.659876	3.673376
4.097786	5.160512	6.013202	4.27714	5.291344	3.776986	5.309319	8.149384	3.365631	4.103906
4.628325	5.794137	4.613879	2.588043	3.849331	4.776336	4.06701	6.224912	5.534849	5.209537
3.256202	5.421168	4.939725	4.580199	6.759777	5.8904	6.232697	4.390051	5.048904	5.081551
5.23161	6.291158	5.657303	5.476163	3.986989	4.583078	5.360616	5.349789	4.543802	5.365916
5.569793	3.003587	5.003288	4.217038	4.252899	4.568811	4.783831	4.692425	6.516367	5.908997
4.400306	4.868398	5.818561	5.529279	3.959613	5.288437	4.580739	3.154128	5.151518	5.336398
5.197132	4.369744	2.351403	6.689881	5.731969	2.8573	5.195906	4.323754	5.211668	5.787827
5.439752	3.845448	6.787163	4.916306	6.575772	4.991408	2.814744	5.607487	4.8471	5.939119
5.71751	5.203443	5.690155	4.591158	3.999567	3.683605	5.546217	5.776672	4.482028	3.337528
3.558701	5.981936	3.563936	4.347512	5.741189	4.318738	4.903617	6.984797	4.823396	4.396869
5.770373	4.685941	3.968037	5.42271	3.80334	5.020192	4.80507	3.956654	5.491297	5.374208
5.886618	6.214522	6.160445	4.689284	3.803436	4.608002	6.021245	4.725635	3.766347	5.18038
4.228877	4.889851	4.753189	3.434076	3.624769	5.656216	4.283187	4.107611	6.595943	3.020585
6.256359	4.928076	4.832976	5.748388	5.14905	4.358148	5.209548	2.31025	5.850327	4.630569
4.768922	2.857608	5.101623	3.350566	4.183649	4.162248	4.483227	5.737388	4.298866	7.179246
2.840259	5.334928	4.954207	4.107531	5.553321	6.544372	4.649477	4.714167	3.918368	4.51505
5.088447	4.682567	6.085035	2.922139	3.188038	4.412815	4.103586	3.965784	4.323228	4.259321
5.712727	4.315529	4.978716	6.027313	4.55284	3.900432	5.87333	5.451966	5.782233	4.037155
5.647931	6.325711	6.062459	5.089903	4.087357	5.506287	5.54075	5.258966	6.072916	5.475613
6.27623	5.183604	4.706869	4.205722	4.08884	6.579063	5.379801	5.643238	5.165421	5.818403
4.283857	5.25568	7.193676	5.27861	5.550269	5.174198	5.655328	4.769504	5.029651	2.928085
5.361694	4.321017	5.030353	5.525005	4.021361	3.068367	4.598563	4.676785	5.899386	5.003563
6.186353	4.823768	5.281281	7.205239	3.691463	3.662885	3.764803	5.233929	3.404367	2.844343
4.786909	4.221822	3.751808	4.378951	3.001302	5.192451	5.322723	3.734793	4.027843	4.140664
5.488834	3.016258	5.954687	5.688352	5.04067	4.672647	5.226919	2.500038	6.439071	4.983528
5.201385	4.920613	5.928737	5.955362	5.55982	5.388146	5.128848	4.416096	5.136371	4.630008
3.115309	5.256024	5.107011	5.851526	4.798036	6.411274	5.00516	6.011736	6.558486	4.553028
5.742481	3.570879	8.259188	5.261393	4.809911	6.340601	6.137953	2.824769	4.589751	5.36838
4.733764	2.880955	7.583993	5.263322	3.940709	5.215003	4.625301	3.820913	4.599764	3.781327
5.147	5.995076	5.880083	3.069135	5.858718	5.562587	3.245842	5.955758	5.491246	3.808064
3.561538	4.948202	5.359827	4.652285	4.344108	5.986924	4.980851	6.731259	5.133902	4.396669
2.780606	5.08653	5.581716	5.629121	4.053161	5.315978	4.525471	6.872571	4.468792	5.183221
6.414481	4.772735	4.216539	6.074236	4.528963	4.175284	3.391946	5.351281	5.363067	4.794614
4.112892	6.616357	3.746072	5.281743	6.793988	4.846187	5.598561	4.380054	4.201097	5.582192
5.658819	5.801746	4.672708	4.158216	3.79577	5.300232	4.066482	4.653946	5.393689	6.43451
3.129031	4.630335	2.775401	5.480899	3.653472	4.893369	4.855412	4.803996	2.88396	5.604822
6.630387	5.454412	5.363962	4.5495	4.526162	5.952576	5.033707	6.852405	5.508845	7.037569
