4.040677	4.449357	4.804052	5.750809	5.400066	5.609007	5.984087	5.00948	5.085498	5.112696
4.598354	4.404676	5.5432	4.222844	4.583575	6.357301	3.84339	4.399434	4.414377	5.811547
5.596805	4.984962	3.96495	5.202289	3.802159	3.885565	4.486932	4.564729	4.270999	5.049331
4.611498	3.643202	6.199639	4.208068	6.555708	5.544721	5.117562	4.227712	5.055531	5.983706
5.841116	4.715831	2.732761	6.582595	4.833032	4.964837	3.991629	5.205545	4.258156	3.365411
5.860653	4.055541	4.040475	6.214789	5.676679	4.271464	5.268542	5.308271	4.823298	7.453784
5.920293	4.037073	4.942052	4.652794	5.472024	5.668543	5.341433	4.52089	3.409322	3.663215
5.229248	4.679692	3.456159	4.000185	2.626969	5.436789	4.138083	4.63117	3.925706	4.146393
6.274258	4.508715	4.641851	4.462551	5.323839	5.622276	6.445962	6.607189	4.835517	2.539133
4.358721	5.164599	4.998106	5.836185	5.772232	3.654925	4.596699	4.993696	3.673239	3.848981
2.754392	5.226061	6.75472	5.480048	5.677104	5.610716	5.998227	4.709758	4.247569	4.561393
5.143461	6.617211	7.291805	5.475357	5.617921	4.35967	5.885193	4.041231	5.043888	5.311183
4.345787	5.03922	6.333447	6.245048	3.911789	5.130857	6.112143	4.644447	4.717209	4.717323
5.671906	4.329504	3.496121	7.345562	4.716698	5.800282	7.277151	5.647354	3.646652	4.448995
3.553745	5.123366	5.363605	2.954006	5.328204	4.11801	5.831271	4.24072	5.490166	5.769011
4.112253	5.575629	5.032446	4.347445	5.878389	6.287113	4.737597	4.714243	6.829819	4.668185
4.804915	5.5371	4.456809	4.77151	3.856208	4.504095	3.75215	5.451107	4.544209	6.167294
4.884091	3.812316	5.508603	5.523756	5.956705	5.254283	4.699064	4.059775	5.74054	4.339717
4.699565	4.077992	6.920831	5.849644	4.100583	4.019351	6.953943	6.051374	3.756993	4.859911
5.558115	6.573333	2.775734	4.947632	4.65726	5.180783	4.050846	4.841956	6.703131	5.132926
4.931442	4.591838	4.30806	5.788982	4.515215	5.265569	5.777964	5.759697	4.306386	5.128242
4.757712	5.45454	4.4249	6.147303	4.679906	3.338035	5.718946	5.502658	7.47418	5.933961
6.112625	3.062024	4.461553	5.076182	5.359865	4.816812	5.865699	4.784452	6.378084	5.158306
5.194338	5.46294	5.205471	3.941373	5.123571	3.823297	4.424557	3.862313	5.332992	4.315819
4.777755	5.602892	4.762347	6.88077	3.437287	4.914374	5.824955	4.682965	5.345085	5.132036
5.511963	5.329901	4.550506	6.584948	5.376656	5.926351	5.682634	3.968263	5.510654	4.487886
4.27805	5.623509	4.30095	5.684958	5.556201	4.572017	5.212403	6.205973	5.813018	3.205449
4.674261	2.462021	3.93281	5.820365	5.635547	3.871702	4.300506	5.973356	4.808796	4.021434
6.712646	4.126032	4.50746	6.710579	4.087906	5.211333	5.232537	6.379961	4.415431	4.584363
4.526134	5.870014	4.743839	4.507137	4.675703	6.269397	4.563441	5.17945	4.889842	2.429501
3.847399	3.721845	4.973675	4.964907	4.690043	4.639116	3.999095	5.097859	2.722735	5.317933
4.424038	5.283643	3.106621	5.939287	4.803771	6.805846	5.205663	4.633159	4.394059	4.488719
4.874146	4.459812	3.945662	3.673411	5.479774	5.473917	5.95769	5.699342	3.636877	5.164576
5.14855	6.360395	4.555467	6.074225	5.713424	5.52537	4.900106	3.439116	4.682378	6.263875
4.703697	5.03241	3.053516	5.091269	4.454216	4.567012	5.14967	5.258322	4.528474	3.094503
4.597204	4.9793	4.543366	4.904682	6.37399	5.704376	4.22356	5.710413	5.028072	3.320734
6.006002	5.92633	6.3083	5.333523	5.645707	5.436923	4.505802	4.18997	5.195049	4.068064
5.103972	5.177817	4.048049	5.085362	6.028887	2.79884	4.03721	5.260876	3.557861	3.486203
5.370317	5.247614	5.321258	4.761941	3.533042	4.086431	4.870389	4.023437	6.530317	5.213227
4.843409	5.575562	6.710759	6.650654	5.774734	4.822411	5.291803	5.400027	3.902886	4.831466
3.498078	5.122955	4.76031	3.9334	6.791553	5.282228	4.220567	4.904354	5.341747	4.932299
4.466275	3.296197	5.856078	5.391397	5.308415	3.916348	5.029853	8.471184	3.834089	5.510805
5.218262	4.16347	5.883273	3.894826	4.263185	4.510126	6.997661	4.269505	4.57243	6.11343
4.580764	5.625224	4.475994	5.908164	5.491926	6.002678	6.033491	4.733529	5.622137	6.151874
4.494664	5.983666	3.46641	5.392058	5.35246	4.682712	5.653296	5.691532	5.323201	5.947546
2.409306	3.314675	4.451346	5.447384	5.024599	4.915222	5.513086	4.453343	5.490751	4.888898
5.016177	5.774961	6.674459	5.765901	4.975664	3.968209	4.728804	4.14272	5.92556	2.837324
6.177021	4.072976	5.497799	5.265743	4.877874	7.233827	5.547248	6.499224	6.316402	4.745835
3.3502	4.692717	3.852024	3.880665	4.529159	3.554392	4.857254	3.252811	4.901083	5.801703
4.933955	5.330461	5.043506	5.359201	5.500713	6.447834	5.539886	6.229065	4.978493	5.926939
5.07296	4.987048	5.54801	5.267077	4.430655	5.646094	4.129089	4.400401	4.780212	3.402639
4.55512	6.537371	4.253537	3.554222	4.402313	6.473217	4.663214	5.814961	5.648722	6.192548
7.447062	6.439857	4.899565	2.513733	5.112174	6.204051	5.078672	5.404186	3.132734	4.665307
7.102158	6.223126	7.059763	3.978208	5.083438	5.797657	6.03677	4.976239	4.977836	4.82025
5.730218	6.286275	6.024661	4.956645	4.015042	5.702571	5.326222	4.98092	4.733325	4.478209
4.314383	5.675853	4.683032	5.955308	6.491079	4.672979	3.452051	4.207551	5.864341	5.720018
4.585132	5.213785	5.107823	5.289989	5.199517	4.449924	4.545605	4.687796	3.329162	4.162682
6.602819	5.936723	4.480634	3.865221	4.523977	4.243434	5.013684	5.1929	6.14	5.744621
4.325737	3.995056	5.702542	5.145304	5.887158	4.316813	7.017503	4.665552	4.350246	4.988076
7.557331	5.564683	4.778213	3.855947	5.902546	4.898173	4.96628	2.26021	4.786566	5.462711
6.120538	7.996752	5.274204	6.514424	2.351835	6.037312	4.959527	6.35519	4.222282	6.822252
7.413525	2.136681	6.990547	4.29644	5.73854	5.460474	6.445104	4.142718	5.11183	5.502648
5.89738	6.902753	3.752783	5.412664	6.953895	5.22547	6.378654	5.811362	3.444593	5.353061
4.531638	5.481903	5.734406	6.249554	5.668111	3.852894	6.57058	5.254816	8.190616	5.280651
5.622907	6.228885	3.404129	5.018271	3.959549	5.588595	5.019749	4.533173	4.822832	3.323308
4.30999	5.20103	5.230186	5.265509	3.199538	3.772029	3.721605	3.669732	4.231413	5.10894
5.95313	4.553926	5.459072	5.578064	6.043944	4.727987	6.38294	5.154345	5.253178	4.841776
3.466623	6.082489	6.865608	4.654412	4.77951	5.384552	6.468003	5.24038	3.808468	4.526291
6.297229	5.053768	4.835071	6.139743	4.132342	4.882207	4.924683	7.052957	4.748134	6.082305
5.928039	4.789865	5.061372	5.848873	6.602264	4.150681	6.089711	5.462047	6.147913	4.894654
5.554431	4.798114	3.164472	3.317002	4.667221	4.327436	4.400467	4.519791	3.78961	4.681935
6.612415	5.316003	5.069337	4.162646	6.41787	5.212316	5.02149	5.976473	5.317219	5.695498
4.581595	6.847139	6.276093	5.052513	6.551689	6.508937	5.70415	4.27888	6.226235	3.698737
5.838468	5.379548	4.044164	5.991037	7.224859	5.670312	6.554547	5.368208	4.841666	5.49358
5.843752	3.938232	4.7112	4.91083	4.08482	3.931468	6.01067	4.890124	5.883886	6.279244
7.227868	4.789596	7.611573	4.316546	5.602874	3.830766	6.554685	6.021996	6.419732	5.50216
4.098914	5.104697	5.740833	3.3874	3.874968	7.194394	4.971417	4.127718	5.887252	6.552966
6.28697	5.512007	3.58697	3.848521	6.469774	6.525902	4.053236	4.987725	4.807623	5.537983
4.685981	3.958187	4.398858	4.531313	3.791302	4.81098	5.362784	4.741459	3.926244	5.779847
4.218192	5.620315	7.153072	5.660965	6.140551	5.335057	6.107787	4.977108	4.940083	3.012227
5.838929	4.233698	4.717523	4.589163	6.14862	3.791084	3.581916	4.595665	4.850105	3.795849
6.375538	4.596597	6.634215	4.134079	4.005665	6.0019	4.172184	3.239717	6.301223	2.680491
6.506851	6.47814	4.065008	6.856153	4.306676	4.313927	6.793599	4.273932	5.36674	5.938609
5.969637	5.39327	5.32512	6.836877	4.414594	2.555853	2.820761	2.974613	4.432289	6.63307
5.322831	3.814086	3.268716	5.730128	3.047826	3.04629	4.516161	4.692582	3.905858	4.292017
5.26932	6.726556	6.287844	5.433595	4.566173	4.498165	4.336103	3.880376	3.149971	4.191219
4.482179	4.904284	3.398053	5.507964	6.313559	2.998416	3.446435	3.141472	5.710403	4.411184
5.811694	2.295151	3.514217	3.561492	3.009428	6.354165	4.221505	4.424107	3.993695	3.945326
4.904155	6.261835	5.848027	5.010519	5.412304	4.604953	4.695639	5.001264	6.72112	4.855528
3.003495	4.82075	2.655961	4.341652	3.645407	4.189767	7.544067	5.935906	3.047883	5.012084
6.553203	5.913113	4.23665	7.223005	5.50595	4.685266	5.383108	5.26472	4.330979	3.072411
4.773686	6.307828	5.024226	5.081453	2.92327	4.581999	5.685908	6.955985	5.241008	3.265218
4.909914	5.947759	5.12364	5.415566	4.419424	1.777158	4.805231	3.948436	4.709941	3.640746
4.727604	5.530542	5.462132	4.227325	5.357537	6.027422	4.106012	5.363363	6.409139	2.736995
5.032271	6.135351	5.210632	4.4676	5.64962	4.581936	5.803141	4.599119	5.145575	6.170222
5.184814	5.510918	6.666958	6.307568	3.866826	4.840563	4.460112	4.864217	4.695825	4.151046
4.719627	5.712175	4.710853	5.688044	2.310622	4.155512	5.011896	5.130385	5.24589	5.358979
4.839125	4.016973	4.233639	4.820563	3.576521	6.877304	6.190763	4.052738	4.973727	5.794593
4.316566	4.554574	5.718845	4.954045	5.753594	5.708767	2.511055	3.877285	6.069054	5.888806
4.828007	5.875073	3.825208	5.253598	6.000269	5.633126	4.111031	5.938291	4.177207	4.143867
6.444092	4.844648	5.66597	5.334317	5.814645	4.362116	3.966805	3.562596	3.484811	3.829675
4.279904	6.780358	4.993107	4.15502	4.699836	4.313949	8.253139	2.098114	5.058497	3.643139
4.300413	4.389163	3.944895	4.471946	4.804901	5.830858	5.922678	4.335059	6.541092	5.37033
4.789994	3.767092	6.235535	3.006439	4.377538	5.024276	3.544208	3.746207	4.415724	4.593725
5.32738	4.209985	6.296023	2.689034	5.842266	5.469524	5.407156	4.534389	3.444056	4.930111
3.860108	4.607334	4.781739	4.137037	4.169318	5.682555	6.103834	4.719046	5.115354	4.00153
5.305553	3.639482	6.050038	4.598476	4.247001	4.423059	4.942986	4.485061	4.593559	3.823382
6.568925	5.510213	2.8416	4.314724	2.634326	5.807761	5.517906	2.980789	5.606862	4.190978
5.815075	4.567463	5.387126	5.170587	3.128008	5.699723	4.121303	2.997956	5.538189	5.685139
4.796485	4.426192	5.37724	6.684743	5.143714	6.511017	3.812689	4.347131	6.736861	5.784629
4.750371	3.309923	5.495122	4.433699	3.751319	4.463425	4.310244	4.946629	6.704005	5.348763
4.726316	4.338818	3.288936	7.242647	4.637701	5.709679	5.516411	5.333209	4.729105	3.744068
5.358727	5.899338	4.883761	4.134405	5.059987	5.235979	4.060872	4.934861	4.407543	5.37042
4.506297	5.160502	4.874469	5.056316	6.194258	2.584875	3.493277	5.999914	5.599798	5.854259
4.200471	4.915684	3.522466	4.683468	4.29385	2.315666	5.162387	5.366856	5.594505	5.451473
4.957653	5.546659	4.131788	4.039447	5.15009	5.308802	5.11757	4.346883	6.642741	6.281854
4.363546	3.454221	4.025707	3.890371	5.681975	4.386642	6.564518	2.996511	4.704639	5.797881
5.489296	2.925346	3.523592	3.668149	2.889988	3.751961	6.138377	3.805277	5.87643	6.334137
6.299778	4.462925	4.927423	4.924668	5.943961	4.045227	6.966005	5.096066	4.267731	5.943486
5.949495	5.956984	5.151066	4.991903	5.671133	4.306858	3.970986	5.242386	5.408762	5.316926
5.373352	5.067371	6.259361	5.876736	5.669855	4.640017	3.786023	4.981475	4.145986	5.895004
7.800412	4.564957	2.509444	5.008289	3.556594	6.346519	6.011575	4.937325	6.077626	5.220384
3.09899	3.733616	4.109599	3.552268	3.712032	4.664976	6.046066	5.047235	3.934194	4.363824
5.107797	6.821579	4.885869	4.851956	3.360352	3.047214	4.870209	4.613153	3.6092	5.506609
5.996603	5.977188	6.164307	6.589751	3.219568	2.875228	3.456048	5.561483	4.649972	5.996943
4.41037	6.213833	3.873315	5.435615	4.933391	6.260274	6.115229	4.645021	4.553068	5.065629
6.263615	5.797417	5.692062	4.599763	4.782429	4.683444	4.792112	6.229982	6.311272	7.779031
6.337326	2.79946	4.774319	6.636905	6.764891	4.640504	4.061342	5.899235	4.575373	6.295427
4.528473	4.467753	4.483075	6.125168	5.834198	4.680204	6.282121	4.691282	5.242663	3.179086
4.517046	4.834144	6.879001	6.146157	6.6474	4.470222	7.665612	3.867229	5.425545	5.871409
4.944523	6.201717	4.060491	6.619186	5.219034	5.596947	5.01299	4.827009	4.120773	6.731432
4.732302	4.003539	5.922895	5.646673	4.051602	5.173371	4.949576	3.593759	4.528869	3.974252
4.332625	4.785567	6.010117	5.710144	3.438376	4.61188	4.612125	5.207254	5.072626	5.733768
3.781811	5.814999	4.354292	5.618345	3.364748	4.990909	6.145674	5.088288	5.416131	5.192161
6.045759	4.287767	4.645067	5.84364	6.315192	6.019348	4.784742	6.557374	6.321902	5.090014
4.949934	3.986554	5.395368	4.697975	5.5736	5.086032	6.368684	4.807926	5.672646	4.712376
4.647867	4.39932	4.482143	3.256979	6.187654	4.636348	5.891614	3.003671	4.636374	3.971792
5.445039	5.813866	4.099122	5.365132	4.117223	3.294414	3.941587	5.45965	3.416181	6.863982
5.825912	4.781008	5.288555	6.261613	4.235943	5.903304	4.657364	4.789053	3.717896	4.005629
4.835273	6.513072	6.523791	5.450164	5.345231	6.860678	5.303071	4.190533	3.527487	6.127732
4.168517	5.048626	5.038765	6.357062	4.952769	5.276278	5.919743	6.548026	5.788204	5.960467
4.916984	4.643809	5.774079	4.503527	3.206831	6.038708	5.708004	4.709757	4.374502	5.967771
4.829345	5.147456	3.538579	4.777642	5.076967	4.882511	5.092039	5.713264	6.294418	5.034368
4.532095	6.00124	3.85108	5.305172	4.626596	5.486012	4.755164	6.695346	4.970335	4.254636
4.871698	5.871087	5.047331	4.269281	5.286463	5.471526	5.501118	6.228779	4.74372	5.530792
4.141653	6.384197	6.389724	6.106968	4.644238	5.341959	4.217753	3.715972	4.444878	4.752411
6.308592	5.089648	5.747996	7.259286	3.345831	4.186602	4.702788	6.468887	5.504939	5.998927
5.558157	6.706861	5.305429	7.138148	5.494499	4.227409	5.208305	5.705655	4.981486	4.263686
4.608692	4.526955	4.198761	5.082986	4.70716	6.27612	5.889571	6.353306	4.697306	4.020877
5.238652	3.145666	5.127451	5.145839	4.360526	4.83288	5.069325	5.825962	5.887693	4.771303
4.822422	4.765937	3.963748	4.510009	4.251835	6.290135	3.016634	3.653166	5.646254	4.937225
7.178617	3.423826	5.213556	3.724051	5.445379	5.045882	6.955442	4.85355	4.346583	4.213309
6.212052	5.148257	5.78749	2.788863	4.940474	5.668624	4.013089	5.07793	5.908374	4.794218
3.958482	4.685622	6.116418	3.759602	6.599213	4.914474	6.424294	5.296144	3.921496	3.873172
5.692186	4.416967	6.246543	7.214242	4.48817	5.356555	6.43674	6.045913	5.512058	4.490396
3.683434	6.038435	5.223202	6.251863	4.533236	5.64549	4.184219	3.653631	4.320104	3.244604
5.719256	5.663773	3.949738	4.760996	5.989316	4.728003	4.744468	4.675704	4.711832	4.190158
6.0316	3.017157	4.035748	5.974679	4.023035	4.171993	4.184673	5.845136	3.39171	6.327613
4.934355	4.733598	5.240153	3.293953	4.562983	6.030307	4.346465	5.229822	5.181161	4.663416
5.675506	5.287628	6.713695	6.37429	5.379596	4.501895	6.404479	4.861909	4.684572	3.823358
4.567065	4.178313	2.895961	5.954309	5.610021	4.965166	3.954983	5.537129	4.783545	3.866579
5.348535	3.252873	6.30549	4.742063	3.562175	6.050572	7.176605	4.761922	5.995472	3.214571
5.294149	4.63238	6.239823	5.943817	4.586346	5.300547	6.526229	4.077743	5.734282	4.069376
4.060619	4.2622	4.868267	4.21391	4.421729	4.684707	5.218041	4.86679	5.281024	5.833032
4.013657	4.98042	5.904112	6.069343	6.167662	6.23913	3.094939	4.710287	4.167542	3.51224
5.360661	3.315833	2.265244	5.617284	4.922802	4.091889	5.588083	6.386504	4.973962	4.860774
3.885864	6.094375	5.750749	3.059699	4.869899	4.290926	5.143424	3.347516	4.212409	5.151171
4.519172	2.452952	4.868104	5.276058	5.073585	5.655078	3.756138	4.672936	3.642656	4.756679
3.533515	5.858417	5.036818	4.325017	3.342088	6.227255	5.446408	5.672647	5.9767	4.075933
4.2618	5.866787	6.479757	4.003008	5.128637	6.195544	6.400251	4.850303	4.845981	4.934264
4.986042	6.477064	4.258859	4.00238	6.986255	4.232403	6.414156	5.390508	6.449569	4.418235
5.59795	3.351795	3.907227	6.201269	4.713781	5.139234	4.423694	3.830857	5.090203	6.082211
3.478262	4.25527	4.252233	4.504837	4.479037	2.683206	3.654326	5.553329	6.26751	5.840269
5.036665	2.853103	5.13205	6.068437	5.464415	4.309353	6.023319	5.287501	6.033868	6.312656
4.541737	4.823592	6.198562	5.122123	4.81833	6.667898	4.20983	6.1219	5.232268	4.060647
5.512437	5.681469	5.298653	4.90718	5.192374	2.851308	4.957406	6.153609	4.408314	5.48702
4.198387	4.329545	6.124583	6.460339	5.319825	2.70898	4.060491	5.749619	6.906466	5.315226
3.394907	5.912677	4.157474	3.799709	5.969441	5.697742	5.743333	5.305804	6.155651	6.159658
3.430073	6.846142	4.145731	5.752934	4.977732	5.170126	4.36994	4.604191	6.410734	3.915409
5.949375	6.440249	4.201475	5.590244	3.501541	6.152283	5.052136	5.121709	3.722323	6.258811
7.488674	4.419835	5.738151	4.717942	4.509429	4.737369	6.361507	5.939317	7.078033	3.546831
6.719856	5.447859	5.125159	5.008351	6.198051	5.829077	5.983307	4.491378	6.0084	3.621921
5.135342	4.900084	5.571054	5.873436	4.86294	4.851895	5.851334	4.345307	4.677484	4.981459
5.950831	5.696075	6.426026	5.349225	3.740307	4.456814	4.7413	4.06651	5.149209	2.309005
5.830519	3.679874	6.443726	4.629602	6.923953	0.691481	4.417248	5.85042	3.970457	4.234706
5.07076	3.432567	4.230981	5.338145	4.621913	4.310648	3.908515	5.507514	6.48033	4.938636
4.825263	4.769236	5.762057	5.133508	5.34353	4.560826	4.853172	5.393244	4.371513	4.403773
3.773075	4.530001	4.423724	4.794302	3.409279	5.59155	4.837644	3.529644	3.646764	4.779524
5.452018	6.307547	5.332582	4.388494	5.495144	4.074352	5.751253	5.240933	4.857039	3.181622
3.700873	5.595059	6.54951	7.039788	4.003976	6.694863	5.754006	3.984158	2.718279	4.067511
5.737126	4.772631	4.168048	4.893943	6.918476	4.756094	6.219923	4.490429	4.181263	5.586927
4.441129	4.852479	6.183319	5.057211	4.727673	4.255404	6.658295	4.821273	3.562776	5.366817
4.61441	4.448537	4.68139	5.034295	5.355744	5.584827	5.275733	6.038642	4.549052	5.025999
3.532351	5.021321	2.772161	4.022535	4.532834	5.369817	5.085551	5.49417	4.356099	5.436453
6.831695	5.903526	3.555003	5.302157	4.890342	4.612876	5.216572	5.729768	6.958184	4.926939
3.107162	5.612892	4.839499	4.899531	5.227307	5.585336	6.366021	5.798645	3.554275	5.11754
6.420037	4.961249	3.744531	5.792181	2.351461	5.30612	5.547391	5.540713	4.848164	5.470804
5.100605	4.94809	5.932927	6.238145	6.898314	4.77858	5.999327	4.791161	4.20041	4.049029
4.179589	5.507941	7.788967	6.008827	6.065809	3.570463	4.276836	6.162874	3.605902	4.325627
4.550455	6.52596	3.995263	6.246234	6.777862	5.853856	1.835971	3.232507	4.722616	3.196206
