6.012793	4.97653	5.119426	4.111403	5.485223	5.587705	4.169182	5.816593	5.291021	3.414287
4.549254	4.268228	3.568362	5.374474	2.829803	6.762331	4.042274	5.791677	6.973617	5.286823
4.812175	3.428492	6.182941	5.030137	4.843112	3.884785	4.455948	4.704742	4.928129	5.947287
6.116441	4.042118	5.133882	5.089345	4.293198	5.759281	5.738349	4.809833	5.37968	6.782755
5.17715	5.074543	4.550189	6.956282	6.558663	5.747199	4.939723	5.968323	5.17792	5.873133
4.826284	5.115456	6.061691	5.497187	3.739708	5.786853	6.535231	4.939014	3.469846	4.588538
4.982721	4.54501	7.238301	4.135201	4.949676	5.590906	4.931404	5.950375	4.746852	5.958951
3.800606	3.716156	6.257945	5.796125	5.026616	3.55652	4.231364	3.257218	4.380504	4.915448
7.089516	5.459071	2.154566	4.910041	6.12059	6.43717	5.944402	4.191997	4.36427	3.804997
5.207297	5.663529	5.02786	6.167809	4.518087	4.247859	5.247416	4.805604	4.50804	5.228042
5.344431	5.338551	3.518908	4.076359	4.701923	3.50133	4.879757	4.794848	4.435822	6.458447
5.789001	5.378552	4.991113	4.637003	3.922991	5.57448	4.073675	4.501116	3.932261	5.739706
5.948445	3.194654	2.975103	4.601548	4.469121	4.116748	3.587587	5.004216	5.131951	5.367414
2.560357	5.618924	3.326476	4.557811	4.246648	4.661696	5.476509	6.099792	5.142307	5.20568
4.194789	7.006168	5.984353	5.227997	3.905253	5.367763	5.441122	5.392694	5.086679	6.477135
4.962698	4.718417	6.309857	3.877974	2.398451	6.606763	7.087131	5.251372	4.967411	4.740431
4.326043	6.019383	5.844496	4.163679	4.226026	5.101791	6.971237	4.34022	5.324127	4.035564
4.307197	4.474211	6.423617	6.126084	6.305162	5.728662	3.825218	6.2238	6.076438	5.453156
4.308619	3.780712	7.423801	4.589146	5.737371	4.980597	5.593063	5.299633	6.378772	4.266302
5.631122	6.54697	5.571972	6.380992	5.241216	5.198073	3.382971	4.235558	4.671168	6.165123
3.679471	3.733143	5.441233	3.612342	6.578907	3.387366	6.470857	5.436674	3.556694	4.273073
6.096873	7.040608	5.947372	5.199605	3.373834	5.638764	4.08787	5.455763	6.631167	3.655333
6.315896	4.947397	1.54336	4.638071	5.113094	3.249074	5.164724	4.56011	5.667369	6.915042
4.084089	3.598915	4.685316	4.776071	5.2579	4.850089	4.179896	5.989978	4.765041	5.350956
4.122259	2.500945	5.006199	5.494853	5.217876	3.701997	4.920803	4.978475	4.272073	5.046573
4.476435	4.911665	4.518895	4.453315	3.497373	4.35429	6.070956	4.579449	5.321287	4.885675
6.53223	2.701061	4.771027	4.391801	3.847705	3.049702	6.507112	5.651392	5.615094	5.217126
2.31203	4.851699	5.346829	2.964124	4.804734	4.126557	4.672685	4.537254	4.117432	7.151839
4.491155	3.358947	5.461965	6.171932	4.635747	4.274327	6.252637	5.006945	5.399395	4.336079
5.427279	6.255969	6.199102	5.293783	5.124927	5.639548	4.305693	4.640536	4.560423	5.590812
6.479115	4.242435	4.493707	6.590392	4.339486	6.061507	5.385049	5.539951	5.472036	2.50588
4.838363	2.997308	5.987832	3.529209	3.584394	5.603278	2.658165	5.242094	5.110162	3.800997
6.439855	5.539747	4.433946	3.199576	3.850102	5.270043	3.302421	2.42361	4.067894	3.312746
6.924217	4.24996	3.853333	5.984924	5.377364	3.534291	4.591604	6.25448	4.041572	6.161711
5.239061	3.00289	4.510602	5.570875	5.020496	3.325687	6.501875	5.922459	3.717589	6.073981
4.386227	5.767514	4.001779	4.939991	5.623538	4.834958	4.892843	5.723481	5.248597	4.502903
3.693418	5.810573	7.514302	5.098954	4.804922	6.011772	4.679577	5.963345	8.279007	5.295804
4.130754	5.48391	5.006615	4.387703	4.532823	4.874058	5.555238	7.52167	4.466695	2.51136
5.02109	4.456931	5.1555	3.137656	4.333465	4.602415	5.598867	3.811946	3.95541	4.571239
5.012522	6.655245	3.093696	6.658577	6.063098	7.074636	7.386187	5.712831	4.017519	4.875617
5.285056	6.338998	4.977817	7.024961	5.78362	7.553693	5.608866	4.974237	5.2153	3.837796
5.314172	5.833871	6.492173	1.725745	5.21201	5.226139	5.248151	6.97314	4.758204	5.547932
6.004834	4.81389	5.755886	4.813856	4.553107	5.480947	4.765164	4.993487	5.79494	6.37339
4.468233	5.015547	2.971143	5.135941	4.155548	3.391315	5.87308	6.135791	5.434191	4.658129
3.173303	6.612188	5.174139	4.767428	4.190017	7.192708	3.745414	6.419416	5.862257	5.743733
3.776716	4.893669	2.565705	5.105078	5.897826	5.870269	5.46485	5.469893	5.413682	4.503318
5.536782	5.740844	4.762613	4.288638	4.939717	3.931916	3.204218	5.851279	6.000376	5.157415
5.26579	5.453051	5.426329	3.707101	5.016864	5.587054	4.490408	3.287089	6.715719	3.744587
4.880278	3.968414	4.473089	4.805271	6.255748	4.746957	6.204464	3.719304	6.967339	4.137821
4.468923	5.948713	2.520957	3.10705	4.493152	4.382428	4.393105	6.332533	5.655388	6.139416
6.145375	5.833523	4.16051	4.763822	4.245631	4.152355	4.071672	7.508422	5.553982	3.871011
5.29494	4.683515	6.007761	5.376645	4.299562	4.362857	5.248734	5.801142	4.836145	5.475083
5.255199	3.702232	5.131001	5.962553	6.325054	4.158913	7.296209	5.878516	4.828941	5.537259
4.698188	2.525624	3.806518	5.276048	5.650421	4.938632	3.102072	6.365786	6.149755	4.471976
4.986102	6.041411	3.905826	5.68897	4.649133	6.137605	4.923754	5.578483	4.713527	4.613568
3.682015	5.087598	5.965435	7.094248	7.114991	6.542035	5.82495	3.793437	3.314567	4.735631
4.858709	5.559168	5.690361	4.609555	5.261469	4.148969	5.100039	5.310394	3.526513	5.260979
6.713873	4.370188	3.919361	4.109738	5.550441	4.792781	5.08135	4.629571	5.123419	3.645668
4.584906	4.587543	4.985187	6.234768	5.241948	3.06338	3.101249	5.257531	7.440087	5.817389
5.608963	5.162814	2.320832	6.402261	5.086008	4.523464	5.309576	6.06148	6.26308	4.69894
5.006701	3.78806	6.141359	4.027317	6.03587	6.978686	5.008	5.70555	4.226249	5.787189
6.202601	5.549747	5.645243	3.052241	4.094193	6.699172	5.101054	4.820465	5.203008	3.589133
4.851074	4.122082	4.026995	4.355308	3.079261	2.115392	6.411204	4.107183	4.612082	5.522479
4.072039	5.406518	5.242775	4.384502	5.336288	3.69726	4.891448	5.686514	5.259868	5.596539
5.772568	6.434389	5.582967	5.091743	4.121667	3.972599	5.431146	5.423204	6.405648	5.037267
4.467363	5.90797	6.635563	5.263552	3.819099	4.89396	4.3275	5.715402	5.51647	3.412267
5.527916	5.264555	4.280952	5.775305	5.437111	4.965496	4.4349	4.007396	5.689867	5.405479
3.984369	4.828069	6.026119	4.576362	6.217719	3.835802	4.68641	6.384758	6.131214	5.693762
4.713303	4.516996	2.940559	5.198596	6.13833	4.465536	3.84115	4.649128	4.65891	4.575753
5.6286	6.626415	4.702048	5.261292	4.950073	4.377928	4.59736	4.409127	3.954077	5.365796
5.322223	4.891512	5.094865	5.486485	5.122291	3.98197	5.033947	6.01739	6.641656	4.092855
3.994291	4.89544	5.146585	5.041507	4.44203	3.213923	6.188217	4.459228	4.932062	5.601312
4.351007	4.226963	5.677384	6.631175	6.036906	4.953057	4.554359	5.487138	4.443156	5.966072
5.374746	5.629179	5.04039	3.923179	4.702585	4.89025	4.557073	5.767895	5.876831	4.046076
3.750877	4.122329	5.303995	6.118192	5.770975	5.636975	3.48395	5.168396	5.442541	3.927736
6.607951	5.000464	4.873512	3.769264	5.996405	4.073565	4.87741	5.294769	4.957305	6.550797
5.55223	3.921647	4.806407	6.261611	3.828989	2.834394	4.050622	4.63739	4.832093	4.910547
6.196043	5.388283	6.678421	4.486304	6.521902	6.564177	3.096684	5.078708	4.836903	5.299969
4.445868	3.725414	4.751255	5.646184	5.558167	5.928736	6.935567	4.139591	4.465238	4.563622
7.721272	5.12339	4.085101	4.671558	5.041704	4.588614	5.986912	4.845321	6.242483	5.828218
2.954509	5.835225	5.377981	5.493556	3.709589	5.792829	4.277427	4.537419	5.215275	5.932451
5.596776	2.724943	4.639588	5.94664	4.354825	3.111771	4.419929	4.917598	5.733978	5.25871
4.833257	4.845523	5.328466	6.52101	4.23746	3.979772	6.305212	2.028871	3.241497	3.951605
5.709959	7.751396	5.072818	5.813132	5.223551	4.08486	4.6226	5.337428	5.049726	4.071582
5.503377	3.103047	6.098659	4.949117	6.781595	5.962955	2.310898	6.306121	3.203604	5.49442
5.674969	4.284116	4.339233	3.511466	6.120122	2.21624	3.735343	5.096471	5.13167	7.466889
5.294054	5.65916	5.700598	6.062189	5.654906	3.615275	5.910473	5.288756	4.374197	5.901808
5.280349	4.709105	5.18035	5.214621	4.566933	4.109936	2.702858	3.789296	2.841773	6.536478
4.682001	4.886773	5.243721	5.500103	6.206956	5.444198	4.894389	5.043469	4.597156	4.931733
6.209299	2.708087	3.891084	6.155721	5.095849	4.595899	5.997371	4.925213	5.321924	6.046305
4.113823	6.100111	4.091753	4.071568	5.251815	4.174079	4.036294	5.525812	4.905694	5.450727
4.408339	5.469403	5.858278	4.113886	6.589388	6.734558	8.195159	5.201143	5.71309	5.079655
5.465286	6.848448	4.857588	5.794969	5.986661	4.734477	5.933567	3.507373	4.562824	6.890197
5.045769	6.311045	6.061908	5.10585	5.446176	6.166873	5.678894	4.007239	5.245799	5.850343
5.478156	7.896212	4.511323	2.531254	3.236109	6.473783	4.316072	5.022148	5.115653	5.922186
4.173698	6.872822	4.881442	3.423935	4.352116	4.446468	4.992414	5.687155	5.322088	4.42862
3.473204	5.500528	5.804171	6.298933	4.627583	3.572351	3.040747	4.152099	6.457742	4.282408
5.429805	4.067991	5.424891	5.749818	6.23484	5.680439	5.594815	6.830042	4.665791	4.667164
4.905976	2.347877	5.706433	7.35606	4.524793	4.611477	5.921911	5.090062	4.758063	4.75138
4.458229	7.138287	5.936058	4.874134	3.635414	4.866626	5.540843	4.71069	5.20914	3.719999
5.355337	6.187203	3.178767	5.921334	5.105746	3.486662	5.148206	5.542187	5.791073	7.056868
6.276201	6.855641	3.492335	5.675728	5.366006	4.005554	4.732571	5.31944	4.608882	6.712811
5.195091	4.440743	3.152533	4.90134	5.279546	4.379656	6.165798	3.516037	4.26013	3.943632
3.743923	4.148582	6.512874	4.480616	6.916865	5.266104	3.378345	5.238895	5.468029	5.109872
4.914584	6.596604	5.577599	5.924222	3.978271	2.794747	7.826384	4.506461	5.040249	5.294713
4.537126	4.079366	5.996218	3.526291	3.572911	6.460156	4.15311	6.26749	4.609101	7.727945
3.382722	3.665658	5.729119	6.138579	6.456368	4.091983	5.227111	4.333412	4.284853	5.082491
4.419289	4.842066	3.015712	5.480008	5.628586	4.116464	5.280292	5.537822	5.165021	5.569184
4.801613	5.592106	4.498454	5.683464	5.347717	4.327585	6.674277	4.271118	7.410217	4.72661
4.666034	5.898606	6.694764	5.092243	5.576685	3.345048	5.245329	5.153483	4.645875	2.851094
3.145875	6.019741	5.926959	4.987852	3.180125	6.72822	4.12333	7.527709	5.761237	5.687117
6.653153	4.944781	4.720609	3.089993	4.087321	5.915842	3.823705	3.790368	6.469684	4.732299
3.655642	6.221953	3.324753	3.714344	4.452626	4.571779	4.205696	6.396014	3.823326	6.124114
5.237707	6.708822	5.6731	5.396696	3.476698	5.752367	5.439054	5.847751	4.419549	5.137532
6.42188	4.237902	3.22465	6.352419	5.12047	5.164766	6.947413	5.34884	6.485507	3.162288
4.628147	5.349453	4.253689	3.922949	6.167845	5.390535	4.66287	5.834582	5.550583	5.120483
4.932372	5.503798	4.270872	5.909416	5.621963	5.056196	5.768171	5.095033	6.794101	4.648842
6.712922	4.926251	6.478077	5.994581	4.508568	7.045059	5.339183	3.527521	5.364574	4.722534
4.520566	3.886166	6.494566	5.803507	5.116332	5.553137	4.844042	5.708605	5.458739	4.52176
5.483149	8.275023	5.006413	2.633893	4.231274	4.414297	4.651433	3.832978	4.843906	2.562443
4.245145	4.289014	4.753618	5.771144	4.780665	2.560748	3.610089	5.671931	3.772121	5.684146
3.30052	4.301728	4.309797	4.783639	3.67289	5.910139	5.484667	5.534027	4.005919	5.929925
3.876796	4.036053	4.558036	5.308843	6.369171	2.995841	5.768616	5.191769	3.052206	6.118267
5.369747	5.396431	4.739444	5.777548	5.023952	5.079521	6.564343	6.419133	5.226484	5.752946
3.406543	7.148653	6.490334	7.051237	5.305831	4.122497	6.471844	5.056087	7.222325	5.461077
4.125389	2.577164	4.374788	5.359935	5.896297	4.676607	4.280214	4.091296	3.819241	5.026126
7.063319	4.842875	6.411031	5.506218	5.345481	3.50656	5.624409	5.325934	4.679872	4.298351
5.674537	3.574774	4.529761	4.88344	4.685467	5.682382	4.272072	5.13562	4.028614	4.392033
3.575058	5.758322	6.035908	5.313027	4.470956	5.698174	5.378739	4.612037	2.648892	5.142564
6.518625	5.934495	3.576216	3.528202	6.533597	3.975182	3.486243	6.769182	5.414595	5.028871
4.550917	4.755247	4.673671	4.986153	5.230814	6.76112	5.549872	4.236575	6.282348	4.689961
5.158095	5.864546	6.45607	4.49335	6.025085	5.052871	5.458782	4.616271	4.416123	5.833177
5.323751	4.630596	3.972805	2.917146	4.53536	3.32107	7.535424	5.280478	5.006469	5.072197
3.66348	5.89701	3.427729	4.423257	4.011961	3.998711	5.360441	6.137405	5.911176	4.355115
5.823738	3.796211	4.601266	6.156448	4.716628	4.991299	4.678325	5.092608	5.94909	6.135429
6.377615	3.109288	6.415857	6.420664	5.976569	4.155645	3.335588	4.996413	5.138705	3.503073
4.361105	4.668282	5.546244	5.904659	5.842848	6.860321	6.102298	4.884015	4.663036	7.044233
3.791733	5.698526	5.57648	5.220875	4.3699	4.659027	6.817829	5.820805	4.70976	5.75221
5.222774	6.356722	4.136574	4.955327	4.54997	5.311646	5.178457	4.22228	6.519449	4.700594
5.266768	4.593794	5.151504	2.96653	5.292068	4.939986	4.370029	3.188269	5.830381	5.467654
3.968885	2.56198	5.045964	7.073008	3.885866	5.944403	4.292598	6.949065	6.287523	4.931757
5.527257	5.42339	4.217155	6.268739	5.513194	3.622459	3.953656	5.370842	5.173575	4.565487
3.965216	6.419688	4.106284	4.667902	3.023208	5.20434	4.7068	5.140003	4.775845	5.509136
4.92513	3.664924	4.494745	4.961735	5.008251	6.048473	5.314925	3.141208	4.759659	4.443664
6.790462	3.120048	4.396959	4.691183	3.968342	4.936767	4.221743	6.007797	5.666865	4.247248
4.937539	4.848139	5.791975	8.010872	3.741287	4.833055	6.839317	7.131757	5.553493	7.314259
6.306957	5.159226	4.209519	5.393311	3.482023	4.139744	5.48469	4.991056	3.473092	5.394133
5.829525	3.527781	5.062922	4.263602	6.613423	5.961801	4.13716	4.582173	3.58147	6.581133
4.60198	4.782236	3.693146	4.305485	4.657865	3.969291	4.549635	4.573339	5.666987	6.275862
3.918358	3.54105	3.300066	5.261612	4.386934	5.478541	4.449528	5.350106	6.747953	5.212337
6.060047	6.381356	3.92016	4.745093	7.657756	3.475293	4.129042	7.318855	4.218519	3.078885
6.229547	4.994056	5.424489	3.58991	4.356462	2.8202	5.301063	5.100561	7.343244	5.117246
8.147234	3.401689	5.736421	4.937504	7.451958	5.435899	4.797269	4.59106	6.085411	5.992861
4.566078	5.581649	5.119851	5.513242	4.127471	6.372699	4.000629	3.275872	3.679943	6.588301
2.588523	5.803765	4.712855	5.812959	4.7997	5.23326	5.047964	5.408423	6.311812	6.989785
5.783878	5.716776	5.891109	5.209773	4.694736	5.306361	5.414886	4.309494	6.584377	4.413898
6.035511	4.473642	5.360057	6.091273	5.726855	6.409137	4.874308	6.402099	6.332759	4.236911
4.508262	6.541994	4.673091	4.109849	3.146971	4.699277	3.781854	3.613407	3.963132	6.485845
6.156578	3.905282	4.8552	5.368766	4.748029	5.226298	4.615954	4.512015	4.144205	6.063724
4.731464	4.28259	3.065456	6.187572	5.806414	4.004885	5.422608	4.326538	3.042051	4.953957
3.987922	5.998219	4.298585	4.417793	4.844468	5.487259	5.132477	4.855323	5.512394	3.625642
5.223701	5.047734	6.012001	4.784192	3.659578	4.618645	4.284308	5.962794	6.20265	4.404204
5.090909	5.565514	4.861476	6.233522	4.573135	4.738061	6.69937	5.186186	4.698697	5.147437
5.608098	7.178257	6.333102	5.852907	5.772328	4.864611	5.475172	4.636671	5.866433	5.955888
6.039049	4.966764	2.915426	6.386512	5.909399	4.360258	4.341436	5.832236	4.613643	5.560988
4.279429	4.250957	5.522394	4.746092	5.180516	5.90595	4.511716	4.639923	4.188969	4.036013
5.709005	5.249443	5.476119	3.495142	4.266317	5.251176	4.425219	6.787274	3.767622	6.469443
3.552474	5.657983	4.45072	4.711236	6.313722	3.297806	3.113855	4.370745	5.727228	4.822165
4.737164	5.824185	6.349285	5.510674	5.790415	4.720222	4.19215	5.695683	5.831079	4.875037
5.899881	6.542817	5.340702	4.385422	5.978835	4.737036	7.636502	4.504435	4.468912	4.961571
5.560368	4.890022	5.203768	4.864899	5.702544	7.185555	4.2932	3.788304	3.8353	6.37572
4.342919	6.272428	4.551144	5.327786	5.603325	5.139616	4.509568	3.685508	2.788857	5.955378
5.196979	5.273438	5.162221	5.644541	3.729935	5.234194	4.95111	4.304029	6.232455	5.508356
5.703845	3.512431	3.994507	4.582288	4.943202	5.295336	6.802183	4.619236	5.204393	4.000263
5.968762	5.933329	5.601931	6.246217	4.493501	3.766654	4.242151	6.342816	5.933433	4.985421
5.209722	5.86867	4.906732	4.919694	5.295785	6.397426	5.94517	6.22336	5.110342	5.136153
5.862897	4.978901	5.071627	2.832965	6.043901	4.899897	5.608423	4.637863	3.83923	2.563684
4.038091	6.405308	4.074104	3.36938	4.565599	4.365812	4.679162	4.874473	4.345171	5.486257
6.095694	5.474369	5.481936	4.184748	6.288123	5.243806	6.68107	4.614363	4.20972	3.172258
5.711233	3.986996	4.808324	5.057714	5.615964	5.252373	5.752108	6.048033	4.116166	6.309976
5.431692	5.312645	6.07789	6.034557	5.552927	5.116123	5.698707	6.459094	5.487203	4.772821
3.405144	5.408613	6.025227	3.234838	6.286931	6.464503	4.897819	5.496781	6.128519	5.695343
4.251483	2.686201	5.330696	3.659573	5.859605	4.6225	6.178154	4.80246	3.63716	4.243876
5.803622	3.971727	4.165708	3.420468	4.909801	4.664202	3.735669	5.747923	5.996589	4.745511
5.703332	5.069502	5.313064	4.550395	4.572689	6.431063	5.43818	4.781238	5.445465	4.092793
5.062931	4.108828	5.141854	4.523608	5.372943	6.728964	4.694515	4.947302	6.893717	6.752244
7.665672	5.319602	4.731602	6.575395	3.708291	4.454179	6.203541	6.503687	3.108058	7.490597
5.247614	4.203031	6.316099	4.997758	6.924721	5.151975	4.548616	5.05283	4.522661	4.784661
5.644855	4.720492	6.138701	5.940918	5.070524	4.499897	4.989834	4.598826	3.128156	4.862187
5.367817	4.387852	4.848562	6.493364	4.827311	5.319981	5.159031	5.593886	4.701672	6.38394
6.167893	3.876238	4.820409	4.693422	4.484908	3.764884	6.590579	4.690146	4.677119	3.79252
5.212604	6.61465	4.454234	5.906754	5.754214	4.459482	5.363751	5.562846	4.945821	4.261593
6.623061	5.803851	4.885425	4.615959	5.567442	4.033474	2.784986	3.33761	4.379138	5.547367
7.068613	4.000688	5.093228	3.897862	4.989598	5.433988	6.354852	5.719424	4.731162	5.221957
3.81608	5.498541	4.041931	5.292231	2.858161	4.515583	3.963418	4.462155	5.22867	5.651366
4.802758	6.710724	4.796688	5.741628	6.188149	3.466183	5.12375	4.106922	5.118944	5.267225
4.076654	6.955899	6.404043	4.613667	7.978084	5.074087	5.689226	4.250965	5.455062	6.238913
4.212976	5.328317	5.868349	4.475081	4.895749	7.13622	6.316147	7.28812	5.940847	3.98021
5.046169	3.190693	4.351757	6.322566	5.675676	5.62514	6.047647	5.990537	4.127589	5.605038
4.172945	3.593658	5.565601	5.369543	4.728151	6.536205	5.658199	6.423156	4.348701	5.318412
