6.863229	4.918025	2.965957	7.217146	4.474361	5.329185	4.231531	6.02486	5.636746	4.24985
5.30139	6.042472	4.639084	4.098958	6.389353	4.705388	3.989275	5.156308	5.529158	6.142835
4.463561	4.769688	5.398336	5.553791	5.62464	4.970882	5.749445	5.346972	6.297794	5.926379
2.680836	5.959455	5.831029	4.684106	7.777069	5.210449	6.491732	6.212389	5.597358	6.102846
4.469814	5.133477	3.976401	5.670158	4.845964	3.299054	5.714102	5.983863	4.999641	5.062555
5.20838	4.288206	5.722218	6.893693	5.476154	4.659996	5.670287	4.641766	5.648569	4.776559
5.585608	4.189121	4.775525	5.313305	4.063778	5.820274	4.134045	4.481412	5.962896	3.145132
2.405538	4.569798	2.994305	5.057979	6.379479	4.957382	4.691045	4.228978	5.164683	6.764795
4.607819	3.956818	3.917878	4.963551	3.206072	6.279842	4.661855	4.649955	5.196337	3.977
4.484775	5.513251	5.042688	5.564126	4.244307	3.283137	5.338387	5.445863	6.484968	5.031049
4.680285	5.112685	4.345171	5.260796	6.113296	4.228992	4.897865	4.175148	4.386322	6.385107
6.435702	5.735381	5.426653	3.880037	7.210631	4.310405	6.696874	4.02717	5.673806	4.641513
5.510595	3.303329	5.073565	4.719483	4.425799	5.072312	4.098832	5.914435	5.553462	4.066175
5.069249	2.59312	5.44718	4.655795	3.567221	5.618878	4.537439	5.445815	3.680112	6.203607
3.398157	4.885975	6.31567	4.302375	4.603711	5.321746	4.891925	5.231542	2.859668	5.860248
5.911477	5.791809	4.914234	5.111946	5.110827	6.157675	3.792705	6.250628	4.770619	6.172981
4.369375	3.58597	4.089468	4.739905	4.621327	4.571747	5.268003	4.268779	7.202027	3.961287
5.246256	3.394036	5.358446	5.191245	4.256519	6.707602	3.824169	3.565733	4.466631	5.504965
5.028878	5.024789	5.729832	6.889399	3.293328	4.001037	4.703842	3.990688	4.760482	3.6354
5.390459	4.670972	5.539819	3.275405	5.87385	6.259118	6.479518	3.928666	5.559985	5.485052
4.604394	4.04819	4.569222	4.586671	5.407269	4.095421	4.695018	4.848123	5.006561	3.960386
4.775742	6.469382	6.466321	5.034009	5.857411	4.840924	5.034655	5.455256	3.541069	5.160677
5.083555	6.658777	5.665875	4.407045	4.885505	3.724613	5.495599	5.144633	5.319114	5.310563
3.761219	1.349714	2.999929	3.959342	5.957991	4.8107	4.255982	5.774786	4.715344	5.645157
5.604087	5.530352	3.430291	6.784074	5.029894	5.051232	4.794242	4.525826	6.813956	5.44573
5.658761	3.071781	5.246791	6.660366	6.491688	5.294985	2.909831	4.067689	2.758027	6.280865
5.683904	4.930291	4.870902	3.698707	7.048115	4.32101	6.466116	3.550275	3.495976	5.042501
4.391475	5.991716	6.664706	5.529196	5.173067	6.428986	4.247817	5.030793	4.011981	4.455427
5.748848	4.273214	4.63346	5.430627	3.023045	4.326291	3.518881	3.875561	5.283904	5.26087
5.68436	4.565347	4.100358	5.847722	5.609267	5.678227	5.519183	6.348613	4.503466	6.924929
4.447357	6.421897	3.249149	5.470036	5.04028	4.708947	5.148292	5.162649	6.047257	5.152398
7.619538	4.640428	5.776716	6.307993	3.667802	3.204298	3.236615	4.088603	4.595058	4.731912
7.318666	7.322928	4.136576	4.47138	6.03463	4.104874	6.536454	5.553838	4.646886	5.777534
7.118234	5.377488	7.151683	4.955428	5.735322	4.352381	4.534571	5.610014	6.100322	6.163001
7.554928	4.14674	6.222045	4.778477	4.589162	5.474412	6.649303	8.453907	6.047708	5.409101
4.167357	5.142634	4.986024	5.280397	4.616368	3.846601	5.169166	3.184078	3.82928	6.646107
4.297041	3.856172	5.673516	5.944802	5.735804	4.60551	5.198246	6.385622	5.083298	5.33542
5.015777	6.427672	3.936762	4.379074	5.925242	3.674177	4.16854	6.333489	6.337348	6.114502
2.873466	4.73177	5.328863	2.736694	6.107665	4.267041	5.325546	4.582522	4.46685	4.538274
4.806581	8.603956	5.304793	4.945239	3.632756	4.034932	3.394083	3.035422	4.987492	6.650139
5.024042	4.012852	3.308905	3.487196	6.113936	6.059979	5.733932	5.369275	5.147415	5.290845
5.937701	5.34158	4.965402	4.779029	7.013136	5.362427	5.500528	4.152906	4.641197	6.406713
4.761531	4.18692	5.31858	3.76378	6.127409	5.230212	4.717325	6.812831	4.777004	4.418549
4.863451	5.445653	3.816052	4.989173	5.589489	3.712812	4.646283	6.533418	3.481254	4.973631
4.705049	5.898346	5.129302	4.359311	3.858487	5.074152	6.166896	6.309253	4.596089	4.358798
4.690385	4.49656	3.28971	4.19225	5.38452	7.103482	5.584647	3.274877	6.549522	4.582479
2.745834	5.070488	3.502037	3.953538	7.132813	3.296589	3.939141	4.907111	5.532015	6.703116
6.269573	4.261906	3.71939	5.917405	4.329603	5.562934	5.255861	5.666283	7.582389	4.45428
4.979037	6.167886	5.174396	5.391004	3.623524	3.845754	5.090258	6.350273	5.116995	4.893314
4.646504	5.730634	3.445057	5.060981	5.527606	4.192862	4.401968	4.139996	4.148762	6.318755
5.726616	6.076351	4.463548	4.961452	4.662895	4.73629	5.248873	5.579041	4.371369	3.945089
4.630127	5.62245	3.157513	3.594181	6.137349	4.445408	5.24133	5.680193	5.102198	3.718858
4.31416	3.935297	4.699065	2.524628	2.943983	6.003323	3.976356	6.015428	5.05479	6.120147
2.619098	4.79671	5.399588	5.983472	5.366802	4.682126	5.432378	3.23232	6.124161	3.703241
4.933989	3.118433	6.133403	4.324307	5.771544	3.563832	5.856134	2.882688	4.234279	5.341982
4.587721	5.072671	6.937119	4.304276	5.68995	4.867569	4.445374	3.760866	4.361672	4.20573
6.074232	3.892738	5.604669	4.938077	5.06986	5.578106	4.915694	5.834745	4.318587	5.852705
5.106655	5.341413	4.324019	5.610045	5.245948	5.990521	5.408212	5.247013	3.930654	6.427373
5.654104	3.817119	5.805991	5.772917	4.308106	5.635023	3.91309	5.975365	5.040185	6.470153
4.846126	5.7684	6.514765	5.449616	5.636908	5.483103	6.013056	5.711572	4.184275	5.429485
4.875445	5.009458	3.742781	3.277346	5.029351	5.088593	4.534242	5.611035	3.116463	2.469
6.615716	5.893437	4.584722	6.456014	5.133837	4.234254	3.581169	7.661903	4.249212	4.824211
6.54936	6.465442	2.680696	4.858338	5.648345	2.862987	5.014248	4.813258	7.379477	6.374861
4.907285	6.161181	5.799264	5.442026	4.135055	6.083725	6.016547	6.008751	4.332049	4.754836
5.361832	4.640182	3.762156	2.727464	4.582629	4.955649	2.332295	5.011896	5.583127	4.258295
6.957219	6.918445	5.051772	5.831404	3.48507	5.392595	4.981409	4.237251	4.623915	6.05869
4.840657	5.012451	5.236361	4.866123	4.943398	6.446819	4.278135	2.87911	4.577116	5.886127
4.469552	5.70907	4.395702	3.160264	6.809283	3.921423	6.70767	4.383623	3.923821	3.943103
4.743671	2.710329	4.91	4.589181	5.708338	4.804083	4.916567	3.791619	6.815812	3.812699
3.466108	5.936625	5.143781	6.221957	4.470369	5.618471	5.766492	2.660982	5.636545	3.945507
4.937236	5.418048	3.360765	4.406059	4.154557	4.563642	6.085594	6.090333	5.638285	3.849804
5.078708	6.431452	3.334487	5.479507	6.052916	4.131094	4.460609	6.172833	4.800303	4.348095
5.067989	4.804016	4.309589	4.893448	5.619853	5.781842	3.817625	6.017355	5.196181	6.626448
5.770832	4.399315	4.704141	5.529358	6.588803	4.442319	5.859672	4.134909	5.685587	3.518569
6.830198	5.606971	5.658031	5.84235	7.173905	6.038293	4.75992	4.424157	5.845297	6.61471
3.800851	4.035295	5.959403	4.824855	5.831816	5.116114	4.590954	2.93768	5.996068	5.399067
4.676353	6.648109	5.980263	4.029264	3.208483	4.364705	6.86796	3.411751	5.015756	5.497345
3.166306	5.051518	4.976853	5.74787	4.072652	3.30792	4.181413	3.920969	5.209682	3.917069
2.707023	5.983654	3.387893	4.725448	4.208121	4.290865	4.853766	4.149125	5.10594	7.839555
4.820086	5.49564	5.917165	6.172716	5.19317	5.059111	5.921548	4.233114	4.041101	5.725338
4.89086	5.49271	5.354877	5.039459	4.21876	3.585839	4.170494	5.495479	5.618797	5.648908
4.640234	4.060971	4.51949	3.713127	4.663703	4.872714	6.62121	4.67266	5.383273	4.613577
3.56183	4.337984	2.904696	5.320418	4.394917	3.193467	6.4192	7.41468	2.917284	5.740203
5.809143	4.670716	5.897881	4.970357	5.879527	2.407978	4.4842	3.832727	6.124263	5.905899
5.716639	3.465503	2.033177	4.482609	4.456757	3.270146	5.579887	2.848492	7.201863	6.111788
4.704274	3.675898	4.421477	4.871909	1.948262	5.030744	6.607917	6.414795	5.050268	5.147398
4.317069	4.470965	3.916106	4.179193	4.03665	5.951566	5.115766	4.953159	5.861057	3.249526
5.174418	6.792261	5.825517	4.581119	4.526692	5.241437	5.484345	5.675741	4.105772	3.339761
5.399699	4.599819	5.228196	5.271952	3.373277	3.479142	5.41368	4.722207	5.157961	3.890295
4.848232	5.696096	6.738198	5.935015	5.84789	4.948539	6.098192	5.07127	5.143278	4.233027
4.206931	4.507946	5.176079	5.550181	5.449378	6.733612	5.359217	3.418727	6.040197	6.721752
4.449031	5.188385	3.724894	5.007607	6.700188	3.183773	6.615883	3.845827	5.923447	5.986921
6.882071	3.216288	7.07259	5.874795	6.661164	7.057738	5.35243	3.782792	4.543551	5.848202
6.344766	4.028095	3.158684	5.466035	6.769504	6.135948	5.798852	6.466048	5.899565	3.602049
5.628056	4.002899	3.662439	4.348281	5.752361	3.726544	4.726495	7.315702	4.566362	4.901216
2.977636	3.821019	2.686032	5.247509	5.729692	6.492297	4.98066	4.851876	4.677801	6.239293
4.851685	5.966745	6.08902	3.935219	4.559202	5.66726	5.010247	5.242402	5.758546	6.31008
4.466715	5.103535	4.637938	3.318053	5.768677	4.804069	5.196222	5.121534	6.068625	4.626198
3.901939	5.355951	4.706481	6.894668	5.941072	5.423373	5.772254	3.927471	4.840917	4.030852
3.775125	5.974682	5.977912	3.220295	4.334968	5.537681	4.259267	4.238786	4.890053	3.858551
5.372092	4.310355	6.541848	6.197363	5.127702	4.9772	5.425274	4.27025	5.485102	4.432354
6.427065	6.676482	5.033078	5.507824	6.709467	4.055616	4.287045	6.745285	4.340371	6.379223
5.633248	7.600513	8.078386	3.997374	5.590309	6.013069	6.416231	4.995214	4.919866	6.757949
3.950325	3.195817	6.14137	6.126393	4.67663	4.389804	6.804787	5.382314	2.647776	5.840535
5.79977	4.587333	4.90024	5.708516	4.336233	4.523896	5.339452	6.672217	4.951681	4.227869
5.334694	4.770463	6.22605	6.559603	5.784421	5.482377	3.680643	3.0514	6.47166	4.838179
2.89764	4.510044	5.519845	4.970499	2.418448	4.668742	5.707699	3.552581	4.975499	5.614084
5.524533	3.272349	4.534188	4.08212	5.438577	6.305844	4.57399	4.556122	3.823915	4.69255
4.506243	3.648595	5.147486	5.233644	4.960074	6.225234	5.091237	4.897514	4.770878	3.887156
4.808174	6.940288	4.160646	5.765842	3.345737	6.895203	4.340434	5.087217	6.229594	3.439711
4.921018	5.148148	4.743686	5.229583	1.779271	3.286803	4.881977	4.25938	5.944117	5.556901
4.645826	6.443906	5.824703	5.323946	6.807676	5.278153	5.747398	4.899438	4.400538	2.951465
3.568514	6.807606	4.069601	4.192257	3.998414	5.363398	6.098002	4.284237	4.529082	2.822964
5.195791	5.403854	5.343163	4.546637	5.126018	5.746964	5.133869	6.111669	5.163651	4.836723
4.02547	4.210115	4.040887	3.152972	5.207609	3.860304	5.240648	4.454366	2.388113	4.055987
2.974866	4.286408	4.186003	5.238195	3.681044	7.120924	5.644392	5.905988	4.601093	5.020066
6.210304	4.512918	3.861843	4.871243	5.800759	3.74815	3.396785	5.149937	5.737059	7.854527
5.188537	6.211803	4.506765	5.482021	5.348919	5.444046	3.078719	6.391525	5.026493	5.436906
3.639117	4.808777	4.302017	4.408277	6.213172	6.524405	5.244698	5.728045	4.633431	6.546441
4.279235	6.115866	4.684743	6.223178	6.077477	3.020372	3.699094	5.65908	4.191942	4.063989
6.715297	6.052006	2.920002	5.026821	3.511127	6.663882	3.544532	5.787583	5.861636	5.241517
5.689744	2.954843	5.30709	6.113749	5.708497	4.464425	3.955132	6.505296	4.67503	5.484936
5.100196	6.168147	5.75324	6.499319	3.443134	4.463357	4.362409	5.494003	3.606266	6.805882
5.149434	6.299051	3.458914	5.284654	4.338858	4.182443	4.590482	5.26146	4.641943	3.942502
4.403156	5.168387	5.530717	3.907118	2.842903	4.808662	4.982541	4.746589	5.454458	5.251063
3.670313	4.350245	4.146743	5.431187	6.05345	5.652999	4.409033	4.549059	3.973018	6.947026
4.439002	5.269176	2.935553	4.754043	4.262848	3.478238	5.022618	5.259694	6.327233	6.83645
4.790661	4.941839	5.140423	6.167836	5.223201	5.074465	7.336977	5.169815	4.932282	2.177692
5.083514	6.02819	7.141403	5.569322	6.336606	4.498186	5.284182	3.864313	6.976184	4.99198
6.882875	5.297753	4.637444	6.272517	3.886918	5.350235	4.740695	3.860765	3.995129	4.964695
4.757793	5.714148	4.031429	6.070276	5.175699	6.99901	5.438509	5.361488	4.550702	4.432824
7.629867	3.763156	4.148272	4.585706	3.117857	6.092245	6.821953	5.191125	5.149474	6.111947
3.37046	6.473614	5.208007	4.776856	3.581485	4.849923	3.870902	3.746444	6.012797	4.547769
7.281816	5.235579	6.483872	5.834087	4.660688	5.075819	4.921668	4.622811	5.558823	4.631704
4.099037	5.415145	4.229606	3.615125	4.594182	4.038023	5.321339	2.428539	4.074788	3.562575
4.695865	4.781925	4.945055	5.179062	6.318012	3.513949	3.623646	5.671306	2.568867	3.882966
5.87105	4.490046	6.090261	3.805488	4.360509	3.431559	4.968485	4.795375	5.605709	4.918193
5.788176	3.187249	4.298173	4.393999	5.020497	2.274034	5.127097	4.732686	4.658912	6.246128
3.799358	5.29082	3.909184	5.632456	5.214951	4.42655	4.462064	4.546155	6.193288	4.868476
4.864444	4.939679	5.950693	3.701792	6.446373	5.474444	4.72176	4.951216	5.295001	6.820242
4.565926	4.899605	5.423448	4.530759	6.605955	4.482158	5.700139	7.47332	5.373893	6.127075
3.33344	3.954781	3.573868	4.779375	6.07898	3.255875	5.364275	7.166619	4.778645	5.88587
5.21344	6.308793	5.134631	3.666814	3.136544	4.830426	4.527571	4.549222	4.130241	4.658196
5.17389	5.415731	3.447799	5.297341	5.361089	6.813022	5.021741	4.070622	6.852459	3.859288
6.51022	5.138121	4.062732	5.78151	5.172305	5.800746	5.779956	3.841804	6.125561	5.868791
4.435252	6.515744	5.27605	5.534617	4.56122	5.274181	4.216764	6.525042	5.813893	3.323015
3.129268	6.148726	5.711422	4.646358	5.310656	4.288441	6.462118	5.481027	5.964483	5.841092
6.147969	6.476452	3.824886	5.895553	6.038121	4.586248	4.810551	5.3005	6.162191	4.45015
3.987453	3.967217	6.917504	5.584318	4.047179	3.572927	5.828524	4.282082	4.359953	5.968791
5.24144	4.769739	5.794212	5.239782	2.941317	5.858442	4.47915	4.783145	4.061986	4.24338
5.596864	5.548027	6.538177	3.575495	5.0936	6.451953	3.954778	3.933687	4.033652	5.322039
3.376083	4.667482	5.786098	5.133398	5.477104	5.398592	5.174123	4.896044	5.636039	4.547206
4.299108	4.736603	2.9091	2.949899	5.474026	4.159917	4.760432	6.407293	3.713531	5.067269
4.14364	4.906959	2.143751	3.763531	4.626563	6.122995	4.717609	5.144835	5.032035	4.65826
6.626514	6.08834	6.460189	4.358103	4.299979	5.492557	4.863615	4.698299	7.347092	7.219712
5.607143	4.727977	2.385604	4.652719	4.756696	3.955287	3.69439	4.292804	5.011559	4.753121
5.780622	4.700279	5.479359	5.28207	4.500237	5.846353	5.748314	5.290266	5.475525	4.250202
6.021444	4.878561	5.900747	4.438167	4.668634	5.380071	3.691026	4.115309	4.322004	6.600008
6.016551	5.664593	5.516654	4.491715	5.417109	5.263553	5.306993	4.104384	6.712026	4.237905
5.080499	4.880545	5.47975	3.44834	4.768453	5.461356	4.941461	2.726133	4.760752	4.718827
5.102437	4.344771	4.87289	4.247617	5.360081	5.083982	5.757037	3.750497	5.129792	3.803002
4.766632	4.450346	4.514372	4.045276	5.347365	4.899642	6.370264	3.961408	4.721598	4.488206
4.618907	5.843766	6.685801	5.328306	4.655688	3.455744	5.414909	6.265234	4.359922	4.501362
5.182161	3.883984	4.860232	5.036688	4.970341	5.266041	3.9347	3.932503	5.561079	6.127111
5.986039	6.455637	3.887422	4.828653	5.310796	3.61811	4.612994	5.038717	5.230116	4.469121
7.538444	6.352496	2.589764	4.889366	4.570389	5.552354	5.611379	5.630179	5.805045	5.578856
6.287512	5.178626	5.014781	4.257645	3.680748	5.258438	4.666446	4.421865	5.224925	4.390635
4.892442	4.716985	5.809292	5.055257	4.417708	5.134889	5.629906	3.868721	4.754157	3.795094
4.069333	5.122602	5.310261	4.486073	4.540074	5.273062	3.615824	4.948501	6.347153	5.080295
5.402576	3.527212	6.027301	4.144266	4.571411	5.082639	4.526054	6.598557	6.35722	6.527237
5.077879	6.598584	3.161421	5.033165	5.623628	6.226826	6.323926	5.744359	4.127595	5.930596
6.048668	5.028814	5.381727	7.972048	5.079768	6.581252	4.465528	2.965403	4.70455	3.47904
6.116276	4.719456	4.971296	6.126173	4.881279	5.057666	8.355844	4.269351	4.807498	3.761997
4.242987	5.558318	4.668945	3.899597	5.414112	4.650365	5.297585	3.832994	5.717813	5.971695
4.304553	5.129087	3.164495	5.277972	6.230777	6.090436	4.832093	6.522529	6.418197	5.492171
5.757234	4.061248	5.901536	3.830833	5.531884	3.92673	3.849411	4.516275	4.35199	5.94521
5.00277	5.26888	3.557817	5.70789	6.672301	4.436749	5.110547	5.134812	4.625991	3.885454
3.57559	4.403944	5.634878	4.265243	4.775257	4.540803	5.688673	4.039599	3.412783	4.949455
3.534	4.547009	5.483413	4.660791	4.903417	4.041707	5.730887	5.258115	5.060278	5.671852
5.268518	4.847483	5.647841	7.273827	6.185033	5.734387	5.610184	5.084997	5.373274	4.432221
4.467943	3.500202	4.955153	3.828323	4.432333	4.655558	4.573333	5.540361	7.426606	5.229896
5.863828	4.150197	3.090389	5.479525	4.563119	3.406678	3.678607	6.19662	4.876681	4.998792
5.082469	3.555098	6.960607	5.180409	5.341781	5.089474	2.844393	5.243621	3.672895	5.787064
6.647955	5.645324	7.337606	5.449031	4.923916	5.236549	4.594215	5.506199	4.945098	6.995154
5.531705	3.537148	6.533468	4.963393	4.40946	2.941982	3.401782	4.166034	5.271822	5.014298
3.777063	4.94282	3.778336	4.668692	6.589502	4.112594	5.221197	4.954435	4.532985	5.595476
3.921566	4.338212	4.124294	3.964042	4.475441	5.323846	5.003993	4.111069	4.011803	6.010622
4.859145	3.899613	5.975132	3.305534	6.613849	6.623434	4.945733	4.899913	5.068544	4.349907
5.02274	4.993661	3.314402	4.212136	4.681516	5.209723	5.191761	3.678723	6.550667	3.939887
4.659332	6.048038	5.32005	4.679925	4.831957	5.854726	5.643946	3.24124	2.091632	4.684389
4.611765	5.890782	7.532731	5.438052	3.912662	6.0054	5.797686	1.70536	4.458943	4.952789
5.898182	4.534248	6.094221	4.452108	4.018717	3.639584	6.702034	5.436707	4.089717	5.412606
4.587568	3.509031	4.726727	4.258683	7.107926	7.312739	5.293955	4.802863	6.175793	4.156127
4.733985	5.171625	7.383984	5.063969	6.05189	6.298922	4.049951	4.904012	3.985567	6.933981
3.343088	4.974095	4.269599	4.59307	3.724097	6.273237	3.722543	5.973699	4.857075	5.430245
4.176014	4.997363	3.630968	4.941502	5.492847	4.966818	4.946866	4.639796	5.817194	3.152206
4.900406	3.604517	6.416928	4.748291	5.324274	5.437328	4.378589	5.393026	6.318087	3.146455
4.592144	5.451745	4.219799	5.898369	4.578631	7.316704	5.64541	5.556159	7.741602	4.468435
5.97362	5.607494	4.445301	5.547708	5.323838	4.361818	5.165944	5.063015	5.88986	4.918164
4.974742	6.01619	4.709183	4.718949	3.947549	4.869333	5.849756	4.859458	5.500946	4.290894
