6.250092	5.352606	4.022077	5.261602	6.113223	4.521315	6.688251	5.799246	4.388061	3.983854
6.108643	5.615288	5.082507	5.933195	4.905375	3.961073	4.830872	4.731607	3.806291	5.401302
4.293861	5.792547	4.781444	4.798766	3.568113	6.462596	5.943836	4.688274	4.512674	6.08204
4.924711	2.368787	5.771497	5.901175	4.873539	5.781959	5.256022	6.336273	4.140469	5.558538
4.942482	4.651696	3.972383	6.305651	5.092459	4.221631	5.36665	4.925736	6.073318	4.955723
5.081802	6.923109	4.144899	5.909098	7.925999	3.734353	4.194044	6.128454	4.940102	3.700324
4.02342	4.482425	4.887627	6.675819	5.222253	5.962947	5.790643	5.724481	5.776108	5.679865
5.55439	5.048293	5.171711	3.914578	4.969638	5.294635	5.786366	3.702392	4.430507	6.335188
4.991257	4.704735	4.153495	6.26821	4.99997	7.089764	4.014671	3.050335	5.873223	5.041739
4.013336	4.538401	4.457314	2.802025	4.612817	3.657389	6.070302	4.681012	2.808036	4.968939
4.136044	4.160243	5.465385	3.412215	5.386298	3.44768	5.110875	3.269358	5.634355	5.105296
4.952128	5.835811	5.220418	4.580902	5.1374	4.98916	5.651495	4.053681	4.4817	3.577056
3.487326	4.559622	6.107529	4.917105	4.353756	5.24745	4.934414	5.690407	3.623828	4.216152
4.195985	5.474071	7.606705	6.198786	3.650206	4.14618	5.704518	5.392383	5.416601	6.109387
5.261065	5.867261	5.997224	6.482172	6.110523	4.238684	4.06259	5.41273	3.958571	5.165334
3.942399	5.208199	5.437294	6.43012	5.017956	3.94776	6.55489	4.002458	5.158993	5.058421
5.973235	5.366794	4.304768	6.170385	5.179296	4.590192	6.656464	6.567473	3.948461	5.225698
6.026881	5.156256	4.607941	5.927969	4.613563	6.280717	5.14171	3.933854	5.598163	4.534899
6.399168	4.52184	4.203829	4.270567	2.941595	4.444858	5.120912	5.727592	4.520992	5.703083
4.749422	5.720255	5.549416	5.572453	4.341993	5.102958	4.97036	5.417433	4.865136	4.784607
3.847065	2.70085	4.997818	5.948925	4.266183	3.165728	5.555816	4.65036	5.677241	3.448431
4.679375	5.58916	5.337325	2.534893	5.398792	4.032413	4.406972	3.675268	4.122446	3.693964
4.727387	6.357049	6.353213	3.977612	3.126666	4.698195	4.3302	6.133853	3.549157	5.523853
4.303551	5.904176	2.69701	6.096398	4.889862	5.835657	5.249079	4.74289	6.360412	4.139381
4.642921	4.450881	5.004968	4.438663	3.895081	5.027131	4.069338	5.485047	4.64098	3.597197
4.920607	3.668669	6.793514	4.04664	4.523134	4.209939	3.675965	5.221106	4.764493	4.34548
4.020859	3.041358	3.85795	5.628605	7.334189	5.273851	7.956492	3.768561	4.063299	4.370632
5.347471	3.8606	3.609428	4.469653	4.682394	6.103704	5.48033	4.401128	3.464794	5.637996
5.495628	3.703771	5.359303	4.818024	5.389802	4.815417	5.19022	2.970035	5.007121	6.741976
6.149927	4.623021	6.179769	5.714707	6.405551	5.492667	5.51667	5.128689	4.742617	5.108241
4.017996	4.685672	4.876378	3.352452	3.975942	4.84327	3.216447	3.779983	5.828967	5.242204
2.313407	5.729689	4.546392	3.186469	4.031987	5.287775	6.004709	6.57573	2.157309	4.038983
4.062735	3.698482	4.963896	3.392474	4.404585	3.9191	5.314042	4.947165	3.036478	4.93004
4.093474	6.317149	3.18594	5.284574	2.420403	6.109856	4.571476	5.31202	4.884893	4.747935
4.576729	6.457036	4.507566	5.037463	2.356913	4.120623	5.356024	5.299139	3.033769	4.983516
5.052813	5.916322	5.355662	3.897451	5.243665	6.168697	4.472239	4.315585	5.433194	4.4728
6.118324	4.686915	3.643565	5.789845	4.941301	5.665051	4.256645	6.830418	3.59662	4.524518
4.561402	5.526462	4.313413	6.127045	4.525898	6.180531	3.026353	5.676741	3.224268	4.402776
3.374404	5.191261	4.837251	4.934069	4.819301	4.743712	4.721994	6.275151	5.181804	4.856467
3.45536	4.631067	4.85937	3.848163	5.478136	4.062767	5.514254	4.187607	7.376791	4.546317
3.78283	5.180217	4.431161	4.220667	6.479625	4.693365	3.622202	5.398036	5.768533	4.475186
4.571375	4.499604	6.590662	3.256052	5.454137	4.310048	4.606018	4.702866	5.451889	5.213755
5.599144	3.128079	4.021983	4.994689	4.778467	6.367503	3.492909	4.766782	4.34665	6.389973
4.860693	5.345506	3.482987	5.613214	4.637951	3.797777	5.932527	5.57365	6.188058	5.239924
7.156928	3.081467	5.636576	6.839134	4.519777	5.640673	4.115368	5.378102	5.733238	2.888206
5.317163	2.341107	5.453635	5.878918	5.935508	3.908306	4.570355	6.394709	4.259062	4.694268
3.137043	5.132049	6.213552	4.74206	4.841036	4.946946	6.254307	5.133982	5.325874	5.099569
4.776783	4.47884	5.184547	5.065445	5.975453	5.792549	3.288751	4.663833	4.431475	3.553211
4.647175	4.552695	3.133819	3.817155	4.803763	4.618183	1.395244	4.62513	5.387011	4.255424
5.199922	4.761881	6.404989	5.814989	4.199943	4.271102	2.719607	6.842892	4.864149	4.245302
3.83209	4.328694	5.012844	6.94931	5.449545	5.011695	3.864909	5.0224	4.538304	5.676365
4.428506	3.418659	5.769051	7.447277	6.378203	4.028102	5.889107	5.230439	4.199402	4.746325
3.749282	5.044573	4.966843	4.505288	6.602432	3.885439	6.587961	4.274641	4.592698	6.508299
4.23147	5.987604	5.83031	4.409848	5.264751	7.691957	3.60386	5.635509	4.143059	4.51439
5.763544	5.175281	3.661343	4.274839	2.91994	4.548082	5.673876	5.228801	5.495533	6.019403
3.501426	4.26152	4.940809	6.300079	4.54212	4.261541	3.288645	4.975873	3.62426	4.035762
5.152062	4.073389	5.497975	4.423303	4.726336	4.000201	4.831262	4.245161	5.229889	3.681142
5.341532	5.5345	5.093176	4.751044	3.509003	4.680191	5.157711	4.266803	3.968715	5.015609
3.839663	5.868887	4.515469	4.218553	5.391976	2.041894	6.186796	4.172859	6.496894	6.049494
5.010875	4.938956	4.303637	6.478382	6.188253	5.868738	5.144807	2.872728	5.736672	4.406813
6.318658	4.425051	4.053476	5.905509	5.496704	4.220023	4.767658	4.347421	5.359206	5.818571
5.940889	7.105703	4.823923	3.864678	3.713281	4.151795	5.018359	6.02519	4.250216	3.997653
2.918094	5.599869	3.590845	4.861569	6.351126	5.95023	7.236619	5.36829	5.452493	5.780365
3.065425	5.241457	6.136225	4.409066	5.090764	5.005606	5.216422	3.94336	5.474039	2.95746
4.384193	6.796816	5.784216	4.339992	5.239566	4.241688	2.858726	4.596754	6.295925	5.740717
4.95567	6.835299	4.848847	5.993613	5.495936	4.367308	6.294312	4.36439	5.167372	3.487763
5.024708	5.252071	5.61379	5.401675	4.357203	5.224359	6.034141	5.363864	6.226471	3.080009
3.889328	5.945484	4.705295	2.821641	2.771186	4.558846	4.540985	6.321707	5.096478	4.679309
5.817328	6.418864	7.282465	3.409737	4.637362	4.887293	4.464353	6.102161	5.002588	5.23105
5.583677	5.590641	4.169605	6.279891	5.455215	7.097123	2.872379	3.786491	5.173658	5.028539
5.080229	4.348604	4.068785	5.164369	4.714602	5.315606	5.882373	3.640263	3.155049	4.841519
5.440362	6.912772	3.579114	5.597906	4.801648	3.90309	5.580542	6.227338	2.498621	6.393582
5.296259	5.373196	1.96943	5.259673	5.328671	4.961422	3.920786	3.285694	5.307438	5.3619
6.623863	6.300802	3.119517	3.415069	3.702838	3.392014	5.545433	5.853287	6.832471	5.262838
3.971449	5.651392	4.053244	6.013723	3.937209	6.063223	5.698236	6.219278	5.495479	4.357757
4.36434	3.536381	6.115945	3.295245	5.7746	4.650621	3.482309	4.364476	5.546697	4.876911
4.848694	5.679621	3.202023	4.589033	5.041532	5.779414	4.327743	2.654441	6.624595	5.554266
5.668006	4.601647	6.479978	5.630042	5.86799	4.100824	6.418401	4.399139	5.250801	3.560335
5.104602	5.176097	5.909266	4.841557	5.614948	3.07865	4.967245	5.805238	5.713123	3.504321
4.829082	5.213583	5.164691	7.654699	5.71369	4.358619	4.643833	4.621219	4.167813	4.879323
6.532962	6.823455	7.915839	5.047358	5.625544	2.975065	4.692852	4.60568	5.533425	2.818143
4.740194	7.719954	4.263073	5.255194	5.260985	4.124775	3.862998	7.696792	6.224273	5.242383
4.25174	4.913819	4.556299	4.022418	4.472662	4.374537	6.313753	4.118952	5.164062	4.773462
7.133242	6.53831	4.78791	3.665843	4.570006	5.282224	5.809615	4.818644	5.44098	6.336879
5.421314	3.475706	4.01646	4.285768	6.458703	3.819236	6.416816	4.846159	4.945754	3.307246
4.734217	5.747404	4.219273	6.873084	4.943057	5.909184	5.83989	5.841235	5.539859	4.277251
3.371373	5.396326	5.511812	4.451754	4.624751	3.304443	5.14308	5.351619	5.607594	3.712545
6.042018	4.382581	3.761814	4.043688	4.932277	4.024468	4.758675	4.549607	3.881246	3.198845
3.573566	4.092918	3.91479	6.611101	3.160715	4.42149	4.545352	4.366567	5.203685	6.203955
5.333327	4.96473	6.106489	4.174591	5.862643	4.308082	4.074016	2.799017	4.113722	5.492546
5.152055	5.196188	4.258474	5.790935	5.099703	3.579469	4.821235	4.316086	4.981153	4.881379
4.020251	4.614253	3.778764	5.819184	3.361763	5.383465	6.105595	3.300079	4.966297	5.698497
3.130581	4.899179	5.465511	5.26059	5.412196	4.930346	5.260667	4.399856	5.898979	5.223015
4.971992	4.710705	6.693336	6.123542	4.811693	4.351727	3.422347	5.298755	6.68442	7.120998
5.822399	5.48855	4.460094	4.015326	4.588257	5.524369	3.628034	5.631236	5.085772	5.131716
4.923813	4.853171	4.334091	5.549092	5.952147	6.235055	5.625866	4.698749	3.449559	6.215489
6.354533	4.512112	5.523846	6.732317	5.301411	4.654572	4.852161	4.360442	3.805242	4.358762
6.182113	4.465162	5.779147	6.417878	4.184449	5.387743	5.175081	5.247053	5.696934	5.429562
4.556116	5.550337	5.028479	5.905579	3.61886	5.345929	4.956908	5.963375	4.758062	3.290981
4.806699	3.782992	4.739445	5.162371	4.622696	2.718357	4.733358	3.817792	4.933616	5.089453
5.565654	6.878019	5.107472	4.706355	2.64276	3.827539	5.188531	5.762065	6.101778	5.519934
4.308673	4.133112	6.355601	3.134641	3.877756	3.651066	5.404182	5.237227	4.389639	5.605005
5.609342	5.008819	4.655238	4.422028	6.861542	4.852158	5.142404	4.960757	4.607327	5.947021
4.014348	6.791631	4.274467	5.212823	5.123317	6.189573	3.889819	5.695749	3.445418	4.086882
3.496325	4.493669	2.98007	4.631531	7.179068	5.946372	4.723654	5.206393	6.259489	6.233387
4.869524	4.463455	5.671308	5.540399	5.857478	4.845224	4.927885	5.041029	5.206157	1.922883
5.172972	5.312989	4.738731	7.047448	4.638821	5.340646	4.693915	5.049613	5.89724	5.739153
2.075338	3.647615	6.453804	4.832539	5.637052	4.968864	3.510224	6.731507	5.056414	5.053638
4.230067	5.924318	4.776338	4.68269	4.487843	6.193478	4.24218	6.190081	3.593228	5.41969
5.182467	4.005059	5.924425	2.555346	6.444952	5.798691	6.305331	4.63938	5.370138	5.31332
5.153636	5.19817	5.656948	5.887756	3.226195	3.623956	5.510435	4.738182	4.517364	4.735637
3.086065	6.083969	4.045825	5.562909	5.905854	1.82239	4.883377	4.322	5.799066	5.998099
6.230756	4.754575	6.458808	5.935321	4.56192	5.523643	4.471158	4.726958	5.617994	3.108592
4.764467	4.907508	3.712498	5.785598	6.121596	6.963367	7.185034	3.655762	6.556629	6.067385
4.79403	5.224901	2.837373	4.273725	4.860087	3.865269	3.879924	5.849029	7.120097	6.31826
6.062862	3.735956	4.361632	4.381234	5.333843	3.850213	3.817395	6.05351	5.522921	5.716528
3.700568	4.731563	3.399698	4.335793	3.994577	4.825753	5.268065	4.306499	5.394858	6.087926
4.034152	3.40301	6.767256	5.901459	5.95582	5.018101	3.929979	4.902654	6.75834	6.281711
5.055888	4.18405	5.869199	6.342695	5.52269	4.461917	4.390134	4.606272	4.008343	3.974159
4.063718	5.096816	2.74932	5.840954	6.070529	4.936092	4.423666	6.180753	2.409026	5.129735
4.870623	5.608683	2.08251	5.274295	7.189314	4.913293	5.039405	3.546176	6.274296	6.188657
5.481535	5.9575	4.982493	5.691381	4.453969	4.136065	4.471664	3.326838	3.963548	5.231901
4.135072	5.421925	5.255384	3.705324	4.447668	5.385846	3.383779	4.575695	6.251509	4.750796
5.596628	5.584756	5.708982	2.681085	5.2465	7.118781	4.791018	3.322958	4.117291	4.109471
2.243018	5.117205	4.858635	6.220016	6.182372	3.343017	5.690025	7.896668	5.446527	2.941646
5.285476	4.607843	3.622786	3.994505	4.601665	4.403224	7.889233	4.799727	5.227902	5.46786
4.91694	6.427557	6.605126	3.950068	3.394334	3.993224	4.114572	4.640256	2.569938	5.815337
6.048501	7.628027	5.186342	4.31129	6.477535	4.145095	5.700554	6.018905	4.77449	4.151371
6.297878	4.721875	6.32171	6.492861	4.926819	5.893686	6.195023	4.598315	5.536472	4.092916
3.386055	4.060109	5.950019	5.599266	4.72109	4.793963	6.9664	5.154673	3.91264	5.685033
3.658027	3.723873	5.14459	5.393422	3.348444	4.552559	5.589777	5.13943	4.097659	2.70735
3.574617	6.880486	7.159586	6.912022	4.534058	6.202029	5.13676	4.562668	6.121579	4.315607
5.193576	3.570494	5.505246	6.000581	3.140576	4.296811	5.599783	5.328049	6.643651	3.510138
5.633682	6.231199	4.825059	3.498434	6.926677	6.150578	5.116569	4.181453	5.106519	5.464083
4.721977	6.031691	7.412141	7.130877	5.156392	5.688077	4.292759	3.614081	4.09079	5.091669
4.303436	3.883051	4.493598	3.311841	4.715393	5.794134	4.087801	4.725939	5.915539	5.294081
6.332278	3.652314	5.995291	5.513702	6.143705	3.437335	5.180305	4.96133	5.733562	4.118546
5.109528	4.831177	5.242302	6.74635	4.832393	5.51611	3.74476	5.221399	5.465258	5.885763
4.021725	4.27242	4.005723	5.386564	6.748072	5.747682	6.208343	4.500235	2.848451	6.924246
4.003079	4.904578	5.477933	3.607773	5.464722	5.862749	3.999418	4.704454	4.115898	6.525846
3.247779	5.950925	4.934633	5.488763	6.200273	4.66614	3.807316	2.975743	4.82738	3.257161
6.290524	5.224796	5.670416	5.779081	4.320084	5.722543	4.219884	4.631368	3.662118	5.030293
6.96639	3.413429	6.828241	6.074465	3.051084	5.554844	5.977724	4.734055	5.991127	7.167696
4.474356	3.980086	7.098524	4.764969	5.230115	6.304693	7.065014	5.329331	4.918479	4.137283
4.190538	6.348874	5.596895	4.495041	5.670743	5.013553	6.737181	3.770178	4.812991	7.689632
4.60851	3.736382	6.55308	6.628655	4.307472	3.349446	5.008416	4.942625	5.766339	4.429969
5.835803	4.295422	7.833999	4.959994	3.362666	3.436078	4.842593	6.017896	6.059059	4.255672
4.689114	4.219023	3.345449	6.078911	3.034438	6.462777	3.307123	4.010167	4.459702	5.005203
3.901583	4.933531	4.802844	5.142511	2.822292	4.720884	4.420748	5.131041	4.298764	5.156385
3.74631	4.149618	6.454288	4.412052	5.706718	4.661385	6.047608	4.205341	5.533342	3.544815
5.437042	3.396828	4.784725	5.290603	2.913223	5.800542	3.73616	5.647219	4.388544	3.407779
5.01362	3.721712	4.561847	4.809956	4.640637	5.552319	5.921167	3.496657	3.398474	4.143897
4.000407	5.489547	3.130351	6.632123	4.848062	5.692059	4.582484	5.057547	4.251208	4.448473
5.09299	3.901853	5.64891	4.231981	4.799697	4.969813	4.053842	4.177714	6.12139	4.596739
5.575743	5.764016	5.575658	5.523558	2.286823	5.620311	5.226152	3.636721	5.860424	3.581871
2.001379	5.480026	5.051473	4.485607	4.998044	6.632695	7.184284	3.646468	3.47508	4.620003
5.063562	4.37831	4.885497	4.872388	5.969564	5.357456	6.002707	5.462545	6.75615	3.668297
3.721578	5.355273	3.388524	4.262255	4.73044	4.702636	5.769376	4.907543	5.185034	6.581844
4.615395	6.082163	6.134636	5.706091	5.502345	5.83476	5.055812	5.37414	3.660824	5.465088
5.618501	5.622511	7.300933	5.004654	4.671637	4.230831	4.071359	3.222898	3.950421	7.104918
3.899074	6.277545	4.178393	4.252199	2.694997	4.100807	2.93748	3.92979	3.023097	5.107981
4.931085	2.907323	5.863702	5.768832	5.695353	4.315094	3.960132	7.778788	3.749508	5.256734
6.087838	4.584106	4.626704	5.383944	4.461188	4.813355	5.989925	5.788362	5.305713	4.049992
5.516155	4.679877	4.53843	7.132075	4.088088	5.235939	5.690829	6.310848	4.61888	5.501143
5.915351	5.335974	2.991719	4.440456	3.875538	2.896605	4.337585	5.599762	3.966645	6.55407
5.79734	5.407325	3.635737	6.329061	4.480046	6.218089	5.539162	5.545017	5.074386	3.992678
5.496731	3.894323	4.298025	4.060613	6.083416	6.4778	4.979577	4.201054	4.878171	4.241678
3.808267	5.840995	5.536599	5.987455	5.208864	3.648671	5.737709	2.000455	3.721201	4.933791
5.712571	4.684637	6.505887	4.402586	5.625402	5.117223	8.320683	3.764492	5.685877	5.931819
3.843553	4.647747	4.672869	4.167069	4.540397	4.496281	4.181014	5.53482	4.940884	4.965463
5.730138	4.385973	4.461749	4.004601	4.10796	4.894617	5.183311	5.070463	4.295728	4.700156
5.404929	4.45098	5.808377	8.029742	5.023724	4.877361	3.937897	4.680426	5.028312	4.918623
3.304893	3.943961	4.378227	5.896098	4.413709	4.922089	4.144391	6.729237	3.30746	5.407537
5.347718	5.651966	5.914945	3.632411	5.365986	5.102161	3.748606	5.537879	6.157617	5.171883
4.032362	4.930268	4.170139	4.216349	7.206833	5.254999	4.56577	2.16124	5.216711	4.143758
3.67323	7.373983	4.219927	2.484004	4.428292	5.488204	2.610706	5.17523	3.604405	3.179051
4.208087	4.52459	4.872122	6.238768	4.358697	5.842923	5.882729	5.222796	4.972846	3.639982
6.937822	3.30334	5.45803	5.709666	4.576507	4.871829	6.5518	6.559788	2.854579	5.412379
4.466875	6.187829	3.788183	4.482573	3.308312	6.762245	5.771305	5.135533	4.144722	6.320063
5.000903	7.340068	3.725887	5.270273	4.938499	4.899395	5.015243	5.846256	4.649291	4.946818
4.801893	5.545264	4.934972	4.242016	3.773823	4.372736	4.653481	5.909049	5.666285	4.793559
4.079639	3.772495	6.239247	3.72948	3.267107	6.506603	5.883518	1.49012	3.76261	5.386211
5.345128	5.065432	4.041845	5.111055	4.791483	5.116787	5.583593	5.928319	5.698798	5.975534
3.471053	3.256815	5.860431	4.17225	4.907686	4.225692	3.484931	2.784029	5.741197	6.811896
4.866078	3.648403	4.871267	5.438624	5.582231	5.878383	1.839545	5.085873	4.958723	5.807514
3.736327	3.977316	7.567149	5.368553	5.337691	5.389026	6.791185	4.119695	6.422224	3.223629
4.807719	6.136238	5.185099	5.889182	6.720148	4.022191	4.990342	5.725309	5.398621	4.337428
3.902877	4.476202	5.108495	6.693323	4.649584	4.342343	4.775316	4.412321	4.902931	4.086567
5.639166	6.113953	4.708443	6.365647	5.50437	5.510509	4.24847	4.361685	1.728184	5.053164
4.98836	5.361098	4.767807	4.654721	6.177138	5.557594	4.498153	5.21443	6.213552	3.779652
5.404627	6.085886	5.919748	3.949225	5.929052	4.27374	4.300587	5.595943	6.474854	7.053688
5.076824	5.45818	4.130848	4.331005	5.657195	5.071907	6.011172	2.890275	4.306904	5.269935
6.338071	4.433519	4.283677	5.817201	6.145138	5.598501	4.045371	3.791707	4.682527	5.220259
4.669128	5.047	5.015184	4.823411	4.964001	6.329355	6.350591	5.815725	6.336905	6.62236
5.918139	4.241199	4.978337	5.373584	3.988791	4.789047	7.409925	5.428268	4.887249	5.567828
6.410732	6.401821	4.457576	4.480927	4.384439	4.692864	6.170255	4.309333	3.140127	4.478477
4.665575	4.799207	4.916326	3.506442	6.548353	4.752589	4.107564	3.753149	4.051024	6.303763
5.308927	3.526124	5.441967	4.6821	7.255764	4.832315	4.893746	4.847484	6.074341	3.258416
4.92016	5.981445	3.653966	6.782915	4.540869	4.895242	3.525868	4.12452	7.103129	4.388994
5.668041	5.486398	6.138713	5.634222	4.887942	5.928898	5.403994	4.605963	2.902658	4.396621
