3.661232	4.735566	6.503729	4.942563	6.003465	4.536186	6.451366	5.304306	6.626242	6.4893
6.472734	4.778547	4.814415	6.710359	4.367881	5.164611	5.509527	7.004371	7.329873	4.116077
5.548286	3.525743	5.200888	5.419008	7.640467	3.793847	5.17556	4.100621	5.148902	6.782056
5.654822	5.401166	3.916973	5.685525	2.72657	5.448133	5.87225	6.981492	6.352829	5.172471
4.781269	5.853797	4.335989	3.917194	5.68014	3.507822	4.778578	3.850685	6.069118	4.554621
3.713899	6.458676	5.605169	5.892287	5.564138	4.47793	4.46431	5.791249	6.149817	6.50999
4.628712	6.479966	5.073587	3.548957	4.466265	3.033967	5.933657	4.969279	5.577885	5.278683
4.690345	4.913172	4.593229	5.26117	5.689886	5.588958	5.755586	5.624786	5.984843	5.759683
4.358099	6.114911	5.401617	6.100256	5.819351	5.40751	6.873915	5.926191	5.834153	3.394792
5.835044	6.64639	5.92716	4.186318	5.939207	5.92135	4.6418	6.932734	3.381656	5.51071
5.863803	4.640997	2.93477	3.540357	5.095053	4.171253	8.230539	4.374201	6.633627	3.778843
4.881385	6.445017	5.592145	4.104061	4.181535	4.317115	4.687293	4.948739	3.870106	3.249698
3.631397	6.204816	5.571227	5.453944	5.227512	5.30321	5.169672	6.596531	4.567654	4.288207
4.976466	4.493783	5.045768	4.54283	6.36925	6.305421	5.531431	3.595011	4.339015	5.310687
5.256217	6.88654	4.663415	6.750666	5.661078	4.540496	4.59048	4.650438	4.227911	4.408737
3.866365	5.003397	4.832044	5.546869	7.74781	6.06867	3.587655	5.034253	4.975049	4.002979
6.521105	5.400934	3.440555	4.465126	4.721122	4.03338	3.295482	4.929125	3.608401	3.995919
6.35315	6.441823	4.524245	5.609705	6.4543	4.755246	2.942019	4.299035	5.45844	5.622043
5.911626	4.420382	5.457401	3.704027	5.810394	3.942479	2.749474	3.444731	6.29156	5.376666
4.674001	6.145293	4.090681	6.018528	4.112567	6.96044	4.280002	5.078538	5.796806	6.998627
4.193841	5.841458	6.252037	6.286098	5.603174	3.526405	4.191559	5.678232	4.854443	2.98402
4.12739	3.2982	7.120557	5.775713	3.805939	6.509017	4.286762	4.200083	4.878935	3.111091
4.659272	6.403646	4.575948	8.210973	5.220252	6.966958	4.575838	6.234293	5.375362	5.26793
5.852347	6.406435	4.539303	4.668657	5.228832	4.486842	3.723224	4.438175	5.076425	5.31617
6.657413	5.633476	3.868761	3.657326	4.797939	5.559884	5.315062	4.39607	5.658129	6.982475
5.52147	4.180055	3.812024	4.147097	3.597046	3.67215	6.383555	4.934963	6.658726	3.860651
4.392946	4.513203	5.092759	5.659575	5.716307	5.828543	4.051388	3.255922	5.440046	2.339873
5.722712	5.873708	4.590513	5.360414	6.631872	3.743251	5.381405	4.624677	4.205523	4.039517
3.216215	4.893907	5.771889	4.874112	4.642296	5.062329	2.619412	5.979468	5.477766	5.084428
4.493081	5.341774	4.902743	6.309122	4.574005	4.52136	5.788966	5.126598	6.331305	6.590458
6.397642	4.756351	4.47203	4.882755	7.495238	6.552707	5.073732	5.994297	4.316392	4.733125
3.258088	4.320989	3.631826	4.673802	4.400072	6.204566	5.840331	2.881178	6.148873	3.525598
5.229199	4.523136	5.896546	4.747974	6.296786	6.133163	4.383902	5.287964	5.537537	5.205964
4.2817	4.640919	6.49304	3.963219	4.485589	7.328189	4.650624	5.325722	5.821841	5.408945
6.483246	5.525274	4.245784	6.723708	6.034336	6.230844	5.981504	7.352658	4.262511	5.082579
3.694956	5.631461	5.667284	5.862732	2.517762	4.555913	4.317094	4.795428	5.009713	5.154553
6.01576	4.606951	5.14468	5.11768	4.868822	4.092312	5.080681	4.916146	4.098872	5.851021
5.674845	2.76872	5.863597	4.271203	6.227782	5.923576	4.561323	2.628478	5.475909	4.991667
6.082326	5.898015	5.965298	3.896301	5.083066	4.414719	7.654099	5.468313	4.702855	4.417651
7.134869	4.973955	4.186424	5.860127	5.869095	4.747806	6.08813	4.153136	3.903655	4.122002
5.91845	4.719232	5.117095	4.013606	3.170703	4.867326	6.037944	4.47997	5.078559	5.249605
5.565708	4.280596	5.309105	5.411469	2.820437	4.896716	3.888301	5.737684	3.936152	4.346439
5.09327	5.437369	3.517876	5.321312	5.224454	5.231451	5.075692	5.810149	5.969868	5.455845
3.328712	6.682236	5.330641	4.798583	5.436525	5.385619	3.877039	4.486352	5.057004	5.061773
5.452781	6.963391	6.460895	2.482694	6.691882	6.10702	4.378751	4.708236	5.997486	4.77581
2.873707	3.738423	4.961855	5.184096	5.455312	6.03695	4.410568	5.759565	5.500749	6.52847
4.708013	5.450752	3.658163	4.23153	6.352864	6.76774	3.362035	5.34272	3.449739	3.631575
3.759602	4.851578	6.065204	5.130069	5.200915	5.518068	4.816278	5.947022	4.137056	6.45536
4.801292	5.187201	4.661165	4.625831	4.000604	6.038177	5.395503	4.91426	4.873682	4.190973
4.392987	5.548327	4.905987	5.559132	5.26949	6.509978	6.25079	2.889226	4.919285	5.51596
4.33802	5.205089	5.212026	4.764255	3.426528	4.487462	7.130219	3.768939	3.972384	5.81416
4.693133	4.206511	4.975638	3.371284	2.174806	5.020217	5.446748	5.343493	4.543377	5.121263
5.830968	5.326357	5.090619	4.024375	5.889506	6.66271	5.182541	7.157286	6.029111	5.796007
7.029311	3.963272	6.485475	5.174305	5.978527	4.965858	4.261088	5.139025	4.497694	5.740487
4.987163	3.857103	4.990722	5.675601	5.061713	4.285307	3.591847	3.063613	4.66659	4.006448
6.489416	4.606318	4.633265	5.610809	6.591946	6.40608	3.667318	5.297826	5.10888	4.408528
4.221953	4.910261	3.787539	5.515749	3.685761	5.156129	4.901906	4.243295	4.927768	4.318887
3.96186	5.057198	4.027617	3.938084	4.799679	4.65061	4.175471	4.18918	6.558472	4.247288
5.468652	6.119501	5.002824	3.393871	3.70875	4.692505	6.20612	4.606183	4.503982	3.589403
3.272371	3.436852	2.441281	5.028049	4.046792	4.765193	6.10426	4.163898	5.80907	3.441744
3.467379	4.597382	5.541626	5.661581	5.083307	5.63548	4.642059	4.791141	4.58181	5.579331
4.78845	4.510534	6.839495	5.8471	4.384407	4.626894	3.703907	5.478271	4.941379	5.813383
5.00459	5.583587	5.379577	3.750495	5.751299	5.279712	6.079047	6.070407	3.025945	6.613428
4.565762	5.287635	4.093184	4.504676	3.92445	2.702053	4.895333	3.986011	6.16936	7.394324
5.930799	5.168418	4.412994	6.787027	6.268414	5.268292	5.056576	2.947907	3.513939	6.47233
4.332751	5.667884	4.49743	5.113558	5.84719	4.458622	2.989554	4.185175	5.540293	6.099832
5.110573	7.944882	5.610619	5.893532	5.826015	4.479673	4.799496	5.971349	4.582066	4.559563
4.655183	5.250608	4.049214	4.849096	3.813347	4.815746	4.572347	5.294549	7.073368	5.032164
6.314442	4.989172	3.691191	4.317871	5.715542	6.920267	6.403668	3.616459	4.297393	5.581659
3.179249	4.718474	4.373854	7.040069	5.654734	5.73238	5.196305	4.406261	3.971168	4.613098
4.329005	3.880746	5.933422	4.978297	6.821947	4.145352	4.698182	5.084519	5.800352	4.025341
3.277354	5.737536	4.632806	4.978732	5.827944	6.959661	5.879738	2.522838	5.974788	3.563396
5.043853	4.723853	6.220245	5.764739	3.256627	5.381744	4.173335	5.25233	5.756468	3.740014
6.664603	4.76421	3.867588	6.191224	6.92764	7.014436	3.410277	5.286967	5.574736	5.263477
4.250651	6.062987	7.19977	4.639275	3.463967	5.706088	5.160964	8.454156	5.820888	4.087277
5.90072	3.656638	4.83761	5.065085	5.542876	5.57504	4.149766	4.035192	4.931206	5.316648
4.698276	3.09862	6.320451	4.364255	5.635112	6.141648	2.900471	4.982161	3.488989	5.338336
4.132218	5.867802	5.832957	4.953773	4.523398	4.553594	3.329959	5.315433	6.31911	4.374561
5.989656	4.753428	5.248776	6.362679	5.712851	3.735961	4.454047	4.853417	5.34447	5.833388
5.283108	4.783886	5.773609	5.40749	6.252335	4.313149	5.27467	6.29195	4.825996	2.095513
4.121678	5.84172	5.127042	5.350069	4.658221	6.088318	5.393921	4.596266	2.525823	3.062654
6.362753	4.087123	3.883318	6.21712	5.175781	3.303379	5.189576	4.20845	3.027128	5.574993
5.73218	6.449656	5.343243	6.737422	4.789135	5.31084	4.450275	3.362831	4.149437	5.480335
3.445464	5.034206	5.484521	3.151122	5.226688	4.472127	4.443199	5.68605	6.643183	4.896051
6.667675	5.790958	1.742918	4.783532	3.381306	4.390893	4.589442	4.525786	6.268653	5.956848
4.673896	3.948819	5.43587	6.518978	3.327211	6.309416	4.384621	7.032349	5.050807	4.90192
6.149401	4.389286	4.255538	5.274823	4.685811	5.003653	2.905345	4.571674	5.840622	7.375341
4.356551	4.978622	6.077686	5.954297	6.431273	5.690779	6.024911	4.098208	2.898308	3.989062
6.190282	4.09338	6.437922	5.641179	6.478103	2.573169	3.829062	4.293637	5.704385	4.801512
5.930114	4.43539	6.267468	3.69697	4.323207	5.749094	4.553489	5.005218	5.243989	4.619174
5.36016	6.342783	5.364796	2.926195	6.231812	5.237645	6.213492	4.845965	6.209847	4.938766
7.218148	3.687075	5.746077	4.045298	3.744098	7.058174	7.71033	5.094062	5.645042	3.510035
6.104281	4.102405	4.840607	4.312714	2.872809	5.823855	5.776793	6.25022	2.987317	5.959157
5.426749	3.893062	5.196569	5.791274	4.643514	4.633094	4.693204	5.207249	6.758576	4.409175
5.38801	6.203289	5.129492	7.041162	4.946668	5.059085	5.276061	5.303393	5.801092	4.158837
6.809224	5.366245	5.964364	3.76701	5.667347	4.718461	5.500101	6.338855	2.518586	6.287116
5.462636	5.011917	5.039225	4.60107	5.780911	5.474223	6.52024	6.387332	4.535891	5.357791
4.659001	5.564957	4.97962	6.016796	5.776588	5.268994	5.078259	3.64743	2.517521	6.523942
5.408991	3.932667	4.617597	5.856849	4.690592	5.531975	6.172535	3.674232	7.023183	3.889699
4.843575	5.235867	6.789766	3.433963	4.323318	3.90983	5.247048	3.665165	5.656732	5.879179
3.916763	3.924119	4.368389	4.349741	3.524678	4.711066	6.424538	3.755819	3.930228	4.564329
4.205316	2.49422	5.509406	5.371892	6.061458	4.770383	6.502984	5.152975	6.533886	6.052102
5.204594	4.961039	4.854034	4.353559	4.67357	4.279082	5.00454	6.329787	5.679128	5.694544
3.188675	6.623812	5.919479	6.199323	6.405831	4.952911	6.290909	5.388363	5.463553	3.658548
5.791884	6.63704	4.280324	4.973409	5.477874	4.008662	3.998995	5.853383	5.28638	6.083928
4.641697	6.218397	4.638749	5.219692	6.137927	3.011692	4.755023	4.820531	4.386523	4.361195
6.323035	3.584111	5.01625	5.008261	4.520274	5.001028	6.995266	5.100583	3.382342	4.644922
4.975551	5.296522	3.886984	4.42669	5.040409	4.238537	5.478538	6.146791	4.702044	5.439487
6.357256	5.563188	3.725506	5.530606	4.086267	4.673134	3.767238	5.417187	4.133398	5.208872
4.041462	5.116772	5.831499	3.435734	4.384992	4.884688	6.439283	5.632651	3.397799	5.298261
4.655621	6.032048	4.535326	5.092781	4.678125	5.669486	6.342147	4.667094	5.086617	4.050148
4.479543	5.892883	5.726451	2.893895	5.456676	6.437328	3.463004	3.828524	4.448249	4.841457
5.039638	3.941891	4.169783	2.970363	4.809326	2.554705	5.041471	7.265141	4.526177	4.039814
6.031096	5.200382	6.83018	3.378569	3.14024	6.111642	3.191414	5.216971	4.661605	3.785945
4.935004	5.031654	5.383946	4.757563	5.221944	7.208428	6.056493	4.296876	5.841177	6.561618
5.863546	3.712226	5.836316	6.105931	6.209137	4.385361	6.30833	4.40782	5.092996	5.404106
3.82908	5.463508	7.206866	4.90999	5.599864	6.513294	2.963676	4.768127	4.023122	5.633329
6.057123	5.086563	4.921547	5.927728	5.403432	4.588199	3.405769	4.33516	5.040778	4.912228
4.729779	5.238991	5.39005	5.039049	7.705147	4.694145	5.18621	6.243404	5.655352	6.620405
4.746506	5.481899	6.097539	4.50811	5.134885	2.608669	3.409187	3.751267	3.775486	6.261881
6.982758	2.670072	5.708758	5.717919	5.037393	5.688311	4.911202	6.179581	2.617416	5.445189
4.910097	5.953394	4.13658	4.55019	6.004735	6.331578	4.556981	6.874084	6.450503	4.352202
3.917898	5.82051	5.175079	6.498143	5.397379	5.327934	5.960918	6.074196	3.11154	3.967383
5.765788	5.592607	4.612626	7.345575	4.984308	4.58917	4.626584	6.379565	4.694012	4.384425
6.206739	5.333603	4.797798	4.804726	5.517532	4.601291	4.104194	4.082634	5.008016	6.059442
4.175706	5.025828	5.648711	4.326179	7.48068	4.994864	5.611849	5.170694	6.927731	5.0103
6.069468	3.297971	4.265059	5.801463	5.811676	3.873225	4.562136	4.465884	5.992883	4.983631
4.890378	5.870098	6.722871	3.192954	3.094731	3.614048	4.974424	4.048806	4.868932	3.950747
6.061787	4.931756	5.554151	4.290672	4.220586	5.132511	4.577897	4.908754	3.311977	6.093125
5.731227	5.902615	5.122138	5.160164	5.232728	4.761892	6.129673	3.790629	4.816482	5.961257
4.56208	4.632607	5.856371	5.799761	4.798667	4.595217	4.802561	3.801586	4.395636	5.178309
5.652756	5.344678	5.027932	5.000894	5.91451	4.630832	4.965844	5.410973	4.918408	4.210313
6.527551	5.830525	4.667953	4.638749	3.826249	6.955337	5.721053	6.243896	4.562186	3.638415
4.522372	3.885914	5.847416	3.691414	5.414292	6.548367	4.217479	4.086619	5.037738	7.065505
3.758561	5.179458	4.297161	7.29665	6.245971	4.427423	3.356994	3.494673	2.165256	3.862211
5.243355	7.303654	4.536712	3.692722	5.662307	4.465618	3.261182	5.925849	6.271531	3.921846
5.966497	6.077312	5.660685	3.202769	6.466557	3.296959	4.182764	5.423782	4.140755	2.69468
6.058793	5.836352	5.265409	5.187817	5.036093	4.70753	7.1224	5.203669	4.955498	4.599915
3.491989	2.958639	4.936032	4.342134	6.117336	4.133445	5.972358	4.383879	5.662519	3.968751
5.49154	4.006329	4.017537	6.99829	5.314928	4.363969	3.245423	6.975067	5.095148	5.012473
4.709865	5.47496	5.06127	4.394108	5.681374	4.476151	3.421918	2.744111	6.433971	6.498439
5.311448	5.846107	3.682134	5.066737	4.908775	3.51256	5.198831	6.450794	5.166409	4.44446
3.399773	6.028902	5.851859	5.396893	3.69455	4.596855	4.629797	5.890152	4.107274	4.830417
4.3114	3.906521	6.18307	3.668933	6.81045	4.309878	5.907147	4.879839	6.53966	5.75854
4.497016	4.831893	7.802778	3.99807	5.827117	5.300951	4.578594	5.173421	5.364964	3.864936
4.851337	4.755145	5.32953	4.877304	4.863338	4.628719	4.890908	4.32697	5.36552	4.832689
5.179798	5.172784	4.012648	5.125097	3.325185	5.439087	4.732013	5.523854	4.890176	3.77291
4.555382	6.962993	5.712826	5.479536	5.269977	5.744648	5.066401	4.40153	5.524142	6.949691
4.685494	5.129852	5.712632	1.483234	2.8569	4.539356	4.672786	4.047645	3.471812	5.095231
5.076789	5.356948	3.798316	3.485005	3.707624	4.252088	6.401376	3.21355	5.674184	3.694085
6.613291	6.948395	7.171647	4.013429	2.872275	5.047512	4.9464	5.694008	4.37569	3.689019
4.745456	4.597699	5.33849	4.098233	5.050508	3.086216	4.497817	4.742892	5.657132	7.215978
4.529767	5.809566	5.595121	4.089536	4.628714	5.606622	5.830192	4.118526	5.565784	6.51464
3.890911	4.56902	6.628119	4.381194	4.399198	5.687869	4.829888	5.198785	3.437741	6.06345
5.72051	4.751712	5.960906	5.355741	5.052834	6.102219	4.582517	5.903622	5.594658	4.984042
5.3468	3.627748	5.998593	6.394228	3.337589	5.996283	4.230793	6.418933	3.909266	3.289588
4.872041	4.675951	5.773439	5.695649	4.742938	4.805135	3.946688	5.488763	4.320689	6.200436
4.497595	5.282338	4.043333	5.042854	6.637808	4.340422	5.680815	4.332459	4.927881	5.212675
6.534733	6.323757	5.537324	3.590748	3.994949	4.48411	5.49292	7.205161	6.861324	3.588928
4.666083	4.168177	5.916054	4.381352	5.981442	4.459221	4.738175	4.145672	5.451519	6.104154
5.526075	3.271106	4.783455	5.997856	4.493899	5.777172	5.12444	4.715651	2.864696	5.05948
5.996552	3.540964	4.905966	5.509748	5.792185	5.496117	4.512713	5.568933	6.534286	5.956996
4.843403	4.364215	2.718773	4.397125	4.929734	5.623223	4.845616	5.271997	5.044867	4.003425
5.996185	4.975133	3.170532	4.130564	3.265392	5.917311	5.044551	5.54283	6.027476	6.871808
5.835297	4.499624	5.487532	6.039406	6.311992	4.546289	5.378088	3.253382	5.499087	6.744622
4.343139	6.33779	5.20574	4.45093	6.133423	3.688241	5.478318	4.187294	6.544055	6.481277
4.849549	4.457907	4.483368	3.230733	3.90496	5.01263	5.597248	4.804976	4.373748	5.206145
3.375237	5.471614	3.624766	6.242013	6.369549	4.461967	7.032619	7.793773	6.353298	4.761864
4.698993	7.33079	5.026449	6.170427	3.060839	4.047629	3.671368	5.669344	3.924489	5.359496
6.937473	6.53073	5.82008	5.811408	4.681807	3.933522	5.19593	3.044792	5.736647	4.916547
5.68106	6.202208	3.715196	3.43204	3.953052	3.602614	3.455386	5.231238	3.230297	6.227283
5.605793	3.443527	4.000456	6.351617	4.823021	4.879556	3.576788	3.815767	6.016338	5.185673
5.001919	6.847099	5.46104	5.514067	4.322346	2.816381	6.470042	6.137358	4.196634	6.893544
5.04501	5.483756	5.193204	3.770535	3.872159	2.595319	4.59632	5.929667	3.015249	6.156663
4.995536	3.482479	6.533121	4.523852	4.136341	4.176185	5.063015	5.352561	7.295768	5.180138
4.841842	3.210764	3.818075	3.372374	5.925834	4.954538	5.232046	3.329485	6.044333	5.33005
4.458248	5.196754	4.041619	3.296133	5.819259	4.743499	7.940897	4.031554	6.941853	5.447333
4.918588	3.825829	5.030637	5.490158	5.265749	3.680529	6.215475	6.150973	5.109184	6.600695
6.184306	5.821634	3.68903	6.257166	4.471194	4.736029	5.378346	4.703237	5.238865	3.626589
6.538081	4.740867	5.865248	3.904626	5.042316	1.988702	4.703327	5.385985	4.561996	4.641429
4.763183	5.302527	5.601463	3.773726	6.608551	4.578785	6.411191	5.202194	4.437933	6.69592
6.783437	3.587292	5.557067	7.33742	6.43026	3.595953	4.967271	6.604878	3.62604	6.71834
4.153845	4.990652	6.375885	5.669774	3.024144	4.41595	6.555473	3.712342	6.098145	4.23313
5.389434	3.873174	4.179822	2.906996	4.008629	5.006069	4.120938	3.336889	6.230603	7.016654
2.747774	4.236147	5.396161	3.944384	4.936306	6.711401	6.506695	4.182666	5.395942	3.484235
3.80467	5.717037	5.574096	6.398287	6.060545	3.396578	4.165982	4.947045	5.61617	4.858906
6.457912	5.653173	4.509854	5.811249	5.124586	6.48492	4.309361	7.003761	7.456633	6.577357
4.811005	5.296949	3.270473	5.235936	3.806756	5.912046	3.312843	3.528334	3.711371	4.852147
5.877746	3.709158	4.561179	6.277787	6.362918	4.523501	7.566975	5.971391	6.417953	5.399658
4.026688	3.986183	4.759048	4.253143	6.116055	4.845414	4.385101	4.358375	5.93318	2.734114
5.399094	4.580277	6.408936	3.401409	5.285527	6.03842	4.325307	5.902057	5.243916	5.435371
4.800566	5.522612	4.984572	5.213693	5.661685	6.043606	4.841891	5.161284	4.69379	5.094786
5.288406	3.747263	4.935141	5.950566	6.013546	5.93816	4.531429	5.065088	5.140509	6.90714
4.623575	4.794243	6.010685	4.907171	3.658641	5.268068	3.924304	6.589775	5.402619	3.41836
5.120039	4.223262	5.904664	4.483116	4.535057	5.226649	3.570399	3.743874	5.148738	5.709045
4.962481	3.315804	5.058878	5.35995	3.592032	5.591319	4.719298	4.691244	4.940854	6.233091
5.113185	5.123505	5.310847	4.853534	6.817732	5.873034	4.504538	4.018376	4.729256	5.959685
5.847487	3.611903	5.538186	4.415481	5.248594	4.549031	3.721115	5.771781	6.352304	4.327343
5.854558	6.119141	6.333185	5.630997	6.279967	4.057999	6.000231	5.238059	4.463851	5.749557
4.858927	3.806606	2.980982	5.766129	5.739256	4.732087	5.961144	4.528977	4.272918	5.054832
