5.220104	5.308072	4.68856	3.821865	3.738315	5.471318	4.023835	6.278137	4.450399	4.71854
4.089104	5.487815	4.560074	4.110586	4.992541	5.014081	3.82727	5.345388	5.612452	5.675355
5.758215	5.893564	3.752782	4.202308	6.161823	4.892834	4.427587	5.508048	4.289774	3.920001
4.307008	5.113576	5.299868	4.558645	6.319317	5.105097	4.976539	6.657246	4.331066	5.426173
5.52605	4.841209	4.781412	4.643462	3.564074	7.092676	3.530668	4.427763	6.659184	3.821977
7.327345	5.37114	6.409051	6.183904	6.416789	4.173366	4.678103	4.665067	3.288348	4.957911
5.823853	4.919308	4.937157	5.068325	4.742246	2.982269	5.77431	5.113871	5.800947	6.503563
5.736166	6.466438	6.811154	6.596459	4.568387	3.651804	4.335654	4.007117	5.807742	5.228972
4.741311	5.680799	5.916974	6.351184	4.621768	5.373229	5.149866	5.261229	4.898406	5.152492
6.363513	6.816429	3.400852	6.811213	5.61805	4.601063	3.449312	4.701722	4.054855	5.3517
4.094563	7.756933	4.727462	5.664105	3.55145	2.888881	3.293569	5.126269	5.490048	5.999275
5.009032	3.551235	4.355959	4.094494	4.990332	4.746141	4.272709	5.33851	6.599403	4.871748
5.305768	5.242531	5.025759	6.53529	2.898579	5.67066	3.19739	5.518366	2.412255	4.477135
4.229376	3.567463	5.640894	3.454732	5.918864	5.511395	7.442983	4.401602	5.519491	5.216544
4.098329	6.6215	4.935678	5.365067	3.549657	6.208449	4.275398	6.749945	5.295167	4.814216
4.616457	2.825991	5.098378	6.237174	5.807167	3.675021	5.44189	5.869912	6.249616	3.018636
5.452637	3.600739	5.198578	6.234891	4.568542	6.749065	4.407479	6.581416	4.913858	6.419504
4.678376	6.328204	4.695708	4.869876	5.421154	4.564216	4.816324	4.311518	5.395294	5.020194
6.096978	6.271954	2.60444	5.832706	3.401716	5.728554	4.000116	5.261546	3.520386	4.788196
4.23793	6.289705	4.177473	6.53875	4.298556	3.625587	6.167518	6.836013	4.181581	4.880779
4.117347	4.909955	5.030115	4.459476	4.911543	4.891829	3.730482	6.08197	5.538026	3.473055
4.424713	6.673208	4.071074	4.10762	4.143789	5.211252	6.005057	5.810463	5.751312	7.03174
5.620549	4.800526	4.395844	4.569913	4.388665	5.549238	4.22537	4.338249	6.270864	6.007028
4.59211	5.816515	6.096934	3.667001	3.64512	5.042634	3.45015	5.568992	3.521969	4.920725
5.059437	3.815727	5.317585	4.430419	5.480212	6.159739	5.300067	4.335313	3.739579	4.871752
5.457632	4.376194	5.12498	2.327194	5.051946	2.788349	4.571962	4.098143	6.583205	4.148614
4.292236	3.136935	6.07828	4.513602	5.326038	4.833028	6.167677	3.9775	5.430138	4.157299
4.081729	4.436088	5.689751	5.338313	5.833846	4.999282	3.46923	5.149809	3.289372	5.900992
3.637669	5.423314	5.399006	4.666859	3.1446	4.533263	5.783713	6.034434	5.424817	3.875128
4.941807	4.105366	5.147293	4.573931	4.213875	5.029401	6.491525	5.652277	6.524862	4.548051
5.533338	4.67531	4.099426	6.695094	4.219498	6.176072	5.907302	3.791502	3.58525	6.680413
4.18357	5.324932	4.14837	3.720585	5.849432	4.766024	5.405997	5.9516	6.742917	4.383374
5.068615	6.039835	6.788567	4.187013	4.921258	4.904382	5.995706	3.820825	3.206641	4.613851
5.31222	3.070266	6.18994	4.980119	5.765504	5.320312	5.823378	5.765715	7.708941	5.769375
4.765079	4.749814	4.435759	6.41464	5.918871	3.488331	4.512014	5.633996	6.008265	3.897234
4.579432	2.953403	5.032355	5.643336	4.316562	5.393685	5.082438	3.754712	4.979331	4.968306
4.640121	5.56468	5.783233	3.590457	4.990051	4.778968	4.284306	2.686186	5.116182	6.43177
4.627153	6.512649	4.427854	3.659315	5.101914	6.217776	6.079259	5.19552	5.647407	6.51207
4.556048	4.492343	4.228803	6.294571	6.567407	6.803025	3.231385	5.137963	3.923056	7.132562
5.113023	4.309525	4.546562	5.8571	4.097004	6.100084	4.335695	4.165232	4.279828	4.923182
4.620903	5.87378	3.435468	4.413362	3.75324	4.627789	5.650716	6.297603	6.565547	5.297388
3.679491	4.954944	4.899059	3.370403	4.745312	6.186586	4.950978	5.540418	3.766484	4.980999
4.392078	6.432522	5.688087	5.242874	4.155009	4.782475	4.564977	3.594089	5.476959	5.596326
2.913349	5.229399	5.638884	5.700976	4.203109	5.471638	4.4854	5.396349	6.609306	6.270252
5.136201	4.911787	5.097164	4.590392	7.159396	5.467589	3.379692	3.641783	4.81344	5.095047
4.581068	5.574872	6.232018	4.794363	3.760274	6.368642	5.052699	2.763912	5.32415	6.2179
5.522707	1.741688	4.776078	5.498133	5.135368	5.633716	5.723849	2.852709	4.196781	6.768326
4.167398	4.933334	5.773115	5.665622	3.51415	5.229185	4.010646	4.570827	4.429495	6.993382
3.385316	2.490831	4.582015	5.472813	5.664398	3.796645	5.283534	5.166823	3.87061	6.286581
4.535408	4.542215	5.159998	3.732005	5.754137	4.963462	6.080208	4.701185	5.14484	4.992059
4.399945	5.262784	5.052127	5.175316	6.311301	6.479468	6.525774	5.6765	4.208327	4.289291
6.078919	3.946918	6.176429	5.420393	5.430445	4.697048	4.253101	5.243212	5.041894	5.411663
3.957798	6.006565	4.966011	3.208619	3.845451	5.090855	4.236985	5.680762	4.494882	6.289625
5.040117	7.231229	5.758565	5.737407	4.916374	4.631458	5.349558	6.227926	5.997315	5.115963
5.391872	3.749915	6.257346	5.694967	6.050953	5.597155	5.583422	4.876123	4.565382	5.572522
4.198541	4.609462	4.226102	4.203973	6.24471	5.970152	6.813639	4.88903	5.36938	4.395479
5.038591	7.133845	6.024002	5.72774	7.362658	4.320074	5.051761	6.100445	4.299122	4.261289
5.471359	5.896395	5.04981	4.755302	5.039842	3.926835	3.877825	4.452708	5.167646	5.224218
5.870312	4.155933	5.158252	4.487397	4.902925	3.806315	6.368699	5.641967	7.306491	6.534448
2.402946	3.926555	3.770045	6.385927	5.191049	4.729552	5.300212	4.205692	3.254262	2.426048
5.373842	2.941372	4.310009	4.742538	4.603985	5.775551	4.040867	4.598654	4.563995	6.135927
3.928702	5.024336	5.919415	3.611927	5.804847	4.734216	2.733039	4.866229	4.863695	4.180956
4.799047	4.377579	6.136744	4.916039	6.063414	7.262177	5.482895	5.343879	3.95025	5.634466
5.247698	4.380026	3.75709	5.845601	5.215441	6.270926	4.546	3.836938	4.408008	5.895699
5.112083	5.478744	4.783381	4.626956	4.214276	5.244678	4.557303	5.282237	6.658122	2.544917
4.874788	7.000568	3.404542	3.207385	5.073922	3.225391	3.994849	4.382452	5.49266	5.94297
5.091022	4.537259	6.245698	4.860625	5.967179	4.287773	5.389952	3.105252	3.981531	4.237901
5.77492	5.393946	4.876592	5.366127	8.166615	5.754932	3.755656	3.360598	6.381364	4.957783
4.349823	5.225983	3.659703	5.103009	4.306931	4.129069	4.243223	5.206288	5.302341	4.633742
6.428781	5.032537	5.30514	5.659266	5.16181	3.818532	5.519547	4.142061	4.857447	4.192158
5.694341	3.903882	5.740787	4.132616	6.068317	3.872632	5.884947	3.879166	3.220971	4.286522
3.422302	4.28404	4.697587	6.15218	4.5354	6.44156	2.760658	5.180643	5.241133	5.267509
4.800796	5.205346	5.788333	4.940573	5.657807	5.614744	5.041553	6.216422	4.040224	5.035806
5.637605	4.840756	4.814599	3.490187	6.067223	4.519111	5.45841	5.593937	4.789668	4.130456
4.802329	2.288484	5.202307	4.355669	4.604359	3.582308	6.730789	4.454001	4.555416	6.76737
2.870133	5.240349	5.319602	5.821422	2.826805	5.654055	4.596689	4.682133	4.975385	6.934616
5.65462	4.402531	3.8026	3.98673	4.702622	4.225613	4.614373	6.533732	4.49414	6.243985
3.796667	2.257864	4.782327	3.340867	8.287401	5.026609	5.077724	3.320524	4.331996	6.215847
5.031775	4.802408	5.572422	5.367024	4.413964	3.953845	7.663727	5.106904	5.696141	4.774174
5.279629	6.149976	5.07328	3.900254	5.474256	5.303952	4.560192	3.876866	4.097935	3.850527
6.774328	5.963253	4.848278	7.217121	3.737516	4.3038	4.570589	6.818428	4.160518	5.297022
7.329346	5.44423	4.457174	5.363744	4.915679	4.344213	5.300274	5.471999	6.651602	2.574751
4.688845	6.053932	5.204493	5.100138	6.110721	5.255014	5.757737	6.893676	5.770632	5.18733
5.366648	4.259056	3.808836	3.606586	4.982296	6.654046	5.111096	3.823362	4.253695	4.735098
5.047676	4.405704	4.399845	5.947161	4.775647	4.156689	3.984409	6.879942	5.305988	3.438993
4.840438	4.278232	5.037519	4.693089	5.728978	4.881657	6.401253	5.111413	2.864017	3.456928
4.974661	3.074029	4.791644	5.210866	5.1586	3.741513	4.731613	4.770703	5.948553	5.526995
4.673136	2.836107	5.777377	5.329499	3.942735	7.616332	4.790516	6.402824	3.601815	6.329444
5.85807	5.232759	5.322371	5.277504	6.207568	5.827466	5.133715	4.583501	5.222934	5.476098
5.59845	4.716829	4.213584	5.026988	4.437378	5.266128	5.007924	5.851825	4.966579	4.685289
5.096093	4.140649	5.783342	6.804838	4.821384	5.289356	5.630792	5.623072	4.840919	4.576941
2.993049	3.920356	4.962732	4.23176	4.908394	4.004257	5.146097	5.620443	6.803104	5.098725
5.415225	4.450949	6.276254	5.538996	5.302412	4.710445	4.636844	4.787812	4.19947	4.491368
5.409213	4.958739	4.534913	4.803761	5.43132	5.048775	5.311414	5.220974	3.656794	4.515648
4.045949	4.483756	3.84616	5.446775	5.419606	5.456702	5.429911	3.95478	3.370378	5.26107
5.574599	5.443505	4.234808	5.375017	2.312672	3.354877	5.680404	4.970009	5.287831	6.533576
4.592655	4.708065	5.079311	6.189957	3.41415	4.239763	3.882356	5.072135	4.618504	3.919731
6.446979	2.565042	6.149024	4.796534	6.282832	5.478008	4.87862	4.151817	4.364223	5.573296
4.933523	5.05745	5.957321	4.924005	5.448949	4.490314	6.381189	6.53045	5.340986	2.926979
3.718229	5.521362	4.174885	3.93973	4.724285	6.174314	4.960961	5.113205	5.825946	6.003776
4.418954	4.696048	3.897144	4.773534	5.162747	5.128825	4.926511	3.134948	5.412755	4.888766
5.383681	6.534896	4.841106	3.583419	5.440057	4.867246	3.207618	5.39635	5.662132	4.015079
5.482419	6.2933	4.322832	4.244561	6.054265	4.564368	5.481711	2.435985	6.270846	6.121284
4.425467	4.368927	5.537039	6.357623	4.841504	5.462738	4.619075	3.852189	6.711695	7.282454
5.282572	4.666807	3.851881	7.138368	7.727031	4.189806	4.630621	3.811646	4.96428	4.226889
6.248659	4.328695	5.151176	3.41276	6.332325	5.254794	5.739455	3.293959	5.435081	4.893803
5.186667	5.25952	4.821225	5.829975	6.294112	5.054472	4.452818	4.584101	3.10641	4.680428
2.637783	5.213317	5.237223	5.213071	4.250074	5.047034	4.996274	7.02439	3.558153	4.991269
4.910259	4.411719	3.408418	5.535822	6.197237	5.008711	4.752104	5.04421	7.091215	5.134444
4.632296	5.611341	5.679324	6.0129	4.273159	4.70988	4.604622	5.838378	3.906212	6.313129
4.755076	3.934233	6.565071	5.024943	4.037912	3.508486	2.245108	4.725943	4.259488	4.558776
4.374919	6.509984	5.407677	4.083199	3.516228	5.835193	4.417196	4.691888	3.989781	6.890159
3.554517	5.645324	7.188644	5.502494	6.139379	4.904341	5.877501	4.856972	5.617096	3.97708
5.510479	6.258227	5.327774	4.396839	6.062536	6.665533	4.640825	4.541971	5.151496	5.757206
5.803023	2.968675	4.735601	5.085853	6.403835	4.182616	3.772679	3.680241	5.804758	6.888177
6.671654	5.834495	5.559875	2.966383	5.090781	4.950033	5.951718	5.867432	3.76103	7.861616
3.278004	5.152354	4.659753	5.774873	6.426018	4.113685	4.189826	4.577608	4.103353	5.119041
3.530328	6.493597	3.828807	6.187205	5.641046	5.275173	3.974294	3.807575	4.032975	6.582674
5.425401	4.550289	6.332498	5.752653	5.589536	4.30282	2.60501	3.962653	5.349103	4.519587
5.215342	3.600504	3.339257	5.728775	4.330374	5.075812	3.966063	3.725168	5.44355	4.402895
5.529216	5.314713	5.332429	5.250927	5.223095	7.270452	5.659155	3.78723	4.375548	5.507181
3.426582	5.945964	4.202559	5.709878	6.006067	5.532722	4.602771	4.8921	4.673397	5.192715
5.673535	2.922067	5.586145	6.340652	5.33597	3.738162	4.206144	5.026318	2.785027	4.532222
4.848381	7.292468	5.533847	4.563889	7.078662	4.009731	5.353061	4.333349	4.78621	3.505776
6.975579	3.78183	3.369525	4.35137	4.364552	4.483332	6.196015	7.447438	4.639817	4.283879
5.959598	6.124991	4.978011	6.216214	5.146516	3.402738	5.384611	4.921095	4.810616	5.985862
4.019845	6.292866	7.203938	5.100349	4.254937	4.93076	5.533224	5.179927	4.818481	4.433182
4.432951	2.589496	4.85147	5.289105	6.226332	6.989497	4.495429	4.296141	4.517478	6.489777
4.168044	3.51942	6.469708	5.942625	5.413958	6.02164	4.873706	4.381358	4.117944	4.925257
3.942387	6.239345	3.574866	5.558975	6.336283	6.141212	5.446447	4.422201	3.791356	5.021962
4.740148	5.0485	6.414283	4.992644	6.303178	5.033457	5.666758	3.0799	5.353233	4.244164
4.314789	7.010231	5.739175	5.689031	3.726096	3.958674	5.757418	7.836394	6.899275	4.462396
5.9284	3.52599	4.117815	6.117154	5.646633	5.111719	5.91952	4.150093	4.246264	4.255542
6.53085	4.470109	5.555813	5.213084	5.859519	4.587155	3.166917	6.081116	1.996222	4.206924
5.006572	3.871338	5.318223	4.448301	5.465671	4.517254	4.758374	3.479864	4.688251	4.761167
5.968665	5.041529	3.954075	3.76853	5.388642	7.0207	4.593363	5.196862	3.234707	3.629259
5.039292	6.533703	4.869716	5.205623	5.374412	5.571569	5.201347	5.605953	5.262235	4.862498
4.286622	2.74715	5.299307	3.78593	2.870445	6.704086	3.361426	5.963029	4.859963	3.718259
5.032	5.185655	3.865603	4.045948	5.607276	3.566769	5.758572	5.073924	5.423873	4.496288
5.045205	5.20955	2.599652	3.924085	5.579593	6.465307	5.805964	3.842014	4.543337	4.475778
6.579028	6.08096	4.530343	6.273882	3.390462	5.400262	6.549489	4.435118	4.319786	4.780548
4.778174	4.042142	5.810598	4.1773	5.912886	4.702907	5.967483	3.508975	5.782651	2.174062
5.619206	4.420754	3.591775	4.308554	5.701895	6.045106	6.197777	4.686835	6.037011	4.65949
4.130873	5.063025	5.971605	3.407213	6.671947	6.811521	4.950322	3.551568	5.176445	6.016999
5.331916	5.75367	4.638162	6.212492	4.755077	3.072046	5.900416	3.536843	4.259586	5.015906
5.230761	4.473251	2.640115	4.491273	5.948524	5.317611	4.879607	5.218259	4.161834	5.196828
4.871238	3.922722	3.380753	5.658931	5.336867	5.434897	5.085054	4.174939	5.553708	3.505135
3.322244	6.022369	4.816079	4.563521	5.690702	4.480755	5.143467	5.842615	6.431298	5.682341
4.173062	2.009272	5.688636	4.966744	6.186893	4.516582	5.673804	2.871924	4.635695	6.610428
5.435748	5.760051	2.620544	5.025563	5.252745	4.690873	5.786151	5.320826	5.014956	5.06218
5.042422	5.322348	4.806468	4.877557	3.013543	3.696854	3.573414	3.624228	4.451162	3.336809
4.016495	5.595881	3.232494	4.600852	3.733871	5.135583	5.004356	4.499373	4.841241	4.433159
3.830731	4.295638	4.872818	4.969682	5.172539	3.38567	5.613317	5.367917	4.540112	5.377939
4.856308	5.403093	5.452954	2.898169	4.614906	5.810383	5.389607	4.69371	6.033777	4.391414
4.785954	4.84991	5.655502	5.590217	6.311757	3.882477	4.868058	4.270992	4.133439	5.789669
4.807675	6.05355	4.326988	3.966368	3.732774	4.978945	3.991736	6.42571	3.419995	5.065967
5.116234	5.609006	6.37653	5.74746	3.577927	5.411294	7.418622	3.89681	4.647509	5.39108
3.411118	4.388942	4.161708	4.680602	5.803852	4.74737	6.312263	5.311261	5.181423	4.843728
7.136657	6.30304	4.34146	3.226353	5.766704	4.2942	6.012086	5.22157	3.707209	4.470173
5.586905	4.936767	5.156044	7.170067	4.798995	3.227498	4.469635	4.057189	2.580466	5.672001
5.211218	5.475723	4.063529	6.614035	4.199811	3.788149	3.113635	3.300812	6.151315	5.259583
5.025829	3.666647	3.448267	4.818414	3.271816	5.208821	4.237155	6.343721	5.103461	4.066124
4.229295	3.768588	3.171211	5.421882	6.00023	4.929142	4.890312	6.30301	5.007266	5.922118
4.667116	5.632629	6.843545	5.517231	6.921899	4.533561	6.525901	4.523638	5.101629	4.057645
5.176262	5.035325	4.839518	6.519843	4.645133	4.499523	2.687452	4.179179	3.659555	5.254786
6.828217	5.528941	4.699339	5.78698	5.443928	5.583917	4.598704	5.769734	4.49083	4.391959
4.635631	4.873238	6.034606	5.82869	4.758204	3.798938	6.510329	4.517253	5.205254	4.254433
5.046912	5.041446	3.365016	4.502229	4.07502	5.561421	3.98537	4.643548	5.723276	6.900483
5.930509	3.594489	3.141078	4.113119	4.453939	5.166068	5.402686	4.353736	4.191172	4.803017
5.699832	6.130431	5.22915	5.3055	6.325836	4.60804	4.546155	5.584058	4.853681	6.290241
5.087317	4.929189	3.682465	4.737326	4.131223	5.015842	3.698808	4.607599	5.494943	4.164516
5.519792	5.234779	4.863029	2.971245	5.582245	4.765678	4.270734	3.972571	3.514775	6.293504
3.477374	5.535649	5.299699	5.840773	4.515779	3.575517	5.28239	5.722798	5.874968	5.333158
6.61779	5.131042	3.34647	4.831825	6.301565	4.525019	3.705099	5.900079	5.425805	4.871128
5.343179	6.554537	4.701429	2.678337	3.129645	6.491882	4.211721	4.594784	4.721938	4.706175
5.331945	4.73316	5.519681	5.32949	4.770783	4.002111	6.045555	3.276521	3.585489	4.272831
6.689504	4.239333	4.628959	4.856138	5.360909	4.294715	7.171652	4.669857	3.253822	5.370031
4.397461	3.753391	3.195343	3.35977	4.807042	4.959124	3.381069	2.925832	4.508742	4.298559
5.28599	6.098126	4.493525	5.573101	4.35865	6.035514	4.423321	5.277154	4.529966	6.048759
5.497872	6.167216	5.004448	5.481587	3.615525	4.637568	6.401233	2.630436	5.853663	2.835601
5.818952	4.455801	4.085579	6.414962	4.656096	5.07153	5.533864	4.422431	5.984135	4.70435
5.054482	5.778808	5.4307	4.093758	4.374385	6.000417	6.207353	4.411277	5.883872	3.885035
2.867956	3.836343	5.644471	5.410545	4.942827	6.450589	4.109916	5.199107	4.151971	4.567713
5.244015	5.522519	5.460776	6.412493	3.723212	5.777189	3.772199	3.85699	6.708941	6.138609
6.552175	7.534503	4.049498	4.171155	6.880588	4.295201	6.027428	3.096289	5.350956	4.795218
6.840475	5.173337	3.200009	4.402618	5.949607	6.612808	6.515365	3.77789	2.586856	6.412055
5.742969	1.922298	5.022062	4.60212	5.884355	5.445278	5.451447	6.206003	3.756927	5.251665
6.474367	5.585157	5.80698	5.378033	3.712867	6.226022	5.487951	5.709805	5.761176	5.979893
4.56931	4.709477	4.894821	4.478172	4.532263	4.868278	5.650239	5.952483	3.704332	5.630584
5.417739	4.736852	4.017379	4.631651	4.992705	5.103769	5.501392	5.237101	4.728632	4.95328
5.193938	4.688588	5.952693	5.324393	4.156701	4.102134	5.516106	4.75474	4.549627	5.780647
5.0002	5.799793	2.221828	5.634393	5.855053	5.458206	3.226841	7.178839	6.217408	4.723423
3.45052	3.422176	5.317117	4.319822	5.689377	4.063912	4.810339	4.990023	5.529683	5.053098
5.021532	6.230245	5.780934	5.924218	5.040264	4.591017	3.918005	4.801495	6.84039	5.874753
5.182396	3.158228	6.087794	4.810065	4.235957	5.386631	5.21879	5.557406	6.132916	7.419269
5.324409	5.641644	4.507723	3.981423	3.109387	6.879147	4.935184	5.526603	5.354661	5.240714
4.540881	5.408013	5.530736	5.050018	3.804981	2.390773	5.907484	4.162999	6.355895	4.673116
7.779289	4.940026	5.754953	6.252645	6.326325	5.402007	6.333104	4.758993	5.455217	3.954409
3.548565	5.171381	3.479038	4.814878	4.319373	6.097511	4.397288	5.61109	4.434008	6.251553
5.317034	5.663074	5.017425	4.155321	4.88326	4.782685	3.518645	4.965094	5.308854	4.809147
