18.000000	11.000000	17.000000	8.000000	13.000000
3.000000	17.000000	10.000000	7.000000	3.000000
9.565474	9.093253	8.899636	8.892827	8.000000
9.690224	10.606002	10.362936	9.881657	8.000000
12.000000	6.000000	13.000000	14.000000	9.000000
18.000000	3.000000	2.000000	10.000000	10.000000
4.000000	8.000000	12.000000	1.000000	7.000000
10.222926	10.718423	10.746022	10.833898	1.000000
10.091330	9.045615	9.208081	9.038003	5.000000
13.000000	8.000000	10.000000	12.000000	15.000000
10.352844	10.357609	11.266452	10.872089	16.000000
8.000000	10.000000	11.000000	9.000000	12.000000
12.000000	5.000000	11.000000	16.000000	5.000000
17.000000	12.000000	19.000000	12.000000	9.000000
12.000000	20.000000	2.000000	17.000000	2.000000
9.025074	8.516026	9.393335	8.835443	12.000000
4.000000	15.000000	14.000000	15.000000	7.000000
1.000000	2.000000	16.000000	11.000000	2.000000
19.000000	3.000000	6.000000	9.000000	10.000000
10.000000	18.000000	1.000000	1.000000	9.000000
1.000000	12.000000	20.000000	2.000000	20.000000
9.939686	9.599715	9.798710	10.175553	5.000000
11.000000	18.000000	19.000000	4.000000	12.000000
8.709677	9.224037	9.009704	9.305619	7.000000
6.000000	11.000000	1.000000	4.000000	19.000000
10.000000	5.000000	16.000000	10.000000	5.000000
16.000000	2.000000	8.000000	8.000000	3.000000
7.000000	9.000000	13.000000	6.000000	3.000000
9.086442	9.090981	9.515860	9.292573	11.000000
15.000000	11.000000	15.000000	19.000000	2.000000
13.000000	16.000000	12.000000	13.000000	19.000000
3.000000	2.000000	16.000000	10.000000	3.000000
20.000000	6.000000	4.000000	8.000000	5.000000
18.000000	14.000000	5.000000	10.000000	12.000000
7.000000	6.000000	19.000000	10.000000	12.000000
10.000000	4.000000	14.000000	16.000000	14.000000
7.000000	8.000000	9.000000	11.000000	20.000000
10.312506	9.446983	9.986502	9.977857	14.000000
15.000000	6.000000	11.000000	10.000000	5.000000
15.000000	7.000000	19.000000	19.000000	16.000000
2.000000	17.000000	13.000000	20.000000	6.000000
9.539621	8.252402	9.039704	8.688632	16.000000
14.000000	7.000000	15.000000	15.000000	9.000000
14.000000	6.000000	1.000000	18.000000	12.000000
7.000000	12.000000	17.000000	17.000000	1.000000
2.000000	12.000000	19.000000	12.000000	2.000000
6.000000	5.000000	19.000000	10.000000	4.000000
4.000000	5.000000	5.000000	5.000000	17.000000
20.000000	18.000000	16.000000	15.000000	4.000000
4.000000	20.000000	9.000000	17.000000	18.000000
20.000000	3.000000	1.000000	9.000000	11.000000
14.000000	2.000000	2.000000	12.000000	13.000000
9.040374	9.576123	10.382059	9.500726	7.000000
9.476713	9.725216	9.764368	9.588780	13.000000
20.000000	8.000000	3.000000	7.000000	14.000000
6.000000	11.000000	13.000000	15.000000	7.000000
2.000000	6.000000	1.000000	3.000000	14.000000
11.000000	16.000000	15.000000	5.000000	19.000000
7.000000	20.000000	16.000000	15.000000	13.000000
15.000000	7.000000	1.000000	18.000000	14.000000
6.000000	9.000000	1.000000	20.000000	16.000000
14.000000	5.000000	18.000000	19.000000	11.000000
4.000000	20.000000	17.000000	4.000000	14.000000
10.000000	6.000000	1.000000	5.000000	10.000000
20.000000	3.000000	9.000000	7.000000	10.000000
13.000000	1.000000	8.000000	6.000000	10.000000
9.180710	9.522453	9.221133	9.311373	10.000000
18.000000	19.000000	6.000000	15.000000	17.000000
10.880152	11.406871	10.556435	10.524184	5.000000
9.427045	9.887532	9.647323	9.584394	18.000000
20.000000	6.000000	13.000000	20.000000	4.000000
2.000000	13.000000	5.000000	9.000000	18.000000
6.000000	1.000000	20.000000	16.000000	6.000000
1.000000	13.000000	5.000000	6.000000	19.000000
13.000000	2.000000	8.000000	13.000000	6.000000
12.000000	7.000000	20.000000	14.000000	13.000000
17.000000	13.000000	10.000000	9.000000	12.000000
9.589783	9.687437	9.444776	9.844480	10.000000
5.000000	7.000000	3.000000	4.000000	14.000000
8.000000	4.000000	19.000000	4.000000	2.000000
9.335686	10.018089	9.774470	10.464258	1.000000
9.454694	8.688744	8.909126	9.566459	1.000000
11.000000	8.000000	5.000000	12.000000	9.000000
9.000000	17.000000	10.000000	4.000000	17.000000
12.000000	9.000000	15.000000	14.000000	4.000000
9.000000	13.000000	20.000000	7.000000	17.000000
9.816434	11.382638	10.729868	10.565494	19.000000
5.000000	15.000000	19.000000	4.000000	14.000000
19.000000	6.000000	14.000000	4.000000	18.000000
9.437606	10.028622	9.495932	9.315429	7.000000
14.000000	2.000000	7.000000	9.000000	7.000000
3.000000	9.000000	12.000000	2.000000	15.000000
8.000000	2.000000	9.000000	4.000000	16.000000
20.000000	8.000000	11.000000	18.000000	11.000000
10.956204	10.233505	10.889852	11.242245	3.000000
6.000000	2.000000	6.000000	3.000000	13.000000
5.000000	16.000000	6.000000	3.000000	16.000000
5.000000	5.000000	4.000000	16.000000	6.000000
10.000000	15.000000	7.000000	11.000000	18.000000
10.813578	10.703845	11.219466	11.056476	19.000000
8.000000	4.000000	6.000000	16.000000	5.000000
1.000000	13.000000	6.000000	6.000000	7.000000
18.000000	2.000000	14.000000	16.000000	5.000000
10.000000	20.000000	9.000000	5.000000	15.000000
7.000000	7.000000	1.000000	5.000000	17.000000
18.000000	19.000000	6.000000	14.000000	7.000000
8.651439	9.873092	10.048080	9.642746	20.000000
15.000000	13.000000	4.000000	20.000000	19.000000
9.666054	9.972267	10.119226	10.556277	17.000000
9.452188	10.814839	10.413729	10.424372	1.000000
10.557528	9.602377	9.597461	9.777912	19.000000
3.000000	11.000000	10.000000	20.000000	4.000000
16.000000	15.000000	17.000000	18.000000	8.000000
16.000000	12.000000	20.000000	20.000000	4.000000
10.000000	1.000000	5.000000	2.000000	16.000000
13.000000	9.000000	12.000000	8.000000	17.000000
13.000000	1.000000	11.000000	19.000000	14.000000
10.000000	14.000000	4.000000	19.000000	5.000000
7.000000	14.000000	20.000000	15.000000	4.000000
19.000000	3.000000	7.000000	10.000000	14.000000
10.980748	10.145475	9.730722	9.988247	5.000000
2.000000	18.000000	13.000000	13.000000	17.000000
10.508855	9.572371	9.446239	9.946044	16.000000
2.000000	1.000000	1.000000	5.000000	19.000000
5.000000	4.000000	5.000000	16.000000	10.000000
8.000000	14.000000	12.000000	14.000000	16.000000
17.000000	16.000000	7.000000	3.000000	13.000000
3.000000	4.000000	3.000000	7.000000	16.000000
11.000000	8.000000	13.000000	20.000000	20.000000
20.000000	13.000000	20.000000	20.000000	10.000000
8.644820	9.502938	9.442671	9.009035	20.000000
14.000000	14.000000	5.000000	18.000000	19.000000
12.000000	14.000000	6.000000	10.000000	16.000000
9.626022	9.344809	8.709833	9.184596	19.000000
7.000000	3.000000	6.000000	19.000000	14.000000
5.000000	18.000000	7.000000	17.000000	9.000000
16.000000	7.000000	12.000000	12.000000	13.000000
9.796897	9.818831	9.618221	10.084488	2.000000
16.000000	11.000000	8.000000	2.000000	13.000000
3.000000	12.000000	4.000000	14.000000	4.000000
2.000000	20.000000	18.000000	20.000000	10.000000
12.000000	4.000000	19.000000	10.000000	20.000000
8.283984	9.334793	8.338722	9.117353	8.000000
10.000000	13.000000	4.000000	7.000000	4.000000
18.000000	3.000000	6.000000	5.000000	16.000000
18.000000	19.000000	19.000000	2.000000	12.000000
2.000000	15.000000	3.000000	11.000000	14.000000
8.699741	8.567273	8.390086	8.696811	3.000000
1.000000	8.000000	11.000000	19.000000	18.000000
18.000000	20.000000	2.000000	14.000000	7.000000
8.352284	7.879471	7.895285	8.796793	15.000000
8.000000	20.000000	13.000000	6.000000	13.000000
17.000000	19.000000	7.000000	11.000000	1.000000
1.000000	15.000000	15.000000	2.000000	8.000000
9.000000	2.000000	16.000000	20.000000	12.000000
5.000000	9.000000	12.000000	18.000000	2.000000
10.312757	9.856799	10.919126	10.712930	3.000000
18.000000	9.000000	14.000000	3.000000	6.000000
6.000000	19.000000	4.000000	13.000000	1.000000
9.953756	10.544433	10.298055	9.881821	18.000000
9.238213	8.457544	8.910146	8.560402	10.000000
8.037448	7.224115	7.178184	7.353050	3.000000
4.000000	3.000000	16.000000	7.000000	4.000000
10.000000	17.000000	12.000000	4.000000	19.000000
17.000000	1.000000	9.000000	12.000000	5.000000
1.000000	7.000000	1.000000	8.000000	9.000000
18.000000	2.000000	19.000000	17.000000	11.000000
9.231215	10.328129	10.328123	9.486028	12.000000
9.098097	9.305965	9.040787	9.104417	3.000000
17.000000	6.000000	11.000000	8.000000	1.000000
8.382469	9.523722	9.100908	8.766657	19.000000
18.000000	9.000000	17.000000	19.000000	16.000000
17.000000	16.000000	9.000000	15.000000	4.000000
19.000000	6.000000	2.000000	18.000000	7.000000
13.000000	19.000000	2.000000	6.000000	15.000000
4.000000	2.000000	13.000000	14.000000	1.000000
10.968941	10.225472	10.074326	10.592732	14.000000
18.000000	16.000000	15.000000	7.000000	14.000000
2.000000	3.000000	1.000000	11.000000	10.000000
5.000000	1.000000	15.000000	6.000000	19.000000
1.000000	19.000000	17.000000	3.000000	16.000000
4.000000	18.000000	18.000000	16.000000	4.000000
10.000000	20.000000	9.000000	10.000000	18.000000
9.057854	9.208269	9.498175	9.754774	13.000000
18.000000	10.000000	16.000000	18.000000	20.000000
10.192762	10.820541	10.957355	10.600142	20.000000
19.000000	12.000000	18.000000	7.000000	6.000000
9.605808	10.176956	10.385426	9.587479	5.000000
8.965932	9.087524	9.997107	9.258358	13.000000
14.000000	9.000000	11.000000	18.000000	17.000000
4.000000	15.000000	6.000000	11.000000	12.000000
10.370664	9.923269	9.735741	9.618172	17.000000
5.000000	8.000000	20.000000	14.000000	6.000000
9.067989	10.002645	9.128311	9.086444	12.000000
12.000000	17.000000	7.000000	20.000000	15.000000
8.894931	9.471086	9.226010	9.054535	2.000000
3.000000	4.000000	8.000000	1.000000	14.000000
9.429543	9.888674	10.304397	9.775035	7.000000
9.000000	1.000000	6.000000	20.000000	6.000000
11.000000	5.000000	3.000000	18.000000	16.000000
6.000000	2.000000	4.000000	12.000000	13.000000
11.000000	2.000000	18.000000	5.000000	3.000000
19.000000	8.000000	6.000000	7.000000	8.000000
12.000000	18.000000	5.000000	15.000000	6.000000
3.000000	15.000000	18.000000	8.000000	15.000000
3.000000	10.000000	11.000000	17.000000	20.000000
6.000000	3.000000	1.000000	1.000000	6.000000
13.000000	11.000000	20.000000	2.000000	16.000000
9.582411	8.901828	9.165979	8.907322	19.000000
14.000000	10.000000	16.000000	10.000000	17.000000
13.000000	12.000000	11.000000	10.000000	19.000000
5.000000	12.000000	20.000000	15.000000	20.000000
19.000000	12.000000	2.000000	11.000000	5.000000
20.000000	4.000000	15.000000	19.000000	5.000000
2.000000	12.000000	17.000000	8.000000	10.000000
9.037153	9.245236	9.135927	8.806466	10.000000
8.000000	14.000000	1.000000	18.000000	15.000000
11.000000	3.000000	6.000000	11.000000	9.000000
6.000000	1.000000	13.000000	19.000000	12.000000
9.543445	9.541525	9.779454	9.119948	20.000000
3.000000	17.000000	11.000000	20.000000	4.000000
1.000000	6.000000	5.000000	4.000000	20.000000
14.000000	11.000000	5.000000	7.000000	8.000000
20.000000	9.000000	2.000000	17.000000	19.000000
3.000000	14.000000	12.000000	15.000000	5.000000
9.323593	10.331980	10.555573	9.977725	5.000000
6.000000	11.000000	1.000000	16.000000	2.000000
17.000000	8.000000	8.000000	1.000000	11.000000
19.000000	6.000000	13.000000	3.000000	4.000000
9.423817	10.371164	9.125503	9.769716	11.000000
3.000000	8.000000	16.000000	14.000000	14.000000
20.000000	8.000000	16.000000	6.000000	16.000000
13.000000	11.000000	7.000000	5.000000	18.000000
20.000000	1.000000	18.000000	7.000000	13.000000
8.000000	17.000000	11.000000	1.000000	20.000000
14.000000	13.000000	5.000000	18.000000	18.000000
15.000000	13.000000	18.000000	3.000000	18.000000
11.000000	2.000000	6.000000	19.000000	19.000000
10.212494	9.719680	9.586655	9.869699	7.000000
9.495471	10.054958	9.819214	10.078346	17.000000
12.000000	15.000000	14.000000	2.000000	7.000000
8.628166	8.762392	8.671586	8.754918	17.000000
1.000000	16.000000	9.000000	18.000000	18.000000
7.000000	20.000000	11.000000	12.000000	10.000000
10.000000	4.000000	12.000000	10.000000	3.000000
10.653122	9.888680	9.931480	9.758741	7.000000
9.000000	9.000000	14.000000	2.000000	3.000000
20.000000	18.000000	10.000000	11.000000	7.000000
6.000000	3.000000	2.000000	7.000000	12.000000
19.000000	13.000000	11.000000	9.000000	16.000000
13.000000	10.000000	19.000000	4.000000	12.000000
1.000000	14.000000	11.000000	13.000000	11.000000
18.000000	14.000000	12.000000	11.000000	7.000000
14.000000	2.000000	5.000000	15.000000	4.000000
11.000000	12.000000	6.000000	4.000000	18.000000
8.058745	8.646413	8.756314	8.038911	14.000000
9.000000	12.000000	4.000000	8.000000	15.000000
15.000000	20.000000	9.000000	17.000000	5.000000
11.000000	6.000000	18.000000	2.000000	8.000000
4.000000	7.000000	10.000000	8.000000	13.000000
13.000000	10.000000	17.000000	11.000000	5.000000
6.000000	7.000000	10.000000	8.000000	18.000000
4.000000	8.000000	9.000000	19.000000	15.000000
16.000000	5.000000	15.000000	4.000000	1.000000
19.000000	6.000000	7.000000	8.000000	20.000000
14.000000	11.000000	18.000000	15.000000	11.000000
9.220014	9.662534	9.734049	9.514873	10.000000
17.000000	12.000000	16.000000	18.000000	11.000000
8.432707	9.082254	8.291447	8.366432	19.000000
5.000000	9.000000	15.000000	11.000000	4.000000
7.888833	8.171065	8.199154	8.177845	8.000000
9.000000	7.000000	19.000000	18.000000	14.000000
1.000000	8.000000	1.000000	12.000000	6.000000
2.000000	20.000000	10.000000	17.000000	18.000000
20.000000	2.000000	10.000000	10.000000	8.000000
1.000000	15.000000	16.000000	15.000000	5.000000
20.000000	10.000000	6.000000	1.000000	3.000000
13.000000	1.000000	2.000000	3.000000	18.000000
7.641774	9.010871	8.368549	8.215631	7.000000
3.000000	20.000000	18.000000	12.000000	16.000000
15.000000	4.000000	10.000000	5.000000	5.000000
17.000000	5.000000	11.000000	4.000000	11.000000
16.000000	15.000000	1.000000	13.000000	15.000000
15.000000	17.000000	7.000000	8.000000	12.000000
5.000000	14.000000	14.000000	2.000000	12.000000
9.938164	10.133220	10.664301	10.592395	8.000000
9.637454	8.950689	9.316369	9.547013	20.000000
8.831965	9.508953	9.034148	8.648028	11.000000
7.000000	5.000000	6.000000	19.000000	9.000000
12.000000	13.000000	5.000000	19.000000	13.000000
16.000000	3.000000	6.000000	2.000000	16.000000
10.000000	13.000000	11.000000	20.000000	2.000000
10.000000	10.000000	18.000000	4.000000	9.000000
9.000000	11.000000	16.000000	5.000000	20.000000
7.000000	3.000000	4.000000	4.000000	1.000000
4.000000	7.000000	5.000000	8.000000	5.000000
9.896623	9.522943	10.325394	9.931231	9.000000
14.000000	4.000000	1.000000	17.000000	15.000000
15.000000	18.000000	5.000000	4.000000	2.000000
13.000000	12.000000	4.000000	1.000000	8.000000
3.000000	19.000000	10.000000	18.000000	2.000000
10.000000	1.000000	8.000000	15.000000	20.000000
5.000000	3.000000	15.000000	3.000000	17.000000
3.000000	9.000000	12.000000	16.000000	17.000000
7.000000	2.000000	6.000000	3.000000	5.000000
7.000000	15.000000	16.000000	10.000000	7.000000
16.000000	4.000000	5.000000	5.000000	1.000000
18.000000	7.000000	13.000000	18.000000	13.000000
13.000000	2.000000	15.000000	19.000000	16.000000
10.027170	8.806289	9.528805	9.806312	9.000000
12.000000	13.000000	2.000000	18.000000	15.000000
8.808964	8.578010	8.942504	8.342580	18.000000
20.000000	8.000000	1.000000	5.000000	5.000000
14.000000	2.000000	11.000000	6.000000	19.000000
9.259665	8.812382	9.182513	9.056066	9.000000
8.000000	12.000000	2.000000	3.000000	7.000000
2.000000	7.000000	11.000000	3.000000	16.000000
9.340548	9.602384	9.667357	9.048354	12.000000
20.000000	10.000000	20.000000	13.000000	6.000000
4.000000	6.000000	8.000000	14.000000	3.000000
18.000000	8.000000	13.000000	10.000000	4.000000
13.000000	17.000000	16.000000	14.000000	11.000000
14.000000	15.000000	17.000000	16.000000	17.000000
12.000000	5.000000	16.000000	15.000000	15.000000
7.000000	14.000000	17.000000	18.000000	6.000000
2.000000	13.000000	3.000000	9.000000	18.000000
18.000000	7.000000	5.000000	2.000000	8.000000
1.000000	14.000000	4.000000	8.000000	7.000000
14.000000	1.000000	13.000000	3.000000	8.000000
9.729572	10.102985	10.033079	9.681217	20.000000
19.000000	2.000000	6.000000	15.000000	12.000000
11.000000	9.000000	4.000000	6.000000	17.000000
2.000000	3.000000	15.000000	6.000000	4.000000
8.703800	8.894045	8.962133	8.882971	5.000000
15.000000	3.000000	17.000000	7.000000	5.000000
8.629585	9.135502	8.922820	8.974072	2.000000
2.000000	7.000000	15.000000	7.000000	14.000000
6.000000	9.000000	2.000000	10.000000	6.000000
10.000000	3.000000	8.000000	17.000000	20.000000
3.000000	10.000000	18.000000	11.000000	7.000000
2.000000	5.000000	1.000000	19.000000	3.000000
10.310658	10.835524	10.475353	10.457628	11.000000
2.000000	19.000000	9.000000	17.000000	5.000000
2.000000	14.000000	6.000000	15.000000	3.000000
11.000000	5.000000	17.000000	11.000000	1.000000
17.000000	5.000000	10.000000	14.000000	16.000000
8.000000	15.000000	20.000000	8.000000	13.000000
8.784232	8.887485	9.089891	9.312306	10.000000
9.000000	17.000000	8.000000	18.000000	13.000000
5.000000	11.000000	18.000000	2.000000	6.000000
13.000000	4.000000	10.000000	9.000000	6.000000
2.000000	5.000000	11.000000	11.000000	18.000000
9.171587	10.089201	10.458715	10.279412	18.000000
9.678535	10.210770	10.323475	10.057785	6.000000
11.000000	4.000000	2.000000	10.000000	13.000000
9.011202	10.221877	9.071368	8.646894	19.000000
1.000000	7.000000	3.000000	10.000000	16.000000
8.000000	3.000000	20.000000	10.000000	5.000000
10.000000	15.000000	3.000000	14.000000	4.000000
13.000000	2.000000	14.000000	14.000000	17.000000
11.000000	4.000000	1.000000	4.000000	5.000000
9.508231	9.004093	8.876899	9.419614	4.000000
1.000000	8.000000	10.000000	3.000000	9.000000
17.000000	3.000000	11.000000	17.000000	12.000000
16.000000	18.000000	19.000000	10.000000	11.000000
9.303374	8.764374	8.860278	8.965608	15.000000
9.000000	18.000000	10.000000	1.000000	1.000000
15.000000	13.000000	2.000000	17.000000	1.000000
9.313245	9.349400	9.012165	9.369144	12.000000
17.000000	7.000000	6.000000	19.000000	3.000000
9.000000	14.000000	12.000000	7.000000	4.000000
2.000000	8.000000	17.000000	5.000000	7.000000
12.000000	13.000000	4.000000	1.000000	13.000000
16.000000	7.000000	18.000000	9.000000	15.000000
18.000000	17.000000	4.000000	17.000000	7.000000
15.000000	5.000000	13.000000	12.000000	4.000000
8.295890	8.970315	8.382668	8.667253	7.000000
9.866882	10.893503	10.256800	10.380610	3.000000
12.000000	12.000000	8.000000	7.000000	12.000000
9.776444	9.542418	9.831280	9.906822	3.000000
5.000000	18.000000	12.000000	8.000000	15.000000
18.000000	14.000000	11.000000	10.000000	5.000000
14.000000	16.000000	5.000000	3.000000	13.000000
3.000000	6.000000	11.000000	8.000000	14.000000
8.154493	8.974035	8.784646	8.042056	18.000000
1.000000	16.000000	4.000000	11.000000	4.000000
19.000000	15.000000	14.000000	10.000000	15.000000
20.000000	7.000000	20.000000	10.000000	16.000000
5.000000	16.000000	3.000000	1.000000	18.000000
15.000000	3.000000	15.000000	17.000000	10.000000
1.000000	1.000000	13.000000	17.000000	5.000000
3.000000	17.000000	20.000000	6.000000	7.000000
10.114432	9.667638	9.715440	10.234992	13.000000
9.781644	9.643279	9.781032	9.952489	9.000000
9.106405	9.034050	9.247328	9.299557	15.000000
5.000000	14.000000	17.000000	19.000000	10.000000
19.000000	19.000000	3.000000	11.000000	16.000000
19.000000	5.000000	4.000000	10.000000	11.000000
11.000000	4.000000	6.000000	16.000000	16.000000
11.000000	15.000000	14.000000	1.000000	5.000000
14.000000	19.000000	20.000000	9.000000	18.000000
8.639863	8.989875	9.430795	9.317051	4.000000
5.000000	1.000000	2.000000	7.000000	3.000000
9.000000	17.000000	8.000000	13.000000	6.000000
10.000000	15.000000	2.000000	15.000000	10.000000
17.000000	17.000000	16.000000	10.000000	18.000000
8.678140	8.764097	9.223160	8.488176	4.000000
17.000000	13.000000	9.000000	20.000000	15.000000
10.392746	10.109127	10.475982	10.561053	15.000000
10.465883	10.659272	10.940210	10.837938	6.000000
9.834405	9.191436	10.295284	9.446235	4.000000
9.000000	6.000000	20.000000	16.000000	8.000000
9.286363	9.967997	10.209307	9.379740	14.000000
18.000000	5.000000	18.000000	6.000000	16.000000
4.000000	9.000000	12.000000	10.000000	14.000000
7.000000	18.000000	7.000000	18.000000	6.000000
4.000000	6.000000	14.000000	3.000000	16.000000
17.000000	3.000000	13.000000	9.000000	18.000000
12.000000	9.000000	12.000000	14.000000	5.000000
17.000000	4.000000	1.000000	6.000000	1.000000
9.143374	9.527531	9.804878	9.498064	18.000000
8.413554	9.354424	8.951352	8.994230	3.000000
13.000000	4.000000	8.000000	18.000000	18.000000
15.000000	15.000000	20.000000	8.000000	15.000000
9.000000	19.000000	3.000000	12.000000	5.000000
19.000000	1.000000	20.000000	19.000000	6.000000
20.000000	7.000000	15.000000	1.000000	14.000000
9.461684	9.295888	9.217526	9.796237	7.000000
13.000000	11.000000	2.000000	20.000000	9.000000
19.000000	7.000000	15.000000	10.000000	6.000000
1.000000	10.000000	4.000000	3.000000	2.000000
20.000000	14.000000	2.000000	11.000000	4.000000
7.000000	11.000000	10.000000	1.000000	3.000000
9.173799	9.832440	9.755055	9.438685	3.000000
16.000000	5.000000	6.000000	10.000000	17.000000
6.000000	8.000000	3.000000	12.000000	10.000000
8.000000	12.000000	19.000000	3.000000	6.000000
10.231343	11.123369	10.830216	10.629096	5.000000
3.000000	12.000000	7.000000	12.000000	4.000000
2.000000	7.000000	8.000000	11.000000	11.000000
11.000000	18.000000	16.000000	16.000000	7.000000
4.000000	13.000000	7.000000	6.000000	4.000000
8.000000	5.000000	15.000000	6.000000	7.000000
12.000000	10.000000	1.000000	11.000000	2.000000
18.000000	5.000000	5.000000	4.000000	16.000000
9.000000	5.000000	14.000000	16.000000	7.000000
5.000000	18.000000	5.000000	12.000000	5.000000
3.000000	15.000000	17.000000	1.000000	12.000000
20.000000	8.000000	16.000000	6.000000	6.000000
9.564509	9.889476	10.153316	10.121035	20.000000
8.000000	12.000000	4.000000	13.000000	7.000000
11.000000	13.000000	12.000000	5.000000	8.000000
7.989386	8.343447	8.399572	8.498346	12.000000
2.000000	17.000000	18.000000	19.000000	9.000000
9.000000	10.000000	17.000000	4.000000	16.000000
2.000000	17.000000	5.000000	8.000000	11.000000
4.000000	15.000000	14.000000	7.000000	19.000000
13.000000	17.000000	11.000000	16.000000	13.000000
19.000000	5.000000	5.000000	16.000000	19.000000
10.099940	9.915989	10.162140	9.936537	7.000000
15.000000	13.000000	17.000000	3.000000	8.000000
4.000000	16.000000	5.000000	20.000000	3.000000
7.000000	3.000000	18.000000	1.000000	1.000000
8.000000	13.000000	9.000000	19.000000	8.000000
2.000000	9.000000	4.000000	6.000000	4.000000
2.000000	14.000000	4.000000	20.000000	10.000000
11.000000	7.000000	3.000000	19.000000	9.000000
9.989139	9.476115	9.257463	9.509638	13.000000
19.000000	13.000000	7.000000	16.000000	5.000000
7.000000	4.000000	9.000000	15.000000	14.000000
9.708766	9.082086	9.239653	9.482961	6.000000
17.000000	13.000000	11.000000	20.000000	4.000000
10.331473	9.691642	9.527535	9.864996	20.000000
11.000000	4.000000	5.000000	7.000000	9.000000
17.000000	5.000000	13.000000	3.000000	13.000000
17.000000	1.000000	8.000000	5.000000	16.000000
1.000000	12.000000	15.000000	2.000000	3.000000
20.000000	10.000000	7.000000	10.000000	9.000000
10.000000	2.000000	11.000000	12.000000	3.000000
8.634218	8.309135	8.251682	8.699719	20.000000
19.000000	3.000000	16.000000	11.000000	18.000000
8.000000	8.000000	18.000000	7.000000	12.000000
5.000000	7.000000	4.000000	12.000000	20.000000
18.000000	11.000000	9.000000	4.000000	13.000000
10.000000	5.000000	14.000000	20.000000	8.000000
8.000000	1.000000	1.000000	18.000000	19.000000
12.000000	16.000000	14.000000	8.000000	6.000000
9.959689	10.499539	9.906711	9.462967	14.000000
17.000000	17.000000	12.000000	12.000000	8.000000
12.000000	9.000000	10.000000	12.000000	12.000000
2.000000	1.000000	8.000000	7.000000	12.000000
9.320942	9.778536	9.160514	9.481097	4.000000
3.000000	20.000000	19.000000	16.000000	19.000000
4.000000	18.000000	17.000000	9.000000	18.000000
8.523101	7.934116	7.874676	7.862537	16.000000
1.000000	17.000000	16.000000	10.000000	8.000000
19.000000	4.000000	1.000000	6.000000	2.000000
4.000000	1.000000	8.000000	8.000000	1.000000
11.000000	11.000000	20.000000	9.000000	18.000000
18.000000	5.000000	16.000000	14.000000	13.000000
13.000000	16.000000	9.000000	18.000000	1.000000
9.021360	7.866972	9.049310	9.138228	11.000000
16.000000	9.000000	6.000000	8.000000	6.000000
8.000000	12.000000	19.000000	15.000000	19.000000
19.000000	6.000000	1.000000	10.000000	6.000000
19.000000	19.000000	10.000000	14.000000	4.000000
14.000000	18.000000	19.000000	2.000000	7.000000
19.000000	9.000000	16.000000	7.000000	11.000000
18.000000	3.000000	11.000000	4.000000	10.000000
17.000000	11.000000	13.000000	15.000000	5.000000
12.000000	5.000000	2.000000	4.000000	14.000000
8.000000	2.000000	12.000000	9.000000	7.000000
10.050925	10.306684	10.644901	9.939512	16.000000
2.000000	16.000000	17.000000	9.000000	3.000000
7.000000	7.000000	17.000000	18.000000	10.000000
9.977309	10.513648	10.505291	9.448437	20.000000
16.000000	14.000000	16.000000	10.000000	17.000000
9.000000	9.000000	11.000000	12.000000	17.000000
9.752948	9.063678	8.811313	9.108457	3.000000
9.681648	10.122057	9.499076	9.449057	19.000000
13.000000	1.000000	5.000000	1.000000	18.000000
6.000000	18.000000	3.000000	17.000000	20.000000
14.000000	4.000000	13.000000	9.000000	13.000000
2.000000	17.000000	1.000000	12.000000	20.000000
10.000000	12.000000	18.000000	20.000000	8.000000
20.000000	18.000000	18.000000	10.000000	4.000000
16.000000	14.000000	5.000000	12.000000	14.000000
14.000000	9.000000	4.000000	17.000000	17.000000
15.000000	10.000000	20.000000	20.000000	11.000000
5.000000	1.000000	19.000000	5.000000	4.000000
19.000000	6.000000	15.000000	16.000000	6.000000
15.000000	7.000000	15.000000	12.000000	17.000000
19.000000	19.000000	2.000000	15.000000	2.000000
8.000000	8.000000	2.000000	3.000000	16.000000
18.000000	17.000000	18.000000	17.000000	16.000000
10.837910	10.633195	10.860617	10.464167	18.000000
19.000000	16.000000	3.000000	6.000000	3.000000
20.000000	20.000000	10.000000	7.000000	3.000000
18.000000	17.000000	1.000000	19.000000	11.000000
9.881518	8.919846	9.421729	9.709945	8.000000
9.262434	8.769922	9.078618	9.493015	20.000000
12.000000	14.000000	13.000000	20.000000	11.000000
10.000000	18.000000	19.000000	4.000000	15.000000
1.000000	16.000000	14.000000	10.000000	2.000000
16.000000	19.000000	18.000000	8.000000	18.000000
20.000000	1.000000	15.000000	9.000000	15.000000
15.000000	6.000000	18.000000	11.000000	12.000000
18.000000	14.000000	17.000000	10.000000	13.000000
20.000000	11.000000	3.000000	18.000000	6.000000
17.000000	10.000000	1.000000	3.000000	12.000000
14.000000	10.000000	10.000000	3.000000	10.000000
7.000000	2.000000	10.000000	14.000000	11.000000
17.000000	8.000000	8.000000	6.000000	10.000000
9.781171	9.508437	9.097171	9.508856	4.000000
8.000000	7.000000	6.000000	10.000000	16.000000
12.000000	18.000000	6.000000	4.000000	12.000000
9.000000	18.000000	2.000000	18.000000	12.000000
3.000000	17.000000	14.000000	12.000000	10.000000
16.000000	20.000000	9.000000	3.000000	18.000000
10.000000	6.000000	12.000000	4.000000	14.000000
16.000000	11.000000	12.000000	13.000000	12.000000
20.000000	16.000000	10.000000	17.000000	20.000000
1.000000	5.000000	9.000000	14.000000	2.000000
9.239071	9.456201	9.331991	9.759400	20.000000
19.000000	20.000000	11.000000	19.000000	15.000000
8.000000	8.000000	20.000000	20.000000	12.000000
5.000000	7.000000	14.000000	17.000000	19.000000
6.000000	8.000000	15.000000	15.000000	4.000000
6.000000	7.000000	20.000000	14.000000	13.000000
9.762403	8.921039	10.438835	9.234937	10.000000
10.486868	10.037436	9.848863	9.660468	20.000000
15.000000	9.000000	7.000000	15.000000	8.000000
10.000000	19.000000	14.000000	4.000000	7.000000
5.000000	9.000000	14.000000	19.000000	15.000000
9.000000	4.000000	1.000000	8.000000	9.000000
10.503073	9.721748	9.887471	10.173120	3.000000
6.000000	11.000000	15.000000	7.000000	12.000000
9.735890	10.123350	9.712366	9.792115	7.000000
8.000000	2.000000	6.000000	14.000000	5.000000
4.000000	18.000000	13.000000	18.000000	8.000000
19.000000	18.000000	3.000000	20.000000	18.000000
3.000000	4.000000	10.000000	7.000000	8.000000
10.129423	10.058121	10.646056	10.197851	11.000000
2.000000	12.000000	11.000000	14.000000	4.000000
18.000000	14.000000	5.000000	15.000000	19.000000
9.495940	10.321622	9.905788	9.692101	7.000000
15.000000	5.000000	5.000000	9.000000	16.000000
9.843349	9.670700	9.574286	9.838059	9.000000
19.000000	14.000000	13.000000	1.000000	11.000000
15.000000	14.000000	14.000000	6.000000	8.000000
17.000000	15.000000	1.000000	14.000000	9.000000
19.000000	7.000000	18.000000	6.000000	12.000000
7.902135	8.334862	8.205482	8.342475	20.000000
3.000000	14.000000	2.000000	14.000000	16.000000
2.000000	4.000000	1.000000	7.000000	4.000000
3.000000	13.000000	17.000000	17.000000	10.000000
4.000000	5.000000	4.000000	16.000000	10.000000
9.258014	8.874201	9.190553	9.030147	3.000000
8.000000	18.000000	14.000000	15.000000	10.000000
5.000000	18.000000	3.000000	18.000000	11.000000
10.000000	12.000000	14.000000	10.000000	10.000000
17.000000	12.000000	2.000000	5.000000	20.000000
12.000000	9.000000	5.000000	15.000000	16.000000
10.592258	10.703222	10.646175	10.847631	4.000000
10.018818	10.539085	10.434958	10.575906	3.000000
7.558368	6.835699	6.826325	6.909942	4.000000
2.000000	5.000000	7.000000	7.000000	6.000000
8.876983	9.731672	9.231304	9.359926	20.000000
9.595372	8.819706	8.531521	9.632675	15.000000
8.149004	9.690421	9.547013	8.744247	3.000000
20.000000	12.000000	3.000000	4.000000	1.000000
18.000000	17.000000	6.000000	9.000000	12.000000
1.000000	11.000000	8.000000	7.000000	9.000000
5.000000	2.000000	4.000000	13.000000	11.000000
10.715523	10.097651	10.544728	10.242059	9.000000
4.000000	4.000000	11.000000	12.000000	12.000000
5.000000	3.000000	3.000000	8.000000	6.000000
15.000000	5.000000	2.000000	20.000000	13.000000
5.000000	13.000000	15.000000	12.000000	19.000000
4.000000	16.000000	13.000000	7.000000	1.000000
7.980561	8.541885	8.366885	7.856051	10.000000
9.121250	9.449168	8.737527	9.121478	19.000000
8.000000	12.000000	2.000000	10.000000	19.000000
19.000000	16.000000	15.000000	1.000000	8.000000
8.000000	5.000000	20.000000	14.000000	9.000000
10.000000	17.000000	4.000000	2.000000	15.000000
9.225738	9.840930	10.044148	9.305939	8.000000
4.000000	6.000000	15.000000	1.000000	13.000000
10.513238	10.001750	10.186740	10.116884	10.000000
15.000000	5.000000	5.000000	9.000000	17.000000
8.894814	9.894086	9.850778	9.401486	2.000000
9.000000	13.000000	10.000000	5.000000	14.000000
17.000000	20.000000	10.000000	11.000000	12.000000
17.000000	7.000000	17.000000	11.000000	7.000000
1.000000	15.000000	6.000000	17.000000	1.000000
15.000000	11.000000	17.000000	12.000000	19.000000
13.000000	15.000000	19.000000	5.000000	18.000000
8.351612	8.867578	7.939655	7.964499	10.000000
3.000000	17.000000	9.000000	12.000000	8.000000
1.000000	20.000000	6.000000	9.000000	10.000000
4.000000	10.000000	5.000000	9.000000	6.000000
17.000000	16.000000	8.000000	5.000000	7.000000
18.000000	17.000000	1.000000	16.000000	1.000000
18.000000	15.000000	6.000000	19.000000	16.000000
15.000000	14.000000	12.000000	16.000000	17.000000
11.000000	16.000000	17.000000	16.000000	16.000000
6.000000	19.000000	17.000000	2.000000	20.000000
14.000000	10.000000	15.000000	1.000000	14.000000
13.000000	19.000000	2.000000	13.000000	14.000000
9.686421	9.707262	10.335423	9.355402	13.000000
9.403838	10.312409	9.355838	9.434992	10.000000
8.990597	10.166690	9.810454	9.521978	9.000000
12.000000	16.000000	20.000000	1.000000	10.000000
19.000000	14.000000	19.000000	5.000000	15.000000
5.000000	17.000000	13.000000	6.000000	1.000000
8.877714	9.636683	8.675380	9.224277	20.000000
9.723443	10.166376	10.482331	9.422557	8.000000
7.000000	19.000000	9.000000	3.000000	9.000000
9.000000	6.000000	17.000000	8.000000	6.000000
6.000000	18.000000	20.000000	16.000000	14.000000
6.000000	12.000000	10.000000	10.000000	18.000000
3.000000	7.000000	9.000000	9.000000	17.000000
20.000000	8.000000	13.000000	5.000000	13.000000
20.000000	11.000000	3.000000	20.000000	5.000000
12.000000	1.000000	3.000000	20.000000	20.000000
20.000000	17.000000	18.000000	11.000000	12.000000
11.000000	16.000000	4.000000	13.000000	5.000000
13.000000	7.000000	4.000000	1.000000	15.000000
20.000000	1.000000	3.000000	4.000000	17.000000
8.055383	8.333022	8.827718	8.865476	15.000000
16.000000	12.000000	15.000000	10.000000	11.000000
9.028001	10.016246	9.771490	9.671672	12.000000
11.000000	14.000000	8.000000	6.000000	18.000000
4.000000	18.000000	16.000000	7.000000	10.000000
11.000000	18.000000	2.000000	5.000000	2.000000
11.000000	11.000000	17.000000	10.000000	19.000000
11.000000	5.000000	11.000000	6.000000	15.000000
13.000000	12.000000	16.000000	20.000000	15.000000
7.000000	2.000000	20.000000	6.000000	7.000000
8.720288	9.734505	8.981709	9.326994	8.000000
17.000000	15.000000	18.000000	19.000000	19.000000
19.000000	9.000000	9.000000	7.000000	10.000000
8.460984	9.426247	9.550792	9.189308	14.000000
9.880386	9.341606	9.910391	9.733743	5.000000
9.762234	9.502674	9.416255	9.871596	11.000000
12.000000	20.000000	12.000000	19.000000	4.000000
20.000000	16.000000	19.000000	17.000000	14.000000
17.000000	7.000000	14.000000	18.000000	13.000000
15.000000	17.000000	1.000000	20.000000	10.000000
7.000000	12.000000	3.000000	3.000000	10.000000
20.000000	14.000000	15.000000	5.000000	4.000000
6.000000	9.000000	15.000000	17.000000	7.000000
18.000000	8.000000	2.000000	16.000000	16.000000
10.195337	9.509768	9.657416	10.118767	2.000000
6.000000	6.000000	10.000000	19.000000	18.000000
9.333368	10.267578	9.074970	9.142308	19.000000
18.000000	12.000000	12.000000	13.000000	17.000000
7.000000	10.000000	17.000000	1.000000	6.000000
3.000000	19.000000	14.000000	17.000000	6.000000
8.258017	8.262290	8.206872	8.882459	19.000000
3.000000	20.000000	4.000000	12.000000	18.000000
1.000000	10.000000	14.000000	1.000000	3.000000
5.000000	19.000000	6.000000	8.000000	3.000000
8.284757	7.698950	8.244606	8.075796	7.000000
9.066933	8.887696	9.606123	9.359675	1.000000
10.695808	10.765937	10.133283	10.300081	17.000000
13.000000	7.000000	8.000000	9.000000	10.000000
18.000000	1.000000	20.000000	11.000000	14.000000
14.000000	15.000000	12.000000	19.000000	3.000000
10.289757	9.941658	9.977880	10.299502	2.000000
7.000000	5.000000	6.000000	16.000000	19.000000
6.000000	10.000000	13.000000	13.000000	5.000000
1.000000	17.000000	3.000000	20.000000	5.000000
13.000000	17.000000	18.000000	4.000000	8.000000
11.000000	9.000000	14.000000	14.000000	19.000000
8.000000	11.000000	3.000000	8.000000	7.000000
9.471375	8.779844	9.209595	8.700660	2.000000
13.000000	8.000000	3.000000	17.000000	20.000000
19.000000	9.000000	16.000000	2.000000	9.000000
13.000000	6.000000	5.000000	2.000000	1.000000
4.000000	4.000000	1.000000	10.000000	9.000000
9.298251	10.116090	10.100314	9.538054	17.000000
9.030608	9.129448	9.105444	9.091291	19.000000
4.000000	4.000000	6.000000	18.000000	12.000000
11.271738	11.105029	10.307896	11.240432	1.000000
1.000000	9.000000	6.000000	5.000000	10.000000
18.000000	1.000000	13.000000	18.000000	10.000000
8.140558	8.164494	8.700734	8.176311	10.000000
14.000000	7.000000	19.000000	16.000000	5.000000
17.000000	11.000000	20.000000	15.000000	20.000000
9.271230	9.864748	9.611661	9.164475	7.000000
8.000000	4.000000	15.000000	6.000000	8.000000
16.000000	3.000000	20.000000	20.000000	1.000000
1.000000	12.000000	9.000000	19.000000	2.000000
10.000000	4.000000	8.000000	8.000000	20.000000
9.704015	8.806993	8.618701	9.554043	2.000000
8.733086	10.119238	9.276170	8.686258	10.000000
3.000000	8.000000	13.000000	10.000000	13.000000
13.000000	17.000000	8.000000	4.000000	17.000000
20.000000	5.000000	20.000000	8.000000	3.000000
14.000000	9.000000	6.000000	13.000000	8.000000
8.962968	8.715008	9.148685	8.684155	5.000000
17.000000	4.000000	11.000000	13.000000	4.000000
13.000000	7.000000	11.000000	17.000000	8.000000
10.732699	11.432318	11.177854	10.722751	5.000000
13.000000	14.000000	9.000000	4.000000	1.000000
3.000000	17.000000	1.000000	20.000000	10.000000
20.000000	9.000000	18.000000	14.000000	19.000000
2.000000	2.000000	2.000000	5.000000	6.000000
7.994213	8.551096	8.649803	8.422612	5.000000
12.000000	14.000000	6.000000	8.000000	8.000000
2.000000	20.000000	1.000000	10.000000	16.000000
13.000000	4.000000	12.000000	5.000000	3.000000
9.260106	8.896767	9.584090	9.301084	18.000000
1.000000	12.000000	19.000000	2.000000	16.000000
17.000000	18.000000	4.000000	1.000000	17.000000
1.000000	12.000000	10.000000	6.000000	12.000000
10.000000	7.000000	3.000000	10.000000	8.000000
18.000000	15.000000	3.000000	10.000000	19.000000
7.714859	8.047121	7.198551	7.331275	12.000000
12.000000	8.000000	4.000000	10.000000	2.000000
11.000000	18.000000	19.000000	7.000000	18.000000
15.000000	7.000000	2.000000	17.000000	4.000000
13.000000	6.000000	2.000000	15.000000	7.000000
9.598141	10.364570	9.960197	9.914026	14.000000
12.000000	19.000000	15.000000	6.000000	18.000000
7.000000	17.000000	6.000000	2.000000	18.000000
9.123537	10.014247	9.460077	9.974533	10.000000
8.840980	8.877711	9.116213	9.149076	12.000000
11.000000	18.000000	9.000000	4.000000	13.000000
9.394928	8.743593	9.068284	8.964824	18.000000
10.000000	11.000000	17.000000	4.000000	16.000000
14.000000	10.000000	12.000000	11.000000	11.000000
9.416842	9.333662	10.043532	9.388819	10.000000
8.361729	9.300722	9.759160	8.789267	14.000000
9.728745	9.585786	9.486209	9.582687	18.000000
16.000000	10.000000	13.000000	4.000000	9.000000
9.440040	9.972283	10.134997	9.831309	8.000000
9.610096	9.381210	9.578414	9.302366	7.000000
20.000000	10.000000	7.000000	6.000000	5.000000
16.000000	10.000000	5.000000	20.000000	13.000000
8.866441	9.372869	8.877474	9.302662	10.000000
15.000000	1.000000	12.000000	8.000000	4.000000
8.414155	8.292873	8.440213	8.679422	20.000000
8.863131	8.832392	8.392379	9.301829	9.000000
9.000000	4.000000	10.000000	8.000000	9.000000
14.000000	3.000000	10.000000	11.000000	15.000000
2.000000	1.000000	1.000000	20.000000	6.000000
11.000000	6.000000	6.000000	14.000000	13.000000
1.000000	5.000000	14.000000	8.000000	7.000000
13.000000	2.000000	19.000000	8.000000	6.000000
19.000000	8.000000	1.000000	8.000000	15.000000
9.000000	13.000000	10.000000	11.000000	3.000000
4.000000	4.000000	15.000000	4.000000	3.000000
20.000000	6.000000	9.000000	5.000000	19.000000
13.000000	5.000000	4.000000	19.000000	4.000000
9.157540	9.457853	9.946370	9.396708	2.000000
3.000000	18.000000	10.000000	3.000000	5.000000
16.000000	3.000000	10.000000	17.000000	13.000000
12.000000	20.000000	17.000000	7.000000	16.000000
11.000000	18.000000	13.000000	11.000000	3.000000
12.000000	16.000000	19.000000	7.000000	6.000000
15.000000	20.000000	8.000000	20.000000	20.000000
2.000000	2.000000	9.000000	3.000000	16.000000
6.000000	18.000000	18.000000	15.000000	15.000000
3.000000	18.000000	6.000000	11.000000	16.000000
13.000000	13.000000	14.000000	18.000000	4.000000
8.000000	9.000000	11.000000	18.000000	7.000000
16.000000	12.000000	6.000000	15.000000	3.000000
17.000000	16.000000	16.000000	18.000000	18.000000
11.000000	3.000000	8.000000	1.000000	9.000000
14.000000	3.000000	6.000000	11.000000	13.000000
14.000000	16.000000	5.000000	19.000000	13.000000
20.000000	6.000000	13.000000	10.000000	15.000000
11.000000	17.000000	7.000000	8.000000	4.000000
9.000000	5.000000	11.000000	17.000000	14.000000
9.962162	9.115481	9.840980	9.297129	7.000000
16.000000	13.000000	1.000000	13.000000	15.000000
5.000000	18.000000	10.000000	10.000000	16.000000
14.000000	1.000000	13.000000	6.000000	3.000000
9.133572	8.607561	8.747957	8.761471	16.000000
14.000000	14.000000	12.000000	5.000000	10.000000
8.750465	9.309146	9.076019	8.908792	4.000000
9.877047	9.204530	8.874916	9.559441	11.000000
9.745061	10.565037	10.060310	9.868184	13.000000
4.000000	17.000000	14.000000	17.000000	15.000000
16.000000	16.000000	2.000000	6.000000	1.000000
17.000000	20.000000	14.000000	8.000000	16.000000
8.730010	8.055329	8.394112	8.527440	15.000000
15.000000	2.000000	13.000000	2.000000	1.000000
9.670650	10.742466	10.205747	10.480239	18.000000
17.000000	19.000000	15.000000	2.000000	7.000000
1.000000	17.000000	2.000000	2.000000	15.000000
2.000000	11.000000	6.000000	8.000000	18.000000
1.000000	3.000000	2.000000	12.000000	10.000000
8.000000	6.000000	11.000000	1.000000	19.000000
12.000000	8.000000	13.000000	16.000000	11.000000
11.000000	12.000000	1.000000	17.000000	14.000000
8.000000	17.000000	2.000000	9.000000	18.000000
8.000000	11.000000	8.000000	5.000000	18.000000
18.000000	5.000000	12.000000	11.000000	8.000000
1.000000	18.000000	13.000000	3.000000	10.000000
8.245450	7.881564	8.293469	8.197026	1.000000
10.073507	9.279015	9.806326	10.326438	2.000000
10.000000	7.000000	10.000000	3.000000	15.000000
8.848068	8.769804	8.435237	8.559265	7.000000
14.000000	4.000000	12.000000	17.000000	14.000000
19.000000	17.000000	3.000000	4.000000	20.000000
13.000000	18.000000	5.000000	1.000000	13.000000
18.000000	20.000000	10.000000	14.000000	19.000000
3.000000	3.000000	5.000000	12.000000	17.000000
11.000000	11.000000	19.000000	8.000000	17.000000
6.000000	13.000000	20.000000	9.000000	10.000000
5.000000	7.000000	18.000000	7.000000	2.000000
9.105955	8.829114	9.036948	8.788246	12.000000
4.000000	3.000000	11.000000	6.000000	16.000000
1.000000	8.000000	10.000000	5.000000	20.000000
6.000000	7.000000	10.000000	17.000000	14.000000
18.000000	2.000000	19.000000	9.000000	10.000000
8.000000	13.000000	8.000000	17.000000	11.000000
8.878491	9.317574	8.535539	8.965584	11.000000
10.114657	10.420581	10.059629	10.203899	1.000000
12.000000	7.000000	1.000000	1.000000	3.000000
12.000000	18.000000	9.000000	13.000000	14.000000
10.882979	11.202629	11.606938	10.916299	18.000000
16.000000	12.000000	2.000000	4.000000	8.000000
4.000000	17.000000	5.000000	5.000000	9.000000
15.000000	1.000000	16.000000	19.000000	7.000000
9.000000	10.000000	13.000000	9.000000	2.000000
15.000000	12.000000	20.000000	16.000000	4.000000
5.000000	10.000000	13.000000	12.000000	14.000000
8.924526	9.938765	9.634454	9.313394	2.000000
4.000000	18.000000	18.000000	9.000000	15.000000
18.000000	15.000000	15.000000	14.000000	14.000000
14.000000	2.000000	15.000000	6.000000	2.000000
9.000000	13.000000	13.000000	20.000000	8.000000
16.000000	4.000000	17.000000	20.000000	15.000000
2.000000	13.000000	14.000000	18.000000	7.000000
7.000000	1.000000	16.000000	17.000000	1.000000
11.140963	11.173559	11.028399	10.892838	7.000000
9.725032	9.103039	9.418275	9.366830	15.000000
8.975188	9.342090	8.909826	9.293043	14.000000
6.000000	20.000000	10.000000	14.000000	19.000000
16.000000	15.000000	3.000000	1.000000	12.000000
9.000000	8.000000	5.000000	5.000000	4.000000
5.000000	6.000000	9.000000	12.000000	2.000000
8.000000	4.000000	3.000000	7.000000	11.000000
10.000000	20.000000	17.000000	8.000000	4.000000
3.000000	14.000000	4.000000	12.000000	19.000000
14.000000	7.000000	14.000000	9.000000	8.000000
9.277816	9.370056	9.313855	9.038684	13.000000
2.000000	6.000000	11.000000	10.000000	9.000000
4.000000	9.000000	13.000000	7.000000	16.000000
15.000000	8.000000	7.000000	3.000000	15.000000
10.000000	5.000000	20.000000	5.000000	16.000000
19.000000	11.000000	15.000000	4.000000	19.000000
14.000000	8.000000	7.000000	20.000000	1.000000
10.346081	10.204849	10.229133	10.378584	2.000000
6.000000	17.000000	11.000000	10.000000	3.000000
18.000000	4.000000	2.000000	16.000000	7.000000
17.000000	5.000000	3.000000	8.000000	2.000000
11.000000	6.000000	4.000000	5.000000	9.000000
2.000000	10.000000	9.000000	20.000000	9.000000
10.313858	10.600561	10.644020	10.864113	4.000000
14.000000	3.000000	1.000000	16.000000	13.000000
9.504357	9.724339	9.584595	9.295957	20.000000
6.000000	5.000000	17.000000	9.000000	12.000000
10.000000	19.000000	10.000000	13.000000	15.000000
8.900058	9.314809	9.647030	9.588487	13.000000
4.000000	18.000000	16.000000	16.000000	15.000000
8.761418	9.321100	9.478395	9.303633	17.000000
2.000000	6.000000	13.000000	9.000000	14.000000
13.000000	15.000000	18.000000	1.000000	15.000000
9.437292	9.275984	9.796615	9.372181	2.000000
7.000000	20.000000	7.000000	10.000000	9.000000
11.000000	13.000000	19.000000	6.000000	8.000000
7.756134	8.677864	8.780052	8.609101	7.000000
16.000000	15.000000	4.000000	9.000000	16.000000
8.490769	9.102416	9.308630	8.861540	13.000000
16.000000	19.000000	14.000000	8.000000	8.000000
15.000000	6.000000	7.000000	1.000000	15.000000
8.000000	3.000000	19.000000	6.000000	9.000000
18.000000	10.000000	5.000000	17.000000	4.000000
3.000000	13.000000	18.000000	19.000000	13.000000
10.153202	10.788352	10.694506	10.326500	5.000000
9.000000	1.000000	3.000000	2.000000	8.000000
2.000000	8.000000	5.000000	1.000000	20.000000
19.000000	8.000000	2.000000	9.000000	13.000000
2.000000	18.000000	14.000000	6.000000	15.000000
17.000000	1.000000	19.000000	7.000000	11.000000
11.000000	11.000000	17.000000	7.000000	17.000000
9.849460	9.670502	9.242783	9.489498	8.000000
9.282738	10.155815	10.313704	9.297577	17.000000
6.000000	12.000000	16.000000	19.000000	20.000000
10.492475	10.599602	10.175452	10.021232	18.000000
4.000000	2.000000	18.000000	2.000000	8.000000
8.000000	4.000000	18.000000	17.000000	10.000000
14.000000	9.000000	16.000000	3.000000	16.000000
15.000000	19.000000	12.000000	1.000000	11.000000
20.000000	18.000000	2.000000	15.000000	16.000000
14.000000	14.000000	16.000000	3.000000	18.000000
14.000000	18.000000	19.000000	3.000000	19.000000
9.400185	9.409789	9.707345	9.512488	19.000000
15.000000	1.000000	19.000000	2.000000	3.000000
14.000000	8.000000	13.000000	5.000000	8.000000
10.252023	10.252501	10.671930	10.511014	10.000000
9.732780	9.722017	9.744284	9.582316	4.000000
13.000000	5.000000	1.000000	11.000000	19.000000
11.000000	9.000000	1.000000	4.000000	4.000000
11.000000	10.000000	4.000000	10.000000	11.000000
9.933082	10.077735	9.352528	10.402007	20.000000
17.000000	6.000000	15.000000	5.000000	3.000000
17.000000	9.000000	4.000000	11.000000	20.000000
20.000000	15.000000	16.000000	12.000000	18.000000
7.922716	8.504543	8.265016	8.015091	18.000000
10.164234	9.723253	10.216039	10.121608	10.000000
10.000000	14.000000	13.000000	20.000000	5.000000
4.000000	16.000000	10.000000	18.000000	1.000000
4.000000	6.000000	1.000000	20.000000	17.000000
20.000000	11.000000	3.000000	7.000000	2.000000
9.960170	9.668653	9.807785	9.390920	10.000000
6.000000	9.000000	19.000000	5.000000	13.000000
8.000000	14.000000	18.000000	12.000000	13.000000
9.277098	8.186860	8.850630	8.437375	5.000000
8.501621	8.787166	9.260283	8.722363	18.000000
9.556519	9.972833	9.710569	9.897671	10.000000
10.055081	10.378881	10.994867	10.642982	1.000000
11.000000	2.000000	9.000000	1.000000	6.000000
8.625533	8.736549	9.321895	8.962809	4.000000
16.000000	4.000000	10.000000	16.000000	7.000000
9.678367	9.866184	9.920074	10.275789	12.000000
15.000000	13.000000	15.000000	15.000000	5.000000
9.186028	8.746509	8.972574	8.982284	12.000000
10.583417	10.080917	10.056168	9.196267	11.000000
3.000000	2.000000	2.000000	14.000000	12.000000
5.000000	2.000000	15.000000	15.000000	9.000000
10.591495	10.029340	10.208709	10.366639	15.000000
10.166882	9.834173	9.939738	10.088007	19.000000
12.000000	2.000000	14.000000	20.000000	18.000000
18.000000	8.000000	8.000000	3.000000	17.000000
8.082398	9.000940	8.781337	7.827843	11.000000
9.128238	9.752726	9.896263	8.880160	2.000000
20.000000	20.000000	2.000000	8.000000	10.000000
8.000000	20.000000	15.000000	15.000000	18.000000
13.000000	19.000000	19.000000	19.000000	18.000000
8.932157	9.503336	9.030015	8.923388	10.000000
6.000000	6.000000	14.000000	3.000000	9.000000
16.000000	3.000000	4.000000	7.000000	9.000000
18.000000	19.000000	9.000000	11.000000	18.000000
18.000000	18.000000	17.000000	4.000000	5.000000
14.000000	17.000000	3.000000	5.000000	7.000000
12.000000	13.000000	2.000000	1.000000	20.000000
11.000000	6.000000	17.000000	16.000000	20.000000
5.000000	4.000000	2.000000	1.000000	2.000000
3.000000	18.000000	20.000000	3.000000	20.000000
18.000000	12.000000	17.000000	6.000000	16.000000
8.603374	9.409586	9.045085	8.756782	16.000000
10.000000	19.000000	8.000000	3.000000	11.000000
7.000000	5.000000	17.000000	16.000000	12.000000
16.000000	20.000000	15.000000	10.000000	12.000000
