17.000000	4.000000	1.000000	16.000000	6.000000
20.000000	5.000000	17.000000	9.000000	11.000000
9.944610	9.123561	9.743176	9.988539	8.000000
9.531071	10.757139	10.225060	10.154984	10.000000
20.000000	14.000000	14.000000	16.000000	9.000000
6.000000	4.000000	1.000000	12.000000	5.000000
12.000000	8.000000	8.000000	13.000000	16.000000
11.215484	11.927735	11.329099	11.667353	20.000000
9.571656	9.056616	9.856119	9.729923	15.000000
20.000000	11.000000	3.000000	9.000000	6.000000
10.459056	10.797427	10.611643	10.827043	16.000000
8.000000	15.000000	11.000000	8.000000	6.000000
15.000000	12.000000	6.000000	14.000000	4.000000
1.000000	10.000000	7.000000	12.000000	2.000000
7.000000	14.000000	10.000000	11.000000	16.000000
8.371012	9.195811	9.052609	9.013548	10.000000
4.000000	2.000000	17.000000	3.000000	3.000000
4.000000	3.000000	17.000000	14.000000	2.000000
15.000000	20.000000	13.000000	12.000000	13.000000
8.000000	12.000000	2.000000	15.000000	3.000000
16.000000	13.000000	8.000000	5.000000	3.000000
9.908552	10.178803	9.947470	9.971489	19.000000
13.000000	17.000000	13.000000	1.000000	12.000000
9.012304	9.103629	9.243578	9.905524	18.000000
19.000000	10.000000	18.000000	12.000000	1.000000
2.000000	11.000000	4.000000	4.000000	5.000000
18.000000	19.000000	17.000000	6.000000	15.000000
19.000000	1.000000	16.000000	2.000000	6.000000
8.758841	9.066732	9.402155	8.895102	7.000000
5.000000	17.000000	11.000000	2.000000	20.000000
8.000000	1.000000	1.000000	17.000000	4.000000
1.000000	19.000000	14.000000	4.000000	14.000000
19.000000	1.000000	4.000000	7.000000	18.000000
18.000000	18.000000	18.000000	5.000000	11.000000
3.000000	11.000000	17.000000	17.000000	12.000000
3.000000	13.000000	8.000000	5.000000	15.000000
19.000000	12.000000	7.000000	19.000000	1.000000
10.045391	9.671139	9.794017	9.840431	6.000000
4.000000	13.000000	7.000000	7.000000	12.000000
16.000000	16.000000	9.000000	14.000000	1.000000
19.000000	8.000000	3.000000	15.000000	16.000000
8.567577	8.647217	8.562683	9.075537	13.000000
15.000000	20.000000	17.000000	13.000000	11.000000
17.000000	2.000000	1.000000	7.000000	16.000000
19.000000	10.000000	1.000000	17.000000	8.000000
4.000000	12.000000	3.000000	12.000000	5.000000
3.000000	2.000000	5.000000	5.000000	9.000000
20.000000	19.000000	17.000000	20.000000	12.000000
10.000000	6.000000	3.000000	18.000000	18.000000
5.000000	14.000000	11.000000	18.000000	12.000000
19.000000	16.000000	13.000000	11.000000	12.000000
20.000000	14.000000	3.000000	2.000000	5.000000
10.152820	10.267426	9.678070	10.039540	1.000000
10.182896	9.608318	9.962451	9.539473	7.000000
2.000000	4.000000	12.000000	17.000000	1.000000
10.000000	1.000000	6.000000	12.000000	18.000000
17.000000	10.000000	13.000000	9.000000	20.000000
4.000000	8.000000	13.000000	19.000000	1.000000
9.000000	18.000000	5.000000	7.000000	13.000000
18.000000	12.000000	7.000000	8.000000	6.000000
13.000000	2.000000	9.000000	17.000000	18.000000
1.000000	6.000000	18.000000	6.000000	17.000000
8.000000	14.000000	19.000000	20.000000	14.000000
18.000000	16.000000	1.000000	3.000000	14.000000
14.000000	11.000000	11.000000	10.000000	9.000000
3.000000	7.000000	1.000000	1.000000	15.000000
10.211632	8.901814	9.434576	9.458414	2.000000
5.000000	7.000000	19.000000	14.000000	13.000000
10.235930	10.628608	10.485258	9.993301	1.000000
8.991663	10.049011	9.885555	8.927663	17.000000
9.000000	17.000000	19.000000	11.000000	7.000000
8.000000	5.000000	13.000000	20.000000	5.000000
19.000000	17.000000	2.000000	6.000000	3.000000
15.000000	2.000000	2.000000	5.000000	16.000000
14.000000	12.000000	16.000000	11.000000	8.000000
8.000000	14.000000	2.000000	15.000000	18.000000
10.000000	15.000000	14.000000	9.000000	17.000000
9.945274	9.573894	9.795218	8.991031	7.000000
18.000000	3.000000	15.000000	11.000000	9.000000
10.000000	6.000000	2.000000	11.000000	10.000000
9.004975	10.416850	9.735405	9.462784	6.000000
8.734768	9.331006	9.455776	9.402717	11.000000
9.000000	4.000000	17.000000	2.000000	12.000000
14.000000	14.000000	11.000000	14.000000	18.000000
17.000000	3.000000	20.000000	3.000000	14.000000
20.000000	12.000000	11.000000	2.000000	2.000000
10.876090	10.691010	10.649635	10.384201	14.000000
3.000000	5.000000	10.000000	14.000000	6.000000
20.000000	2.000000	1.000000	16.000000	15.000000
10.120010	8.980406	10.108435	9.423180	15.000000
5.000000	10.000000	9.000000	17.000000	13.000000
2.000000	16.000000	4.000000	12.000000	9.000000
18.000000	4.000000	19.000000	14.000000	8.000000
4.000000	8.000000	12.000000	13.000000	13.000000
11.224715	10.431517	10.999297	10.590016	12.000000
1.000000	13.000000	12.000000	8.000000	15.000000
18.000000	13.000000	16.000000	19.000000	9.000000
20.000000	20.000000	16.000000	16.000000	4.000000
5.000000	13.000000	19.000000	15.000000	6.000000
10.969555	10.201822	11.045751	10.921011	15.000000
18.000000	17.000000	18.000000	4.000000	6.000000
1.000000	4.000000	19.000000	5.000000	3.000000
5.000000	2.000000	7.000000	12.000000	20.000000
7.000000	12.000000	12.000000	3.000000	7.000000
7.000000	19.000000	11.000000	5.000000	5.000000
8.000000	2.000000	14.000000	13.000000	10.000000
8.785606	9.859173	9.286106	9.156182	6.000000
12.000000	18.000000	1.000000	2.000000	2.000000
10.648177	10.542523	9.876012	10.444661	17.000000
9.772447	10.473879	10.008816	9.295691	10.000000
9.827105	9.894286	9.667803	9.503941	12.000000
4.000000	8.000000	13.000000	18.000000	12.000000
2.000000	17.000000	14.000000	8.000000	14.000000
11.000000	11.000000	4.000000	11.000000	12.000000
5.000000	6.000000	17.000000	12.000000	7.000000
5.000000	19.000000	14.000000	5.000000	8.000000
4.000000	14.000000	16.000000	15.000000	2.000000
7.000000	19.000000	1.000000	12.000000	8.000000
12.000000	13.000000	4.000000	18.000000	12.000000
18.000000	8.000000	2.000000	1.000000	11.000000
10.930888	11.102764	10.254725	10.607359	1.000000
14.000000	18.000000	11.000000	7.000000	2.000000
9.735970	9.750464	9.496408	9.398988	17.000000
8.000000	4.000000	7.000000	20.000000	15.000000
14.000000	12.000000	7.000000	17.000000	9.000000
19.000000	6.000000	8.000000	12.000000	18.000000
10.000000	5.000000	15.000000	17.000000	17.000000
15.000000	10.000000	14.000000	17.000000	9.000000
7.000000	6.000000	2.000000	14.000000	11.000000
10.000000	13.000000	14.000000	16.000000	13.000000
9.735000	10.013152	9.609718	10.071822	10.000000
4.000000	16.000000	15.000000	3.000000	8.000000
13.000000	13.000000	4.000000	19.000000	9.000000
9.737837	9.246689	9.338378	9.159290	1.000000
11.000000	12.000000	6.000000	12.000000	17.000000
8.000000	14.000000	10.000000	1.000000	1.000000
2.000000	20.000000	2.000000	17.000000	18.000000
9.684720	9.058198	9.329610	9.584447	14.000000
20.000000	9.000000	18.000000	3.000000	7.000000
7.000000	15.000000	11.000000	9.000000	20.000000
3.000000	19.000000	3.000000	9.000000	10.000000
20.000000	16.000000	15.000000	1.000000	9.000000
8.146927	8.646148	9.180135	8.704152	18.000000
17.000000	19.000000	1.000000	10.000000	15.000000
14.000000	1.000000	16.000000	4.000000	16.000000
2.000000	10.000000	10.000000	5.000000	18.000000
1.000000	7.000000	8.000000	15.000000	7.000000
8.616499	8.456409	8.320553	8.259266	6.000000
11.000000	19.000000	7.000000	10.000000	15.000000
16.000000	7.000000	5.000000	8.000000	8.000000
8.330601	8.100607	8.529936	8.070031	17.000000
3.000000	20.000000	18.000000	4.000000	16.000000
15.000000	16.000000	2.000000	14.000000	11.000000
1.000000	2.000000	16.000000	3.000000	13.000000
14.000000	5.000000	3.000000	12.000000	6.000000
17.000000	20.000000	4.000000	13.000000	7.000000
10.211919	10.073909	10.387263	10.380454	9.000000
16.000000	13.000000	8.000000	13.000000	9.000000
3.000000	19.000000	4.000000	17.000000	12.000000
9.800534	10.130416	10.347073	9.865267	11.000000
8.482284	8.732890	8.345278	9.277970	18.000000
7.427254	6.901803	7.576292	7.378131	14.000000
4.000000	2.000000	17.000000	15.000000	12.000000
17.000000	11.000000	17.000000	5.000000	15.000000
5.000000	19.000000	6.000000	8.000000	7.000000
17.000000	14.000000	15.000000	2.000000	7.000000
17.000000	12.000000	13.000000	15.000000	4.000000
8.797121	10.095029	9.862087	9.438140	18.000000
9.378277	9.394404	9.282405	9.954540	16.000000
3.000000	10.000000	18.000000	19.000000	6.000000
8.787352	9.158942	8.569306	8.651714	2.000000
15.000000	6.000000	7.000000	9.000000	8.000000
13.000000	18.000000	11.000000	5.000000	12.000000
14.000000	15.000000	10.000000	17.000000	13.000000
19.000000	14.000000	14.000000	18.000000	18.000000
9.000000	12.000000	7.000000	7.000000	10.000000
10.927764	9.801085	10.424294	9.973550	8.000000
17.000000	6.000000	13.000000	16.000000	14.000000
12.000000	8.000000	11.000000	2.000000	13.000000
15.000000	7.000000	19.000000	4.000000	4.000000
11.000000	3.000000	17.000000	4.000000	12.000000
14.000000	12.000000	15.000000	13.000000	10.000000
4.000000	8.000000	20.000000	19.000000	19.000000
9.143332	10.153970	10.090775	9.735112	2.000000
10.000000	15.000000	2.000000	12.000000	9.000000
10.051716	10.308916	9.796101	9.967745	10.000000
10.000000	2.000000	4.000000	6.000000	17.000000
9.272576	9.725192	9.785533	10.027143	4.000000
10.058269	9.904984	10.708227	9.736406	6.000000
2.000000	20.000000	12.000000	5.000000	3.000000
6.000000	14.000000	9.000000	7.000000	6.000000
10.390284	10.431121	9.698263	9.321230	15.000000
12.000000	13.000000	16.000000	7.000000	11.000000
9.043831	9.462260	9.720067	9.329992	13.000000
17.000000	12.000000	20.000000	19.000000	13.000000
8.837177	9.185356	9.397925	9.244961	17.000000
6.000000	14.000000	10.000000	14.000000	12.000000
9.261140	9.717611	10.168056	9.604905	6.000000
17.000000	1.000000	10.000000	4.000000	20.000000
20.000000	7.000000	12.000000	13.000000	1.000000
17.000000	1.000000	13.000000	16.000000	12.000000
17.000000	13.000000	11.000000	20.000000	1.000000
7.000000	5.000000	6.000000	9.000000	18.000000
17.000000	7.000000	20.000000	11.000000	16.000000
17.000000	19.000000	9.000000	7.000000	2.000000
8.000000	18.000000	20.000000	19.000000	11.000000
20.000000	7.000000	3.000000	4.000000	3.000000
14.000000	12.000000	7.000000	17.000000	3.000000
9.224317	9.604990	8.934937	9.267457	3.000000
17.000000	20.000000	10.000000	8.000000	10.000000
5.000000	5.000000	8.000000	13.000000	3.000000
1.000000	12.000000	20.000000	12.000000	11.000000
2.000000	3.000000	17.000000	5.000000	7.000000
11.000000	18.000000	10.000000	17.000000	14.000000
13.000000	15.000000	9.000000	11.000000	18.000000
8.347063	8.758524	9.123001	8.811680	19.000000
6.000000	9.000000	3.000000	5.000000	1.000000
5.000000	17.000000	13.000000	16.000000	8.000000
15.000000	18.000000	11.000000	3.000000	2.000000
8.870281	9.151957	9.181852	9.470726	14.000000
17.000000	2.000000	1.000000	5.000000	5.000000
18.000000	7.000000	15.000000	15.000000	19.000000
13.000000	12.000000	7.000000	7.000000	17.000000
19.000000	3.000000	5.000000	3.000000	19.000000
13.000000	9.000000	8.000000	15.000000	4.000000
8.936077	10.190073	10.065188	9.286207	12.000000
14.000000	7.000000	6.000000	14.000000	11.000000
2.000000	12.000000	10.000000	16.000000	18.000000
8.000000	1.000000	9.000000	6.000000	7.000000
9.256878	9.426747	9.365740	8.925634	11.000000
20.000000	6.000000	19.000000	7.000000	20.000000
2.000000	7.000000	2.000000	2.000000	17.000000
5.000000	8.000000	4.000000	10.000000	1.000000
6.000000	3.000000	4.000000	15.000000	11.000000
1.000000	14.000000	11.000000	10.000000	19.000000
17.000000	6.000000	7.000000	18.000000	19.000000
17.000000	17.000000	4.000000	15.000000	15.000000
3.000000	9.000000	1.000000	16.000000	10.000000
10.242130	9.967059	10.334142	10.407976	2.000000
9.758859	10.433589	10.410854	10.222802	13.000000
15.000000	14.000000	6.000000	17.000000	15.000000
8.768917	9.575245	9.927939	9.192997	3.000000
11.000000	19.000000	11.000000	6.000000	5.000000
6.000000	9.000000	13.000000	6.000000	16.000000
15.000000	3.000000	16.000000	3.000000	15.000000
10.252008	10.400953	10.054780	10.300550	17.000000
17.000000	12.000000	2.000000	14.000000	8.000000
8.000000	10.000000	12.000000	19.000000	4.000000
14.000000	1.000000	2.000000	5.000000	7.000000
19.000000	10.000000	7.000000	11.000000	7.000000
2.000000	17.000000	10.000000	10.000000	12.000000
16.000000	19.000000	15.000000	20.000000	4.000000
3.000000	16.000000	15.000000	16.000000	2.000000
14.000000	3.000000	11.000000	5.000000	2.000000
15.000000	19.000000	2.000000	8.000000	15.000000
7.432865	8.568560	7.980500	7.589646	9.000000
2.000000	8.000000	17.000000	3.000000	17.000000
8.000000	19.000000	7.000000	3.000000	10.000000
10.000000	17.000000	18.000000	16.000000	13.000000
19.000000	9.000000	15.000000	9.000000	5.000000
16.000000	15.000000	15.000000	10.000000	3.000000
9.000000	9.000000	20.000000	4.000000	15.000000
8.000000	18.000000	14.000000	5.000000	20.000000
2.000000	4.000000	10.000000	8.000000	18.000000
20.000000	17.000000	15.000000	9.000000	4.000000
7.000000	7.000000	4.000000	13.000000	7.000000
8.551232	9.223642	9.113999	8.854748	10.000000
16.000000	11.000000	10.000000	15.000000	7.000000
9.053070	8.480453	8.599322	8.815063	11.000000
15.000000	10.000000	14.000000	5.000000	17.000000
8.017595	8.583847	8.119819	8.087052	4.000000
8.000000	16.000000	10.000000	3.000000	8.000000
16.000000	11.000000	8.000000	9.000000	13.000000
9.000000	16.000000	15.000000	19.000000	3.000000
13.000000	14.000000	17.000000	8.000000	3.000000
7.000000	3.000000	12.000000	12.000000	7.000000
1.000000	3.000000	2.000000	5.000000	12.000000
5.000000	5.000000	7.000000	6.000000	7.000000
7.889495	8.757731	8.903255	7.895823	2.000000
1.000000	15.000000	9.000000	8.000000	5.000000
11.000000	20.000000	10.000000	7.000000	8.000000
12.000000	5.000000	2.000000	16.000000	9.000000
8.000000	8.000000	11.000000	1.000000	12.000000
15.000000	17.000000	8.000000	1.000000	2.000000
15.000000	7.000000	14.000000	3.000000	13.000000
10.708806	11.090096	10.569400	11.124961	11.000000
9.672270	9.390345	8.737788	10.038890	5.000000
8.101240	8.808056	8.436801	8.409131	3.000000
9.000000	9.000000	10.000000	12.000000	1.000000
13.000000	6.000000	17.000000	1.000000	18.000000
18.000000	7.000000	5.000000	4.000000	9.000000
17.000000	10.000000	4.000000	15.000000	17.000000
6.000000	17.000000	15.000000	8.000000	8.000000
11.000000	8.000000	3.000000	3.000000	2.000000
5.000000	12.000000	10.000000	6.000000	15.000000
3.000000	19.000000	12.000000	19.000000	11.000000
10.197195	10.095088	9.682171	9.671020	4.000000
17.000000	1.000000	5.000000	1.000000	7.000000
2.000000	6.000000	3.000000	8.000000	5.000000
11.000000	18.000000	5.000000	5.000000	20.000000
6.000000	2.000000	3.000000	7.000000	7.000000
9.000000	9.000000	5.000000	20.000000	20.000000
7.000000	1.000000	20.000000	3.000000	17.000000
3.000000	20.000000	18.000000	19.000000	12.000000
16.000000	12.000000	17.000000	19.000000	19.000000
14.000000	1.000000	16.000000	18.000000	5.000000
16.000000	3.000000	6.000000	10.000000	1.000000
5.000000	19.000000	10.000000	1.000000	18.000000
1.000000	8.000000	10.000000	20.000000	10.000000
9.457077	9.434317	9.085213	10.049681	4.000000
12.000000	11.000000	16.000000	1.000000	1.000000
8.716290	9.244203	8.403017	8.596968	11.000000
18.000000	17.000000	5.000000	3.000000	18.000000
5.000000	19.000000	16.000000	6.000000	20.000000
8.582047	8.626965	9.015583	8.945312	9.000000
16.000000	13.000000	14.000000	9.000000	8.000000
18.000000	20.000000	11.000000	13.000000	20.000000
9.637378	9.542040	9.426215	8.920206	7.000000
15.000000	1.000000	15.000000	11.000000	15.000000
13.000000	8.000000	14.000000	20.000000	13.000000
13.000000	5.000000	3.000000	19.000000	12.000000
11.000000	6.000000	4.000000	5.000000	6.000000
4.000000	2.000000	6.000000	14.000000	6.000000
17.000000	16.000000	3.000000	10.000000	19.000000
2.000000	16.000000	11.000000	8.000000	7.000000
18.000000	20.000000	6.000000	11.000000	20.000000
10.000000	15.000000	16.000000	12.000000	5.000000
7.000000	3.000000	2.000000	11.000000	7.000000
8.000000	14.000000	20.000000	13.000000	19.000000
9.132139	10.130578	9.669958	9.655270	10.000000
17.000000	20.000000	18.000000	7.000000	8.000000
16.000000	4.000000	7.000000	1.000000	6.000000
18.000000	10.000000	20.000000	14.000000	2.000000
8.884927	9.744926	9.556272	9.637665	2.000000
2.000000	13.000000	7.000000	1.000000	17.000000
9.351027	8.863198	9.573102	9.300788	3.000000
7.000000	7.000000	15.000000	4.000000	5.000000
2.000000	19.000000	9.000000	20.000000	11.000000
14.000000	18.000000	20.000000	6.000000	3.000000
1.000000	9.000000	14.000000	16.000000	6.000000
8.000000	17.000000	10.000000	14.000000	9.000000
10.131838	10.433552	9.878957	10.323129	1.000000
8.000000	1.000000	19.000000	2.000000	16.000000
3.000000	3.000000	6.000000	3.000000	14.000000
16.000000	9.000000	3.000000	15.000000	14.000000
17.000000	8.000000	14.000000	11.000000	3.000000
20.000000	10.000000	12.000000	1.000000	3.000000
9.412569	8.974655	9.079479	9.546015	13.000000
5.000000	4.000000	13.000000	15.000000	5.000000
8.000000	10.000000	19.000000	5.000000	12.000000
4.000000	20.000000	20.000000	7.000000	6.000000
5.000000	3.000000	13.000000	19.000000	5.000000
9.510391	10.163465	10.147046	9.988638	2.000000
9.422355	9.870938	10.028013	9.699439	14.000000
12.000000	10.000000	17.000000	16.000000	4.000000
8.617588	8.993043	9.472325	8.508954	19.000000
17.000000	7.000000	18.000000	8.000000	13.000000
4.000000	13.000000	7.000000	8.000000	3.000000
12.000000	15.000000	4.000000	5.000000	5.000000
5.000000	5.000000	15.000000	5.000000	18.000000
8.000000	8.000000	7.000000	17.000000	4.000000
8.902408	8.893330	8.782371	9.631960	4.000000
17.000000	11.000000	2.000000	6.000000	10.000000
6.000000	9.000000	14.000000	12.000000	9.000000
16.000000	3.000000	3.000000	11.000000	20.000000
9.173940	9.059426	8.636479	8.796442	12.000000
13.000000	1.000000	19.000000	19.000000	9.000000
2.000000	9.000000	18.000000	12.000000	15.000000
9.323942	8.486107	8.908187	8.853354	13.000000
6.000000	19.000000	14.000000	20.000000	2.000000
2.000000	7.000000	17.000000	16.000000	18.000000
16.000000	15.000000	5.000000	11.000000	8.000000
16.000000	4.000000	9.000000	14.000000	2.000000
17.000000	8.000000	2.000000	6.000000	19.000000
8.000000	10.000000	18.000000	4.000000	3.000000
2.000000	2.000000	13.000000	7.000000	13.000000
8.156909	8.269884	8.554587	8.244514	16.000000
10.223516	10.459247	10.647510	10.267528	12.000000
18.000000	19.000000	15.000000	6.000000	5.000000
10.225695	9.498091	9.295156	9.741106	12.000000
2.000000	10.000000	1.000000	11.000000	5.000000
16.000000	12.000000	6.000000	20.000000	19.000000
18.000000	6.000000	18.000000	9.000000	20.000000
13.000000	8.000000	9.000000	3.000000	20.000000
8.052014	8.151450	8.402671	7.934424	17.000000
14.000000	7.000000	2.000000	17.000000	9.000000
5.000000	18.000000	10.000000	6.000000	8.000000
6.000000	13.000000	12.000000	4.000000	12.000000
10.000000	1.000000	10.000000	19.000000	1.000000
9.000000	12.000000	9.000000	10.000000	6.000000
20.000000	10.000000	17.000000	9.000000	8.000000
5.000000	3.000000	15.000000	18.000000	19.000000
10.106312	9.252918	9.826580	9.351848	8.000000
9.946450	10.192565	10.829319	10.073634	4.000000
9.399724	9.454747	9.107561	9.009978	19.000000
17.000000	13.000000	2.000000	17.000000	2.000000
7.000000	16.000000	3.000000	15.000000	5.000000
10.000000	19.000000	19.000000	16.000000	16.000000
17.000000	10.000000	18.000000	17.000000	5.000000
17.000000	5.000000	18.000000	8.000000	3.000000
1.000000	3.000000	15.000000	9.000000	6.000000
9.081738	9.648273	10.023240	9.556540	14.000000
3.000000	12.000000	10.000000	5.000000	18.000000
6.000000	7.000000	16.000000	4.000000	14.000000
3.000000	20.000000	4.000000	13.000000	9.000000
20.000000	1.000000	13.000000	17.000000	9.000000
8.453240	8.848004	8.246790	8.200300	18.000000
8.000000	5.000000	15.000000	18.000000	10.000000
10.436061	10.000884	10.123753	10.268950	17.000000
10.238186	11.021262	11.942369	10.654618	18.000000
9.332611	10.019138	9.191280	9.199169	4.000000
17.000000	15.000000	4.000000	9.000000	3.000000
10.356558	10.463563	10.541385	9.662933	20.000000
2.000000	14.000000	5.000000	8.000000	3.000000
6.000000	16.000000	14.000000	19.000000	17.000000
2.000000	20.000000	11.000000	16.000000	17.000000
20.000000	16.000000	8.000000	9.000000	10.000000
11.000000	17.000000	4.000000	6.000000	18.000000
7.000000	10.000000	5.000000	10.000000	15.000000
4.000000	3.000000	20.000000	20.000000	11.000000
9.343427	9.434797	9.711419	9.496558	16.000000
9.336740	8.995596	8.710056	8.889269	5.000000
3.000000	17.000000	12.000000	10.000000	5.000000
1.000000	12.000000	13.000000	17.000000	10.000000
10.000000	15.000000	19.000000	14.000000	16.000000
13.000000	10.000000	19.000000	13.000000	9.000000
9.000000	6.000000	6.000000	18.000000	13.000000
9.750189	9.912942	10.204786	10.332998	9.000000
6.000000	10.000000	17.000000	17.000000	12.000000
13.000000	9.000000	15.000000	5.000000	5.000000
4.000000	15.000000	19.000000	14.000000	20.000000
15.000000	7.000000	9.000000	13.000000	11.000000
18.000000	13.000000	8.000000	3.000000	10.000000
8.839115	9.157567	8.953943	9.086251	3.000000
14.000000	7.000000	4.000000	10.000000	15.000000
7.000000	14.000000	3.000000	14.000000	18.000000
8.000000	17.000000	4.000000	18.000000	11.000000
10.407417	10.777969	11.584835	11.491497	16.000000
11.000000	1.000000	20.000000	10.000000	16.000000
2.000000	10.000000	11.000000	7.000000	11.000000
5.000000	20.000000	9.000000	20.000000	1.000000
3.000000	7.000000	14.000000	18.000000	20.000000
3.000000	5.000000	8.000000	7.000000	14.000000
10.000000	2.000000	18.000000	10.000000	5.000000
5.000000	12.000000	6.000000	5.000000	2.000000
13.000000	18.000000	11.000000	3.000000	4.000000
14.000000	19.000000	3.000000	14.000000	18.000000
15.000000	17.000000	4.000000	20.000000	6.000000
15.000000	2.000000	2.000000	15.000000	20.000000
10.676699	10.921547	10.458431	10.637386	6.000000
18.000000	17.000000	9.000000	15.000000	13.000000
10.000000	7.000000	10.000000	13.000000	1.000000
8.592061	9.161261	9.008958	8.424902	11.000000
16.000000	1.000000	19.000000	20.000000	20.000000
4.000000	6.000000	13.000000	5.000000	20.000000
5.000000	20.000000	8.000000	17.000000	3.000000
13.000000	6.000000	11.000000	13.000000	20.000000
3.000000	3.000000	18.000000	12.000000	7.000000
18.000000	16.000000	4.000000	16.000000	2.000000
9.928202	9.670743	9.689375	9.962255	3.000000
13.000000	8.000000	8.000000	18.000000	13.000000
20.000000	2.000000	4.000000	7.000000	10.000000
18.000000	11.000000	8.000000	9.000000	3.000000
19.000000	11.000000	17.000000	17.000000	15.000000
3.000000	14.000000	10.000000	18.000000	2.000000
12.000000	4.000000	13.000000	5.000000	8.000000
7.000000	18.000000	15.000000	6.000000	15.000000
9.824498	9.320584	9.160665	9.277518	3.000000
9.000000	20.000000	5.000000	16.000000	8.000000
20.000000	7.000000	10.000000	8.000000	3.000000
9.884987	9.662392	9.666342	9.857244	20.000000
9.000000	5.000000	3.000000	13.000000	1.000000
10.143028	9.222769	9.397643	9.739668	5.000000
4.000000	15.000000	1.000000	3.000000	9.000000
16.000000	12.000000	20.000000	12.000000	19.000000
19.000000	11.000000	5.000000	8.000000	11.000000
19.000000	12.000000	13.000000	19.000000	17.000000
4.000000	7.000000	13.000000	19.000000	12.000000
13.000000	20.000000	10.000000	11.000000	16.000000
8.931937	9.407976	9.035258	9.097319	1.000000
11.000000	14.000000	4.000000	10.000000	5.000000
2.000000	8.000000	8.000000	19.000000	7.000000
18.000000	9.000000	18.000000	2.000000	7.000000
6.000000	17.000000	6.000000	18.000000	15.000000
17.000000	11.000000	15.000000	18.000000	13.000000
2.000000	4.000000	10.000000	4.000000	10.000000
10.000000	14.000000	15.000000	13.000000	15.000000
9.513949	10.043915	9.661455	10.302062	5.000000
1.000000	15.000000	5.000000	10.000000	8.000000
12.000000	16.000000	5.000000	9.000000	13.000000
19.000000	5.000000	15.000000	5.000000	2.000000
8.959672	9.769361	9.413780	9.175597	2.000000
6.000000	18.000000	8.000000	20.000000	11.000000
2.000000	11.000000	17.000000	16.000000	8.000000
8.323429	8.369213	8.107269	8.744076	5.000000
2.000000	20.000000	12.000000	18.000000	8.000000
5.000000	9.000000	12.000000	19.000000	13.000000
6.000000	18.000000	11.000000	2.000000	6.000000
5.000000	8.000000	3.000000	12.000000	19.000000
5.000000	5.000000	9.000000	1.000000	20.000000
9.000000	13.000000	7.000000	3.000000	2.000000
8.500981	8.347724	8.266631	8.420078	14.000000
1.000000	11.000000	2.000000	4.000000	10.000000
6.000000	1.000000	19.000000	9.000000	3.000000
16.000000	13.000000	10.000000	18.000000	4.000000
20.000000	3.000000	8.000000	1.000000	15.000000
20.000000	9.000000	20.000000	18.000000	3.000000
13.000000	1.000000	10.000000	5.000000	8.000000
15.000000	5.000000	18.000000	8.000000	1.000000
19.000000	14.000000	1.000000	17.000000	2.000000
3.000000	4.000000	6.000000	4.000000	2.000000
1.000000	16.000000	16.000000	20.000000	16.000000
9.676122	10.383496	10.378710	9.473141	9.000000
18.000000	5.000000	1.000000	19.000000	10.000000
8.000000	14.000000	6.000000	6.000000	1.000000
9.347749	10.280085	10.318107	9.496230	13.000000
19.000000	1.000000	16.000000	4.000000	17.000000
9.000000	4.000000	12.000000	16.000000	4.000000
9.073712	9.442066	9.307389	8.731530	2.000000
8.345604	9.735553	9.393778	8.708801	1.000000
16.000000	2.000000	14.000000	1.000000	19.000000
7.000000	7.000000	15.000000	12.000000	5.000000
7.000000	11.000000	17.000000	14.000000	14.000000
13.000000	15.000000	10.000000	16.000000	2.000000
5.000000	14.000000	11.000000	10.000000	7.000000
13.000000	4.000000	9.000000	19.000000	18.000000
10.000000	6.000000	11.000000	15.000000	6.000000
10.000000	1.000000	4.000000	4.000000	13.000000
20.000000	2.000000	3.000000	9.000000	7.000000
8.000000	13.000000	1.000000	17.000000	9.000000
15.000000	1.000000	2.000000	17.000000	11.000000
1.000000	9.000000	6.000000	9.000000	19.000000
3.000000	10.000000	16.000000	13.000000	5.000000
2.000000	14.000000	17.000000	17.000000	17.000000
9.000000	17.000000	18.000000	3.000000	17.000000
10.632104	10.946110	10.926414	11.050402	19.000000
17.000000	3.000000	12.000000	11.000000	20.000000
14.000000	11.000000	20.000000	11.000000	11.000000
11.000000	13.000000	13.000000	6.000000	17.000000
10.475758	10.136224	9.825603	9.478566	16.000000
9.607963	8.531676	9.017244	9.330337	20.000000
20.000000	5.000000	2.000000	8.000000	13.000000
13.000000	17.000000	8.000000	16.000000	19.000000
19.000000	1.000000	1.000000	18.000000	11.000000
11.000000	20.000000	15.000000	3.000000	6.000000
3.000000	3.000000	4.000000	5.000000	8.000000
11.000000	4.000000	13.000000	14.000000	4.000000
4.000000	5.000000	20.000000	6.000000	13.000000
12.000000	18.000000	1.000000	11.000000	5.000000
19.000000	9.000000	5.000000	19.000000	7.000000
15.000000	1.000000	18.000000	9.000000	16.000000
3.000000	11.000000	18.000000	19.000000	16.000000
5.000000	1.000000	11.000000	9.000000	15.000000
9.857842	9.274937	9.001545	9.328067	10.000000
3.000000	8.000000	7.000000	15.000000	19.000000
11.000000	13.000000	7.000000	15.000000	11.000000
5.000000	1.000000	4.000000	3.000000	9.000000
19.000000	17.000000	11.000000	16.000000	7.000000
18.000000	13.000000	8.000000	20.000000	1.000000
14.000000	5.000000	5.000000	4.000000	1.000000
14.000000	7.000000	9.000000	12.000000	13.000000
19.000000	2.000000	6.000000	5.000000	8.000000
8.000000	2.000000	20.000000	11.000000	16.000000
9.785903	9.779974	10.417104	10.079440	17.000000
11.000000	20.000000	9.000000	10.000000	12.000000
1.000000	3.000000	8.000000	6.000000	6.000000
9.000000	19.000000	4.000000	9.000000	11.000000
17.000000	7.000000	4.000000	2.000000	3.000000
4.000000	1.000000	4.000000	15.000000	12.000000
10.220180	9.265444	9.317562	8.949373	17.000000
10.552802	9.641032	10.036437	10.391748	6.000000
19.000000	17.000000	8.000000	7.000000	14.000000
5.000000	7.000000	12.000000	9.000000	7.000000
14.000000	5.000000	13.000000	10.000000	18.000000
7.000000	5.000000	10.000000	3.000000	19.000000
10.611012	10.555347	10.189835	10.098414	19.000000
9.000000	12.000000	15.000000	9.000000	8.000000
9.346948	10.143806	9.769135	9.611922	5.000000
9.000000	4.000000	3.000000	12.000000	12.000000
9.000000	18.000000	8.000000	13.000000	7.000000
17.000000	20.000000	11.000000	6.000000	2.000000
9.000000	19.000000	14.000000	14.000000	3.000000
9.294686	10.275509	10.627402	9.578520	2.000000
1.000000	19.000000	1.000000	8.000000	17.000000
5.000000	8.000000	20.000000	20.000000	20.000000
8.906279	10.020129	9.407958	9.667337	13.000000
15.000000	18.000000	12.000000	17.000000	4.000000
8.716207	9.806437	9.569226	8.638395	10.000000
16.000000	2.000000	16.000000	9.000000	1.000000
17.000000	2.000000	19.000000	17.000000	9.000000
7.000000	14.000000	9.000000	19.000000	13.000000
8.000000	1.000000	12.000000	8.000000	3.000000
8.275103	8.339867	7.559829	8.227160	10.000000
15.000000	19.000000	18.000000	8.000000	9.000000
8.000000	3.000000	10.000000	15.000000	4.000000
10.000000	3.000000	5.000000	20.000000	12.000000
5.000000	7.000000	5.000000	13.000000	17.000000
9.232342	9.111637	8.323943	9.288638	19.000000
19.000000	8.000000	12.000000	11.000000	14.000000
1.000000	5.000000	5.000000	19.000000	5.000000
13.000000	18.000000	19.000000	2.000000	12.000000
2.000000	4.000000	6.000000	6.000000	3.000000
17.000000	11.000000	1.000000	1.000000	3.000000
11.328849	10.270967	10.811515	10.344312	13.000000
9.715834	10.539770	10.293601	9.548917	6.000000
7.295485	7.045003	7.293264	7.356345	19.000000
7.000000	13.000000	16.000000	5.000000	15.000000
8.997455	8.780450	9.125570	8.479454	12.000000
9.217243	9.410398	8.698415	9.465717	14.000000
8.680428	9.280111	8.709324	8.965475	18.000000
10.000000	19.000000	14.000000	1.000000	7.000000
19.000000	18.000000	16.000000	1.000000	6.000000
14.000000	7.000000	19.000000	2.000000	4.000000
5.000000	12.000000	10.000000	14.000000	8.000000
10.976187	9.927190	10.179678	10.437404	13.000000
14.000000	15.000000	18.000000	19.000000	9.000000
7.000000	1.000000	19.000000	12.000000	1.000000
6.000000	3.000000	18.000000	13.000000	15.000000
16.000000	18.000000	14.000000	6.000000	11.000000
17.000000	2.000000	3.000000	6.000000	7.000000
8.379969	9.030689	9.136971	8.754843	4.000000
9.249016	9.210002	9.451179	9.791458	6.000000
18.000000	15.000000	6.000000	17.000000	7.000000
6.000000	14.000000	9.000000	16.000000	18.000000
3.000000	11.000000	7.000000	8.000000	16.000000
18.000000	4.000000	17.000000	12.000000	9.000000
9.463676	9.808535	10.246723	9.280410	15.000000
2.000000	8.000000	9.000000	12.000000	4.000000
10.883516	10.554853	9.992765	9.614358	17.000000
17.000000	17.000000	2.000000	17.000000	12.000000
9.123762	9.838160	9.795298	9.161366	19.000000
1.000000	7.000000	2.000000	9.000000	10.000000
11.000000	3.000000	2.000000	9.000000	11.000000
16.000000	10.000000	19.000000	5.000000	13.000000
14.000000	10.000000	2.000000	4.000000	1.000000
10.000000	20.000000	17.000000	12.000000	16.000000
20.000000	2.000000	7.000000	5.000000	11.000000
8.591502	8.398445	8.744479	8.661372	13.000000
18.000000	8.000000	15.000000	12.000000	8.000000
17.000000	7.000000	10.000000	15.000000	3.000000
2.000000	1.000000	13.000000	15.000000	4.000000
5.000000	5.000000	16.000000	1.000000	16.000000
11.000000	12.000000	9.000000	9.000000	16.000000
12.000000	5.000000	12.000000	12.000000	3.000000
4.000000	10.000000	2.000000	10.000000	1.000000
10.000000	18.000000	19.000000	19.000000	5.000000
2.000000	12.000000	5.000000	6.000000	7.000000
8.000000	10.000000	11.000000	3.000000	2.000000
18.000000	6.000000	5.000000	18.000000	14.000000
9.274463	9.609323	9.604740	8.958014	1.000000
9.000109	9.789654	9.867927	9.029782	7.000000
9.164275	9.851510	9.940750	9.414909	13.000000
8.000000	5.000000	5.000000	4.000000	10.000000
3.000000	12.000000	11.000000	13.000000	6.000000
4.000000	2.000000	3.000000	8.000000	19.000000
9.677450	9.971232	9.660197	9.994951	13.000000
8.994672	10.005774	9.705606	9.685114	4.000000
16.000000	6.000000	7.000000	12.000000	9.000000
11.000000	19.000000	14.000000	15.000000	3.000000
15.000000	9.000000	6.000000	18.000000	1.000000
3.000000	1.000000	2.000000	18.000000	1.000000
13.000000	6.000000	11.000000	12.000000	4.000000
4.000000	3.000000	14.000000	13.000000	7.000000
17.000000	1.000000	4.000000	15.000000	12.000000
12.000000	6.000000	2.000000	17.000000	12.000000
16.000000	4.000000	1.000000	13.000000	1.000000
13.000000	16.000000	13.000000	7.000000	5.000000
5.000000	19.000000	10.000000	16.000000	10.000000
5.000000	11.000000	4.000000	18.000000	15.000000
8.208936	8.465224	8.812150	8.773243	13.000000
6.000000	8.000000	10.000000	20.000000	17.000000
8.811816	9.560713	8.841507	9.209459	8.000000
12.000000	18.000000	15.000000	4.000000	4.000000
19.000000	1.000000	2.000000	8.000000	8.000000
3.000000	4.000000	18.000000	18.000000	1.000000
12.000000	19.000000	18.000000	19.000000	3.000000
2.000000	16.000000	2.000000	3.000000	15.000000
18.000000	16.000000	10.000000	17.000000	20.000000
17.000000	20.000000	17.000000	3.000000	16.000000
9.053988	9.344905	9.140186	9.941025	20.000000
3.000000	19.000000	3.000000	12.000000	16.000000
15.000000	15.000000	14.000000	4.000000	13.000000
8.208166	9.176931	9.292336	9.024042	8.000000
9.471492	9.384035	9.046681	9.587364	16.000000
10.020599	10.358453	10.745442	10.326294	14.000000
2.000000	15.000000	14.000000	17.000000	19.000000
13.000000	11.000000	18.000000	15.000000	2.000000
5.000000	9.000000	17.000000	19.000000	5.000000
9.000000	18.000000	10.000000	9.000000	19.000000
9.000000	4.000000	6.000000	12.000000	7.000000
13.000000	18.000000	19.000000	19.000000	8.000000
4.000000	1.000000	14.000000	18.000000	9.000000
13.000000	2.000000	12.000000	2.000000	9.000000
10.071027	10.161859	10.288142	9.970265	16.000000
13.000000	2.000000	14.000000	14.000000	10.000000
8.496345	9.173984	9.383437	8.955409	6.000000
12.000000	13.000000	3.000000	2.000000	4.000000
2.000000	5.000000	16.000000	16.000000	14.000000
4.000000	8.000000	8.000000	15.000000	1.000000
7.329876	8.558694	8.339198	8.139440	20.000000
2.000000	1.000000	13.000000	7.000000	14.000000
15.000000	10.000000	16.000000	19.000000	11.000000
1.000000	2.000000	3.000000	3.000000	3.000000
8.910029	7.970742	8.015924	8.361979	20.000000
9.263961	9.485862	9.220150	8.923269	3.000000
10.644037	10.042054	10.409666	10.717496	7.000000
6.000000	9.000000	7.000000	18.000000	15.000000
20.000000	12.000000	17.000000	8.000000	3.000000
7.000000	8.000000	4.000000	1.000000	3.000000
9.684587	9.416601	9.866237	9.765531	19.000000
10.000000	14.000000	7.000000	20.000000	18.000000
2.000000	18.000000	8.000000	7.000000	5.000000
6.000000	12.000000	14.000000	4.000000	2.000000
20.000000	16.000000	5.000000	16.000000	3.000000
7.000000	14.000000	2.000000	11.000000	15.000000
16.000000	9.000000	13.000000	14.000000	18.000000
9.182180	9.272930	9.038550	8.908396	2.000000
20.000000	15.000000	11.000000	20.000000	1.000000
16.000000	5.000000	5.000000	1.000000	9.000000
6.000000	20.000000	4.000000	2.000000	8.000000
18.000000	9.000000	1.000000	19.000000	11.000000
9.533894	9.962710	9.934129	9.667155	20.000000
9.413515	8.870558	8.503534	9.141401	7.000000
16.000000	14.000000	1.000000	19.000000	13.000000
10.358103	9.971849	9.923662	10.843164	6.000000
9.000000	2.000000	5.000000	4.000000	4.000000
4.000000	13.000000	4.000000	5.000000	12.000000
9.159278	8.647625	8.571384	9.020981	14.000000
9.000000	7.000000	7.000000	3.000000	20.000000
13.000000	11.000000	5.000000	5.000000	9.000000
9.094327	9.855362	8.885674	9.309120	2.000000
19.000000	18.000000	15.000000	15.000000	14.000000
18.000000	19.000000	6.000000	13.000000	15.000000
9.000000	10.000000	17.000000	18.000000	17.000000
10.000000	7.000000	15.000000	8.000000	9.000000
9.458231	8.638671	8.846786	8.870466	16.000000
8.210715	9.484209	8.751175	8.804128	9.000000
14.000000	2.000000	18.000000	20.000000	17.000000
11.000000	10.000000	7.000000	17.000000	2.000000
1.000000	5.000000	12.000000	17.000000	3.000000
8.000000	19.000000	9.000000	15.000000	6.000000
8.835704	8.870926	9.009275	8.330245	11.000000
5.000000	18.000000	2.000000	17.000000	2.000000
10.000000	2.000000	3.000000	8.000000	2.000000
9.847320	10.789055	10.499130	9.752260	6.000000
4.000000	17.000000	3.000000	15.000000	6.000000
5.000000	15.000000	4.000000	5.000000	9.000000
1.000000	5.000000	9.000000	10.000000	4.000000
19.000000	15.000000	2.000000	1.000000	11.000000
8.644433	8.568217	9.448723	8.411530	1.000000
6.000000	8.000000	11.000000	8.000000	16.000000
8.000000	11.000000	5.000000	10.000000	6.000000
10.000000	6.000000	12.000000	5.000000	2.000000
10.323005	9.493906	9.912310	9.918886	15.000000
10.000000	10.000000	1.000000	3.000000	2.000000
3.000000	17.000000	4.000000	7.000000	6.000000
16.000000	12.000000	5.000000	18.000000	19.000000
20.000000	6.000000	2.000000	4.000000	7.000000
7.000000	5.000000	13.000000	18.000000	9.000000
7.272572	8.049287	8.624433	8.182127	8.000000
20.000000	2.000000	9.000000	12.000000	16.000000
11.000000	14.000000	5.000000	6.000000	1.000000
10.000000	1.000000	4.000000	14.000000	19.000000
15.000000	5.000000	16.000000	16.000000	9.000000
9.538394	10.025294	9.808214	9.230326	3.000000
14.000000	20.000000	11.000000	19.000000	11.000000
10.000000	10.000000	4.000000	10.000000	1.000000
8.800904	9.957685	9.145167	8.673482	5.000000
9.197639	9.046359	9.302845	9.403573	10.000000
16.000000	16.000000	14.000000	3.000000	3.000000
9.336112	9.448977	9.441309	9.339468	10.000000
10.000000	4.000000	9.000000	12.000000	2.000000
11.000000	1.000000	3.000000	7.000000	2.000000
10.092851	9.980515	10.467725	10.109523	13.000000
8.840837	9.579767	9.074044	8.867786	7.000000
10.224432	9.854058	9.787014	9.425971	16.000000
16.000000	17.000000	20.000000	3.000000	7.000000
10.150505	10.240004	10.636699	10.524353	3.000000
10.224334	9.803960	10.062536	9.800711	5.000000
16.000000	19.000000	2.000000	9.000000	6.000000
14.000000	7.000000	3.000000	2.000000	13.000000
10.028742	9.890340	9.835483	9.154345	2.000000
2.000000	9.000000	18.000000	13.000000	3.000000
8.871892	8.382027	9.012065	8.989208	9.000000
9.229286	8.877338	8.985353	8.797324	11.000000
4.000000	18.000000	9.000000	18.000000	6.000000
6.000000	11.000000	4.000000	9.000000	5.000000
9.000000	9.000000	3.000000	7.000000	15.000000
16.000000	8.000000	3.000000	13.000000	1.000000
18.000000	8.000000	13.000000	11.000000	12.000000
2.000000	19.000000	18.000000	1.000000	20.000000
20.000000	16.000000	9.000000	8.000000	13.000000
7.000000	6.000000	16.000000	2.000000	6.000000
12.000000	10.000000	6.000000	14.000000	16.000000
20.000000	10.000000	16.000000	3.000000	14.000000
8.000000	20.000000	14.000000	12.000000	2.000000
9.428072	10.031919	9.668599	9.712938	5.000000
12.000000	14.000000	13.000000	12.000000	2.000000
17.000000	18.000000	7.000000	12.000000	20.000000
4.000000	3.000000	1.000000	9.000000	9.000000
9.000000	9.000000	10.000000	16.000000	3.000000
15.000000	15.000000	14.000000	8.000000	6.000000
15.000000	13.000000	11.000000	7.000000	19.000000
15.000000	10.000000	12.000000	19.000000	1.000000
13.000000	16.000000	11.000000	11.000000	19.000000
2.000000	14.000000	14.000000	2.000000	3.000000
14.000000	2.000000	3.000000	3.000000	17.000000
5.000000	9.000000	3.000000	18.000000	17.000000
9.000000	12.000000	1.000000	19.000000	10.000000
19.000000	5.000000	19.000000	10.000000	4.000000
12.000000	15.000000	19.000000	2.000000	17.000000
17.000000	3.000000	3.000000	2.000000	16.000000
5.000000	15.000000	10.000000	19.000000	17.000000
18.000000	3.000000	18.000000	1.000000	20.000000
14.000000	9.000000	3.000000	14.000000	7.000000
5.000000	4.000000	11.000000	3.000000	13.000000
9.719277	9.162508	9.581649	9.607528	7.000000
16.000000	13.000000	1.000000	18.000000	14.000000
9.000000	14.000000	9.000000	18.000000	12.000000
17.000000	15.000000	6.000000	14.000000	7.000000
9.755059	8.463406	8.650527	8.494357	4.000000
13.000000	3.000000	7.000000	16.000000	18.000000
9.455489	9.157033	9.433629	8.944509	17.000000
9.206567	8.748057	9.017810	9.555794	6.000000
9.309985	9.737154	9.823730	9.371125	19.000000
2.000000	11.000000	14.000000	7.000000	16.000000
12.000000	3.000000	7.000000	7.000000	2.000000
10.000000	11.000000	4.000000	9.000000	6.000000
8.381147	8.107968	8.014014	7.896522	1.000000
15.000000	5.000000	10.000000	3.000000	6.000000
9.901110	10.304114	9.945748	10.021966	2.000000
6.000000	7.000000	4.000000	19.000000	6.000000
11.000000	11.000000	8.000000	17.000000	9.000000
9.000000	7.000000	19.000000	5.000000	15.000000
17.000000	17.000000	6.000000	15.000000	20.000000
18.000000	9.000000	16.000000	19.000000	3.000000
2.000000	14.000000	10.000000	9.000000	11.000000
11.000000	14.000000	9.000000	6.000000	5.000000
14.000000	17.000000	7.000000	2.000000	13.000000
7.000000	2.000000	11.000000	17.000000	6.000000
5.000000	13.000000	15.000000	2.000000	7.000000
14.000000	12.000000	15.000000	2.000000	10.000000
8.543729	8.447152	8.583557	8.814531	15.000000
9.856808	9.833846	10.084397	9.545998	7.000000
4.000000	7.000000	15.000000	2.000000	20.000000
8.663777	7.896444	8.266458	8.905354	5.000000
11.000000	14.000000	9.000000	5.000000	8.000000
16.000000	11.000000	19.000000	2.000000	12.000000
8.000000	11.000000	6.000000	3.000000	1.000000
20.000000	19.000000	1.000000	19.000000	12.000000
19.000000	15.000000	11.000000	13.000000	16.000000
2.000000	12.000000	16.000000	15.000000	1.000000
12.000000	6.000000	6.000000	20.000000	2.000000
5.000000	7.000000	12.000000	3.000000	9.000000
9.380028	8.688028	8.585746	9.357625	5.000000
11.000000	19.000000	3.000000	11.000000	10.000000
7.000000	2.000000	16.000000	9.000000	6.000000
3.000000	10.000000	17.000000	18.000000	5.000000
9.000000	1.000000	2.000000	7.000000	13.000000
3.000000	11.000000	19.000000	7.000000	6.000000
8.404552	9.232727	8.563781	8.716424	9.000000
10.839877	10.309937	9.936246	10.551023	2.000000
20.000000	4.000000	15.000000	15.000000	12.000000
20.000000	18.000000	14.000000	9.000000	7.000000
10.215805	11.291524	10.563651	10.680182	15.000000
20.000000	5.000000	6.000000	10.000000	11.000000
11.000000	9.000000	12.000000	10.000000	17.000000
12.000000	13.000000	8.000000	2.000000	10.000000
9.000000	2.000000	6.000000	3.000000	8.000000
9.000000	14.000000	17.000000	14.000000	2.000000
4.000000	3.000000	11.000000	3.000000	5.000000
9.453335	9.559662	10.351184	9.973673	3.000000
4.000000	12.000000	11.000000	15.000000	13.000000
8.000000	18.000000	5.000000	15.000000	20.000000
7.000000	15.000000	13.000000	4.000000	9.000000
12.000000	4.000000	14.000000	9.000000	18.000000
16.000000	12.000000	20.000000	6.000000	14.000000
17.000000	2.000000	7.000000	18.000000	4.000000
1.000000	1.000000	7.000000	12.000000	16.000000
10.741823	10.743669	11.019390	10.635009	5.000000
9.354862	9.226016	8.873339	9.947380	17.000000
9.080393	9.370052	10.030564	9.302583	8.000000
18.000000	11.000000	11.000000	9.000000	16.000000
16.000000	5.000000	18.000000	14.000000	2.000000
1.000000	14.000000	15.000000	7.000000	5.000000
2.000000	18.000000	15.000000	6.000000	2.000000
11.000000	2.000000	15.000000	13.000000	9.000000
12.000000	3.000000	20.000000	4.000000	19.000000
7.000000	1.000000	9.000000	17.000000	1.000000
17.000000	12.000000	18.000000	6.000000	5.000000
9.045981	9.569707	9.533076	10.242892	4.000000
15.000000	6.000000	14.000000	10.000000	12.000000
15.000000	12.000000	13.000000	1.000000	5.000000
13.000000	4.000000	19.000000	13.000000	7.000000
17.000000	11.000000	19.000000	18.000000	8.000000
20.000000	14.000000	11.000000	17.000000	19.000000
8.000000	7.000000	16.000000	18.000000	12.000000
11.013952	10.883811	10.833963	10.520237	13.000000
20.000000	10.000000	17.000000	12.000000	3.000000
1.000000	5.000000	6.000000	19.000000	9.000000
13.000000	8.000000	19.000000	11.000000	5.000000
18.000000	2.000000	10.000000	9.000000	18.000000
8.000000	8.000000	17.000000	15.000000	17.000000
11.055101	10.533183	9.843340	10.634912	1.000000
5.000000	16.000000	2.000000	1.000000	19.000000
9.323517	9.256721	9.210555	9.425105	11.000000
3.000000	2.000000	10.000000	2.000000	4.000000
14.000000	19.000000	6.000000	3.000000	19.000000
9.670293	9.669517	9.585790	9.606946	16.000000
14.000000	10.000000	13.000000	6.000000	18.000000
9.538209	9.692102	9.771065	9.814332	2.000000
3.000000	10.000000	2.000000	18.000000	19.000000
4.000000	12.000000	12.000000	14.000000	5.000000
9.398100	9.701189	9.941825	9.596246	14.000000
6.000000	15.000000	15.000000	4.000000	17.000000
3.000000	9.000000	19.000000	7.000000	14.000000
7.992715	9.049801	8.159633	7.610505	16.000000
16.000000	14.000000	5.000000	9.000000	3.000000
9.676083	10.253272	9.939582	9.777342	10.000000
19.000000	9.000000	8.000000	14.000000	20.000000
13.000000	20.000000	14.000000	20.000000	15.000000
3.000000	2.000000	15.000000	1.000000	20.000000
1.000000	16.000000	10.000000	15.000000	7.000000
5.000000	3.000000	20.000000	10.000000	3.000000
9.907722	10.516882	10.165368	9.484625	18.000000
16.000000	19.000000	18.000000	4.000000	13.000000
17.000000	8.000000	4.000000	3.000000	7.000000
10.000000	5.000000	20.000000	4.000000	5.000000
19.000000	4.000000	12.000000	8.000000	19.000000
10.000000	13.000000	13.000000	9.000000	14.000000
15.000000	3.000000	17.000000	2.000000	3.000000
9.640724	9.464395	9.502345	10.222065	12.000000
8.895044	9.798871	9.612761	9.114880	14.000000
18.000000	18.000000	10.000000	18.000000	1.000000
10.593384	10.992537	10.654799	10.688430	4.000000
15.000000	6.000000	8.000000	19.000000	6.000000
13.000000	13.000000	1.000000	9.000000	6.000000
15.000000	7.000000	3.000000	16.000000	9.000000
6.000000	1.000000	20.000000	17.000000	1.000000
5.000000	7.000000	18.000000	14.000000	4.000000
11.000000	19.000000	11.000000	7.000000	15.000000
14.000000	13.000000	12.000000	13.000000	11.000000
8.543855	9.045801	8.968250	8.645289	18.000000
1.000000	16.000000	4.000000	15.000000	12.000000
12.000000	12.000000	4.000000	4.000000	1.000000
11.258442	9.970234	10.725694	10.176962	2.000000
10.159717	9.630388	9.573483	9.712154	2.000000
7.000000	6.000000	14.000000	10.000000	10.000000
16.000000	19.000000	7.000000	11.000000	20.000000
4.000000	11.000000	16.000000	7.000000	5.000000
10.170360	11.364253	10.299102	10.581730	13.000000
16.000000	6.000000	1.000000	14.000000	20.000000
14.000000	3.000000	15.000000	13.000000	15.000000
17.000000	11.000000	12.000000	10.000000	1.000000
8.386615	8.953097	8.477567	8.784927	8.000000
10.290977	9.729647	9.849998	9.548776	12.000000
14.000000	16.000000	14.000000	1.000000	9.000000
6.000000	9.000000	7.000000	18.000000	2.000000
6.000000	3.000000	17.000000	12.000000	8.000000
11.000000	8.000000	18.000000	14.000000	10.000000
10.603063	10.461696	10.120728	10.727344	9.000000
14.000000	11.000000	14.000000	3.000000	8.000000
6.000000	16.000000	15.000000	11.000000	16.000000
9.599899	8.607109	8.425568	8.872335	6.000000
8.970494	9.029141	9.348989	9.370598	18.000000
9.896523	10.335596	10.098463	10.056939	9.000000
10.391251	10.201325	10.130393	9.741297	14.000000
14.000000	5.000000	4.000000	20.000000	7.000000
8.819563	9.734072	9.396982	9.201835	7.000000
10.000000	20.000000	14.000000	5.000000	20.000000
9.671108	10.068908	9.575966	10.026411	15.000000
7.000000	17.000000	10.000000	15.000000	1.000000
9.532518	8.615985	8.527351	8.695415	12.000000
10.090194	9.349505	9.452688	10.380369	12.000000
15.000000	6.000000	8.000000	9.000000	3.000000
14.000000	10.000000	14.000000	20.000000	6.000000
10.697749	10.044260	10.341998	9.969729	20.000000
10.137367	9.518284	10.123189	10.063276	7.000000
1.000000	17.000000	7.000000	7.000000	4.000000
10.000000	7.000000	9.000000	18.000000	2.000000
7.878617	8.099421	8.345376	7.110017	5.000000
8.539111	9.062337	8.989609	8.915643	16.000000
11.000000	7.000000	6.000000	18.000000	20.000000
17.000000	4.000000	12.000000	5.000000	19.000000
10.000000	18.000000	7.000000	16.000000	4.000000
8.712843	9.305548	8.695610	8.984758	7.000000
3.000000	2.000000	11.000000	2.000000	13.000000
7.000000	10.000000	18.000000	12.000000	4.000000
5.000000	2.000000	2.000000	10.000000	12.000000
13.000000	19.000000	7.000000	16.000000	15.000000
5.000000	5.000000	12.000000	11.000000	12.000000
16.000000	13.000000	9.000000	9.000000	15.000000
15.000000	12.000000	17.000000	17.000000	5.000000
9.000000	3.000000	14.000000	18.000000	14.000000
9.000000	3.000000	7.000000	10.000000	4.000000
10.000000	15.000000	2.000000	16.000000	10.000000
8.216259	8.712910	8.923865	8.936054	15.000000
18.000000	15.000000	19.000000	6.000000	4.000000
14.000000	12.000000	7.000000	10.000000	8.000000
11.000000	10.000000	2.000000	16.000000	20.000000
