4.859684	5.029887	5.166353	5.636906	4.083634	4.446269	3.565401	4.677728	5.23748	4.765591
4.234056	7.108585	4.514884	5.377901	5.124824	4.009364	4.355217	5.34714	5.050959	4.987802
4.773152	5.00792	5.612984	6.195757	4.915676	4.826335	5.462382	4.889718	4.988954	4.478421
6.567813	5.144883	4.809513	4.513992	5.160721	5.728506	5.54718	4.489474	4.629216	6.178241
5.34222	5.618402	4.684599	5.021074	4.885616	4.811282	6.303305	4.78242	5.513262	5.394659
5.879123	4.666679	5.697177	5.128106	5.072191	5.694537	4.275499	4.57582	6.821853	5.046271
5.906486	4.875149	4.73521	4.891318	4.962605	5.630456	4.825027	5.224785	5.528575	5.026727
4.871266	5.258785	5.927259	4.707794	5.038352	3.937461	3.352103	5.602749	4.952715	5.846285
4.011868	5.022944	5.060833	6.595149	6.120264	4.94549	4.027732	5.439466	5.252982	5.702119
4.914211	6.245162	5.668279	5.184886	5.366531	6.177855	4.754703	5.129636	4.227435	3.99033
5.802698	4.269878	4.277381	5.079308	4.871392	4.725243	5.019212	4.302055	4.7266	4.446637
4.366397	5.263154	5.251372	4.904346	4.32616	6.310949	4.522666	3.340723	4.446768	5.920836
5.545386	6.25206	4.902364	4.140738	4.355247	6.11457	4.777537	4.769066	5.090386	4.66148
5.291258	3.849823	5.142952	5.3558	5.514076	5.816337	5.548903	5.183465	5.341268	4.460832
3.901962	4.627058	4.489766	4.343051	3.785864	4.942914	5.375068	5.735675	5.100612	4.881438
4.662132	4.893559	5.222687	5.060848	4.597621	4.525026	5.804874	4.533417	4.907016	4.137676
5.049629	6.204352	5.582815	5.09879	4.628356	4.17455	5.428031	5.629387	5.182459	5.244318
4.834058	3.603596	5.465835	5.210128	5.533178	3.844043	4.656624	4.54347	5.157287	5.285595
5.632654	4.004514	4.587391	5.057913	5.338881	5.459724	4.655813	5.28603	5.344217	5.305882
3.774093	5.105731	5.374311	5.331918	5.431819	4.907126	4.502052	5.336094	5.677243	5.896142
5.0407	5.354458	3.658275	4.450241	4.125727	4.740866	5.313803	4.89893	4.8738	5.389277
5.118536	5.619634	5.232497	6.231642	4.888245	4.969326	6.015958	5.375881	4.648444	5.483047
4.557775	5.428314	5.364712	5.059466	4.652085	4.835154	4.621411	5.306803	5.346373	4.798063
4.761072	5.319489	5.477068	4.673209	4.652586	4.186041	4.674242	4.026178	6.437065	5.916044
4.36342	5.812301	4.422399	5.171548	5.290952	4.767245	4.432971	4.872498	5.886254	5.477552
6.887228	4.432818	4.98493	5.046666	5.182528	5.2208	6.128363	5.654867	5.000792	5.871852
5.817265	4.805389	4.315118	3.620131	3.696092	4.542092	4.778275	4.52793	4.707099	4.610643
5.353376	5.792361	5.103374	5.822431	4.708024	4.804973	4.193716	4.608401	4.466561	5.077198
4.837678	4.031693	5.039008	5.065226	4.873918	5.620785	4.604282	4.440845	4.454432	4.10674
5.056452	5.014792	5.396916	5.209712	4.572445	4.657307	4.592755	4.818477	4.775219	4.8218
4.972072	5.57232	5.271643	4.46845	5.071549	4.595372	5.284191	4.967017	3.761415	5.274699
5.155267	4.917201	4.30654	4.857804	4.156513	5.183486	4.143328	5.193701	4.864483	5.051653
4.522763	5.114986	5.514616	4.890625	4.894562	5.219273	4.987405	5.264947	5.657758	5.130838
5.525029	4.220259	5.451228	5.242599	4.108272	5.924005	3.828103	5.843267	4.823553	5.334971
5.187324	6.074715	4.726777	5.539191	6.016346	5.026824	4.906665	5.125658	4.383765	6.051304
5.112185	4.983685	4.724577	5.84387	5.938861	4.409397	5.742161	4.494565	5.400694	5.039372
3.92654	4.492989	6.068916	3.799176	3.744031	6.240516	5.338532	5.487274	5.615336	5.000422
5.317584	3.482281	5.109563	4.298031	5.292407	5.529046	4.695212	4.861366	4.985794	4.619717
5.472393	5.995168	3.172974	4.639581	4.728325	4.444129	4.511486	5.499086	5.448111	4.800503
4.467268	4.698408	5.4921	5.966835	5.014578	5.383274	4.991434	4.96126	5.316141	4.723321
5.284093	4.858227	6.067517	5.257638	5.014921	5.010981	5.278203	5.16261	5.306102	5.180206
4.950654	5.310361	4.849727	4.397307	4.646948	4.747531	5.45928	6.007319	5.804245	5.482347
4.319172	4.512289	5.515008	5.859871	4.94012	3.202248	4.519057	3.726336	5.477984	4.571163
5.385964	5.129042	4.828506	5.153888	4.023778	5.829693	4.61762	5.651625	5.129059	4.005432
4.002725	6.106698	5.047331	5.172823	4.457092	6.129954	6.136642	5.302982	5.19593	4.144339
4.366095	5.910896	4.295645	4.298342	5.282009	5.167112	4.145737	5.699543	4.288538	5.063923
5.997065	4.528898	4.555102	5.099822	5.011194	5.441258	5.082621	5.51266	5.498237	5.82288
5.732566	6.301062	6.040458	4.781598	5.639625	4.160981	4.193568	5.014605	4.421983	4.841614
5.950983	4.886937	5.942003	4.884613	4.97893	4.672801	4.324358	5.160641	4.442252	4.925639
5.766575	5.267686	5.19884	5.252502	4.403775	5.064484	7.236956	4.637997	4.051461	5.477579
6.662272	4.199333	4.280297	5.745719	4.864207	6.401453	5.247552	5.383241	5.485794	5.584262
5.324005	4.8475	4.490233	5.756743	5.645947	4.508533	5.353608	5.757408	4.673749	4.107864
4.428316	5.202785	4.038883	4.079917	4.461124	5.728297	4.454495	5.137853	4.885822	4.298343
4.441552	5.143041	4.449465	4.627616	5.561447	5.795709	4.914226	4.659778	4.006628	5.16102
5.084064	6.003837	4.560477	5.894524	5.505503	6.35767	6.532362	3.992254	5.408493	5.707053
6.484708	6.279695	5.221936	5.945076	5.194508	5.456561	4.194615	4.23368	4.954722	5.417817
4.673816	4.175134	5.202606	4.848246	4.586857	3.72715	5.577059	6.236615	5.672272	5.582436
4.257712	5.020217	4.990999	4.302148	3.928248	5.356685	4.47716	4.406846	3.003471	5.276261
4.26417	4.638662	4.162672	6.344243	4.445776	4.945293	5.963509	4.376422	3.638023	5.666777
5.522442	3.906127	4.657899	5.000635	5.071622	5.214451	4.485625	4.585506	4.948258	5.100383
4.367346	3.960155	5.182331	6.317226	3.99067	5.052977	4.10931	5.226223	5.113794	4.479436
5.329895	4.712202	4.715206	5.122987	5.097318	4.71646	4.759263	4.170529	6.184433	4.227064
5.479727	5.666594	5.551567	4.382602	5.198828	4.201339	4.721894	4.918655	5.054997	4.877287
5.464976	4.942792	4.021943	5.612711	4.757421	5.327344	5.781923	5.71884	5.882816	3.779427
5.365287	5.279696	5.891556	3.738755	4.195116	4.795334	5.930146	4.650939	4.107392	4.895045
3.556159	4.711669	4.950807	4.141285	4.90449	5.202852	5.513117	5.292622	4.672974	4.56085
5.239137	3.945176	5.37439	5.967889	4.466881	4.325705	4.984273	5.623877	5.636035	4.690032
5.151745	4.787962	4.718353	5.798551	4.68811	4.383098	5.206148	4.840731	5.290693	5.446553
5.070909	4.934459	5.625833	4.539416	5.073502	5.156987	4.763371	4.710119	3.97447	5.308155
5.426198	5.097729	5.548154	5.114517	5.41579	5.16593	4.320447	4.951458	5.825519	4.766815
5.121588	4.529922	4.677263	5.13796	4.920915	4.132029	4.541829	4.845067	4.333768	4.710439
4.452103	4.015417	4.996812	4.898446	4.850574	4.662171	5.688422	5.129892	4.010318	5.377458
4.758744	5.078258	4.533456	4.717249	5.832222	5.274988	5.392331	4.778033	6.110835	5.706755
4.897916	5.065092	5.317992	4.226254	4.166858	4.350388	6.150707	3.945821	4.798439	4.336963
5.819766	4.823222	5.434527	4.201019	6.046389	3.799005	3.995586	5.218653	5.998537	5.324421
4.785455	4.984248	5.63518	5.07691	4.458898	4.370755	4.618081	4.875141	4.625998	5.904967
4.819152	5.274617	3.541514	5.982281	5.242654	4.901705	4.164115	4.696849	5.438927	5.407726
4.839638	5.242822	5.109381	4.705385	5.032433	5.14996	4.539908	4.731879	3.604228	5.547701
4.550226	4.805267	4.259643	5.544401	5.584169	5.31773	4.778984	3.303064	5.07626	6.081066
5.159943	4.764891	5.324033	5.146983	5.415758	4.567757	5.064653	4.738523	5.70076	5.084908
6.141472	4.319633	4.004832	5.13126	6.063583	5.226253	5.688687	5.777088	4.102018	5.317985
5.15195	5.387611	4.244373	4.654708	6.013919	4.55435	4.531363	5.437039	3.52618	4.916258
3.921485	4.993911	4.722236	5.433516	5.742534	4.828897	3.84448	4.73524	5.472597	4.377116
4.336477	5.147946	4.878975	5.380742	4.955375	5.138997	5.097536	5.462282	6.248195	5.758097
4.611787	5.324132	4.537869	5.503314	3.929458	5.42139	5.519337	5.1165	4.313861	5.097843
5.214908	4.682723	4.576884	5.00805	5.560064	6.022644	5.142528	5.979	4.55315	4.888645
4.211476	5.176868	5.492517	4.858619	4.610587	5.866686	4.733331	5.820018	4.402938	5.295171
4.455424	4.844463	5.043448	4.931434	5.105187	3.86836	4.853288	4.756543	5.723384	5.368026
5.184771	5.048255	5.665654	4.907646	5.10057	4.388894	4.399953	4.53686	3.920064	4.950217
5.565431	5.358737	5.269833	3.39298	4.280336	4.931252	5.575985	5.694061	4.277082	5.570471
4.591013	4.777176	5.228849	5.663321	4.748693	6.157688	5.34466	4.933071	5.226716	5.489438
5.598092	5.355706	5.007074	3.989892	5.458667	4.750521	4.919833	4.80494	5.112761	5.127654
5.495592	5.178344	5.351851	4.540073	3.853526	5.023139	5.008966	4.905972	5.055378	6.028958
5.210865	5.219406	5.265238	5.321018	5.194124	4.670743	5.436617	5.813334	5.195629	4.956008
4.976749	5.404401	4.367464	6.130579	5.201505	4.999271	4.022367	5.961534	4.624627	4.172249
5.666328	3.928662	4.407394	3.581856	5.361063	4.308289	5.149936	5.93768	5.388303	5.225502
5.643144	5.836489	5.368054	5.636156	5.210062	4.940351	4.556364	4.915245	5.428486	4.130902
4.420081	4.873771	6.287845	4.826932	4.54848	5.306481	4.37833	5.047102	5.099135	4.077876
6.514021	5.465117	5.684097	5.484969	4.772593	5.704827	4.799662	4.001962	4.501034	7.093343
4.9856	5.037908	3.030659	5.906085	5.352482	5.579064	5.456215	4.595905	4.506019	4.879791
5.091983	5.014975	5.610005	4.937078	4.841521	4.143643	4.367783	4.920661	5.420871	4.747438
5.572097	4.877481	5.626058	5.278756	5.449737	4.338578	4.269962	3.815434	4.411497	5.00668
5.067	5.656683	4.777554	5.183206	4.693712	5.757264	5.707514	4.679677	4.131261	4.299767
4.33022	5.098376	6.047969	4.632925	5.996165	3.807773	4.614713	4.454794	3.919188	4.539324
3.877698	4.894726	5.308378	3.80521	5.239625	4.635876	5.010114	4.417346	3.930559	5.198119
5.208694	3.55641	5.187193	4.416552	6.418875	5.121779	5.278506	5.077141	4.786495	4.470137
5.149759	4.349909	5.329367	5.669235	5.07094	4.270037	5.553875	5.338196	4.355896	4.83699
5.18249	5.457861	3.902983	5.433413	5.356769	4.473566	5.705445	4.930447	5.280545	3.812302
5.25409	4.416262	5.498291	5.062088	4.287398	4.823216	4.893124	5.321006	5.263746	3.909608
5.668545	5.345843	5.697563	5.265218	5.141296	5.838319	5.073544	5.353479	5.421501	5.348047
4.401468	4.575082	4.668984	4.03297	5.650141	4.74169	5.1113	5.543741	5.028185	4.686621
3.850179	5.306893	5.265231	4.115095	3.999883	2.957775	5.730445	4.451508	5.387526	5.670358
4.447902	5.485602	5.245735	5.229417	4.774405	5.543721	5.139889	5.054589	5.593828	5.454458
5.255279	4.375272	5.163343	5.402627	5.489575	5.367819	5.271663	5.35259	5.582671	5.920976
4.310143	5.205035	5.290603	5.163199	4.313727	4.653953	5.051966	5.336348	3.998893	6.049924
4.690536	4.72554	5.401625	4.023923	4.477118	5.124138	4.45638	5.219927	3.848692	5.253479
4.127299	4.835192	5.220466	4.903232	4.632701	4.374167	5.313824	4.952612	5.022755	5.564614
4.09959	3.921594	5.25685	4.143972	4.687511	4.751334	5.296745	5.381718	4.455038	5.316982
4.647392	4.961426	5.632005	5.418088	5.605785	6.096285	4.101477	4.984906	5.274993	3.761379
4.533983	5.050153	4.386073	4.812414	5.247767	4.991852	5.030153	4.397069	3.872003	5.296681
4.566548	5.456199	4.690791	4.721213	4.865528	4.19186	4.697124	5.29083	4.684849	4.576142
4.333894	5.643978	5.924207	4.622379	4.414981	4.731463	5.252415	6.256828	4.871568	4.834186
5.2517	4.946208	4.283079	5.454176	4.808111	5.218494	4.711186	4.463268	5.134094	4.210646
4.631587	4.384511	4.901451	5.00635	5.387385	5.720273	5.229758	4.475286	5.105698	4.665741
2.851417	5.712141	4.239409	4.127429	5.452017	4.068965	4.436011	4.576802	4.851892	4.25058
5.008633	4.932526	4.766104	5.781868	6.175552	5.877508	4.150346	4.739208	5.236979	4.646126
4.912261	5.229587	6.596338	5.23884	4.936032	4.545543	5.836198	4.451653	4.582266	4.663509
4.921409	5.120794	5.052637	4.94488	4.42252	4.028249	5.151663	5.123456	3.440459	4.383853
4.689865	5.83124	4.805744	6.817363	6.699686	4.697806	4.70308	4.068494	3.9043	5.701338
3.896591	4.020086	6.607969	5.231712	4.992862	5.00325	5.286486	4.849195	4.690952	4.259756
5.527885	5.578968	5.354777	5.541377	5.963115	5.812767	4.927244	5.343687	5.136226	4.568367
5.126479	4.095927	3.890349	5.824914	4.718992	4.895397	5.53888	5.484796	6.088833	4.865718
4.670814	5.263696	5.462843	4.480005	4.68539	5.208928	4.236419	4.673987	4.93012	5.310061
4.864952	6.128608	5.168362	4.816719	5.200523	5.887166	5.037721	5.47612	5.597456	5.55558
5.049271	5.525536	4.474277	4.559417	5.720495	5.466872	4.818422	4.831072	5.306929	6.123983
5.487994	5.199533	4.574435	4.65642	4.942445	5.840208	5.560931	5.364925	4.183524	4.542609
4.680304	5.108001	5.587329	4.985805	5.13204	5.062552	5.22403	4.937387	4.306808	4.036815
5.406609	3.940008	5.386673	4.803253	4.084154	4.557818	5.195107	5.164655	4.736287	6.092459
4.889038	4.114727	4.058588	5.734728	4.50367	4.952121	6.150637	6.066502	5.963765	4.700175
5.202361	5.706233	6.026261	4.302705	5.044935	6.980879	5.387895	5.373827	5.125194	4.121999
4.836707	6.343813	5.907513	6.128502	5.466844	5.757868	3.976078	4.946158	5.169821	5.188612
5.483511	4.27917	5.558749	5.616523	5.949812	4.830672	4.838915	4.360504	4.735073	5.144663
5.032592	4.306772	5.208662	5.025963	4.827447	3.867887	4.869736	5.641678	5.574432	5.545742
5.898242	4.100466	4.681325	4.521306	5.80671	5.264783	6.52356	4.134857	5.253517	5.093091
5.854852	4.524275	4.003612	4.626947	5.448449	5.260491	6.023511	6.46888	4.119588	4.983527
5.782501	4.553983	4.796026	4.997906	5.344584	6.929286	4.273082	4.523243	4.410134	4.855057
5.821743	4.603936	5.457315	4.974667	4.805574	4.489071	4.45821	5.130062	5.256627	4.829889
5.333629	5.949588	4.185621	5.534011	3.728851	6.044141	5.546611	3.769065	5.297725	4.497171
5.213203	5.636834	4.27991	5.481488	4.875754	4.523607	5.457142	4.737774	4.843849	5.200039
5.305159	5.612856	5.716369	4.869255	4.546946	3.499089	4.581796	5.286793	6.386736	5.102749
5.051832	3.683983	6.097083	4.735424	6.230798	5.329857	6.755326	4.63667	4.545712	4.184707
4.798213	6.200627	5.011446	3.207013	4.353847	3.98122	5.375843	5.108853	4.472737	4.177351
4.963082	3.733299	4.477074	5.380413	5.935984	4.84925	4.501229	4.960135	4.472679	5.377966
4.219203	5.032273	5.683629	4.444245	5.274698	4.438146	6.149383	5.079238	4.18198	5.345614
4.831573	4.565999	4.585518	4.432152	5.458833	4.275117	5.228378	5.526195	4.665791	5.266725
6.141895	5.613285	5.458002	4.863226	5.401381	5.022824	4.975922	4.97681	3.376057	4.421064
5.82737	5.373471	4.695778	4.880439	5.368554	5.817496	5.507066	4.824673	5.051327	4.392027
4.350042	4.879443	5.044054	5.819011	4.943445	3.624064	4.871387	5.437348	5.113424	4.659949
4.112041	4.288662	4.785643	3.67671	4.690506	5.556057	5.682089	5.195944	5.3897	5.731059
4.776655	4.785557	6.068954	3.837152	4.578423	4.018434	4.975715	4.68499	4.691037	4.312805
4.954117	5.230416	5.276866	5.970869	5.597166	6.491652	4.544008	4.219777	5.088933	5.048479
4.97278	4.530092	6.12052	4.808185	5.33755	5.425719	6.104358	4.283043	4.548871	4.55757
5.194714	4.170547	3.863265	5.058035	5.326329	4.330374	4.515875	5.45325	5.160982	4.654325
5.710842	4.987627	5.864403	5.6631	4.94486	5.614341	5.655338	4.758085	4.231466	4.160337
4.891084	5.981968	4.644247	4.743759	5.125549	6.597414	4.919095	5.527717	4.968063	5.429187
5.636016	5.597835	3.645508	5.6312	5.738593	5.515411	4.686723	5.084732	4.901465	6.364801
5.612121	5.566914	5.37242	5.695292	5.09089	4.591018	5.341192	6.015766	4.632501	4.358324
4.882374	4.523267	5.831884	6.94877	4.63957	5.314883	6.042899	5.804801	4.789751	5.584894
5.261498	5.511311	5.462284	5.001459	4.846313	5.017786	5.64569	4.653704	4.457605	4.586027
4.673729	5.646605	4.704594	4.425451	4.883104	5.086786	4.766322	3.938851	3.857647	4.831989
3.977663	5.036332	5.389007	4.673348	5.627478	3.953716	4.321103	3.965395	6.047847	4.960688
4.775362	4.9654	6.518487	5.364658	4.478607	5.590543	5.133006	6.095527	5.334892	4.278045
5.455569	3.898454	4.826901	5.389875	4.860208	5.374523	5.478594	5.644864	5.765529	4.420277
4.449095	5.038361	4.237969	4.831	5.226799	4.792459	5.241959	4.019676	5.033577	5.356305
4.4555	6.1278	5.241384	3.949483	5.343047	4.282227	5.353478	5.809758	4.906196	4.010361
5.369932	4.65069	4.353826	5.512289	5.586437	4.601142	5.450805	4.141129	4.516582	4.02501
4.648427	4.61897	5.662234	4.302104	5.087027	3.051508	5.215822	5.081551	3.211622	5.020271
4.892049	5.077575	4.8418	4.904678	5.103174	5.866944	4.410377	4.474743	4.667513	4.610774
4.428673	3.791999	5.598729	5.708551	4.701031	4.000319	4.419228	4.580691	4.85612	4.556683
5.124536	4.411745	5.294405	4.668515	5.108942	5.022951	4.37774	5.346164	5.046896	5.873962
4.879086	4.917581	4.977551	4.990196	3.944239	5.959877	5.370069	4.711651	5.74234	6.296758
5.839184	4.347548	6.055382	4.654105	4.861112	4.784491	4.680946	5.015929	4.814137	3.403535
4.793064	3.978099	3.491507	5.594141	4.915514	5.128572	4.718093	5.220821	6.010864	5.460438
5.064554	5.083287	4.428897	4.97289	5.269045	4.544142	5.255497	4.657314	5.194103	4.56432
5.482405	4.948472	4.389577	5.690739	4.673463	3.841873	4.512516	5.201433	4.550952	4.278046
5.124976	5.748522	3.67365	4.920069	4.59292	6.049174	5.467509	4.7036	4.207449	4.90032
5.461769	4.064936	4.596985	5.031703	3.701813	5.734942	4.852886	6.064871	4.810076	4.59667
4.682357	4.672062	5.129069	5.553958	4.515702	5.16595	4.444818	4.686032	4.988747	4.425077
4.814984	5.015268	5.105684	4.225296	5.555993	6.330206	3.987871	5.407844	3.564419	6.568697
4.030814	4.576718	5.52877	5.28397	5.165594	4.966227	3.856466	5.400302	4.846461	4.535177
4.963738	5.094795	4.441076	4.598097	5.12721	5.192275	4.596229	5.29023	4.959282	4.929992
5.434207	3.894832	6.246559	5.326555	5.568146	6.325408	4.786513	5.379554	6.022944	6.005729
4.931779	4.668675	5.439834	6.106742	4.132327	4.741097	3.943355	3.593239	5.716554	4.701292
5.280387	5.199048	5.129533	5.904449	6.086575	4.856727	5.446412	5.116241	5.278823	4.774085
4.934313	4.779996	5.516589	4.617342	4.883614	4.370655	5.104314	5.138194	5.015095	5.809986
5.622735	3.975924	5.370078	5.476131	4.947186	5.847513	4.994797	4.042315	5.88211	5.147992
4.067245	4.556698	5.015552	5.30585	5.838147	4.303634	5.90559	5.235554	5.575884	4.861116
5.651236	3.624865	4.191336	5.203083	5.016181	4.653237	5.223737	5.089824	3.944996	5.164693
4.674653	4.969766	4.901051	4.60206	3.880143	4.641495	3.752108	5.453843	4.812996	6.112216
5.263817	4.880841	4.845716	4.113215	4.097722	5.140379	5.420044	5.045099	5.625534	4.411266
