5.593729	4.15312	5.361424	4.58315	4.72227	5.762887	5.060956	6.089071	5.960122	4.356789
5.041893	5.431636	5.10429	3.853837	3.490925	5.945879	4.242619	5.355	5.659311	5.012845
6.028459	6.111145	5.265097	4.780009	4.808813	5.831395	5.712913	4.361076	4.208522	4.952358
5.764511	4.708553	4.827621	4.89045	5.838172	5.126313	4.581837	4.653474	4.019232	5.142104
5.863603	4.25645	7.496641	4.990136	4.634045	4.759862	4.561373	6.538242	5.495406	5.551787
5.315218	6.690722	4.643211	4.775837	4.071951	5.081795	5.047907	4.969492	4.946801	5.913178
5.37662	4.966324	4.694301	5.208564	3.992552	4.25873	5.802872	5.205819	4.437802	4.070829
4.638413	4.565781	5.637947	5.028594	6.048557	4.745955	4.630477	4.689351	5.036379	4.516535
4.469858	5.188279	4.679343	4.182957	5.700193	5.546913	5.45829	4.209181	5.013043	4.968768
3.668818	5.47102	5.066113	5.118714	5.069335	4.71115	4.059186	4.701327	3.608029	5.957296
5.080051	4.851542	5.008051	4.627936	4.527669	4.772637	4.145779	4.5129	5.959325	4.454672
4.879119	4.549996	4.532594	4.712322	4.300445	5.108455	5.142034	6.653502	4.019075	4.833479
5.014883	5.041116	5.746787	5.25882	5.029765	5.248565	4.849534	3.772771	4.133677	5.486554
5.852947	4.84564	5.307873	4.695719	5.006881	4.068076	4.091645	4.941088	5.075688	4.758407
5.427671	4.650733	4.680873	5.561524	5.301375	5.654308	4.75638	4.976208	5.436669	5.152811
5.26529	3.36264	5.30593	4.765493	5.538669	5.832308	5.533803	4.67766	5.223958	4.101022
3.275245	4.031286	5.916658	4.179245	4.395178	4.519224	5.27939	5.401255	5.980751	4.431286
5.534713	4.207978	5.380367	5.360409	5.614115	5.121732	5.438259	4.849745	5.504975	5.350682
5.185513	4.622948	6.031225	4.696455	4.711418	5.109012	3.891268	4.838282	5.233437	5.763821
4.419796	4.423141	6.327612	4.341269	4.587915	4.751215	4.703352	4.829769	3.911341	5.083722
4.029167	4.850414	4.500737	4.967394	5.6857	5.445873	3.918535	4.013033	5.611502	5.006147
4.555526	4.206432	5.472036	5.072629	4.706689	5.120775	5.796297	6.085997	5.705918	4.208141
4.690605	5.546743	4.906471	4.829202	5.075336	5.212903	5.459295	5.507401	4.410894	6.018144
4.972063	5.117715	4.880016	5.17099	4.145745	4.594552	5.277344	5.123391	4.20661	5.536928
5.275342	4.055007	5.616255	4.163882	5.863804	5.934038	4.236636	4.770344	4.135328	4.680953
5.423433	4.408102	4.963091	4.046783	4.580466	5.535789	6.536908	5.377772	5.052345	5.652817
4.431489	4.780812	5.702258	5.149603	6.104383	4.519898	5.358974	4.814918	4.529609	4.724442
4.095735	5.025319	3.338029	4.210482	5.19276	5.035923	5.116559	5.329517	4.909342	5.333201
4.586617	4.906424	5.667315	5.328886	4.569067	5.439229	4.52481	5.064189	5.849452	3.913255
5.653678	5.406542	4.450536	5.446026	4.744307	4.7315	5.969933	4.638324	5.129832	5.094917
4.127025	4.847473	5.400924	4.266113	4.767743	4.553068	3.575824	4.120544	4.73572	4.738049
5.503209	4.109428	4.943912	5.371134	4.277396	6.026465	5.852829	4.57374	5.118762	5.390532
5.315425	5.195505	5.856474	4.65791	4.874806	4.922767	3.919775	5.147676	3.795349	4.640579
5.64535	4.960974	5.086812	5.226311	5.741056	4.869458	4.391245	4.412142	3.92488	6.085966
5.602907	5.277872	5.17967	5.212387	4.394164	4.835935	6.582797	3.941475	3.799891	4.323962
4.640376	5.358763	5.422089	4.693452	3.561521	5.426429	5.399132	4.31047	4.860367	5.51426
4.504512	5.089609	5.293328	5.365292	4.565969	4.751399	4.912872	5.094788	4.82272	4.333078
5.750676	5.359622	4.533043	6.529278	4.967431	5.595932	5.510487	4.559495	5.088127	5.256145
4.419168	5.521625	5.530929	3.329315	3.788323	5.166894	4.308857	5.234979	5.331828	4.845249
4.214736	3.898664	5.307034	4.572805	5.616712	3.490776	4.109262	4.034233	4.970558	5.411909
3.997041	6.106232	5.126558	4.90926	5.072532	4.68008	4.555596	5.147812	4.345541	5.404963
4.187157	4.618841	5.238128	5.268071	4.971298	5.151609	5.179429	5.1895	4.530877	4.470301
4.935108	3.957318	3.836553	4.299186	4.841056	4.685335	5.135419	5.284964	3.513157	4.678609
5.158069	5.191659	3.822011	5.092955	5.135314	4.041097	6.230309	4.648524	5.463309	4.826045
6.55581	4.499141	5.442538	5.93645	4.554067	5.522646	4.523967	5.726541	5.43563	5.432574
5.857256	4.920141	5.221968	4.836466	5.150832	4.438547	5.243497	4.654688	4.572855	4.417032
5.282898	5.906992	5.832258	5.405715	5.358166	4.813842	4.084843	4.001484	5.765985	5.100879
4.334937	4.257347	4.72135	5.308007	6.434226	4.976015	4.757025	5.775291	5.423008	4.594378
4.561501	4.640065	5.82526	5.433802	4.827957	5.061542	5.434732	5.331741	4.819108	5.334323
5.440762	5.33563	4.606571	5.547585	5.695033	4.548784	3.616212	5.896194	4.913282	5.569541
4.146194	4.640599	5.454948	4.006245	4.685995	4.1507	4.756782	3.947747	4.115712	4.533918
4.762276	5.492764	6.086411	4.763634	6.231977	5.438648	4.421134	4.579117	5.873201	4.241354
3.748891	6.11165	5.398385	5.002934	4.926435	3.72199	6.069121	4.442635	5.302161	5.595461
3.658182	4.42238	4.653477	3.922033	4.771659	4.707261	5.384574	4.926727	5.295693	4.35768
5.265271	4.566695	3.954138	5.915492	4.404682	4.897402	5.29527	5.639314	5.026491	3.68225
4.457202	5.682647	4.417115	5.954363	4.629547	4.391768	6.281881	5.615025	4.458968	3.895426
5.134036	4.258787	5.451118	4.589516	4.697786	5.920375	5.54653	5.568862	4.963426	5.017325
5.148436	5.424968	5.216413	5.200445	5.392334	5.143267	4.274378	4.601936	6.035512	4.215029
5.206242	5.362589	5.314485	5.415177	3.976387	4.30027	5.997101	4.629304	5.321273	5.547274
4.723422	5.723619	5.620202	4.71267	5.797877	4.480797	3.964619	5.117801	4.8358	5.163419
4.894729	4.323834	4.947199	3.894488	4.397206	4.879272	4.169526	5.700828	5.045885	5.261067
5.421976	4.455104	5.65525	4.883968	5.08111	5.868678	5.335957	5.713065	5.351275	5.770774
5.430452	4.816833	4.053782	4.864045	4.273194	4.162552	4.980339	4.82277	5.19731	4.470669
4.479643	4.605661	5.544189	4.725199	5.418618	3.864326	6.224568	4.312133	5.001352	4.853308
4.035584	4.430531	4.760089	3.896744	4.511509	3.87996	4.716918	3.683462	5.968897	4.889729
5.299408	5.322631	4.412934	5.417744	5.108887	5.18866	5.397787	5.135395	4.7465	5.275187
5.774562	4.360503	5.177732	4.748476	4.809042	4.833579	4.359944	5.627502	5.842432	4.972333
4.691963	4.400699	4.881737	5.476621	5.070672	5.738814	4.179012	4.161159	5.468347	4.936132
4.679409	4.936325	4.509246	4.817963	4.482882	4.847326	4.455187	5.231483	5.400145	4.132288
5.270426	4.836054	5.253509	4.008408	6.02598	6.364101	5.444823	4.484274	5.571701	5.1269
3.853684	5.10536	5.719366	4.277392	6.198829	6.318754	4.6733	7.090595	5.273709	3.827694
5.580755	5.74386	4.88903	5.067176	5.182388	5.299368	4.343846	4.374702	5.231402	5.864113
5.022475	5.651708	5.303846	5.740296	4.187936	5.330835	4.395375	5.388301	5.118828	4.667819
5.134579	5.500873	5.610705	5.367252	5.142926	4.432183	4.040149	5.74995	4.531103	4.879384
5.591355	5.175244	5.96466	5.705418	4.544427	3.728021	4.913971	4.630014	4.419465	3.985703
5.041462	4.789454	5.749886	5.7844	5.254449	4.73031	5.632442	4.309805	5.3929	5.046302
6.262503	3.609085	4.745488	5.56222	5.274216	5.152826	5.066373	4.792157	4.347538	4.609241
5.931697	5.54209	5.731579	5.418486	5.134663	4.471489	5.048285	4.668439	5.221231	4.401549
3.394073	5.010497	3.810028	6.745193	5.206579	5.407777	5.592646	5.583077	4.987566	4.295055
4.286859	6.219778	5.064114	4.019726	4.762973	5.735544	6.3517	5.513193	4.679097	5.382761
4.924405	5.272121	5.146121	5.54013	5.279791	6.181453	5.144753	4.615389	4.942039	5.114746
5.663946	5.685073	5.587945	4.890261	5.511028	4.414514	5.082328	5.591166	5.080986	4.980543
5.30832	4.99141	6.905275	3.981744	4.409442	5.032846	4.868174	4.650488	5.125354	5.054312
4.082687	5.491108	5.260045	4.94516	6.092737	4.066627	5.839584	4.267007	5.336429	4.819369
5.405956	6.204107	5.239367	6.081087	4.676644	4.046136	5.931923	5.055766	4.649075	5.301281
5.011524	5.431047	5.316113	4.713518	3.775873	5.438588	6.276105	5.519403	6.389785	4.269918
5.619711	4.920983	6.1518	4.963	5.115783	4.937481	4.023555	5.219521	4.795338	4.767291
4.669274	4.90001	5.433352	5.50203	5.349557	5.092301	5.763011	5.328894	4.972381	4.910055
5.243316	4.495574	6.006734	5.660845	4.63769	5.423993	4.427673	4.830389	5.022245	5.006545
3.480688	5.963792	4.723534	4.820936	4.817236	5.896848	3.003008	4.637127	5.493452	4.268248
3.743029	6.085612	4.937882	5.707716	6.496338	3.226856	4.957941	4.817536	4.710052	5.195368
5.670684	4.831344	4.11573	5.344875	4.572473	4.770777	4.500514	5.081218	6.084978	5.850394
4.48905	4.749411	4.60214	5.61055	4.642364	5.607841	5.610091	4.513663	4.683433	5.273617
4.61468	6.02929	4.960331	4.338481	4.396613	4.387507	3.856058	5.274662	3.309201	5.481911
5.019457	5.414061	4.275939	5.811427	5.048827	4.456864	5.172786	4.93018	5.792189	5.441572
5.697225	6.029629	5.454923	5.121397	5.02077	4.835469	4.729095	5.907737	4.110436	5.927469
4.643587	4.5491	5.354999	4.654444	5.358638	4.626998	4.769504	4.543265	3.871226	4.782675
3.766757	4.27399	4.667958	5.61414	6.088542	4.565581	4.647851	5.423549	4.390612	4.574855
5.602959	5.25858	5.054495	5.622539	4.485553	4.896924	4.269811	5.784011	4.622004	4.203121
4.938639	5.287855	6.205889	5.624772	5.266584	5.473564	4.042622	4.889915	5.229745	4.241707
4.411732	5.205384	5.115041	6.079316	3.87245	4.776186	4.905379	5.14581	5.319861	5.282662
4.875318	4.32093	4.802038	4.712313	4.983644	6.637317	4.94931	5.201699	5.644037	5.468948
5.627906	4.280803	4.140003	4.246383	5.313676	5.584287	3.81307	4.500177	3.513483	4.741571
6.572	5.514056	5.443094	5.172848	5.485075	4.84598	5.545088	4.129268	4.478571	6.304787
5.274597	5.31615	5.071136	5.845179	5.065049	5.09297	5.1803	4.505739	6.59326	5.453887
6.167038	4.585829	4.755705	5.365873	5.282812	5.274032	5.179771	5.533112	5.719084	4.37945
4.208097	6.112835	4.844163	6.210686	6.718877	5.896259	5.765097	6.428164	4.460951	5.6515
5.664067	7.04452	5.383441	4.136569	4.738124	4.844131	4.8645	5.454574	4.607285	3.818228
5.807508	4.629766	5.761105	4.896727	3.685164	5.053879	4.223039	5.598305	5.577828	5.096092
5.507944	5.301397	5.141981	5.083271	4.144021	4.814286	4.566242	4.188549	6.061579	6.19637
4.737205	5.594603	5.091319	4.230682	4.686964	3.054884	5.815564	5.207895	4.355204	4.828446
5.006565	5.544715	5.361346	4.031172	5.290909	3.669278	3.642091	4.662727	5.17645	4.771226
5.145113	5.015957	4.845052	4.917638	4.200351	4.568191	5.248363	4.973555	5.360421	4.820164
5.4693	5.142944	5.185012	4.598284	4.49538	5.105952	4.457074	5.089988	5.508178	5.006479
4.122452	5.277841	4.904614	5.097837	4.4413	5.316205	4.524078	5.2355	3.305003	5.025195
5.855422	5.824298	6.038962	4.596235	4.999183	5.538022	5.000597	4.983195	4.563548	5.070805
4.755714	5.786745	4.645118	3.864351	3.675604	5.280621	4.978039	4.74472	4.872672	4.817239
4.620165	5.02307	5.443195	4.101543	4.808158	5.060658	5.741176	4.337406	4.6708	5.376093
6.318289	6.045748	5.606232	5.104445	4.447694	5.325249	2.762115	6.478788	5.639951	4.698172
3.963959	5.175381	4.890884	4.727027	4.235468	4.094198	4.626435	6.400619	5.110815	4.642143
4.800279	4.561383	4.476595	4.505624	5.286495	5.267424	5.66537	4.678227	4.784476	5.505656
6.0715	4.434388	5.088259	3.644183	5.214951	4.95319	4.063464	4.534975	4.854342	3.986816
5.052666	4.596566	5.80747	4.736892	4.978985	5.260238	5.353274	5.308732	5.125001	6.024838
6.262232	4.726174	4.601952	5.070573	4.640358	5.4247	4.793908	5.795369	6.232038	5.220679
3.313021	4.478595	4.87585	5.112215	5.128988	4.641026	4.613425	4.80661	6.05089	6.035738
4.914823	6.215539	5.347374	5.625849	4.867888	5.12993	5.470467	5.572949	5.182338	5.197136
5.378618	5.469766	4.347683	5.05158	5.859731	4.956678	4.404264	4.748814	4.976942	4.067371
4.693688	4.479965	4.895727	4.779042	5.970694	3.755314	3.392233	6.000758	4.847344	4.911645
5.244061	4.204535	5.792041	4.768072	4.783527	5.41557	5.334338	5.529183	4.196124	5.377057
4.597	5.290726	5.303766	5.278868	4.060482	5.978543	4.574533	4.986689	5.060777	4.955399
4.406029	4.510788	5.311028	4.576524	5.637715	4.60704	4.967288	4.362133	4.363708	5.684018
5.276772	4.717511	5.586752	5.193507	4.373775	5.246518	5.038517	5.152955	4.930936	5.165307
5.313697	4.688781	5.890657	5.452604	4.767759	5.142424	6.135662	5.371051	5.15063	5.207902
5.413557	4.086257	5.282894	5.384944	4.635835	4.440973	4.453725	3.419154	4.925133	3.692596
4.427667	4.925989	5.31135	4.315747	5.286516	5.684095	5.394926	6.008352	4.629993	5.23153
5.021226	4.039046	4.316699	5.184169	5.580509	5.463006	4.576726	5.172297	4.355004	4.528629
5.329439	5.163963	5.300766	5.232051	5.171471	5.134239	5.15896	5.254171	4.909764	6.029908
6.290637	4.522723	6.073139	4.488973	5.100524	4.834322	5.409114	3.968902	4.845341	4.598072
4.301361	4.696778	5.052587	5.033668	5.130252	4.887323	6.246958	4.91742	4.522765	6.467319
4.383306	5.507595	5.474138	4.863731	3.799906	5.088105	4.323512	5.327113	5.095503	4.606109
5.321819	4.725104	5.508442	5.292977	5.378891	4.704508	3.415014	4.931488	5.249685	4.423973
5.308895	4.030998	5.571583	5.518967	5.252977	5.348228	5.004682	4.621047	4.510396	4.847804
4.633481	4.732619	5.84215	5.57527	4.823225	3.600796	3.849598	4.978374	5.333703	5.820858
4.56899	4.342764	4.601424	4.330513	5.670043	4.366985	5.070381	5.53625	5.854007	4.824414
4.134315	5.084445	4.087284	5.308815	5.663429	3.822055	5.387867	4.404754	5.542309	4.911313
3.832419	4.855361	5.092108	5.271654	5.441853	5.097683	4.744483	5.709664	5.805364	4.862485
5.307598	4.007552	4.722802	5.527024	5.426209	4.301324	4.098265	5.008109	4.907433	4.91399
5.142042	3.970464	5.352745	4.428353	4.732642	3.882756	5.230217	4.302379	3.675672	4.536381
5.372398	4.139572	4.076492	5.578619	4.970495	3.988909	6.027451	4.903621	5.683517	4.61404
5.665781	5.480831	3.822786	5.140358	5.134462	3.9327	4.932065	5.563947	5.32775	4.350609
5.041349	3.998658	4.636354	4.762561	4.290245	5.755717	5.014973	5.049477	5.288782	6.056565
4.8312	5.194189	5.561746	3.777105	4.714042	4.941568	4.587631	4.569591	4.776769	4.824457
5.852026	5.067258	5.157372	5.207981	4.713814	5.708615	3.696945	4.995565	5.671237	5.078577
4.922358	4.830248	5.815457	4.788646	4.095407	4.461613	4.841338	4.493917	4.845865	5.262463
5.251337	5.908655	4.212731	4.829236	4.930448	5.761805	3.942627	5.840367	4.721951	5.148141
4.975315	5.528114	4.826038	3.96444	5.946669	5.448405	5.47167	5.747897	5.733558	5.41108
5.0588	4.927201	5.710091	5.233884	5.723675	5.409184	6.102786	5.206904	4.692782	5.050396
4.637191	5.996031	5.303837	4.985023	5.982613	4.679918	4.708014	4.138478	5.137091	5.362118
5.991025	6.0749	4.681966	5.11437	4.497962	5.789174	4.538129	4.662889	4.759103	5.29559
5.165467	6.103745	5.029773	5.317872	5.260308	4.759405	5.736475	4.411856	5.837645	4.669662
4.649259	5.331552	5.095584	4.835488	5.014563	5.747068	4.433262	4.397315	5.98803	4.806858
4.401371	5.935157	4.661666	5.243595	4.273948	5.459379	5.964426	5.094918	4.659415	4.700871
5.191274	4.933678	5.141284	5.836769	4.980315	5.33738	4.934567	4.780666	4.141257	5.176289
5.634163	4.545621	5.338071	4.248944	3.3771	5.348495	5.693157	5.141037	4.949314	4.530389
6.050925	4.753638	3.300874	5.153986	5.150216	4.309957	4.894853	5.042288	5.137406	4.375234
5.073337	5.161416	4.755609	4.64768	4.713261	4.657992	4.88389	4.33548	4.964032	5.05976
5.35023	5.110355	4.309775	4.482108	3.655205	3.793247	5.280809	4.565107	5.566638	4.373131
4.610804	4.714897	5.946958	4.304447	4.273355	6.307405	5.180933	5.300444	3.66854	4.886858
4.414532	3.467386	3.853067	4.905505	5.04981	4.316748	5.253576	4.392871	6.219541	5.299803
5.897881	4.874657	5.139123	5.909165	4.304677	4.210179	4.346082	4.697335	5.103587	4.312557
4.78722	4.349636	5.348267	5.533746	5.100978	5.056362	5.80614	5.290145	4.239331	3.525371
5.675663	3.899511	4.642131	4.908399	5.414207	5.202063	5.172648	5.75772	4.081959	5.355011
5.039568	5.776259	5.480883	3.84423	4.256731	5.821419	5.180805	5.618587	5.602268	4.988547
4.369987	4.470473	4.724136	4.57664	4.834603	5.225681	4.518646	5.114512	4.662282	5.521697
4.10977	4.139481	5.312079	6.562201	5.528266	4.964784	5.537521	5.002776	5.310363	4.475003
4.109908	5.55148	5.11605	4.230889	4.990198	5.185377	5.317094	4.982872	4.102061	3.685657
5.319532	4.636542	4.728714	5.381606	5.461011	5.151427	4.717597	4.673913	5.55224	5.903915
4.857469	6.687815	3.959635	5.293477	6.050519	5.050982	5.005484	4.386043	4.961013	5.661391
4.850111	5.615401	5.531071	4.600834	4.38286	5.668025	5.033972	5.646658	5.054864	4.572705
5.312803	5.730174	5.515221	4.544457	4.379365	5.705276	4.37251	6.027336	6.071279	4.621836
5.220691	4.622955	4.436665	5.332541	5.04937	4.070475	5.000118	5.211832	5.253948	5.377162
4.321259	4.819845	4.00716	5.010158	4.640985	4.026698	5.093299	4.592393	5.027262	6.194506
5.506431	4.488885	5.784821	5.029541	5.912898	5.655634	5.568691	4.819338	5.291057	5.715013
5.436771	5.54399	5.33014	5.233208	4.874175	5.136045	5.832155	5.651996	5.041203	5.189299
5.838016	4.669478	4.519803	3.897527	5.170431	3.217106	4.84682	5.28042	5.230803	5.8224
4.431663	6.631956	5.379294	5.688725	4.995173	4.464139	5.499706	4.658475	5.264803	4.746335
4.460904	6.014678	4.952394	5.088399	4.791717	4.282372	5.54882	5.500181	5.046261	4.593626
4.513368	5.244249	5.455826	4.991826	4.167281	5.426384	5.864491	5.536781	5.034975	4.80981
4.815051	5.479274	4.958591	5.135614	5.313498	5.106715	3.938582	5.519195	4.731812	4.99389
5.892021	5.597256	4.173711	6.444962	4.708044	5.88294	4.446848	4.334968	4.567761	5.350075
5.675123	4.627766	5.669638	4.711687	4.724675	5.093453	4.544482	4.45628	4.185757	5.943722
4.809871	5.170581	4.76548	5.161843	4.653539	4.833595	4.690769	3.846591	6.133991	5.336827
5.799679	3.768976	4.980096	5.070072	4.759522	5.311904	4.00753	5.31349	4.709541	4.928252
5.400362	5.986991	5.238015	5.054116	4.240587	4.39538	4.582454	6.091231	5.458109	5.155205
6.005309	4.878867	4.218348	4.389129	5.427308	5.276148	5.918993	5.884735	5.005969	4.897235
4.312833	4.844535	4.867882	4.92492	4.965834	4.847644	5.341635	5.0153	4.947874	5.25957
5.662332	4.073235	4.944905	4.753736	5.461052	4.855002	3.802203	5.842242	4.683115	4.56507
3.924675	5.110928	4.553535	4.588135	4.736116	4.769823	5.238626	4.580431	6.094077	3.962809
4.981042	5.403537	5.826332	4.646344	6.034557	4.783022	3.821862	4.484868	5.046082	4.565935
4.61386	6.019829	4.491064	4.922083	5.199948	5.57651	5.874182	5.088676	6.031517	3.555045
