4.690232	4.450473	5.507581	5.138286	5.25679	5.173337	4.988116	5.529504	4.425927	4.85383
5.741313	4.581435	4.437908	5.174167	4.891012	4.494274	5.302257	4.155843	6.002858	4.783285
4.206394	4.764049	3.730371	4.744644	5.830617	4.401727	5.726247	4.591214	6.383883	5.285197
5.322188	5.323043	5.168694	3.884833	5.179508	5.285005	4.909349	5.337873	5.689816	4.715998
4.759068	5.590327	4.286086	6.104168	4.934374	5.693717	6.242627	4.514729	4.048754	4.639972
4.691093	4.22641	5.235733	5.462496	4.736329	4.920715	5.430833	4.416739	5.279147	4.672776
5.10847	4.457236	5.640715	5.983409	5.079201	5.260049	5.354206	4.618102	5.175486	5.907533
5.326778	4.330722	4.043877	5.474845	4.5	3.985103	4.83823	5.866641	4.960573	5.432721
5.001986	5.319396	5.351027	3.907292	3.817409	4.654448	4.709824	4.352385	5.267212	5.914467
4.182538	4.552811	5.480566	4.475908	3.875584	3.317942	3.945322	5.06892	5.771564	5.172
4.216989	4.706158	5.306616	5.667521	4.792871	5.212096	4.379071	4.103417	4.982091	3.611338
4.855974	4.910619	4.958203	4.048143	5.075752	4.625841	5.215521	4.186373	4.518926	5.45798
4.870084	4.949905	4.197933	4.971892	4.649704	4.496584	3.916696	4.985245	5.429036	5.535606
4.356556	4.275158	4.640476	3.725539	4.984211	6.272251	4.257117	5.138093	4.644124	5.063647
3.323084	4.741438	5.468724	4.803615	5.383888	5.687064	5.542942	4.871532	3.817918	4.907679
5.331782	3.719208	4.900047	5.128094	4.879641	5.77022	4.30993	4.842015	4.633033	5.471066
6.181344	5.72197	4.835664	4.892719	6.348339	5.51074	6.516512	6.197227	5.011785	4.916056
4.653489	3.860594	6.168097	4.710501	4.634839	4.254602	5.585463	5.540902	5.608859	4.407165
5.066069	5.052329	4.964806	4.543216	5.410207	4.838415	4.461476	4.36885	4.753915	4.662565
5.459463	4.362769	6.324824	4.934983	4.393136	5.749069	5.447273	5.053809	4.909355	5.351719
4.609183	4.700057	6.101633	4.890708	4.187346	4.789106	4.053057	4.806263	3.997588	5.121806
6.057828	5.779989	5.338607	4.99878	4.111684	4.704469	4.914651	5.077461	4.916142	4.647747
4.951342	5.0679	4.763564	4.836916	4.619558	5.24594	3.703776	4.678702	5.442771	4.812882
4.637945	5.890361	6.181736	5.402513	5.100693	4.754723	5.519073	5.651119	4.395685	6.004126
5.284237	4.472272	5.73986	5.946001	4.065902	5.620705	4.74973	3.918794	4.634238	5.672734
5.651638	5.954003	5.001753	5.54251	4.258528	5.66468	5.397104	5.842934	4.160727	4.551072
4.97505	4.768167	5.265885	4.987813	5.101413	5.565043	4.97265	4.56906	4.693766	4.599782
5.315434	4.802545	4.026546	5.255533	5.20348	5.301894	4.617069	5.06214	4.582706	3.589721
4.421686	4.609428	4.38553	4.208494	4.432023	4.845838	4.082139	5.606555	6.217888	3.741791
4.573967	4.956269	5.403911	4.980152	4.966345	4.998737	4.998165	5.435457	4.322972	5.332267
5.729323	5.794595	5.280879	5.250773	5.520992	4.789715	4.513326	3.962657	4.043258	5.687871
5.140807	4.943397	4.530758	4.192293	6.025461	5.406771	5.685898	5.151971	5.837005	4.311834
4.974833	5.459509	4.614223	4.950713	5.185042	3.960455	4.901693	4.075316	5.653838	5.702687
5.488578	5.931898	4.568337	5.650689	6.05042	3.639262	4.594646	4.442535	4.479239	4.935687
5.37094	5.34899	5.399032	4.00317	5.42291	4.673708	4.219337	6.632717	5.598357	6.236077
5.419592	4.832155	4.874362	4.929777	5.783297	5.406808	4.50382	4.6467	5.688215	5.75265
5.540798	4.430312	4.663074	5.908052	5.576852	4.459469	4.048405	5.036992	4.863583	5.993233
5.924383	4.166366	5.611862	5.352278	4.583213	4.088708	4.327819	5.323605	4.139206	5.651644
4.900361	4.214051	5.152224	4.921946	4.603847	6.031695	5.015545	5.399138	4.444284	6.494364
5.903536	5.434817	4.711481	5.507397	3.724544	5.044795	3.899879	5.897564	5.068605	4.505668
5.73348	5.000847	5.378213	4.849979	4.949043	5.578573	4.603816	4.722586	5.327433	5.411341
5.660957	5.021592	4.900392	5.045015	5.390143	4.937859	5.068337	4.800624	5.99946	5.121177
4.985321	4.821622	4.794693	5.872953	3.578226	4.665566	4.604679	4.428145	6.111514	3.503095
6.466784	5.106096	4.207345	5.836366	4.719572	5.755694	4.03403	5.084071	4.487361	5.283212
4.891037	5.653521	5.576793	4.949983	4.559349	5.307663	4.186852	4.767925	5.973501	4.616534
5.34623	5.0487	5.611141	4.641765	4.141055	5.893412	5.879651	5.321947	5.306729	4.085373
4.425257	5.761322	5.708402	5.0155	4.865919	4.662396	5.460554	4.195892	5.6217	5.770815
4.656659	5.879657	4.955577	5.586302	5.707879	5.143005	4.927531	6.055302	4.407188	6.527767
5.328807	4.921996	5.669429	4.471807	4.930743	3.897108	4.624482	4.991966	5.460141	5.225408
5.393814	4.880585	5.023717	5.07372	5.808768	5.292131	4.847818	4.740921	5.898238	4.488509
4.683717	4.920238	4.610257	5.275776	5.590853	5.085884	4.109252	6.264178	4.870868	5.11429
3.931724	5.186498	4.498533	5.695053	5.120533	5.355497	4.913526	4.865298	5.106278	4.980503
5.015296	5.419636	5.129805	5.654998	4.625904	4.656469	5.490039	4.846243	4.929296	4.692783
5.88932	5.495049	5.013612	5.407578	4.458601	5.089309	4.844018	5.689598	4.117015	4.324997
4.550621	4.470935	5.018667	4.534027	4.876157	5.165349	4.955566	5.527463	5.31081	4.070224
4.682028	4.682911	4.869795	5.615108	5.11362	5.082544	5.360945	4.335176	4.992826	3.273858
4.43113	5.747623	4.578856	4.310687	5.261476	4.132843	4.216712	4.828586	5.04649	4.99835
4.60508	5.167656	4.712164	4.993185	5.062665	4.912287	5.34272	4.172244	5.655088	4.424906
4.254964	4.88265	5.334596	5.835142	5.837787	5.363043	5.704316	5.332211	5.748488	5.147431
4.723054	5.975998	5.395359	3.444483	4.554383	4.381539	5.031957	4.590929	4.714941	4.368133
3.723697	4.809756	5.159333	5.014403	6.060376	5.103791	4.941247	4.454522	4.916518	4.055328
4.000162	5.267531	5.03971	4.395936	4.734138	4.660341	5.304111	5.12994	4.826166	4.201159
5.501078	4.945338	5.116886	5.150758	5.331346	4.961155	4.422975	3.633197	4.427155	4.828472
5.314228	4.598381	4.497515	4.752298	5.343647	4.901165	4.977806	6.628735	6.385747	5.743305
5.561618	4.55356	4.897698	5.265861	5.570691	4.894132	5.917953	5.017194	4.94768	5.419332
5.11066	5.128942	5.135637	5.623387	4.359469	5.414149	4.299021	4.954302	5.212922	5.0066
6.103296	4.821235	5.469897	3.924805	3.780925	4.496592	6.1536	4.248284	5.811034	5.033518
4.652119	5.427778	5.086213	5.448077	4.99399	5.818326	5.978819	5.679172	4.760096	5.688198
3.571706	5.061149	5.038109	4.219661	5.368526	4.728078	5.537901	3.769723	4.882338	5.860665
4.886139	4.95814	4.543637	5.292278	5.471156	5.681006	4.940402	5.380763	4.736517	4.728539
6.733726	4.483049	4.748064	4.460799	5.269741	4.82466	4.576517	5.993969	4.76863	4.183362
5.22768	4.889033	5.242398	5.582301	4.681647	5.337362	4.749628	4.255035	4.508941	5.121906
5.083919	5.508038	4.807304	5.058699	5.703489	5.512069	5.449535	5.800569	3.996264	5.33744
4.960468	5.154642	5.149346	4.839587	5.879009	5.317873	5.318088	4.990219	4.739224	4.552856
4.683817	5.584052	5.100448	4.466145	4.849459	4.579041	4.547145	4.928061	4.700443	5.804044
4.811375	4.606031	4.248001	5.715219	5.396189	4.654278	4.226307	5.427524	5.018575	4.976266
4.846935	4.999933	4.089635	4.129473	4.244912	5.58047	5.427975	5.098691	5.235432	4.808619
5.768516	4.435804	6.364833	6.214574	4.855321	5.31451	4.798566	4.327069	4.802403	5.701464
4.81414	4.218068	4.683789	5.550267	5.79059	4.832863	4.217065	4.945759	5.016971	4.456835
5.127715	4.945553	4.576188	5.268284	3.757341	4.927072	5.610241	5.243552	4.314049	5.038788
5.298431	5.283759	4.980785	5.665545	5.32013	3.892696	4.423477	4.231404	4.474407	5.466839
5.611875	5.202731	4.809012	5.045057	4.738604	4.58271	5.747525	6.22496	4.828265	4.989704
5.586393	4.065716	4.152499	4.919888	6.310789	6.049625	4.668355	4.430783	4.843287	4.205309
4.554401	3.795243	4.048631	4.769974	6.01296	5.75332	5.620703	5.384568	4.967211	4.184813
3.747972	5.239692	5.456792	5.328265	4.698179	5.242092	4.999882	5.127485	4.459901	5.630061
5.102258	5.305312	4.819106	4.889484	4.265632	4.888858	3.140713	4.789158	5.843945	4.676483
4.905029	5.462547	4.61336	4.857939	4.61288	6.197591	4.282192	5.768781	5.205524	4.277224
5.770419	4.464684	4.484304	4.908219	5.06558	4.413419	6.143866	5.352327	3.919528	4.9493
4.958393	5.050851	5.034168	4.580319	4.10686	5.308273	6.062525	5.072878	5.004462	4.241905
4.578784	5.279249	5.115705	4.044278	4.481294	4.8982	4.380968	4.589901	4.946215	5.603872
5.909689	4.172825	5.396832	5.446738	4.800424	3.832541	5.329197	5.458579	5.089717	5.4895
4.805831	5.789692	5.127512	5.143286	4.928535	4.883151	3.385119	5.294709	5.818885	5.328063
5.517562	4.050581	5.912582	5.82635	6.468685	4.87715	4.31584	6.014678	5.859588	3.918984
4.915381	4.405375	4.990521	4.416155	5.297486	5.292182	5.718583	5.238901	4.293938	4.506865
4.646564	5.183175	4.749647	5.642755	4.591241	4.931907	4.76467	5.136101	5.055278	5.779624
4.352081	5.067091	4.795213	4.413791	6.295684	4.430516	5.307679	5.352426	5.026168	5.420682
5.158525	4.022866	4.931127	5.381989	5.216867	4.940282	4.907789	5.173046	6.077445	6.065958
4.672896	5.664562	6.576637	5.785767	5.05039	4.558421	4.40124	5.900438	5.183803	5.372839
4.515446	5.288464	4.058656	3.825252	4.03076	5.104805	5.494503	5.69069	5.132169	4.48911
5.121992	5.637702	5.908157	4.174148	5.946054	5.485136	5.084076	4.84759	5.764641	4.149995
4.63378	4.108736	4.883432	5.740984	6.402158	5.17291	5.861275	4.698057	5.94335	5.066733
5.588609	4.857024	5.662453	6.048273	4.279796	5.68797	5.307048	4.444376	4.344779	5.345639
4.761843	5.820565	5.436098	6.268741	4.981861	4.027563	4.492719	4.430254	5.748591	4.244932
5.320928	4.863089	5.557488	3.821217	4.61741	4.469937	4.993194	6.028998	6.032043	5.606709
5.091744	5.526392	4.921562	3.906497	5.183521	5.026576	4.931942	5.680028	5.076115	6.001267
4.340784	5.80765	6.008703	4.136092	4.640764	5.698864	4.315099	4.414882	5.785461	5.368089
4.851223	5.753296	5.202492	4.501912	5.502486	4.939367	5.16694	5.305044	5.052207	5.274633
5.186522	5.253551	5.492544	6.902807	5.712634	4.546697	5.4459	4.769379	6.586533	5.064069
4.529594	4.629496	5.358778	5.269224	6.659055	4.973789	5.103918	5.141112	5.984416	5.205693
4.068863	5.14524	6.042189	5.206153	5.594404	4.36799	5.273098	5.038069	3.345421	4.440215
4.976174	4.564188	4.217375	4.199609	4.960487	5.645797	5.095821	4.951528	3.470047	4.79789
5.279316	4.766083	4.484452	4.986536	4.140615	4.94926	5.242247	4.58188	5.528454	4.936364
4.491508	5.105082	5.053213	6.006172	4.014393	4.653653	5.909185	4.756049	4.971312	4.211944
3.795763	3.876489	5.794692	5.615278	4.619297	4.729217	4.921405	5.068375	4.881329	5.404852
3.891846	4.469768	4.873637	5.066055	5.199851	4.859952	5.223361	5.741608	4.667538	5.323046
4.501503	4.684723	5.095259	5.032688	4.791371	4.819725	4.315262	4.901763	4.728212	4.302639
5.262602	6.032588	5.571006	5.342007	5.318429	4.941232	4.715151	4.175681	4.525291	4.881934
5.180701	5.007364	5.20274	4.848377	5.712139	5.465498	5.309182	4.032384	4.246687	4.926521
5.521681	4.52001	5.662829	4.407103	5.388436	4.974495	4.748578	5.288206	4.691395	4.182813
5.925802	5.535638	5.466259	5.370796	5.464513	5.216102	6.062511	4.83174	5.729854	3.932543
5.061459	5.28823	4.104144	4.750455	5.744618	5.231694	6.11508	4.670666	5.387969	5.423885
4.797182	5.759138	5.147388	4.966434	5.235403	5.589615	5.516202	5.874002	4.992461	5.23196
4.697422	5.953114	4.859161	5.205695	5.333734	3.842713	4.847676	5.092702	4.856781	5.626133
4.014559	4.776408	5.041055	5.255879	3.138048	4.729453	4.530715	5.330004	4.775218	5.619032
5.569881	4.26382	5.68642	4.964669	4.247874	4.017288	4.116073	4.764156	4.877528	5.973278
5.554323	4.753232	4.779553	5.472493	4.212021	5.878973	4.595733	4.407929	4.946874	5.32774
5.7919	5.899412	4.341144	5.714435	5.205684	4.37173	4.724305	4.82538	5.058623	5.455161
5.906117	5.042299	5.816846	4.829872	4.713539	5.026748	5.438844	4.887512	5.233836	4.67249
4.997438	5.037389	5.073492	5.212565	4.367376	5.218518	4.492225	5.101415	4.1582	4.476661
6.808924	3.910748	6.118135	6.069736	5.378178	4.979386	4.448546	4.365225	5.130949	4.729306
3.557495	5.041317	3.969169	5.391217	5.406414	5.29402	4.259197	6.386001	4.094944	5.432254
4.581475	4.699963	5.131105	5.565108	5.011078	4.549848	4.435783	5.784384	4.548975	4.750577
4.449634	5.138042	4.983946	3.963372	5.004858	5.012332	4.950246	3.453935	4.751193	4.407315
5.619555	4.521202	4.760312	4.309996	5.74954	4.939733	5.508563	4.972396	5.712159	5.868971
4.822217	5.129589	5.80144	5.708165	4.215123	5.298227	4.302384	4.527106	4.725728	4.9146
3.875542	4.166783	4.713258	4.717336	4.305819	4.288582	4.799553	4.554538	4.922126	5.10219
5.101241	4.302833	3.96653	2.947415	3.962268	5.101769	4.738638	5.345789	5.349117	4.864391
4.853261	5.813135	4.94437	4.9478	4.001932	4.746835	5.037847	4.043167	4.604071	6.778758
6.036242	5.355318	5.207543	4.429491	4.942871	5.133461	5.732264	4.395671	5.73813	6.363245
4.54537	4.795878	4.694455	5.983302	4.346041	4.373943	5.444801	5.290773	4.665569	4.740555
5.490555	5.458395	5.265209	5.825763	5.191707	4.759441	6.011996	4.25607	6.44548	3.77607
4.499815	5.071043	5.629085	5.342923	5.962779	4.783746	4.523963	4.224155	5.099503	5.784235
4.543394	3.949528	4.514364	5.623538	5.031794	4.575839	5.560046	5.790484	4.569931	5.249949
4.901411	5.377457	5.105942	4.515755	4.800984	4.548649	6.061462	5.308576	3.283285	5.517715
5.358856	4.943029	5.238092	5.256924	4.993674	5.271398	4.774897	4.771285	4.643684	4.692403
4.543916	4.504314	4.315518	4.50027	4.252266	4.463485	4.970535	3.89879	5.541538	4.374181
5.174351	5.575342	5.075697	5.518733	5.47348	5.306594	6.348845	5.111243	5.743924	5.04845
4.990985	3.395754	6.385716	5.229833	5.331733	6.201896	5.158867	5.059128	3.608539	5.323636
4.478319	5.055312	5.01574	5.260209	3.847662	4.449631	3.619574	4.733199	5.228292	4.91933
5.438534	6.161059	5.523058	5.205369	4.071981	5.062766	4.935924	4.852804	5.200989	5.345621
4.360723	4.818413	4.556076	4.863936	4.531474	5.866688	5.363989	4.524436	5.251881	5.422443
6.405472	4.777511	4.782523	5.644784	4.355813	4.484909	5.10016	4.67804	5.344055	5.310598
4.112014	5.292242	5.126042	5.053207	3.927573	5.846236	7.143745	4.923752	3.946301	4.754603
5.614996	4.909082	4.936939	4.390742	6.52475	4.819618	5.055529	4.386096	4.778893	5.712334
5.618331	4.505829	4.481576	5.320622	6.082065	4.468442	3.547192	4.671885	5.54517	5.808972
5.424057	4.729422	5.60878	4.363632	4.710562	4.346346	5.571723	4.858124	5.393496	5.614777
3.926049	5.783104	6.348075	5.506599	5.685849	5.313973	5.363283	5.219561	5.477927	4.092789
5.423941	5.102136	4.855608	5.016026	5.223627	5.993165	5.985463	4.85464	5.039852	3.015688
5.673995	5.268482	5.308126	4.943609	4.186747	5.345271	4.970041	6.313009	5.212254	5.822026
4.401767	4.907585	4.572309	5.627042	4.880339	4.5182	4.25624	4.406345	5.095821	5.437397
6.225758	4.630007	4.927418	4.618243	5.382197	5.46413	5.157255	4.721854	4.981357	5.015878
3.778635	4.49021	5.002002	5.434174	6.003884	5.106233	6.123731	5.261187	5.557164	5.19248
5.55605	5.269026	4.734256	4.755603	4.774213	5.211248	5.02511	3.985752	4.672496	6.558535
4.212498	4.712808	4.487211	5.292738	5.630476	4.525045	4.869667	5.959538	4.838358	4.252415
5.244849	5.177776	5.326797	5.38418	5.150059	4.882307	3.900435	5.893527	4.95419	5.273966
5.653099	4.199978	4.303491	4.46549	5.610111	4.839121	4.580204	5.686411	4.886518	4.87447
5.153133	4.732172	5.292812	4.864849	5.267252	5.769786	5.261759	5.142395	4.87396	4.409895
5.126013	5.219002	5.266171	4.766994	4.839211	5.184591	4.729737	5.446196	5.931526	5.254268
5.869232	4.609945	4.08893	5.164353	4.699682	4.699694	5.063642	3.756932	5.657922	4.445094
6.237057	5.758322	4.389653	4.878113	4.855002	5.369046	5.304387	4.64272	5.282134	6.140316
4.485211	5.577003	5.735515	5.645243	5.118825	5.082552	4.679596	5.320851	5.001198	6.195225
4.493551	5.105319	5.496482	5.865983	4.872823	4.607889	4.35133	5.363267	4.7359	5.566543
5.167725	5.090866	5.225191	5.834527	5.083126	4.73774	5.783998	5.239402	5.499373	4.859386
5.142068	4.980958	6.009771	4.731047	4.547206	5.128882	4.718254	4.396396	4.752037	4.324323
4.538311	5.621965	6.330962	4.910314	5.13057	5.286604	4.636016	4.890553	4.703638	4.801577
4.01529	5.089874	5.275047	4.651963	4.699665	5.396118	5.031218	4.356588	4.891854	4.975794
5.435353	5.744589	5.725412	5.028234	4.839173	4.60583	5.619708	5.527615	3.670897	5.076623
5.215328	5.125663	6.277613	5.901118	4.440224	5.197282	5.079005	5.540857	3.615027	3.636252
5.474647	5.316479	5.343771	4.922082	5.373056	4.415318	4.624741	6.067546	4.170276	5.117934
5.15486	4.95482	5.561605	4.535598	4.445168	4.931704	5.06132	6.090804	4.133767	5.938775
5.630737	4.408073	5.22987	5.501351	4.914854	4.744763	4.245313	4.547212	3.797914	4.67741
5.237261	4.428963	5.039227	5.281401	5.505779	4.959502	5.609205	5.0978	4.915918	5.456224
5.00509	5.240716	4.899425	5.024989	4.524533	4.325239	5.923728	5.198081	5.644885	4.595811
4.986517	5.295516	5.252068	5.908024	5.70926	5.187637	4.594278	5.622145	4.931224	5.310658
5.020074	4.611415	4.357075	4.392514	4.633582	5.021245	4.544335	6.022054	5.036156	4.771787
4.356677	5.293399	4.628869	3.963593	3.645777	4.434651	5.196996	5.903	5.246695	4.718962
4.975273	5.872483	5.434243	5.708876	5.431012	5.517323	4.54515	6.209978	5.157737	4.36904
5.444897	5.501892	4.402988	3.874036	4.044201	4.335802	5.621104	4.438968	5.724428	3.325938
4.959589	5.473474	4.54017	4.165578	5.173338	5.171216	4.550425	6.288589	5.380694	4.328428
4.511031	5.439385	3.26075	5.780231	4.628494	3.909541	5.442953	4.998188	5.265979	5.449983
5.313943	5.994129	5.136531	5.931494	5.203619	5.806185	4.767143	5.206535	5.530698	5.212836
4.675013	4.55048	5.407835	4.816061	5.689906	4.630712	4.686141	5.091673	6.265317	5.557435
4.533268	4.335167	4.203386	5.229985	5.014893	5.302381	5.742842	4.897034	4.662288	4.962655
4.726069	4.714162	4.831836	5.440526	5.238569	5.29884	5.16764	4.304167	5.31458	4.636234
5.482339	5.769926	5.412193	5.831497	4.443298	4.826734	5.658885	5.870033	4.926421	5.12778
4.975724	5.160292	4.737565	4.424862	4.366388	5.255581	5.64688	6.582003	5.062357	5.473511
5.215709	5.402644	4.814181	5.564301	5.336734	5.813041	5.46522	4.56863	4.974691	5.432361
4.166953	5.264524	4.540659	4.151512	5.382839	5.890391	5.217232	6.119468	4.893027	5.605581
4.320368	4.926238	5.239655	5.319347	5.965315	4.627454	5.041331	5.122339	5.097186	5.031909
3.679952	4.208095	5.120263	5.343896	5.143444	5.405586	4.847523	5.407373	5.667178	6.630476
