4.937669	6.173663	4.076316	5.921462	5.101687	4.547651	4.081546	5.686558	3.542846	4.776195
4.877643	5.369176	5.113731	5.427722	4.25054	4.605194	5.25389	4.725948	4.350599	6.248252
5.612061	4.242743	5.230372	5.899435	3.993691	4.271931	5.027084	4.755667	5.750875	4.455719
5.027958	5.016363	5.209353	4.201158	5.055102	5.266427	3.931062	4.413566	4.483202	6.330395
4.557438	5.793288	5.689541	4.79924	5.702516	3.644517	5.492153	5.632082	4.881509	5.157001
5.274302	4.455622	4.939852	5.419101	5.614294	4.913687	4.426612	4.930451	4.627759	5.235657
4.492047	5.130186	3.862915	4.745165	4.516458	5.708316	3.785991	4.563972	5.294357	4.703732
5.207456	5.185117	5.189432	5.866352	6.567724	5.341278	5.056377	4.722611	5.224761	5.125456
4.856282	4.599376	5.918974	4.710882	5.80291	4.269746	4.470456	5.280889	4.99684	4.385812
4.161878	5.327794	5.533743	5.886344	5.575823	5.187401	4.83533	4.095461	4.892351	4.724907
5.03126	4.649206	5.00678	4.856747	4.905491	4.431407	5.498959	5.684562	4.73662	4.157948
5.641765	5.070674	6.083663	4.376441	6.223343	4.468142	5.029459	6.421984	5.328847	3.71309
4.610192	4.812498	5.389082	4.527318	5.231285	5.20041	5.665062	5.197422	5.17876	4.900224
5.93468	5.541348	5.214778	5.161744	4.471758	5.766428	4.79311	5.371001	5.814157	4.417726
3.566767	4.748007	5.613437	3.976158	5.148983	5.316621	4.569698	4.747255	5.666846	4.614227
5.232342	4.254904	4.397718	5.146576	5.698888	5.507353	4.798265	6.335276	4.996836	4.081081
4.886411	6.755049	4.36138	5.412177	4.362408	5.541755	4.402561	5.513761	5.408182	3.816981
5.540583	5.226813	5.220029	5.111293	4.562858	4.578969	4.147039	5.20912	4.576236	5.604597
4.743165	4.827962	4.89691	5.39522	4.809527	5.257629	5.024102	5.020013	5.452312	4.452391
4.773612	5.709369	5.023925	4.739018	4.788433	4.664711	4.914648	5.053667	5.632039	4.336862
4.882149	5.474034	4.090535	5.016721	6.334503	6.135593	5.011208	5.635073	5.490744	4.335595
4.776688	5.071351	4.981584	5.530894	4.683928	6.167995	5.106936	5.790372	4.475789	4.270548
4.593245	5.47223	5.555745	5.283291	5.417106	4.747901	6.332033	4.841985	5.805319	5.937062
4.318349	4.878983	4.357424	6.341849	5.270223	4.697011	4.043248	4.75113	6.337072	6.04839
4.693126	5.918196	5.138932	6.008976	6.027226	5.890413	5.061662	6.608651	5.248527	5.274676
4.668934	4.193336	4.595722	6.059529	5.158038	5.120913	5.400459	5.276772	4.120013	4.59585
4.766651	3.994569	4.790439	5.310738	5.737979	4.552345	5.562036	5.767789	4.792094	5.556152
6.030935	4.816816	5.486631	5.266472	4.925861	5.15351	5.317993	5.2761	5.515377	4.694186
4.95601	5.083893	5.660559	5.194409	3.866776	5.853149	4.693901	5.721286	4.809369	5.379876
5.40631	4.333212	4.667672	5.512056	5.424694	5.155302	4.516929	4.636688	6.341706	4.533531
4.590844	4.509005	4.824951	5.179395	4.713923	5.173247	5.882789	5.447031	5.337883	5.463107
5.273097	4.014762	4.382	4.742166	4.623402	5.115468	5.926228	4.618697	5.002736	3.528559
5.402379	4.621106	5.306461	3.745214	5.472701	4.849594	6.386318	4.75894	3.811414	4.625165
4.887738	5.165862	4.072615	5.121333	5.778231	4.733958	5.518265	5.314166	4.7075	4.670679
5.106707	5.433915	4.67705	5.296966	5.351657	5.066847	4.73795	4.518622	3.879679	5.469345
4.830952	5.351281	5.016528	5.955835	4.919837	5.279684	4.864301	4.10616	3.972209	5.1525
4.556944	5.633245	5.639591	5.237516	4.16349	4.787158	4.541822	6.444224	4.565602	5.636329
4.26357	4.969242	5.321153	5.162592	4.684896	5.069326	5.090269	5.504045	5.018923	5.158923
4.619565	4.681277	5.378549	5.14861	3.872781	3.157789	4.726317	4.821893	4.036521	4.9668
5.252907	4.995363	4.402393	4.865602	4.839651	4.593482	5.402552	4.233506	5.123896	4.529815
4.117068	4.786375	4.571246	4.848791	4.477819	4.872275	5.39949	5.478147	5.114375	5.538785
5.758019	5.122563	4.710095	5.607459	4.836193	5.475849	5.460267	4.961099	4.933188	5.095647
4.920835	5.344049	4.619175	5.861683	5.407513	4.60514	6.074817	6.185021	5.060014	5.142211
4.024734	5.114941	5.149991	4.819133	5.129356	4.604334	3.836953	5.123226	5.670423	5.597806
5.637101	4.900471	5.248457	5.13013	4.802905	6.012622	5.265975	4.796298	5.555871	5.712301
4.093766	4.854981	5.741351	5.04666	4.40069	4.418297	4.91687	6.034797	6.024288	5.435412
6.008028	5.373942	5.882566	4.64011	5.288543	4.149888	5.220957	4.854849	5.245292	4.908194
5.226545	5.385746	4.595465	4.481407	5.424219	4.944887	3.986197	5.288326	5.463612	4.961139
5.335716	5.520169	5.07359	4.543033	3.961323	5.221643	4.215918	4.636069	5.26613	4.818728
5.029217	5.538806	5.09848	5.234548	5.133841	4.537471	5.360163	4.250144	3.242066	3.906466
4.355511	4.887106	4.969582	4.920338	4.337366	5.261089	5.279899	5.353358	4.544503	5.041979
4.36745	6.501326	5.062108	6.627244	5.071047	4.721127	5.68576	3.747902	5.561006	5.41762
5.584941	4.644876	5.223599	5.488609	5.423267	5.164307	3.97313	4.996264	4.473015	4.752788
5.56257	5.111225	5.133865	6.145784	4.331062	5.088423	4.59049	4.980719	5.614907	4.907386
4.217482	4.144607	5.250058	4.089322	4.022542	5.206152	5.321728	4.59865	4.832589	5.040763
3.199289	5.181847	5.105427	6.232995	4.695546	4.571093	6.72287	4.46155	4.46135	4.823424
4.750828	5.384304	4.396156	4.151672	5.416886	5.420413	4.692903	5.963472	4.483656	6.450397
6.069253	4.863894	5.059891	3.774255	4.754337	5.83214	4.75809	4.554662	4.456048	3.140651
4.934268	5.023926	5.302078	4.782249	4.994507	5.280349	4.890015	5.422444	5.474017	5.635478
5.053617	5.395963	4.737789	4.317867	4.804874	6.974748	4.791798	3.878459	5.382405	4.749353
4.704618	5.360384	5.29003	4.626316	5.026068	4.733314	5.495392	5.046778	5.007555	4.980149
4.515953	5.649327	5.121559	5.452983	4.951684	5.182394	5.436972	4.113595	5.014157	4.639436
4.26116	4.660012	5.01798	4.516866	5.07882	5.840322	4.991956	5.041525	4.530962	5.170744
4.436794	5.219835	4.642076	4.001086	4.882621	4.722361	5.410609	5.266339	4.764872	3.979453
4.577674	5.169748	5.242123	4.80435	5.472051	4.740397	4.857929	4.595769	6.698502	3.35876
4.837562	5.418015	4.881876	5.289925	5.111388	4.59334	5.11549	5.243978	3.998567	4.734022
5.14276	5.367203	5.237656	5.578649	5.906429	3.62177	4.212575	5.673384	4.887305	4.880929
5.120031	4.122335	4.469098	5.351707	6.054363	5.746387	5.122325	4.379686	4.463233	4.285771
4.731239	5.064418	4.595912	4.710673	5.795603	5.015079	3.971745	6.081959	4.039813	5.282347
4.760627	6.132479	5.087896	4.808578	4.518948	3.92039	5.946178	4.624652	4.295437	4.852702
5.33331	5.125285	5.001195	4.945578	5.016198	4.329084	5.274942	5.494528	4.906563	4.817362
5.675194	5.2855	4.923292	4.729066	4.919181	5.135745	5.339976	5.350791	5.765582	5.389836
5.401063	5.582199	4.31312	4.254266	4.650811	5.177114	6.049692	4.182228	5.267769	3.861855
5.407698	5.170815	4.764238	6.000527	5.072457	4.828711	5.161212	5.386345	5.51661	4.81407
6.074094	6.119529	5.659738	5.572289	5.235688	6.155041	4.92903	4.975752	5.26063	5.578474
4.181236	4.241245	5.607722	5.422315	6.428024	5.115713	4.47097	4.29545	4.743486	5.325445
4.644704	4.823071	4.36866	4.395942	4.584992	5.746308	5.812886	5.383659	5.035222	5.222092
4.042748	5.182236	5.624031	4.660984	4.826211	4.583814	4.252121	4.584002	5.762005	5.308303
5.648643	4.28368	5.235589	4.533879	6.380185	4.792517	5.124526	5.269215	4.229617	4.571128
5.692319	5.355522	3.364129	5.336009	5.139297	4.952753	4.260097	4.512179	5.29912	6.187981
4.192127	5.823652	5.375991	5.285731	5.05083	4.598084	4.956546	5.240949	6.64336	4.860467
4.31575	5.016363	4.854293	4.823726	4.872708	5.28845	4.894902	5.440154	4.895988	4.480458
5.000003	4.173013	4.990982	4.796489	4.537278	4.813295	5.043984	3.038146	4.647699	5.015164
5.107103	4.910371	4.578353	4.886268	5.25115	4.680616	4.370088	5.513208	5.613064	4.090041
4.418966	4.657709	5.491421	6.086735	5.990456	6.131412	4.904759	4.334989	4.97919	4.405038
4.809032	5.41866	4.810371	4.956821	4.673502	5.080748	5.258679	5.289773	5.094249	4.794755
3.788563	5.476784	5.980407	5.107007	4.404035	4.905894	4.720388	5.411881	4.617894	3.878433
5.019609	4.969556	4.989335	4.342093	5.191534	5.272491	5.018027	5.585347	5.249544	4.840523
5.059895	4.14515	5.274917	5.398666	4.632583	4.776222	5.129989	4.812152	5.360626	5.635001
5.290412	5.809167	5.239398	5.108857	5.274532	5.058988	4.879864	4.092281	4.355407	5.435709
5.035738	4.62044	4.003793	5.816523	5.095792	4.360387	4.787642	4.889529	4.698959	4.823039
4.368555	4.94247	4.77405	4.684493	5.493417	6.396513	6.40572	4.471523	4.663144	5.292193
5.041016	5.52452	4.508353	4.321566	4.713557	4.738717	4.340681	5.26471	5.791879	4.566308
5.271609	5.609139	5.553523	4.539503	5.467691	4.471789	4.674487	5.230964	4.934011	4.071568
4.911915	5.118852	5.320239	5.612098	3.88712	5.687051	4.105925	4.58266	3.692729	4.318187
5.244214	5.212126	4.420641	4.259833	5.84715	6.067125	4.149874	5.41234	5.07399	4.756243
5.557733	6.614151	5.277274	5.182891	4.712815	5.165835	5.994293	3.144379	4.538085	4.665951
5.20546	5.403585	3.943251	5.035177	5.240006	4.981013	5.524282	4.403115	5.096971	5.520835
4.40588	5.304594	5.037602	4.746032	4.885346	5.153223	4.679204	4.935388	4.697206	4.699336
4.693093	5.020605	6.116757	4.774892	4.231291	5.543872	5.464513	4.741655	5.967843	4.788161
5.234685	4.826077	4.759836	4.755448	5.878626	5.539408	5.726934	5.194966	4.75778	5.304585
6.127543	4.173059	5.390946	4.253422	5.122299	4.547458	3.810344	4.818154	5.37159	5.417528
4.911898	5.66074	4.745738	5.021793	5.145506	5.600054	4.526544	5.117019	5.292385	5.216065
5.220812	5.738575	5.213301	5.069907	5.301435	5.127477	5.32002	4.534624	5.07112	5.976114
4.50845	5.491475	4.558542	4.688281	4.494521	5.156532	5.663506	4.571664	5.068393	4.948008
5.900633	5.544655	4.878147	4.623311	6.000602	5.815564	4.771218	4.84179	5.077904	5.51188
4.306347	5.059003	6.019131	6.025938	4.968819	5.123528	4.062876	5.009605	4.118801	5.483539
5.213558	5.28807	5.222828	4.220793	4.686508	4.071138	4.48311	5.160994	4.231248	3.85112
5.67452	5.529464	5.619351	6.461213	5.053751	5.335674	4.715282	4.593925	4.663011	4.882456
5.003059	4.870964	5.242434	5.262924	5.504372	4.923139	4.683594	6.06202	5.44368	5.723185
4.982742	5.158294	5.493967	5.70554	5.448895	4.431413	4.472039	5.208856	2.976693	5.213082
3.794461	5.266516	5.398499	4.749127	5.530127	4.304399	4.55394	4.681847	5.752145	4.34216
4.447127	3.977807	4.704388	4.920278	5.356842	4.659773	4.632198	5.274091	5.938115	4.774618
5.734708	4.236781	6.227142	6.363148	4.81019	4.53216	6.277074	4.808446	4.121347	5.1507
3.660824	4.60171	5.215702	4.74164	4.337018	5.300651	5.013702	5.017828	4.255858	4.283052
4.195566	4.11585	4.646837	5.114344	5.41953	4.243084	4.699296	5.980537	5.048898	5.280246
4.903994	5.145846	5.664594	4.02458	5.061089	4.344939	4.448591	4.647007	5.721392	4.420999
5.629274	5.828264	6.011127	4.818506	5.408743	4.626059	4.327096	5.415341	5.560061	4.670602
4.537573	5.913199	4.952014	5.511026	4.712016	5.182058	5.924061	5.37921	4.755808	5.167683
4.784299	4.948963	5.29744	5.292059	4.850208	5.237212	6.223457	3.726969	5.223773	5.754852
5.738093	5.069261	5.588868	5.275677	4.511607	4.749319	4.789725	5.477534	4.89716	4.500487
5.617613	5.867481	4.638662	4.659655	5.406109	4.894461	5.63713	5.124577	4.959491	6.417314
5.791848	4.819994	5.216231	3.9393	4.864182	5.578709	4.088435	5.75872	5.500914	5.529196
5.027778	4.322599	4.663572	5.403121	5.424391	4.662063	3.447528	4.992383	6.205895	3.640773
3.90387	5.2212	4.966261	4.492521	4.78616	4.982707	4.96958	5.226143	4.924643	5.006114
4.412883	4.996369	4.472563	4.842504	5.634401	4.730509	5.476559	4.548887	5.307638	4.925912
5.939238	4.719664	4.595086	6.333312	5.43667	4.712181	5.536201	6.263937	4.156202	5.273082
5.169824	4.398805	5.000258	6.149388	5.105175	5.464358	5.762766	5.858823	4.528039	4.156347
4.854992	4.779285	4.4977	5.513282	5.353241	5.67194	3.980671	5.217606	6.031283	4.442654
4.635024	4.669165	5.244456	5.209435	4.755425	5.657405	6.080207	3.924976	5.191591	3.858496
5.35889	5.177026	5.607794	5.048182	5.672119	5.075162	5.40165	4.079017	4.536861	5.698421
4.231513	4.774655	6.109826	4.945592	4.325864	3.949901	4.744386	3.814863	4.826579	5.115011
4.153045	5.117961	4.651484	4.381634	5.563228	5.199085	4.907659	4.71052	5.521108	4.72278
5.272469	4.610416	5.556779	4.57147	4.789166	5.289396	5.219656	5.497782	5.61316	4.747306
4.864129	5.084985	4.789757	4.965946	3.906491	5.068126	4.205679	4.634925	4.064447	4.967695
5.587553	5.302929	4.588877	5.594676	4.534111	4.752618	4.948042	4.946537	4.518082	5.821995
4.727131	5.024814	5.556275	4.482091	5.78563	6.166705	4.324707	5.260203	5.611521	3.827063
3.840381	4.929803	5.057198	5.694392	6.011562	6.059075	4.925172	6.599844	4.564625	6.232699
5.750251	5.112542	4.849054	4.684681	5.153054	4.57534	6.175144	5.107615	4.548022	4.26329
4.876107	5.069785	6.035565	5.81086	5.451722	4.763704	4.759962	4.675501	5.874939	3.99151
5.230278	5.217812	5.320426	4.259066	4.712394	4.791933	4.709777	5.66619	4.811959	4.79061
3.507676	4.53194	5.109449	5.006356	5.416633	5.670367	5.516829	4.709705	4.187771	5.304248
5.191167	4.891557	4.502558	4.604072	4.801734	6.034339	4.667705	5.098475	5.319806	4.169163
5.591616	4.630005	3.281902	4.800272	4.879662	5.877414	5.382616	5.843507	5.411348	4.988225
6.149414	5.152351	5.066076	3.672196	4.329089	4.501993	5.669527	4.771441	4.711466	5.861447
5.124876	5.097612	4.706346	4.628336	5.071373	4.786372	5.752265	4.863022	5.06451	4.447443
5.013373	5.706658	3.82635	5.584211	5.029053	5.206105	3.900002	5.026268	4.597189	4.408588
4.529815	4.498521	4.790912	5.336787	4.899288	5.667565	4.81851	4.408568	5.377872	3.803647
4.014885	5.037827	5.202543	4.790098	5.264689	5.206634	6.136186	4.327073	4.955379	4.536273
5.377386	6.162956	4.831177	4.529667	5.264433	5.305973	4.846796	4.043181	4.156824	6.006929
4.507263	5.179834	5.676306	4.892797	4.198686	6.179399	4.623496	5.17956	5.267736	5.091508
4.885634	4.474266	4.954965	5.047827	4.937485	5.076488	5.216595	4.159647	4.279556	5.735886
4.216623	5.031201	5.025266	4.292111	4.484636	5.134621	4.749621	3.962832	5.422853	5.434736
5.018507	4.781853	5.134789	5.499437	4.451942	5.110859	5.129042	5.720111	4.652839	5.276494
5.176228	5.536652	5.525576	5.108838	4.788764	4.763917	5.097368	5.916821	4.741243	5.423982
4.661459	4.418649	3.842815	4.724396	4.453089	5.758303	6.875484	4.922155	5.456461	5.053185
4.303488	3.746892	5.140147	5.501475	4.599291	3.939255	4.80618	5.004266	5.528006	5.175184
6.587537	4.949486	5.285657	4.92242	5.413061	4.352533	3.696997	5.153471	4.83606	4.652719
5.203311	4.974071	5.189455	4.1409	5.536926	5.360472	4.577263	4.356555	4.574641	6.174766
4.943737	4.263906	4.910194	4.937581	5.234837	4.542793	5.622542	5.304886	4.32929	5.873571
4.314198	5.646311	5.120923	4.873716	4.292388	4.424001	5.567041	5.627052	5.206556	3.685963
4.217267	5.970015	3.89867	5.043539	4.973604	5.167956	5.275556	4.26313	6.048289	4.381458
5.455409	4.545996	5.474317	5.062661	5.229188	5.828022	4.34427	4.445251	5.40975	4.072927
4.059088	5.176063	5.144976	4.980059	5.507401	4.190785	5.329405	5.698153	3.874904	4.388384
4.835505	4.800125	5.053896	4.110731	3.807145	4.8513	6.184454	5.657829	4.404447	5.892158
4.358198	6.171405	4.636013	4.581212	4.852399	4.806157	5.229125	5.27534	6.137905	5.326681
4.870985	5.26472	5.450927	4.756788	4.850605	3.768538	5.019072	5.317502	4.855196	4.945475
5.813444	5.415271	5.732673	4.677559	4.221384	4.668649	5.129595	4.341681	5.524983	4.646375
4.874458	4.710759	5.74405	5.622711	4.455981	5.974312	5.263748	3.497126	4.635971	4.963023
4.884186	4.555164	3.649261	5.655287	4.701488	3.386703	4.319357	5.014907	5.044064	4.811828
5.060683	4.644814	5.394013	4.448175	5.828372	4.402513	3.672007	5.448856	5.484367	4.249985
5.380332	5.446884	5.381845	4.545655	4.616407	4.65082	5.748798	5.227077	4.128357	3.816654
4.560131	4.399996	4.862919	4.656507	4.644738	4.804183	4.070026	5.488745	4.791625	4.310655
5.675068	4.629608	4.514666	6.289079	4.408618	4.790664	4.964711	3.941087	4.757051	4.002319
5.524741	5.804086	5.209979	5.538322	4.001157	6.091074	4.535177	4.752864	4.846818	4.465283
4.810685	5.292394	5.420758	4.416617	4.498076	5.050598	3.740474	4.991889	5.414769	3.395359
5.418962	5.932275	4.781493	4.588801	4.522463	4.301356	6.17869	4.568442	4.504876	4.706758
4.329256	3.978829	3.948162	4.659842	4.873752	5.386245	5.484122	5.294534	4.947603	6.330746
4.12519	4.71764	4.469074	5.20391	6.233525	6.023489	5.2549	5.426188	4.694405	5.161381
5.530898	4.348526	4.485502	4.147722	5.421882	5.06067	4.634979	5.105597	5.288699	5.56489
4.99889	5.335128	4.618012	5.093878	3.738514	5.217413	5.096481	6.339269	5.59435	5.247234
5.241879	4.806121	4.699266	4.792408	5.396228	5.311602	4.563065	5.829293	6.155044	5.000767
6.06857	5.076847	4.519632	4.842274	4.391321	5.824739	5.677232	5.143169	4.864285	5.500927
5.07949	5.620567	5.451127	5.380153	5.345737	5.133395	4.467821	4.906092	3.863712	4.257665
4.801532	5.011137	5.846969	4.868376	5.669622	4.68552	4.345106	5.374649	6.196964	5.388952
5.277241	4.701208	6.473915	6.39903	4.862531	5.121336	4.43701	4.844022	4.482266	4.423203
4.365976	4.434728	3.967382	4.850428	5.484942	5.522363	6.368977	4.456788	5.511663	4.250029
5.471128	3.798163	4.441879	4.639476	4.88992	5.488418	5.294978	3.641266	4.991727	5.385471
5.395038	4.624364	5.239182	5.226455	5.534596	4.574093	5.041973	4.16654	5.804221	5.609402
4.615543	5.395745	5.815636	5.84042	5.336713	6.340383	5.311191	5.397551	5.595024	4.717277
5.701761	5.362415	5.855662	5.046776	5.35605	5.343441	5.259408	4.704118	5.254488	5.120151
4.763729	3.584641	5.668126	4.654274	4.747195	4.749391	3.468556	5.594339	4.537338	4.618079
5.480364	5.218103	5.347094	4.822081	4.118621	5.031396	3.999448	5.243581	4.706062	4.409162
4.508461	5.040059	5.037845	4.911621	4.727878	4.953847	4.265342	4.063915	5.940652	4.438118
4.103788	4.644142	4.946356	5.365728	4.985126	5.002549	4.975953	4.961002	5.129791	4.672335
4.715416	4.741615	5.167717	5.512707	5.483622	5.256696	4.435261	5.072536	4.805778	3.26701
5.131009	5.188559	4.343989	4.923095	5.676476	4.677773	5.243213	4.667938	5.655104	4.796853
5.003955	6.159596	4.756803	4.508496	4.644031	5.794208	5.040562	4.855701	5.020289	5.607922
4.025038	4.073551	4.759241	5.982166	4.169505	5.381002	4.024482	5.382853	5.168717	4.818123
4.718929	4.169192	4.818839	4.997659	4.933804	5.110451	4.762459	5.428237	4.79263	4.519896
