5.18439	3.993975	4.26846	6.174698	5.394892	5.054089	5.260256	5.76179	5.638048	5.143192
4.53202	5.571866	4.478149	3.69419	5.103172	5.960848	5.137817	3.797905	5.855615	5.377213
4.695012	4.375011	4.949143	5.590749	4.648182	3.973222	5.377363	5.532218	5.178367	5.129759
4.732094	5.061064	5.299221	4.540947	5.172743	4.723663	4.812543	5.101928	5.604904	5.845691
5.016588	4.920256	5.342129	4.675179	5.005914	4.922341	4.472181	5.086642	5.069756	4.466208
4.558622	5.016952	4.799831	5.364249	5.571319	4.025553	5.803767	4.695083	4.446886	5.653499
5.602934	5.774046	4.952129	5.12509	4.690288	5.46572	5.30644	5.125161	4.327027	4.856702
5.002481	5.576994	4.496511	4.095389	4.188654	5.752597	4.632287	5.004312	4.883375	4.119661
4.794415	5.381576	5.419216	5.946323	4.508974	4.838446	4.858619	5.659441	4.968225	5.321743
5.368241	4.642943	4.951328	5.179303	4.447824	4.045853	5.048147	4.918672	5.621553	4.472673
4.25835	5.158131	5.293003	5.296391	5.497791	5.706629	5.262287	4.95958	4.148042	5.653585
4.723488	5.029737	6.041111	5.934642	5.973845	5.522954	6.179995	4.409227	4.986785	4.775201
4.639959	3.409236	5.78696	6.065938	5.558513	3.916934	5.581522	4.912155	5.431444	4.898661
4.624471	4.386667	4.203018	5.065753	4.767469	4.217618	6.051445	4.121534	4.947385	5.834342
4.677065	4.855751	4.203397	4.922803	5.410498	4.355459	4.58076	5.634641	5.041389	5.058103
4.994328	4.796159	4.755439	5.423917	4.725683	6.29961	5.315596	4.577355	4.948083	4.704355
5.050576	4.684852	4.516382	5.909785	3.510157	4.758697	4.156713	4.803498	5.531687	4.970485
5.323253	4.450102	5.28945	4.894084	5.155694	4.583069	5.355315	5.250748	5.328331	4.892865
4.444781	4.110379	5.670042	6.070306	5.035514	3.867359	6.211391	4.997966	4.259187	4.403713
5.371655	5.0014	4.577469	4.965465	4.224797	4.785507	5.094649	5.01569	5.028514	5.285932
5.238429	5.289339	4.651656	4.691843	4.597641	4.628298	4.565542	4.913239	5.543801	4.658576
4.526164	4.581332	4.280798	5.917702	5.366311	3.818307	5.255926	5.078571	5.53987	3.583045
5.113421	4.342793	6.087352	5.594017	4.576001	4.400053	4.776787	5.348233	5.866424	4.988696
5.325863	5.867793	6.112061	3.684358	5.15068	5.468423	5.248413	3.681327	4.949723	4.417381
4.367738	5.07247	4.114181	5.284256	5.648206	5.050838	5.584497	4.664986	4.72927	5.503843
4.440124	6.539693	5.32029	5.348443	4.195267	4.523685	4.938144	4.054268	5.152802	4.401484
5.126905	5.150465	5.37786	5.398142	6.443741	4.28139	5.041345	5.711819	5.891105	4.496939
4.70925	4.91665	4.724412	6.075417	5.286213	4.141092	4.780792	4.693366	4.478442	4.221597
5.020612	5.571341	5.581202	5.033686	4.905662	4.974463	4.71639	4.835616	4.362871	5.423122
4.440649	6.019691	5.423404	3.755375	4.389709	4.983311	5.470644	4.325266	5.038063	4.346912
4.788645	4.774134	5.172504	5.076719	4.891299	3.946211	5.59191	4.967208	5.359712	5.854841
4.421877	5.117126	5.426851	5.557849	4.980383	4.785702	4.726964	4.423935	4.791509	4.927756
6.471788	4.793755	5.084932	4.321085	5.911009	5.450273	5.391894	4.95856	5.130881	4.890036
5.553192	6.401196	5.325095	5.195592	5.098605	5.062116	5.618447	4.517036	5.092387	5.45971
6.126336	5.51727	3.902373	5.815456	4.494003	5.430278	5.512395	4.638604	6.716269	4.540196
4.125135	4.94758	4.80074	4.915087	4.923212	4.998836	4.730198	4.742543	4.241116	4.60885
5.037362	5.365455	4.366627	5.281372	6.599995	5.337481	5.064018	5.134059	4.744998	4.942888
5.023221	5.589468	4.854553	5.467549	5.206245	4.464031	4.997732	5.725389	4.181996	6.056198
4.954065	6.309905	5.381522	4.665353	5.622652	6.043823	4.939775	4.22071	5.175631	4.912165
5.032065	4.110784	4.894032	5.627727	4.55434	4.874347	4.826563	4.977078	5.43763	4.541312
4.723695	4.186748	5.015672	3.747213	5.501234	5.143479	4.906833	5.107342	5.406029	4.905327
4.66467	4.346645	5.333464	4.827644	4.615928	4.43755	5.574393	5.840548	4.668379	5.537512
5.189065	5.8002	5.543451	3.989671	4.900783	5.351167	5.398561	4.148984	3.839641	5.691764
4.686899	5.481102	4.871106	5.13194	5.164936	5.902323	5.987949	4.633834	5.501733	5.765437
4.192557	5.30706	2.729621	4.752114	4.851983	6.002273	5.703718	4.183023	5.530934	4.643031
5.239331	5.249335	4.564892	5.327628	4.322509	4.516254	5.339897	5.265711	4.568297	5.368484
3.588057	5.635289	5.538013	4.956742	4.008494	4.673814	4.945766	4.653728	4.715119	5.033604
5.191061	3.910808	4.940032	5.61763	5.921648	5.754246	4.886405	5.461873	5.251073	4.762679
4.816874	4.811632	5.505301	4.815865	5.947363	4.343184	4.238589	5.029079	4.489167	4.891121
5.885519	5.353242	5.372276	5.077248	5.513207	5.868316	5.632188	5.857994	4.962885	4.449291
5.288468	6.200821	5.117839	5.172297	4.345741	4.890331	5.289014	5.732704	5.294637	4.832516
4.795958	5.923735	4.400058	4.432692	4.29818	4.896737	5.390593	5.829285	5.123784	5.606569
6.093473	5.652833	6.868508	5.535507	4.806837	5.404309	5.215219	5.356209	4.325716	5.161297
5.952182	4.554415	5.643496	4.688242	4.945285	4.739521	6.474562	3.810605	5.855618	3.832141
4.916258	4.610155	4.715065	4.102875	4.768278	6.28083	5.355819	5.195727	5.552994	4.267787
4.671629	5.516344	5.583537	5.779355	5.826556	5.298364	5.517308	4.342615	5.552975	5.267662
5.222584	5.108327	5.12082	5.682115	4.506492	6.006856	4.606623	4.936342	5.084958	4.915442
5.352169	5.759975	4.540618	4.842207	4.506582	4.630397	5.409673	5.241665	4.78413	3.958585
4.640954	4.512578	5.359887	3.421721	6.168579	4.334885	5.191022	4.356613	4.854282	5.305051
5.203224	5.223885	5.1692	4.75482	5.441094	5.856986	4.817139	5.447136	5.124866	5.797257
5.47229	5.46722	4.759046	5.702395	4.949116	5.463205	6.162708	6.079614	6.605102	5.815591
5.410447	4.448038	5.509734	4.696514	5.284841	4.964832	5.331996	4.377531	4.209878	5.082967
5.844877	5.068426	4.039838	3.903325	5.706927	4.924011	6.786972	5.650636	4.887988	4.910798
5.15883	5.751903	5.449605	6.315662	5.020615	5.257106	5.624504	4.44492	5.027377	5.444637
5.546873	5.694516	4.007047	4.918886	4.358042	5.100099	5.511404	4.889083	4.480966	4.22277
4.631283	6.248287	4.893535	3.962256	4.100336	4.78656	5.268155	4.848905	4.190082	5.96681
5.064299	4.116142	4.724123	5.96486	6.513138	4.719464	5.115322	5.135794	5.284794	5.588667
4.349857	5.184677	4.239909	4.863833	4.142468	5.307831	6.228624	4.056007	5.342159	4.844891
5.404094	4.443325	4.888835	5.794934	4.847126	4.430785	5.598907	6.33698	4.431085	5.606289
5.396448	5.058473	5.792757	4.776007	4.848598	4.77754	4.719559	5.146524	4.992091	3.832046
5.104768	5.691094	4.765216	4.465708	5.425548	6.159932	4.752779	4.274997	4.506941	4.849762
5.22677	4.3872	5.168695	5.114425	5.627468	5.08065	4.946579	4.152621	5.230997	5.965848
4.803833	5.5868	6.683365	5.244455	4.42571	5.177104	5.790201	4.038249	5.731846	5.08697
4.705006	4.629943	4.548971	5.499091	5.568667	5.352709	5.012776	4.764582	4.853202	5.681031
4.604312	5.158043	4.277542	3.964321	4.760186	5.281368	5.40969	4.852568	5.20974	5.818235
5.438297	5.708962	6.407587	3.9413	5.015339	4.191485	5.371837	5.0639	6.702322	4.184852
5.494493	4.835758	5.457298	4.358684	4.733814	5.53583	5.313883	5.54027	5.102808	5.980437
5.552168	5.712916	3.793659	4.539751	5.676365	4.759684	4.857124	5.517484	5.019397	5.93285
5.084324	4.559105	5.067103	5.104926	5.349234	5.318035	4.960613	4.767848	5.64304	4.660243
4.907581	4.906862	4.436146	5.062472	4.417786	5.713404	4.523921	5.526343	5.148402	5.547918
5.745482	4.9631	5.44171	4.824471	5.188188	4.248882	6.006255	5.000331	4.995677	4.359161
6.670054	4.579382	4.69338	5.449822	4.826532	5.322393	4.842304	4.68855	5.241321	3.550349
5.110144	5.216574	5.357146	5.385637	3.858613	5.16291	5.272474	5.410767	5.563436	5.618975
5.476336	6.291904	5.818547	5.226771	4.742108	3.76926	4.641804	4.696473	5.521751	5.799238
5.067621	5.619094	4.505541	5.488034	5.112674	4.758623	5.037903	4.766595	4.832857	5.109142
4.238667	5.595993	5.218935	5.746477	4.248154	4.267894	5.148473	4.863022	3.833937	5.123038
4.868033	5.536526	3.990769	5.047744	4.575123	4.408572	5.213307	3.479657	5.382991	5.577993
4.792471	5.068756	4.620934	3.145056	4.161436	5.779888	4.017323	4.266395	3.937675	5.88187
5.292385	4.924077	5.099127	4.787375	6.012109	5.377978	5.131926	5.042405	5.494917	4.890673
4.152167	5.420557	5.722776	4.087991	5.090652	4.623293	5.968729	4.645188	5.19404	4.655461
5.10988	5.413386	3.886513	5.70808	5.855023	5.087399	4.851017	5.867115	4.272202	4.557373
4.74633	4.400381	5.580389	5.084813	3.818489	4.576477	5.239677	5.394341	4.621299	4.254046
4.778679	5.503208	5.872387	4.868236	5.649229	4.901961	4.953124	4.933561	5.14294	4.814911
5.307709	5.55221	5.87001	5.674441	5.485498	4.477066	4.627026	5.330113	5.514416	3.990582
5.263305	5.47585	5.712287	5.051245	5.298017	5.172832	4.648779	4.768318	4.609718	4.319918
4.743024	5.002927	4.890848	5.222322	4.372413	5.701443	4.548937	5.144711	6.354252	4.325973
4.889726	5.84228	4.939809	5.847878	3.996446	5.265966	4.565023	5.747402	5.084639	5.550294
6.036207	5.142871	5.575913	5.154131	5.283077	4.655846	6.017684	5.439937	5.090433	5.101047
4.047726	4.857338	5.197046	4.846416	5.466117	5.675484	5.159709	4.042247	4.813647	6.112153
5.025184	4.331268	3.826067	5.381762	5.634148	5.051276	4.610966	5.242072	4.941891	5.776022
5.774749	4.665007	5.918785	5.201108	5.853319	5.238883	5.064686	3.736861	4.774684	4.475657
4.569125	6.041862	4.68954	4.200133	5.451698	4.924462	4.640584	3.697073	5.132514	4.484248
4.83906	4.721055	3.947374	5.176862	4.666507	4.786971	4.381774	4.554197	6.268717	5.837822
5.165347	5.329351	5.572205	4.13402	5.00954	4.665342	4.820489	5.026197	5.044191	5.39241
5.694532	3.785242	6.005051	4.545021	4.688833	4.786387	5.084417	5.633569	4.001753	5.804777
5.711993	3.981653	6.024039	4.812707	3.998966	6.078378	4.976091	4.842774	5.013976	5.55431
4.908877	4.6395	4.784551	3.947233	4.879973	5.30719	4.540917	5.683599	6.034197	5.24867
4.52953	4.087389	4.139817	4.63319	4.465307	5.09331	6.933135	4.648231	5.176717	4.747204
5.274519	5.03249	5.884153	4.731514	5.250588	4.871483	4.572468	3.92051	5.365251	5.280202
5.322173	5.040604	4.791915	5.263352	4.643122	5.138762	5.024048	4.787533	4.818427	5.672012
5.38801	4.452611	4.706448	4.383575	5.217001	4.44979	5.188823	4.277289	4.648921	5.18496
5.014507	4.471615	4.22343	5.46009	4.035074	5.557614	5.348994	5.135311	5.327074	4.576663
4.536336	4.593381	5.224403	5.566711	5.079015	5.616777	3.866104	4.225409	5.422114	4.552423
5.774911	4.260978	5.864923	4.776128	5.432762	5.023303	4.214039	5.631352	5.947633	5.48243
5.473489	5.344135	4.052928	4.804016	4.252501	3.675217	5.362329	5.480518	5.214347	5.595628
5.103499	5.292666	4.389063	5.26387	4.454098	4.9518	5.269814	4.204698	5.154642	6.883636
4.288407	3.939015	3.986036	5.037311	5.207299	4.088593	5.36271	4.222341	5.266179	4.764517
5.423765	4.335438	4.668377	3.477298	4.947064	4.341705	5.244317	4.513421	4.446138	5.727713
5.722099	5.040112	4.908442	4.499905	5.356404	4.54843	5.048195	4.663819	4.499534	4.34018
4.241294	5.015835	5.71142	5.53535	5.401058	5.940415	4.524029	4.544408	5.58714	5.383966
5.210577	5.376178	6.127227	5.231352	5.710138	4.170014	5.318216	5.790526	4.062226	5.448671
6.083777	5.231466	4.170676	5.018364	4.627387	5.457808	5.780217	4.519179	5.824371	5.113838
5.801431	4.4448	5.242465	4.721267	4.500367	5.839461	5.615072	4.718737	5.363516	5.101468
4.917843	5.480812	5.685049	4.769495	4.728472	5.019716	3.862482	5.919311	4.469335	4.646192
5.588523	5.000351	5.037207	5.361838	4.648509	4.405362	4.299257	4.538605	4.56695	4.796681
5.198229	6.042494	3.911492	4.895129	4.878712	6.172115	5.384973	4.251463	4.829041	6.210578
4.836567	5.210347	5.150604	5.051645	5.014151	3.903439	4.319629	4.994487	5.626968	5.203429
5.808458	3.292439	4.722928	6.623737	5.157747	5.995894	5.264704	4.990679	4.941442	3.867279
4.810948	4.46054	4.730589	5.107277	4.674851	4.73784	6.068268	5.009813	5.581127	4.283179
4.563453	5.305592	5.281106	5.017016	5.632291	4.892106	6.087538	5.367404	5.917019	4.752014
4.673826	5.422895	5.150572	5.182488	4.439355	4.474128	4.32769	4.612116	5.880904	4.936593
5.188481	4.763482	4.780045	5.537882	4.346036	5.881895	5.029594	5.643088	5.257863	5.540759
4.358187	4.178592	5.924296	5.293044	4.629227	4.069825	5.521786	4.877898	4.569945	6.056531
3.903364	5.744926	5.223831	4.525363	4.607188	5.158159	5.39868	5.115811	4.919869	5.312743
4.828429	4.9157	5.301669	5.234183	5.18733	5.176756	5.340313	5.063809	4.548511	5.078644
5.304225	3.531667	5.940509	4.168592	5.118374	5.500826	5.331797	4.63906	5.405897	4.799126
5.366879	5.025127	5.095279	4.108052	5.943287	4.570074	5.089689	6.049757	5.081259	4.541578
4.596561	4.823427	5.174615	5.587818	5.247907	4.668336	5.175663	5.06193	4.532354	4.6958
5.02608	5.810211	4.97428	4.106614	4.706343	4.725616	6.447057	3.911431	5.293643	5.706982
5.432339	4.812084	5.381116	4.87502	5.681376	5.403193	4.874534	4.41047	4.985502	5.270498
5.635218	4.864728	5.173518	5.563938	5.044773	5.477814	5.373067	5.31575	4.943099	4.566602
5.420511	5.175117	5.928377	6.064507	3.488209	4.071014	5.518384	5.696062	5.135368	5.973019
5.268152	5.319068	4.358996	5.47107	4.468997	4.555437	4.875439	4.319096	4.809422	4.804115
5.306364	4.888266	4.106181	4.536995	4.979718	5.154812	4.716832	4.542005	4.976648	4.909184
5.506094	4.384242	3.838156	5.334819	5.612392	4.963978	5.275407	5.168345	5.582733	4.830873
4.969519	5.663247	5.521665	4.633754	5.278192	4.974945	5.019925	3.796829	5.123555	4.869782
5.340352	4.73289	5.045996	5.727583	4.182413	5.399224	5.66245	4.168721	4.379789	5.093809
5.249031	5.386549	4.729687	5.127485	4.122868	4.644023	4.493048	5.214493	4.462102	5.61009
4.061306	3.880581	5.313725	4.634868	4.659028	5.302881	4.593066	5.023471	5.100365	4.725995
5.242232	4.206994	5.107923	5.425189	5.400257	5.990606	5.426076	4.415975	5.103015	5.52488
4.85682	5.086269	5.846627	4.903725	4.635918	5.721236	4.890585	5.257894	5.517632	5.453109
4.844788	4.306776	5.678558	4.922572	4.414663	5.22366	4.856582	4.42707	5.256398	4.503322
4.91725	4.473475	4.914448	4.204227	4.571872	4.989088	5.447807	4.879248	5.84616	4.664481
4.071754	5.739777	4.644679	3.841254	5.952394	4.9858	5.420552	4.822544	4.7919	4.379989
4.667041	4.685343	5.897666	5.282212	4.641641	5.124439	6.888784	5.86618	5.091951	4.828841
5.004845	5.235592	4.933122	5.412712	3.815896	5.456861	4.406076	3.994183	5.186281	3.091379
4.621376	5.143968	4.257234	5.478679	5.026954	4.261327	5.041608	5.144711	4.98982	5.185566
6.194191	5.621117	4.905182	5.531971	3.7693	4.617774	5.214734	4.303165	4.168211	5.014105
4.907248	4.485628	4.486631	4.23409	5.357558	4.55102	5.04393	5.42243	4.637058	5.314292
4.741601	4.885418	5.717294	5.210884	4.772986	5.134412	5.693794	4.228153	5.160884	4.16754
5.327672	4.099134	4.984632	4.856688	4.918461	5.254628	5.181124	3.747702	5.202349	4.481779
4.518777	4.631289	5.021106	5.174467	4.80078	5.36014	5.285161	4.837329	6.041313	2.943496
5.044271	5.093552	5.555208	5.796354	3.705755	5.286988	5.220645	4.095516	4.927159	4.226727
4.838011	4.876883	5.59557	4.790498	4.88111	5.391488	4.9914	5.611603	5.280904	4.802738
4.783157	5.50664	4.415217	5.551694	5.550926	5.33909	4.768941	4.95968	5.173563	3.957364
5.898171	4.925864	4.799296	5.648175	4.665452	3.910347	5.181141	4.693112	5.407987	5.381283
5.468339	4.349285	5.774695	5.085717	5.990724	4.087797	5.584671	5.100891	4.954981	4.07324
4.63433	4.798773	5.198754	5.505068	5.246136	4.736177	4.82244	5.199945	5.019017	4.319619
4.046156	5.130452	4.755951	4.981911	4.748142	4.378588	5.061238	4.931282	5.142318	4.105127
4.638035	4.415992	5.783735	4.838544	4.320968	5.913874	5.176386	5.229503	4.756828	4.396027
4.898293	5.610135	5.259168	4.115251	5.173	4.969135	5.215331	5.936311	4.548163	5.52852
4.692898	4.842316	4.31627	5.507463	4.949242	4.754074	5.165462	5.196062	5.062797	5.008729
4.653822	3.788523	5.535117	4.967291	4.88592	4.027091	3.986112	5.979317	5.161443	5.211823
5.051701	3.996555	5.239684	6.266527	4.98419	4.95841	5.110509	4.715835	4.361246	5.3347
4.254749	4.55282	4.7827	5.340018	5.240232	5.293221	5.380729	4.762107	4.656667	4.715002
5.316781	5.460921	5.774068	4.576643	5.243402	5.560898	4.488986	5.769875	5.333103	5.782956
4.596988	4.950235	5.552162	5.972192	5.078132	4.393577	4.965134	4.611699	5.111415	4.963779
3.230196	5.524654	5.636032	5.058668	5.580142	6.006369	5.43688	4.748316	5.387999	5.296042
4.213492	4.579093	4.803128	4.577934	4.538815	4.576912	5.305477	4.124387	5.198602	4.700197
5.332439	5.062829	5.671373	5.759896	3.991195	5.540079	6.621688	5.152466	4.598411	4.883655
7.380661	4.727617	5.21425	5.070116	5.420087	4.953477	5.017969	5.857743	5.75803	4.790799
5.079279	4.402002	5.633866	4.604436	5.916214	5.432004	4.775629	4.569032	5.694262	3.601282
5.55424	5.109589	5.686064	5.186643	5.930392	4.781429	5.844528	6.267304	4.359115	5.758323
4.675641	4.086076	5.445096	4.380558	4.493302	4.915701	5.298978	5.155406	4.701567	4.677765
5.264327	5.528422	5.45786	4.328338	5.126737	3.77112	4.918416	5.833926	5.29305	4.899109
4.515007	4.219817	5.712848	4.943308	3.749894	6.058312	5.716134	5.370728	5.879523	5.78099
4.883853	4.424699	5.79397	5.078938	4.185444	4.281106	4.738219	5.811759	4.927534	4.833064
4.354632	5.597277	4.920105	5.524451	4.124077	4.775688	5.347285	5.55319	4.662306	5.464465
3.792978	4.606108	6.099943	5.196867	4.838493	4.676654	5.475175	5.458102	5.01407	4.309155
5.200212	5.978583	4.935578	5.010026	4.579398	5.563108	5.229955	4.130527	3.034831	4.596611
4.828762	4.861273	4.480208	4.778921	5.120511	4.312915	5.601677	6.171317	5.041537	5.880796
6.210601	4.727915	4.130566	6.551208	4.574444	4.729575	4.154464	4.949045	4.190895	5.415272
5.040448	4.31116	4.502052	5.379815	4.505794	4.533617	5.064785	5.055286	4.418323	6.171568
4.80296	5.292519	4.215266	4.281814	4.97669	5.811625	4.01475	5.442012	5.053832	5.752679
5.352769	5.163949	4.7227	5.208812	5.118329	5.593365	5.133038	5.45313	5.511178	4.453596
3.506703	4.394145	5.823636	4.335298	5.091442	4.978167	6.116288	5.496389	4.384795	3.926608
4.805061	4.680721	4.133173	4.216128	3.945981	4.789242	5.022612	5.334791	5.693199	5.272548
4.598037	5.59148	4.997214	5.736149	5.521984	5.259802	5.470035	4.131279	5.445634	5.405186
5.431877	4.78799	6.516212	4.636579	5.414836	4.34926	4.639885	4.813435	4.550798	4.934628
4.824789	4.79834	4.000018	5.430358	5.799778	5.806874	4.269963	5.252707	5.577076	3.975948
