5.481294	5.179438	5.006354	5.265412	5.206877	5.018315	4.666337	5.334932	5.288577	4.039171
4.41952	4.623607	3.956899	5.069109	4.017632	5.309258	5.723702	4.247929	4.916903	5.042618
4.996704	4.14217	5.872907	3.822892	5.668438	3.935181	4.981029	4.676997	4.975802	4.721086
5.343887	4.300611	5.160666	5.396679	4.289323	4.846304	5.242387	5.320814	5.326997	3.809685
5.337021	5.471052	4.654227	5.098662	4.632758	5.025217	4.981476	5.133142	5.204531	5.557651
4.668709	5.052696	5.299516	5.16734	5.559063	4.651917	4.934953	4.771722	4.608346	5.473598
4.682405	4.504178	6.461342	5.027196	5.557707	5.142241	6.089157	5.074143	4.552951	5.6059
5.53063	4.835015	6.098052	4.612989	4.744154	4.324207	4.544129	4.422722	4.995054	4.152917
6.210002	5.059234	3.520458	4.826358	5.144904	5.679681	6.222485	4.213051	4.35209	3.957644
3.802344	5.405277	5.620261	5.149616	5.091784	4.672977	4.880602	5.247972	4.43207	5.831935
4.169384	5.122371	4.573202	4.837677	4.811102	4.83144	4.909434	4.608181	4.389177	4.170544
4.536162	5.039331	4.565332	5.592175	4.403101	4.746841	4.476108	4.533794	3.767352	5.416214
5.987357	5.01678	4.967881	4.493659	4.940434	4.733784	4.206285	5.219524	5.078852	5.525174
3.468385	5.649438	5.334424	5.581897	4.48744	4.756805	4.642568	4.942941	4.55789	4.816885
5.014708	5.531111	5.431753	5.858754	4.777191	5.636798	5.382202	4.96657	4.650451	5.834088
4.845178	4.031643	5.784622	4.692073	5.408236	5.503101	5.747479	4.688147	5.115868	5.565365
5.252372	5.42152	4.90709	5.184457	5.359532	5.862634	4.630609	5.502409	4.923106	4.059369
4.93194	5.273162	5.958695	5.46414	6.361813	4.722428	4.59523	6.167805	6.137299	5.026603
5.230727	4.864387	5.322826	5.622435	5.328244	5.033553	5.497698	4.792189	5.061546	4.689841
6.029817	5.607264	4.584081	4.836674	5.436325	5.639289	3.89006	4.98139	4.173353	5.370682
4.930347	4.145584	4.943246	4.822203	4.727713	4.504184	4.897123	5.012179	6.379225	5.239316
5.01593	5.649577	5.378889	5.416916	3.49618	4.42427	3.987969	4.244321	5.975708	4.526433
6.520442	5.062272	3.593288	5.224767	4.093772	5.512367	5.098938	4.393766	5.533674	6.341117
3.00095	4.048	5.118999	4.697233	4.483114	4.665935	6.021317	6.151489	5.112208	5.880505
4.464727	5.316617	5.073717	5.160189	4.797369	4.703876	4.619181	5.314322	4.394554	4.716951
4.528198	3.424204	5.082836	5.039161	4.434958	4.73761	4.327738	4.408999	4.892012	4.683616
5.764808	4.599888	5.027867	4.240796	3.815007	4.089965	4.720898	3.764288	4.618756	5.53367
4.391159	5.231502	5.300457	5.265254	5.250604	5.912905	5.69968	5.827126	4.646829	5.459341
5.014281	4.068798	5.914411	5.919395	5.058214	4.382683	5.33406	4.823837	5.634363	4.694351
5.95232	4.607648	5.523746	5.068216	4.845219	5.048257	4.498132	4.729087	5.186705	4.878917
5.562679	4.828098	4.463225	4.48677	4.929352	4.755149	5.275649	5.295879	5.613224	3.747977
4.800001	4.624687	5.257811	4.529419	4.172579	4.844029	4.32392	6.076735	4.48846	3.496556
5.732845	5.389035	4.076505	3.921626	4.480035	5.073119	4.215745	3.957359	5.16698	3.854244
5.61446	4.676069	4.696393	5.65134	4.354667	4.814335	4.878376	5.674783	4.473802	6.186327
5.917815	4.615441	4.676576	4.56339	4.495646	4.966496	5.35449	4.636634	4.366222	5.153324
4.676109	5.029966	5.020548	4.178446	5.72046	4.40329	4.086556	5.492659	5.678633	4.313597
3.821292	5.136989	5.421746	4.774224	3.594496	4.79081	4.269624	5.281453	6.051516	4.434852
4.870501	5.344436	4.750929	4.028713	4.116256	4.42992	5.1733	5.786786	4.155581	4.48246
4.41024	4.936537	4.965814	4.453473	4.655305	5.14172	5.368335	4.419174	4.855561	5.841984
4.945024	5.329693	4.208126	5.457305	5.814539	5.513494	4.874699	4.330293	5.328518	5.361894
5.069128	5.307817	4.126339	5.049931	5.712233	5.806838	4.020994	5.216237	5.239361	4.971917
4.627	5.864615	5.217569	3.302899	5.129349	5.648665	4.506629	4.891604	5.114695	5.40921
5.261325	5.180891	5.63809	4.277015	4.780852	4.426817	5.384409	5.931474	5.28799	6.17118
4.786845	5.42461	4.28968	4.916043	5.093989	5.026255	5.273773	5.364232	5.638445	3.287876
2.588232	5.156229	4.570706	5.004298	5.132818	6.227986	4.733501	4.915116	5.784573	6.156535
3.794091	4.972658	3.926627	6.295543	5.611062	6.008948	5.44807	4.319963	3.692915	3.853761
4.732653	5.962375	5.25503	5.14924	5.235112	4.979602	5.335973	5.009701	5.906193	4.827408
5.546906	5.063679	5.742419	4.548959	4.175598	4.705609	4.099503	4.709998	5.509764	5.829931
4.972854	4.985478	4.302605	4.775021	4.767984	5.720075	5.766925	5.052022	6.017995	4.537691
5.351666	4.436442	5.169315	4.357278	4.930333	5.265224	4.853437	4.536542	5.555015	4.672648
6.174494	5.131974	4.111138	3.884118	4.633542	4.616518	3.875981	5.19976	5.194784	5.369107
5.142424	4.635083	5.176799	4.41801	6.16329	4.377312	4.859076	5.170181	4.655656	5.647422
4.974086	4.280523	4.685158	4.560029	5.761943	4.850403	5.583635	5.562727	4.812005	5.276996
5.728478	4.477372	4.320162	5.578331	5.423299	5.190576	4.129098	5.292673	6.36983	4.084886
4.281579	6.307321	4.715218	5.666811	4.824176	5.281505	4.024508	5.05976	4.942662	5.139687
3.834536	5.331679	5.95348	5.161271	5.548628	6.160556	5.121243	5.943105	4.274443	6.277647
4.20111	5.095963	4.517833	4.382536	5.669109	5.565282	5.50436	6.056331	3.548605	5.394114
5.356285	4.443569	3.736985	4.602608	4.834418	5.279782	4.408339	4.250331	5.018482	5.177268
5.290552	5.757927	4.360909	5.041461	4.263651	5.15802	4.199981	4.093305	6.257461	5.503861
4.807196	4.783622	4.095511	5.810033	3.466383	4.656823	4.784268	5.913429	4.78207	4.33186
4.48581	4.492681	5.290316	6.087668	5.368083	6.02598	5.212187	5.053145	4.573555	4.326908
4.713974	5.273127	5.417539	4.692657	5.325228	6.063425	4.415364	5.183743	4.730234	5.099822
5.550774	5.252961	3.612222	4.435413	5.032144	4.901067	5.055452	4.871326	4.242133	5.680799
4.636506	5.346835	3.697113	4.194841	5.132612	4.034649	4.789344	5.164273	5.031259	6.003038
5.633982	5.87518	5.082986	4.189634	4.650906	4.732021	5.78272	5.199748	5.987212	3.757854
5.321082	5.263754	6.163304	4.575125	4.685043	4.946241	4.877174	5.000582	5.547513	3.346432
4.966631	5.265085	4.33003	4.17976	4.400322	4.37796	4.37887	4.262808	5.519317	5.263062
4.220023	4.821786	5.42278	4.35879	4.889351	3.946773	5.138554	4.92211	6.006381	5.441272
4.513069	4.193693	4.44377	5.046808	5.605985	5.132672	5.03519	4.778908	5.20987	3.295638
6.187283	5.721069	4.832886	5.100977	5.691783	4.990088	5.081367	4.698803	3.907709	5.529355
5.254043	4.757069	6.100694	4.618812	4.199774	4.754238	5.089941	5.465596	5.396955	4.433376
4.96395	6.210549	4.335147	4.940426	5.080036	5.032104	5.960484	3.829517	5.492933	5.71151
5.922107	4.743742	4.927007	5.047555	5.383664	5.091387	4.604803	5.28477	5.997073	5.540267
6.266981	5.95755	5.250354	4.951716	5.329071	5.379438	5.291812	4.829978	4.739275	4.015331
4.870592	3.766497	5.546236	4.997987	5.413612	4.889628	4.593732	6.000445	4.694594	4.675951
5.269674	5.151035	4.232891	5.171749	5.179148	4.558062	5.496565	4.892735	5.485348	6.603589
5.064495	4.586305	5.138797	5.365858	3.935499	4.88645	4.720036	5.217688	4.882473	5.465633
5.754271	5.050839	5.620893	4.854192	4.829884	5.265332	4.243057	4.705942	4.579471	4.830212
4.093689	4.687285	4.581255	4.893191	4.985508	4.867601	4.672655	4.479089	4.497294	5.077025
6.066456	5.478171	4.533338	4.87327	5.807723	4.781467	4.518585	5.037365	5.850634	4.817464
4.368257	4.663371	5.730858	4.676185	5.482753	4.984982	5.461023	4.807197	5.113711	4.601407
4.858953	4.505398	4.040292	5.134204	5.145233	4.414002	3.000005	5.815223	5.282147	4.773387
4.485509	4.232355	5.418857	4.998389	5.440073	5.352062	5.782718	4.449841	4.230037	4.763985
5.070093	5.738899	6.357899	5.274971	5.019302	5.270376	4.17599	5.095488	4.650155	4.460911
5.685975	4.345253	5.347661	4.204646	5.445182	5.824361	3.917476	5.151982	3.987484	5.077382
5.380844	4.100567	4.549063	4.879189	5.047111	4.060949	4.802964	4.9175	3.955073	5.921556
4.649799	4.149819	5.673646	5.269491	4.618767	4.055698	5.673304	4.627426	4.736556	5.130654
5.035609	4.940149	4.767886	4.129128	4.834255	5.019391	4.405491	4.581758	4.454917	4.682562
6.217031	3.850513	5.632064	4.726385	5.273147	5.101184	5.382784	5.12522	5.410587	5.31683
5.527658	3.17086	5.189402	5.714578	5.002508	4.258842	4.882147	4.914698	4.700471	6.194085
5.439144	4.563557	4.295854	4.893035	4.433922	4.481675	4.856737	4.849824	5.409818	5.071964
4.507849	5.206081	5.00306	5.155989	5.761037	4.908308	5.287215	4.98334	5.686226	5.676563
5.859649	6.105097	5.430639	5.514449	5.182859	3.652206	5.203956	4.6398	4.875765	4.857911
4.185086	5.438677	5.610002	3.872737	5.381541	6.053967	5.506245	4.885711	5.988204	4.928794
4.486767	5.499843	5.281545	4.816396	5.303042	7.279464	4.856316	4.964838	5.266549	5.274533
4.014225	5.442072	5.069242	4.094021	4.218843	4.269901	3.98723	5.391928	5.118362	4.218397
4.144637	5.731027	5.831542	5.324542	5.053082	4.201406	4.567876	4.671122	6.156098	4.575879
5.107446	4.643283	5.577606	5.423609	5.153542	5.125068	4.988295	5.250016	5.027738	5.145866
5.693525	3.826486	5.042548	5.922403	5.820709	5.038099	5.131661	5.251302	4.54287	5.393001
4.991212	5.802061	5.407982	4.919014	4.334923	5.040435	4.091538	4.846499	4.742805	4.440834
4.699594	6.220774	4.123448	5.212132	4.965085	4.552503	4.736432	5.072019	4.027429	5.562654
6.880119	5.196522	4.809603	4.926699	5.373767	4.683454	4.537162	5.183299	5.336642	5.997603
4.721948	5.381649	4.349245	5.225593	5.062654	5.337989	4.906416	4.838849	5.491452	5.006563
5.440535	5.001524	6.142638	5.59266	4.199606	5.319633	4.581047	5.492717	4.861537	5.423935
4.506318	6.11653	5.713627	5.511073	5.147432	4.8022	5.550285	4.106585	4.145	5.487129
4.342974	5.122544	5.677494	4.676055	4.496076	6.030911	5.19449	5.6858	4.338204	5.739704
3.522156	4.575264	5.216818	5.128411	5.292102	4.862452	5.35077	5.536767	5.042426	4.921156
4.27688	4.491235	4.826856	4.737556	5.64139	4.572908	6.260705	4.930644	4.933599	4.409946
5.453928	5.245502	3.211011	5.050119	5.031405	5.319118	5.178017	5.150066	5.637601	4.378296
5.218409	5.1203	5.845423	5.671188	5.217	3.989192	5.755816	5.128729	4.617507	4.277562
5.019872	4.973427	4.998049	4.817959	5.797241	5.112648	5.269672	6.162035	5.461989	4.360523
5.746457	5.48578	4.555305	4.012656	4.284364	5.946621	5.093561	4.822672	6.082304	5.171539
3.726387	5.098107	4.579344	4.768686	4.718503	5.213242	4.501053	5.137215	5.52863	5.835884
4.705477	5.424523	5.232366	5.342951	5.040655	4.550293	4.520085	5.726783	4.534765	5.210258
4.688569	5.894889	4.165447	4.444498	4.765101	4.434359	4.664752	5.078781	5.032106	4.583544
5.793457	5.167303	4.296496	5.702464	4.23023	6.053111	4.630846	5.759377	5.58854	4.872366
6.248202	5.314951	6.411664	4.774143	5.076971	5.589404	4.472942	5.0144	5.466928	5.618289
5.493989	5.248266	5.47631	5.055833	5.289162	6.513038	5.208451	4.860968	5.688472	5.353994
4.221818	3.842272	4.630778	5.047261	4.563561	5.858252	5.104364	5.474161	5.316786	4.626183
5.047595	5.952908	5.763156	4.643177	4.935915	6.003798	5.227396	4.017311	5.20384	5.470234
4.500734	4.847797	4.70264	5.473715	5.709454	4.268374	4.706008	5.6571	4.875277	5.665507
4.814475	5.061185	4.988016	4.580401	4.975073	5.484162	5.35789	4.504457	4.535836	5.189242
5.051286	4.611226	5.127995	4.760737	4.949963	4.558669	4.760292	5.266459	5.480254	5.385275
6.035882	5.5448	5.262548	5.962417	4.386584	4.727045	4.797074	6.099687	4.67416	5.992007
4.986327	5.566185	5.210014	5.447948	5.773135	4.286488	5.302296	5.728204	6.143837	4.978199
4.012987	4.912744	5.340279	5.599958	6.140401	5.419923	4.588006	4.239069	5.232255	4.002516
5.963623	5.319722	4.673977	5.313296	5.047747	5.132853	5.134744	5.664526	5.447381	4.582889
5.545639	5.36798	5.142726	4.923542	5.020272	5.313568	4.854346	5.031485	4.486022	4.786524
3.767919	5.677666	5.187781	4.278952	3.859445	4.264225	6.00472	5.493014	4.18965	5.995347
5.406126	5.888982	4.014314	5.099357	5.593306	5.739846	4.918284	5.039054	5.196615	5.372857
5.175422	4.861214	5.389908	4.693182	5.021371	6.307766	6.016507	3.737278	5.220307	5.010241
5.955261	5.073905	5.585402	3.979825	4.545661	4.712955	4.9035	5.099536	3.888573	5.452601
4.963221	4.87383	4.678163	4.971916	4.677152	4.349296	5.013113	4.531368	5.576492	4.76371
4.712759	4.909355	4.293664	4.940113	5.072717	3.44214	5.369919	4.93297	5.142612	5.222931
5.047713	4.94062	5.317606	4.8409	4.839106	4.625677	3.929443	6.10824	6.285968	5.066181
5.907097	4.397644	4.877341	5.328847	5.066115	4.517045	4.235559	5.129997	4.366959	5.271797
5.313265	4.671671	4.692357	5.038238	4.879461	5.299736	4.574814	4.423956	4.195146	4.405769
4.62394	6.018323	5.228232	5.162976	4.707866	4.909115	5.271496	5.436038	5.418908	5.091354
4.395532	6.053178	4.968105	4.698173	4.561008	5.223185	5.562989	4.074539	4.914819	4.868721
4.279092	5.524459	5.361422	3.601199	5.899135	5.168341	4.962785	5.627394	4.805624	5.218288
4.557643	5.203757	5.35721	5.865114	3.845772	4.679467	5.153663	6.085166	5.791246	4.544613
5.575273	5.845393	5.256401	5.6166	4.932916	4.67188	4.388426	5.18176	4.629945	4.589351
4.366854	5.043095	5.35776	5.590642	3.467558	5.676106	4.015302	4.830032	6.039322	4.725014
5.583569	4.224431	4.741411	5.447788	4.591817	5.173597	4.902303	4.30688	3.878931	4.059731
5.241138	5.534509	5.398695	4.45649	3.474946	4.175629	4.743789	4.813799	5.749122	4.992909
5.402022	5.107691	6.225793	5.521383	4.817952	5.66758	5.623673	5.32786	5.675232	5.905507
4.885283	5.698499	5.537059	4.586044	5.042281	4.747692	3.928802	4.408042	5.524126	6.131266
5.077518	4.033678	4.314574	4.616584	4.880599	5.198442	3.882926	4.979747	4.556862	6.517421
5.160325	4.559216	4.769654	5.224955	4.73951	4.122587	4.774387	4.765524	4.069153	4.369748
4.017676	3.973723	3.758168	4.744014	4.447794	5.335879	5.415865	4.837189	6.064243	6.028807
4.890356	5.318315	5.636792	5.118963	6.053992	4.884432	3.949564	5.317879	4.48853	4.13793
5.296093	4.888082	6.543611	4.899445	6.194055	5.042042	6.20581	5.786875	6.227738	4.516721
6.162976	3.879337	5.302835	5.235572	5.426279	4.754192	4.882495	5.176222	4.07691	6.294843
4.408238	5.203278	4.815546	5.512228	5.202601	5.29001	4.553126	4.715288	3.845978	4.922051
4.045601	6.005276	4.445321	5.162612	4.943558	4.243871	4.896782	5.249181	6.592641	5.28288
5.863087	4.034003	5.403452	4.986804	5.215672	5.034361	5.038857	4.50985	5.257465	4.407963
4.67483	5.073397	5.906052	4.972205	5.070112	4.788997	4.673636	4.642552	5.047894	4.742258
5.72063	5.002244	5.194974	4.843442	5.109205	5.126616	4.376387	4.722155	5.18443	5.28719
5.18909	4.148425	4.552538	5.321829	5.396228	4.674909	5.269318	4.325358	5.509681	5.86691
4.206732	5.646828	3.572022	6.008371	5.918213	3.201063	5.371742	4.389071	5.258182	5.1581
4.806499	5.393641	5.856666	3.55734	4.533423	5.570605	5.269332	3.753937	4.871522	4.367132
4.922451	5.057983	5.90917	4.967626	4.35765	4.403319	4.913899	5.540057	5.336783	4.421066
5.375816	5.555646	6.277089	5.288527	5.00231	5.40124	5.47575	5.343989	3.950594	4.510506
5.386752	4.728598	5.847965	4.950746	4.807737	5.302285	6.240261	4.744369	5.124328	5.29776
4.923216	3.892234	5.064921	6.144515	5.364417	4.847784	3.936604	4.798448	4.97265	5.706357
5.084765	4.540338	5.777341	4.361551	3.851899	5.288943	5.36047	5.196845	4.259189	4.804684
4.455514	5.646344	4.709645	4.349863	5.844775	3.891188	4.249722	4.502398	4.030946	5.762788
4.387859	5.018543	4.860799	4.504776	5.780122	4.3328	3.260357	4.371111	5.48229	5.255547
5.272366	5.418008	4.573537	4.706652	5.535057	4.648592	4.000291	4.567316	5.683758	4.195989
5.469771	6.4427	4.889267	5.265154	5.001123	4.417542	4.799326	5.170883	4.961131	5.000743
4.021649	5.278782	5.254367	4.344696	5.499047	4.981518	5.432362	5.601303	5.54072	5.827678
5.214231	4.787524	5.165186	5.892234	5.356804	4.446253	5.652431	4.89115	4.856233	5.123441
5.456002	4.835611	4.374979	4.818729	5.217203	6.783073	4.665296	5.106667	6.076079	5.389544
4.82312	5.249723	4.899474	4.890202	5.634788	5.138876	6.040683	5.530785	3.941824	4.26583
4.936419	6.044903	5.254586	5.455841	4.360993	3.59189	5.118979	6.267797	4.985913	4.658489
5.065777	5.315345	5.237426	4.489467	4.304125	5.46424	5.028674	5.54294	5.002269	5.189482
5.053037	4.920649	4.857444	5.017754	5.480327	4.516702	5.300498	4.589435	4.609795	4.456892
5.369638	6.22546	4.365618	5.186839	5.007423	5.393019	5.518775	4.977239	4.633767	4.44557
5.406804	4.994883	3.66033	4.426359	4.819262	5.803962	5.738707	5.021302	5.195304	3.855721
5.040487	4.946089	4.851158	5.698961	4.57455	3.909763	5.439064	5.774051	6.160828	5.789444
5.651814	3.748542	5.491142	4.898281	4.871492	4.339667	6.30128	6.392169	5.076356	5.691114
4.633288	4.974042	5.328073	5.147602	5.721835	5.32469	5.611547	4.987179	4.887214	6.447393
5.086525	4.648448	4.787101	5.19224	5.10798	5.820192	5.198014	4.897573	4.51004	4.452159
5.618486	5.124108	5.246164	5.289757	4.526196	4.584524	4.923329	4.694659	4.789864	5.356229
5.694091	4.482485	5.450499	4.804564	4.896123	5.076397	5.300925	5.416419	3.976606	4.703015
4.764031	4.079357	4.863451	4.995144	5.035005	5.945311	5.129886	5.202999	6.598177	4.966208
6.5004	4.085436	5.17876	5.655924	4.867821	5.083375	5.445861	5.943603	4.513718	4.575859
4.924114	5.346936	5.419024	5.330357	4.773221	5.388029	4.897766	5.298591	4.061942	4.642139
5.243496	3.991284	5.483266	6.01096	4.853231	5.389757	4.220313	4.440892	5.568726	4.322644
5.184036	4.861026	3.924796	5.740088	5.344856	5.226077	4.540795	5.02449	4.566832	5.193096
6.353412	4.686191	5.906578	3.952695	5.358153	4.79095	5.944447	5.949494	5.603679	5.752842
4.577822	5.632486	5.048925	4.760129	5.335223	4.224774	4.315876	5.10289	5.141088	4.299715
5.578484	6.067753	5.358899	4.907171	5.916238	4.350594	3.620376	4.464799	4.385541	4.68392
5.302567	5.342723	5.148971	4.351714	4.827394	4.613879	4.821407	5.48555	3.780253	5.817849
3.693363	5.364541	4.603076	4.403631	5.372005	4.622286	4.53611	4.737464	4.634801	5.443745
5.503701	5.613434	4.980382	3.867064	5.442645	4.275338	5.464702	5.61004	5.740605	5.509591
5.45713	5.284726	5.284108	4.029418	5.8693	6.191835	5.551616	5.4063	6.335411	5.068454
4.604186	5.249172	4.608224	4.893541	5.060739	5.421985	5.841101	5.307084	5.601614	4.022615
4.734033	3.825993	4.907072	4.764526	5.31645	5.442369	3.91705	5.867791	4.516394	4.799722
4.974817	4.633118	5.998347	3.978701	5.507564	5.59395	4.4396	5.199924	4.61692	5.804841
