5.589453	4.239695	4.76638	5.936988	4.832317	5.384557	4.704548	5.132144	3.790929	3.970627
4.423906	4.506117	5.119414	4.89326	6.694338	5.400534	4.310324	4.609463	5.00292	4.656924
5.689678	5.477879	3.837525	4.635128	4.769464	5.74422	5.213298	4.89831	4.561789	4.461197
4.258461	5.609115	4.061119	5.527404	5.41174	6.089111	5.070531	5.680906	5.088568	5.666175
4.284701	4.481651	5.718587	5.044161	4.710961	4.592442	5.223604	5.555673	5.239834	4.509187
4.980606	4.477292	5.03407	4.713052	4.903372	5.24158	5.666143	5.119795	4.718888	4.838208
5.207524	4.904193	5.150222	5.659033	4.896344	4.603812	4.854856	5.356908	5.26458	4.838562
4.296909	3.973727	4.725455	4.809958	4.978721	4.871376	5.548077	4.838836	4.844927	6.133712
5.773652	5.977268	5.040045	5.434537	4.924378	5.692618	4.797569	4.993354	5.157839	4.751022
5.316588	5.73227	5.212106	5.516581	5.210319	4.488455	4.544644	5.051925	5.74049	4.561085
5.444007	5.872519	5.216357	4.582468	4.21705	4.472521	4.881953	4.927382	4.055879	5.487642
5.863498	4.118915	4.399971	4.746866	6.298284	4.199202	4.832823	5.587633	3.918294	4.305195
4.938619	3.969952	5.556119	4.882593	4.889009	3.854527	3.627143	5.218731	5.187285	4.353474
5.096674	3.93088	6.044873	5.194734	4.663061	4.333806	5.2112	4.973496	4.154729	4.428401
4.553841	3.957166	5.138247	5.063328	4.000623	4.664683	4.788627	5.683341	4.118516	5.84606
5.787781	5.145177	6.281793	4.77729	5.803257	5.285015	3.720241	5.757466	5.778208	5.758804
4.794128	3.933472	4.572168	4.826956	4.743017	4.958021	5.360274	4.903018	4.571781	4.876783
4.3881	3.851609	4.73774	5.353404	4.515481	6.104679	4.394556	4.842865	5.366006	5.443093
4.958775	4.567843	6.331222	4.798701	4.780135	3.812209	4.807866	4.867709	5.811606	4.527697
4.811356	4.338173	4.529127	5.045623	5.245355	5.830071	6.664791	4.405247	6.215065	5.004684
3.830296	4.964249	5.317006	5.100793	5.243416	5.616446	5.084126	4.865298	5.709135	4.559964
5.558271	5.199643	5.510228	3.931105	4.426066	5.739029	4.78855	4.067267	5.01924	4.672159
4.691951	5.71394	5.387225	4.102386	5.076378	4.672772	5.599582	4.804213	4.163743	3.945662
4.978184	4.389011	4.467647	4.466746	4.865482	4.557085	5.75013	5.533251	4.916852	4.949389
3.900214	4.423202	4.947136	4.96351	4.911522	4.640391	4.394281	5.005494	5.814052	4.945308
4.870608	4.281605	5.25002	5.269925	5.307725	4.663863	4.900744	5.853995	3.602019	6.273684
5.017547	4.654702	5.073685	4.388211	5.173822	4.695316	5.357351	4.615602	5.078141	4.649956
5.468131	5.604848	5.298846	5.310958	5.26606	4.998753	4.364487	4.862777	4.657774	5.907037
4.578833	5.670106	4.114727	5.864331	3.919223	4.200775	5.288397	5.18685	5.277838	5.717379
4.717307	4.170169	5.020028	5.333655	5.214897	5.445531	4.969629	5.242604	4.208242	5.344408
4.628355	5.572886	4.350795	4.724731	4.87853	5.022348	4.861133	4.858232	5.600792	4.777745
5.455585	4.480025	5.438194	5.606785	5.05454	5.125818	4.279547	4.161152	3.814139	5.164623
6.037421	6.580386	5.071525	3.630311	5.541513	5.872097	5.089625	4.696605	5.82905	5.225786
5.202188	4.901443	5.724464	5.308769	5.863969	5.277567	4.974661	5.356624	5.584685	4.786535
6.659523	4.448997	5.007114	4.439515	4.925739	4.840341	5.709081	5.138907	5.589824	5.604331
4.250294	4.219351	5.84943	4.949735	4.158268	4.495741	5.099853	4.638371	4.596426	5.551388
4.702765	5.516781	5.563977	5.686363	5.580795	5.556608	4.987545	5.113379	5.069125	5.99376
5.29702	4.471422	4.574571	3.73611	5.381869	5.304862	4.781416	4.826798	6.188159	6.293218
4.699538	4.289443	5.54835	5.084894	4.242629	4.841689	5.684733	4.214108	4.477527	5.211571
5.623234	5.549939	4.322495	5.242474	3.972186	4.790805	3.609129	3.637422	5.674645	6.032362
5.854014	4.882774	5.709905	6.388122	5.007153	5.328285	5.407032	4.785441	4.666761	5.189799
5.539433	5.677322	5.351307	5.380596	5.767459	5.949359	5.575848	4.286326	4.238982	5.496984
6.15846	5.522557	4.640161	3.948517	6.145243	4.223013	4.933212	5.467831	4.489738	4.761377
4.893748	5.388556	4.825623	5.588116	5.536231	4.205268	4.714998	5.891334	4.108911	5.154582
5.101041	6.120766	5.030951	4.88308	5.133496	4.454647	5.153153	5.603709	5.365282	5.253591
4.962073	4.885029	4.837677	4.246765	4.97185	4.306063	4.529072	4.550592	5.489268	4.52791
4.327459	5.029922	4.950314	4.589355	5.559854	3.846082	4.716163	5.154357	5.140555	5.437433
5.272707	4.932974	4.645397	5.751705	4.968639	4.604332	4.848948	5.066811	5.591653	4.705533
4.639568	5.61364	4.45546	5.038094	5.311847	5.111767	4.694901	5.030616	4.67934	4.059189
4.928095	5.577098	5.203971	4.897908	4.359386	5.55035	5.401711	5.222625	4.218053	5.375987
5.664145	6.341639	4.207789	4.92969	4.180784	4.404358	5.693475	4.848491	5.19871	4.328284
5.074925	4.776258	5.397665	4.64893	5.931014	4.972343	5.522625	5.331709	5.379715	4.956654
4.873099	3.800977	4.52795	3.809798	4.147637	5.802577	4.302569	4.792752	5.081702	5.060081
3.972452	5.507706	5.659694	5.48256	5.097569	4.744356	5.268272	4.117272	4.595996	3.761164
5.632948	3.744499	5.04717	4.857114	5.137998	4.399282	5.384778	5.015922	5.877921	4.468359
4.551303	4.889835	5.91527	6.052277	5.224831	5.498873	5.655474	5.221236	4.968819	4.096441
5.97136	5.06725	4.515506	4.233349	4.58028	4.76769	5.550997	5.128096	4.779973	6.131947
5.210074	4.46558	5.008955	5.412858	4.334292	6.179504	4.3145	5.960222	4.963777	5.157732
4.963623	4.316477	5.440653	5.342898	4.892274	5.520776	4.223709	5.555881	4.193345	5.653551
4.936632	5.057275	6.02385	6.915571	5.561615	5.457956	5.245497	5.880112	5.673517	4.930953
5.477004	5.168842	4.721153	3.856678	5.218176	4.490862	4.677805	5.209402	4.45084	4.594695
6.198564	5.099932	4.996371	5.333447	4.780679	5.441189	4.299233	5.833478	5.090768	5.664421
5.226573	5.271422	4.313901	5.414083	5.18895	4.161279	4.694271	4.801079	6.389598	5.407936
5.370714	5.627385	4.321207	4.853187	5.874986	5.745398	5.863366	5.734729	4.847345	5.493809
5.327109	4.04996	3.917109	4.98604	5.304739	5.317338	4.203944	4.979508	5.130703	4.860832
6.066585	6.167603	4.973106	5.114549	4.470678	5.69283	6.447128	4.48417	6.237495	6.341067
4.984078	5.149997	5.1665	4.425259	5.867761	5.135934	3.523444	4.450241	4.757718	6.028811
4.305742	4.978093	4.855869	4.485097	5.179281	4.516373	5.495857	4.968129	4.009343	4.428882
4.447981	3.852973	4.251437	4.816972	5.463465	4.559195	4.709176	5.211517	5.325628	4.725909
4.46115	5.519495	5.292467	4.792585	5.387031	5.398166	5.335546	4.816866	6.08467	5.046063
4.886316	4.913608	4.285195	4.308198	4.004539	4.768243	5.48884	5.580523	5.299572	3.334663
5.376464	5.712037	4.5068	5.353351	6.089774	5.078175	4.974665	5.936023	4.948772	4.464415
5.457954	4.604313	4.509822	4.843527	3.967093	5.862711	4.271006	4.638527	4.930236	6.022285
6.58112	6.146362	4.822951	6.359132	5.431397	5.459316	5.236271	5.04528	5.320615	5.631304
5.655286	6.040586	4.769633	4.249465	5.242662	5.023973	4.673273	4.595802	6.218174	5.609097
5.952631	4.725879	5.877249	5.116782	5.333143	5.901282	4.262564	4.470756	5.51701	6.033432
4.577122	5.533478	5.015961	5.986366	4.636641	4.737946	6.175297	5.613656	4.5635	5.421399
3.672631	5.110203	4.584072	5.047774	4.809086	3.738434	6.003549	4.562823	5.574864	4.244411
3.654137	5.185131	3.877699	3.795455	4.222431	3.845091	5.314227	4.96016	4.329266	5.276415
5.559099	6.068576	5.084289	5.857746	4.878557	4.865917	5.414554	4.212041	4.953165	5.679903
5.190694	4.402249	5.134494	4.679502	3.712835	5.323168	5.237886	4.991909	5.235694	4.159793
4.808528	4.590987	4.876135	4.701608	5.063357	4.8425	6.418392	5.170803	5.921185	4.36936
5.175148	4.556664	3.337087	4.196717	4.265635	4.727576	5.025129	6.2466	4.998641	4.886232
5.03509	5.067	4.734547	4.472745	4.778581	4.577504	5.056361	4.342986	5.571742	6.010206
4.159885	3.935163	3.928053	5.626643	4.781575	3.736008	4.717181	4.508268	6.237038	5.403133
4.787619	3.976491	4.617456	4.651796	3.633376	4.526778	4.653385	5.105587	5.401993	4.622511
4.586645	4.154015	4.110978	5.052251	4.960125	5.224846	3.779288	3.994083	6.21309	6.032692
5.348024	4.62325	5.889263	4.880482	5.145715	4.415937	5.260853	5.009022	4.914814	4.951568
4.869743	3.500303	4.186637	4.475724	3.735471	3.182682	4.331087	6.071568	4.335798	4.762292
4.951766	5.73369	5.510176	5.854196	5.406587	4.608751	5.173995	5.248795	4.091523	5.228644
4.918646	4.717405	5.329287	6.085279	4.952644	5.99139	6.041675	3.712193	4.887766	6.104541
4.775315	4.985583	4.896581	5.665499	4.373886	5.579039	5.248274	4.730551	5.691113	4.926848
5.336876	5.114848	4.676425	6.267246	5.748177	5.292204	5.046014	4.69411	5.20193	6.207529
4.029004	4.464513	4.000831	5.236365	4.231243	5.763066	5.678085	5.590409	4.940897	5.390671
5.734855	4.20217	5.200584	5.203608	5.876072	5.038815	5.101651	5.871759	5.492755	5.136143
4.98319	4.488436	3.292714	5.231977	5.762875	4.963061	4.632788	5.222232	5.221456	5.177986
5.089767	4.300919	6.484748	4.784091	4.053498	3.877919	5.161831	4.457949	6.351901	5.410848
6.264463	5.375973	5.130591	4.5903	5.784988	4.169607	5.301392	5.603271	5.30173	5.765906
4.564823	4.862436	4.998308	6.089031	4.039913	4.157098	5.501871	5.184667	5.425704	4.33158
5.641044	5.133455	5.481143	4.495755	5.788437	4.211864	4.883796	5.677729	4.768334	4.807616
5.377828	4.569897	5.206846	5.006213	5.298594	5.076446	4.819297	4.725404	5.529492	3.715475
5.26463	6.114453	4.568507	4.727184	6.485297	5.563046	4.632417	5.808677	5.015798	5.486282
5.277322	5.88888	6.061212	5.11489	5.070806	5.138334	5.455617	4.916671	5.276606	6.507572
5.648077	4.811049	4.791705	6.249486	4.50841	3.923546	4.552355	4.623632	4.376889	4.838238
5.236341	5.345023	5.086149	4.639005	4.854085	4.738536	5.789836	5.101503	5.290886	4.753369
4.306985	5.018938	5.66045	5.560537	5.838601	5.986891	4.185932	4.065856	5.417338	4.962627
4.409453	5.257792	5.55737	3.981285	4.562304	3.288831	4.801478	4.717621	4.68822	5.086588
5.074967	4.778946	4.627998	5.038229	5.211069	5.816213	4.723299	5.17434	4.389019	4.51612
5.34873	5.28285	5.969396	5.212113	4.676082	5.349848	4.082041	5.435229	6.131451	4.605915
5.193712	5.622836	5.539155	5.183771	4.89781	5.670796	4.476736	4.496443	5.20621	5.187057
5.212457	5.919306	4.859265	5.529023	4.370784	5.141747	5.100443	5.779479	6.353507	5.37701
3.71015	5.112839	5.197601	5.614067	6.04471	4.733986	4.843462	5.283922	5.267248	5.582299
4.487277	5.682882	6.108922	5.420088	4.740304	4.692237	5.559771	5.276109	5.128135	4.560989
4.625334	5.152438	5.833299	5.252091	4.999476	5.469868	4.118402	5.00489	4.754811	4.817213
3.983747	4.094642	5.028073	4.67317	4.978914	4.99877	4.682735	4.777045	4.567938	4.68447
4.691228	3.956427	3.261526	4.903886	4.337763	5.228876	5.843311	4.967528	3.331378	6.165585
5.140689	4.101422	4.808482	5.42213	5.300173	5.914207	3.920409	4.839603	5.322704	6.563239
5.432808	6.193519	5.341385	5.181448	4.831275	4.715068	3.573881	5.794569	4.380893	4.584232
4.758456	5.123703	4.752011	4.682299	5.122551	5.907331	5.33165	4.872847	4.729925	5.69632
4.10877	4.862854	4.93703	5.771363	6.319826	4.139864	4.877122	5.095201	4.605046	3.645011
5.860697	4.866607	4.77798	4.08398	4.739789	6.909985	4.13434	5.402353	5.683478	4.542453
5.16729	4.132534	4.557356	5.26931	5.745872	4.882241	5.006256	6.022361	5.513335	4.574584
4.792791	5.60901	4.347716	5.532012	5.213439	5.262932	4.489334	5.387251	4.234576	6.058663
5.208226	4.983621	4.399511	5.761364	5.001038	4.959869	4.59776	5.543774	5.212636	4.885876
5.165182	4.978774	4.430252	4.207546	4.441479	4.368906	5.563703	4.532557	4.873395	5.929752
3.896028	5.187131	4.145215	5.58282	6.574563	5.471545	4.972816	5.028116	4.65439	5.522507
5.117986	4.93504	4.592186	5.094113	5.495093	4.453948	4.960765	5.218371	5.551619	4.789602
5.487281	4.758883	5.366842	4.863245	4.390756	5.12657	4.731771	4.396177	4.928182	3.922113
4.52537	5.078174	5.002646	4.937532	5.269329	5.065678	4.975409	5.245816	5.428317	5.480886
6.968919	4.210992	5.365253	5.503259	5.309628	4.095286	4.752745	4.779356	5.24719	4.897677
5.60401	4.82836	4.372118	5.026917	4.525383	5.821561	3.840312	5.881736	5.411836	3.867727
5.381151	3.82612	3.88394	5.012441	5.080215	5.138696	5.363193	6.055717	5.064112	5.175299
4.632129	5.598898	5.154199	4.788991	4.754392	4.281661	4.471549	4.738374	4.880991	4.133704
5.484598	4.516315	5.754316	4.93225	4.442926	5.757251	5.800031	5.362693	4.327309	5.332723
5.125514	5.205241	4.427122	4.076035	4.468975	4.533264	4.849304	3.541722	4.639873	5.301806
5.075375	4.768475	5.673794	5.20777	5.245849	4.917642	4.782825	4.817579	4.743036	4.946022
5.764992	5.279946	4.110899	5.331384	4.108325	3.955765	4.025506	5.704889	5.393086	5.204942
5.429579	4.539029	4.280697	5.204605	4.586368	4.270586	4.765828	4.677419	4.255049	5.444401
4.012042	5.687083	4.765769	5.595077	4.237072	5.893842	5.058442	4.947997	5.928498	4.604591
4.954892	5.385537	5.328036	3.73652	5.455361	5.151352	5.534672	4.244609	5.558704	5.848503
5.412522	5.806846	5.391061	4.799997	5.011295	5.467833	5.066622	5.594018	5.019925	5.07361
4.870895	4.385529	4.012989	5.119863	6.001534	4.217583	4.606252	6.387397	5.006402	5.131625
4.919706	5.830705	5.002609	4.935748	4.169832	4.470132	4.964101	5.481225	4.352281	5.678755
4.964589	4.323517	5.317461	5.887518	4.460183	5.584811	5.241588	3.936357	4.325987	4.808224
5.130138	5.904653	5.636278	4.722349	4.363974	5.31231	5.191951	4.303328	5.297405	5.282826
5.70276	5.293002	4.898829	3.948906	5.5854	4.734422	4.674787	5.863087	5.834062	4.573211
4.598146	4.766616	5.089416	4.754216	5.13943	3.959407	5.508536	4.915411	6.088922	4.774877
5.677592	5.914342	4.465343	5.170982	5.360392	5.031373	4.953119	4.493236	5.332924	5.396378
4.712404	4.238265	5.731166	4.883891	4.77473	4.059243	5.039029	5.05308	4.408731	5.670411
5.029118	5.424445	5.079335	5.436406	4.902571	5.739223	5.335613	4.789966	4.156253	4.059377
5.125313	4.411604	5.389201	4.518455	5.297357	5.145391	4.805864	5.584604	5.285738	5.483589
5.422302	4.829199	5.135073	5.421682	4.483307	5.487512	4.639334	4.612748	5.671019	4.611266
5.311448	3.523736	4.848924	4.135871	5.298787	4.315901	4.50988	4.902973	4.15341	4.995832
4.928621	4.532075	4.763761	5.609004	5.729942	6.685782	5.300477	5.937295	4.987422	4.919041
5.433323	5.931229	4.331228	5.165499	4.670269	4.866949	5.082852	5.227427	5.417161	5.209002
5.551594	4.572114	4.109604	5.272009	5.185361	5.140488	4.676261	4.591203	4.692709	4.189409
4.427611	4.721092	4.543562	5.122643	4.764084	5.479736	6.018283	4.588329	4.684639	4.349097
5.785233	5.185656	4.936516	5.019326	4.993824	5.254839	4.730128	5.406452	5.713737	5.25663
4.966645	5.239407	5.305384	5.157	5.718246	5.045477	4.379725	4.487225	5.559779	4.694178
5.545873	4.717386	5.831007	4.354032	5.09465	5.324463	5.155596	4.088808	5.624552	5.021755
5.52663	4.127773	5.912126	3.790063	4.074278	4.880119	5.36945	4.859734	4.413843	4.409156
4.907208	4.33438	5.069915	5.163589	4.740782	4.899826	5.626838	5.485807	5.637465	5.664406
5.496331	5.268713	5.157007	4.342214	4.529721	4.333065	4.247214	4.87139	4.776835	5.734056
5.529847	4.867635	5.622383	5.836712	5.21314	4.854011	4.912629	5.415627	5.522032	4.98697
5.051822	5.102738	4.724427	5.296449	4.547073	4.315589	4.735011	4.279858	4.203626	4.874386
5.72242	5.607696	4.443769	4.249783	4.742286	4.975248	5.428814	5.128495	4.414054	4.684072
5.227342	5.742502	4.653489	5.019611	3.901278	5.220103	3.840531	4.077015	4.127533	4.514678
4.881004	4.777	6.423431	5.296139	4.811302	4.924071	5.785894	6.001603	4.542692	5.065921
4.667788	4.492067	5.275474	4.002539	5.86315	5.394765	5.04801	3.612168	4.636811	5.3125
4.148382	4.935308	5.028879	4.466267	4.592397	4.364827	4.656042	5.121522	4.973681	5.450501
5.021994	5.681652	4.865942	5.205485	4.886415	4.779157	5.498998	5.945451	5.347347	5.152157
5.678729	5.58011	5.060513	5.833664	5.281394	5.420807	4.683129	4.225413	4.536263	4.723752
5.686813	4.671638	5.881901	6.365509	4.25295	5.565812	5.196893	5.045107	5.001926	4.520631
5.754476	5.491894	4.602818	3.599816	5.658368	4.661855	4.672778	3.670086	6.305972	4.423302
4.141344	4.41844	3.625656	5.541744	5.745609	5.408072	5.442418	5.039126	5.249099	5.225821
5.56346	5.055219	5.361545	3.899632	4.392938	4.139377	4.998578	4.793019	4.678618	5.553251
5.889219	4.570157	4.81215	5.346941	6.235758	5.202523	5.535516	5.547101	6.099761	5.829264
4.134745	4.276497	5.13253	4.949621	5.150674	5.097016	5.200937	4.905117	4.889947	4.704338
5.03151	4.478475	5.48976	4.584355	4.705579	5.419867	5.247859	4.393464	4.64186	4.609799
5.184308	5.508638	5.692877	6.153633	4.759346	5.365748	6.030652	4.730571	4.847529	4.730564
4.853071	3.832692	4.950601	4.971917	4.584331	4.542113	4.362758	5.392876	4.976255	5.743329
5.001481	4.590513	3.954235	6.022457	4.592162	5.140683	4.785238	5.593967	4.22685	4.803357
5.179421	5.652114	6.146343	5.207249	5.388203	5.265954	5.049345	5.132872	5.649537	5.361473
4.920962	5.19571	5.004336	4.594449	4.507791	4.81085	4.744009	5.108364	4.883691	5.991911
5.401398	4.497296	5.379398	5.126693	4.834176	3.707914	4.483283	5.545075	4.450836	4.669904
4.337865	5.150609	4.827157	4.960388	5.012083	5.677844	4.280609	5.330993	5.145303	5.018604
4.888991	4.684123	5.601741	4.700031	4.174343	4.3899	5.445125	3.813039	4.658847	5.751127
5.078964	4.85083	5.546065	5.157002	5.646469	5.037981	4.764965	5.520238	5.105265	3.860766
5.885856	4.314976	4.106606	4.167705	5.456841	5.338428	5.441023	5.306241	4.976393	5.083014
4.788603	6.137652	5.007182	3.989442	4.605418	5.510024	5.449836	4.406046	3.890912	4.145677
3.97571	5.106956	5.461455	5.858651	4.127811	5.270762	4.732821	4.037831	4.435329	4.450446
5.216548	4.806274	5.638392	4.709138	5.13958	4.305178	5.028121	5.619927	4.283884	4.894449
4.790609	4.914936	4.473001	4.778231	6.621918	5.710988	5.699189	4.686811	5.217285	5.196189
5.491582	4.820908	5.385188	4.084608	5.576439	4.535494	4.432548	5.591243	4.741538	5.931246
4.219317	4.875598	4.886098	5.377617	5.111582	5.51734	4.773179	4.976937	5.327639	4.947752
4.513703	5.590795	5.2952	4.325285	3.841263	5.523492	4.358933	5.52263	4.358644	4.400552
5.949281	4.767013	6.362205	4.780852	5.471172	5.598756	3.363705	4.767892	5.823472	4.56832
4.945876	5.375409	5.293666	5.199104	4.790615	5.598496	5.065426	4.837094	5.704207	3.977181
4.958424	4.738835	4.656507	4.209995	5.094421	4.658464	4.828349	5.504133	4.78263	5.630378
5.727281	5.405448	5.166027	4.724824	4.574555	4.298417	5.039547	5.659722	4.478275	4.86303
