5.062862	6.218949	4.714312	5.232294	5.223424	5.662914	6.222666	4.588538	4.887588	4.47426
4.78097	3.837153	4.879005	5.403139	5.061614	5.762415	6.643957	4.794137	4.349173	5.01065
5.164646	4.803754	4.747841	5.121296	4.462527	6.09937	5.874837	5.06324	5.313744	5.774386
4.376381	3.728215	5.578515	5.347203	5.684039	6.441652	5.615869	5.812303	5.257604	6.118221
5.598187	4.940014	4.492754	5.271998	5.468062	4.558536	4.710992	4.830076	5.575675	5.259057
5.757875	5.010659	4.273408	5.084452	6.102886	4.058833	5.626988	5.344489	5.072165	4.351962
4.881586	5.561833	4.924852	5.358768	4.909431	5.462862	5.547573	5.642954	5.966273	5.225379
4.969988	4.59231	5.263578	5.368348	4.73539	4.658328	4.947632	3.250023	4.566675	5.76194
5.27638	5.052094	4.793442	5.662115	5.283602	5.225636	4.961653	4.242693	4.29883	5.313139
5.09906	4.394995	5.197905	4.882114	5.345107	4.450996	4.88321	5.022257	4.079514	5.420863
4.959841	5.108973	5.072268	5.291455	4.769192	5.049098	4.129348	4.687778	4.890798	5.373474
4.338287	5.438648	3.869119	5.324827	4.381253	5.022931	5.694846	4.290957	4.611334	5.856743
5.217781	5.414004	5.674778	4.456064	4.916784	5.078637	5.609025	5.682244	5.396562	4.030766
5.496174	4.364785	4.926902	5.164806	4.511794	3.242887	6.002026	5.485516	5.546168	5.9396
4.60443	5.417772	4.738088	5.20588	4.742899	4.514377	5.235674	5.8139	5.155981	6.035399
4.852846	4.626648	5.293272	6.418199	4.79668	4.631941	4.63137	5.401862	4.696613	5.55968
5.384249	5.266837	5.2356	5.103135	5.205392	5.580796	5.306087	5.872399	3.96838	5.266254
4.47267	4.914919	3.948133	5.202937	5.368433	4.548714	4.510035	5.043534	5.103148	4.422109
5.208903	5.503871	4.545819	5.173386	4.672691	5.905307	4.609764	5.797638	5.70256	4.094441
4.382068	4.864165	4.987522	5.688344	3.994291	5.68505	5.415049	5.271692	5.751894	4.168085
4.689411	4.870581	4.722991	4.45083	5.372655	4.442651	5.080894	5.187881	5.907809	4.704669
5.194504	4.951413	5.275979	4.21901	5.0535	4.759347	4.816737	4.618283	5.619984	4.944528
5.390724	4.597649	5.01847	4.730541	4.745728	4.769671	5.306113	4.459442	5.433251	5.252362
5.607864	4.996264	4.578063	5.406195	4.374637	5.145836	5.277438	5.189028	5.172156	5.168882
4.596711	4.70565	5.285747	4.6318	4.434592	4.794629	4.383223	5.675981	4.152067	4.8523
5.053443	3.783912	5.594456	4.578418	5.428502	4.846292	5.072492	5.035936	4.938524	4.444858
4.053659	5.096641	4.870597	5.06386	5.810848	4.258656	5.609778	4.909765	5.24735	6.034713
4.559197	4.713721	4.242393	4.853402	5.102429	4.702867	5.146364	5.36621	4.611497	5.729488
5.398661	5.350684	4.840083	4.506611	4.569764	5.36785	5.012345	4.325617	4.210737	5.672357
5.175209	5.411253	4.226755	4.948757	6.108798	5.716736	4.676544	4.186868	4.84342	6.059114
5.174138	5.339995	4.962464	4.853515	3.342045	4.779395	5.332881	3.550187	4.479323	6.067179
4.18878	6.064258	4.885311	4.520171	3.845001	5.622575	4.717372	5.784729	5.212627	4.334895
4.697167	4.657951	5.111135	4.318374	5.163412	3.877063	5.858972	4.905091	3.711917	4.966462
5.405294	4.868098	5.167372	5.448142	3.781899	5.517499	4.251191	5.622284	5.354922	5.160949
6.232595	5.171025	4.869683	4.175341	4.676465	3.623492	4.725456	5.515834	5.788733	4.741382
4.983711	5.971101	4.715159	4.948177	5.169979	5.776043	5.346364	5.913266	5.026534	5.778084
4.721975	4.667858	4.744861	5.277709	4.809587	5.37735	5.341011	6.845315	4.882945	5.979057
4.858218	4.649787	6.208336	5.952703	6.106287	5.563063	4.666322	5.825207	4.857239	4.720722
4.958697	4.908981	4.461342	4.38469	4.153934	5.159478	4.831804	6.020991	4.766544	4.512049
4.643255	5.408234	4.237551	4.850627	5.674592	5.441323	5.079437	4.103745	4.953668	4.252498
4.418909	5.121955	4.601775	4.412423	5.157651	5.565681	3.675471	4.959266	4.690749	4.431044
4.773395	5.018801	6.051449	4.118343	5.206715	4.674066	5.391978	5.083865	6.453679	5.235554
5.391966	3.216873	4.201307	4.748225	4.538117	6.193074	4.381024	4.542873	5.592373	5.712145
4.891726	5.000711	4.05353	4.819602	4.407222	4.025224	4.250919	5.298539	5.360427	5.007577
5.971461	3.866738	6.208613	6.648437	5.199349	5.251458	4.851106	5.499606	5.165887	4.389985
5.084681	4.061518	5.067025	5.715824	4.744217	4.259543	5.152308	5.021847	4.93173	4.562932
4.892443	4.768801	5.24553	4.034624	4.493719	5.384773	5.013226	5.337974	4.180287	5.305773
4.896819	5.377786	4.982365	5.030373	5.898164	5.6062	5.039916	4.913713	4.964725	4.653986
5.914273	5.30777	4.104692	4.260486	4.624797	4.299842	4.196252	4.521433	4.791994	4.476098
4.710031	5.316843	5.339867	4.567496	5.336338	4.999966	4.723673	4.849961	4.541056	6.091256
4.689309	4.217151	5.849945	5.190607	6.728736	4.934855	4.702572	4.919333	4.955891	5.235315
4.940035	4.273077	5.474432	5.5041	5.710444	5.064883	4.79581	4.704484	5.229508	4.037906
4.786496	5.0694	5.016764	5.592543	4.89259	4.676078	4.780666	4.403297	4.944974	6.289693
5.006927	5.594552	5.865398	4.429645	4.742163	6.196327	4.453691	5.317796	4.486851	5.202973
4.321053	4.988145	4.712565	4.419903	4.633246	4.426982	5.401648	5.438631	5.183454	4.93836
4.494022	4.531928	3.628265	5.99999	4.520383	4.899864	5.118827	4.120012	4.216337	4.679072
4.873286	4.622204	4.678817	5.068572	4.531311	4.149576	5.570634	4.412079	5.624697	4.89898
5.605266	5.981527	5.46717	5.405155	4.925506	5.055705	4.826782	5.340213	4.417704	5.131654
4.106163	5.051323	5.149566	5.657087	5.236436	3.934031	4.480638	4.859694	5.818718	5.409767
4.63251	4.311365	5.131462	4.924216	4.883953	5.682215	5.096607	3.693789	5.267479	4.857508
5.610904	4.628257	4.800782	5.713294	5.044269	5.051968	3.695334	4.963337	4.95936	3.542903
5.483966	5.710311	5.774594	4.667273	4.553991	5.61025	5.557543	5.241638	5.204649	5.466692
3.653971	4.481556	5.014023	5.75929	5.786472	5.953395	5.851089	5.336502	4.716415	5.355158
3.817569	5.344235	5.065639	4.371291	4.673934	5.385873	4.764589	4.613544	4.473683	5.038308
4.351448	5.041333	4.943934	4.369325	5.124216	5.352741	4.74459	4.463654	5.062011	5.275122
4.315521	5.618367	5.730981	5.715769	6.374232	5.488025	6.363505	4.801244	4.898259	4.662544
4.811136	6.183774	4.930982	5.345032	4.968549	4.94559	4.586756	4.538941	4.820705	4.663928
3.896071	5.35605	4.762138	3.419216	4.090179	4.876696	5.156653	5.012639	4.567212	5.112481
5.441524	5.180471	6.085919	4.843413	5.108675	5.623501	3.407398	4.76388	3.800898	5.010856
5.340506	4.166028	5.735562	4.415142	4.929563	5.646429	4.063493	5.272698	4.523242	5.624812
4.873	5.206095	5.026049	5.481792	5.19072	5.208819	4.52441	4.835915	4.899255	5.31897
4.893576	6.097507	3.967993	5.206024	4.678139	3.45741	4.635984	4.945313	5.002521	4.740742
6.022351	4.358395	4.05915	4.566104	5.876939	5.0432	4.807079	4.325413	4.581359	5.171288
5.687739	5.543183	4.384906	4.807208	4.858283	4.375633	4.530543	5.590814	5.13597	5.490479
5.224005	5.153842	4.334862	5.888286	4.50837	5.835545	4.810527	5.559135	4.915765	5.422036
4.91998	4.998632	4.928272	4.69293	4.704936	4.8855	4.507905	5.339356	4.993351	5.18628
4.746574	5.395724	4.513352	4.185292	4.639552	5.995552	5.373594	4.793213	5.026504	5.689622
5.144987	5.430476	5.016724	4.364828	4.069063	4.621074	3.914636	3.464509	5.271318	5.142554
4.732694	4.981009	4.742523	4.359474	4.631889	5.285608	4.975179	6.144987	5.158663	4.972042
4.576612	5.001292	5.079158	5.331594	4.982852	5.52515	4.735043	5.532222	5.017429	5.038226
5.837013	6.245843	5.650936	5.170801	4.981557	4.134652	4.736584	4.320466	4.754772	5.211015
4.45593	6.640312	5.862607	4.018806	5.171995	4.575758	4.885866	6.176386	5.03188	5.148469
5.352001	5.913831	5.535578	4.991391	5.21577	5.023499	5.118449	4.987943	4.74274	5.211466
6.479854	4.932145	3.890617	4.941338	4.341938	4.347498	6.253734	4.646645	6.741108	5.516605
4.806141	4.765018	4.089327	4.478579	5.215477	3.733613	5.02639	4.710123	5.027621	4.632376
6.182445	5.345854	4.57441	5.715636	4.809566	4.313322	5.244256	4.758629	5.469793	4.613775
4.061769	5.084604	4.633245	5.44995	4.595316	4.950306	5.206109	4.519891	4.915271	4.76491
4.767242	3.532058	4.814783	4.403893	4.301286	5.137537	5.170981	5.971679	5.643885	3.687747
4.355215	4.704858	4.907265	5.693015	3.125227	4.304962	4.924069	5.588438	4.648091	5.110029
5.069853	4.946863	5.16677	4.735869	4.821193	4.450483	5.1696	6.250399	4.345847	4.988061
5.112072	4.74308	4.960594	6.189908	5.495626	3.570012	5.244446	5.075254	5.858456	5.173491
4.717596	4.080531	4.318205	5.558654	4.651618	4.109248	4.933664	4.456366	4.637272	5.200868
4.361022	5.965475	4.932507	4.923242	5.670448	5.260819	4.819786	5.239513	4.94605	5.635223
5.17217	5.284978	5.460666	6.181653	5.426082	3.860344	4.197848	3.847332	5.710414	5.487698
5.217662	5.789326	4.979159	4.296353	5.123869	4.385383	4.678802	5.033981	5.02932	4.587875
5.644867	5.213652	5.323816	5.308563	5.130798	4.947994	7.755585	4.017915	5.362172	5.789969
4.740472	4.493142	7.2985	5.454291	5.118846	3.764248	4.830816	3.767899	5.285218	4.456495
5.03191	5.461781	5.32117	5.448363	4.784435	4.784273	4.678394	5.315435	5.850688	5.017285
5.415576	4.682714	5.528782	4.811802	4.634713	4.574644	4.775394	5.912996	4.634566	5.830333
5.926082	4.997077	4.364109	4.772355	4.872302	4.130384	5.604993	4.649855	4.112205	5.32144
5.140191	6.277215	4.885608	4.654871	3.784453	3.706933	5.190429	4.663872	5.083707	5.343851
5.091306	4.873429	5.287418	5.050609	5.029244	4.251572	4.241279	5.776087	5.364876	4.441109
5.9258	6.28214	4.676029	5.061086	5.092588	4.624397	4.214196	5.08489	4.454855	3.759792
4.150261	5.40597	5.319362	6.317645	4.807213	6.025764	4.846539	5.860868	3.909326	5.214085
5.134015	4.817014	4.020265	4.622978	5.754423	3.988984	4.196595	5.613271	4.363068	4.558845
4.938542	5.139589	5.488335	5.800622	4.909945	4.08607	5.095729	5.121909	4.815549	4.052278
5.000316	4.781149	4.682786	5.049091	4.789248	6.293562	4.700777	4.586554	6.051192	5.219015
4.855054	5.311961	5.167814	4.993774	4.468719	5.09182	5.383537	4.535456	4.980358	5.125975
4.767259	4.828261	4.842902	4.846039	6.20502	6.311643	3.266656	5.234261	3.557309	5.046227
5.821681	4.3053	4.82028	4.665354	5.201672	5.455817	5.767451	6.20583	4.899308	4.692667
4.839318	5.250935	5.175737	5.21136	4.839021	4.640711	5.326403	4.40164	4.892181	3.57901
4.378388	5.982344	4.682129	4.56816	5.248051	3.408722	5.476799	5.085049	5.240415	4.986953
5.286462	4.965506	4.998044	5.18717	4.891994	5.293335	4.780361	4.250041	6.229024	4.236465
4.734856	5.039412	4.746094	5.509428	4.870973	5.573457	5.709707	5.032403	5.694449	5.40857
5.101629	5.511804	4.467744	4.877797	4.58979	4.887175	3.993517	4.854657	4.365615	4.746872
5.097896	5.116593	5.889189	5.332385	5.07578	4.821821	5.233308	5.207012	4.560517	4.88343
4.961472	4.65255	4.059304	5.996125	4.965917	4.139479	4.84819	4.457598	4.232444	5.484996
4.111311	5.037419	6.01464	5.83626	5.267314	4.508111	5.330676	4.882309	5.640069	5.995943
5.246321	4.440674	5.147025	4.873423	4.673193	4.110629	5.085299	4.896714	5.56359	4.283804
4.357641	4.530882	4.556575	4.129765	5.49829	5.03425	4.97715	5.741689	4.57852	5.131791
4.816412	4.666568	4.989515	5.788567	6.298677	5.160175	4.390233	4.607095	5.883474	5.239509
6.164509	5.591057	5.319118	5.095388	5.007196	4.64194	4.680135	4.636708	4.58022	5.119724
5.210859	5.058421	4.945459	5.3944	4.352588	5.910052	5.497577	5.45233	5.453138	4.584207
4.952446	5.425428	5.690166	3.949018	5.116847	6.718775	5.168931	4.271247	4.98592	4.596291
4.309596	5.523542	5.668921	4.666319	6.263077	4.596552	5.910438	6.117862	5.286168	4.165728
4.696187	5.045702	4.861181	4.831221	5.518726	5.353401	6.219059	6.481448	4.441786	6.759479
3.928951	5.654848	5.029196	5.217488	4.463807	4.391788	4.997645	5.668681	4.437059	5.483281
5.495931	5.76561	4.891883	4.772445	5.39329	4.868208	4.66172	5.762996	4.069369	5.451686
5.563243	5.35436	4.27492	6.036919	5.300882	6.220362	5.510127	5.108443	5.266337	4.013305
5.129648	5.290819	5.165187	4.732225	4.865428	5.03403	5.341529	4.869656	4.242029	4.773494
4.649695	3.121401	4.813448	6.116467	5.702817	4.951151	5.640137	4.406712	4.880496	3.8846
4.718181	4.778171	5.694571	5.776524	5.733937	4.17707	5.260894	4.064575	4.983827	4.34802
4.232382	4.736409	4.183619	5.398745	5.054162	5.221646	5.321019	4.644466	5.832693	4.98514
5.869099	7.029616	3.941994	4.577925	5.405474	5.440743	6.140216	5.121521	6.268134	5.311777
4.89386	6.408655	5.507143	6.312897	5.020338	5.047281	5.501122	4.973102	6.075851	4.867508
6.194286	4.102223	4.652261	6.012029	4.28469	4.852729	4.428933	4.716775	5.00284	4.818208
5.514879	4.595483	5.324326	5.460056	5.961827	3.825583	4.623536	5.573195	5.269987	4.111828
4.492043	5.614914	6.094905	5.484995	3.810206	5.394478	4.805287	4.675056	4.684267	5.019652
5.751831	4.759587	6.491612	4.573956	5.827617	5.12217	5.239551	5.382253	4.699906	6.263541
4.761509	6.014992	4.538492	4.901443	5.727612	6.083246	4.723507	3.790853	4.979543	6.237754
3.967015	4.845569	4.418159	4.630043	5.240128	5.012707	3.046569	4.751958	5.497567	4.455775
5.628284	5.195032	5.020199	5.195111	4.335715	4.74938	5.150014	4.308461	4.770937	5.019654
4.771897	4.889653	6.476339	6.347654	3.93791	5.209788	5.604103	5.587842	4.818169	6.232821
6.106359	4.579529	5.578476	4.568371	5.202512	4.818843	5.626728	5.971566	5.294001	5.161926
5.016089	4.174182	5.38364	5.003361	5.533845	5.299953	4.617205	3.329272	5.177203	6.135101
5.513196	4.09296	5.429749	5.267535	4.378924	4.163362	6.309607	4.323537	4.903277	5.009618
4.568377	3.600175	5.350009	5.577742	4.071947	4.735248	5.490069	5.387839	5.396966	5.31633
4.668346	3.949671	5.219462	5.340433	4.096775	6.161049	3.775455	4.252168	4.352407	5.350485
4.474707	4.418303	4.531255	4.408456	4.719439	4.88717	5.007605	5.245224	5.020478	4.865959
4.887441	4.454329	5.693507	4.609946	4.575734	5.1705	6.573325	4.673357	5.466423	4.056418
4.829804	4.591292	5.142334	5.606717	4.832832	4.994979	4.41814	5.612739	4.847044	4.772046
5.537199	4.617811	5.59755	4.583656	4.247019	4.64069	6.182848	4.684373	6.355968	4.955553
4.993926	4.511545	4.381267	6.564182	6.211055	5.165857	4.569339	4.030325	4.936967	4.707087
4.212173	6.149307	5.28523	4.784377	4.310977	5.608066	4.770415	5.089836	5.220297	3.575704
6.24721	5.085073	4.519906	5.166895	5.446825	5.915842	5.602745	4.435413	3.781796	4.568551
4.984165	5.243295	5.316493	4.820903	6.265101	6.986088	5.98243	4.64499	4.435621	4.995329
4.740474	4.227232	6.184267	5.598571	4.7028	4.623747	4.634905	4.640059	5.713047	3.380241
4.59877	5.78527	5.289732	4.159762	4.656581	4.15766	4.946091	5.5527	5.268509	6.626056
5.463238	4.215372	4.669275	4.818393	4.321521	4.439241	5.183748	4.767272	4.171056	4.858558
5.75069	5.347038	6.554006	5.761006	4.357094	5.863123	4.813285	3.899381	5.412603	5.723726
4.722527	5.783432	4.624864	4.934567	5.138073	4.047366	4.337576	5.182197	3.837636	4.608716
5.524932	3.656115	4.580771	5.292842	5.509589	3.674648	5.034265	5.750883	4.162644	4.401634
5.120233	4.623542	4.741429	4.727089	4.794497	5.0339	4.49354	4.92962	5.700106	4.211223
5.155647	4.650602	4.894015	4.738704	4.118055	5.13539	4.913296	5.719412	4.121298	5.723539
5.508664	4.882772	5.462071	5.137107	4.269057	4.151337	4.639666	5.564942	4.407341	5.125371
5.040143	4.979534	4.29731	5.95841	4.133918	4.94148	5.859475	4.252242	5.347391	4.197104
5.354771	4.557043	5.005606	4.671554	4.534464	6.563444	4.466362	5.274628	4.953722	4.761615
5.326458	5.088242	5.402138	5.305449	5.1151	4.000795	4.537232	4.429367	3.997888	5.291022
5.339013	5.276437	5.345678	4.561903	5.932362	4.20377	5.781404	4.317957	5.172661	5.298925
5.045082	5.649896	5.131788	4.619493	5.045698	5.056978	4.5503	4.919886	5.292542	5.735753
5.033015	5.079961	4.796135	5.547087	5.020095	5.629513	4.366494	5.359757	5.036246	5.090488
4.575485	3.791053	5.818083	5.97988	4.043375	4.660146	5.080817	5.108983	5.019482	5.370504
4.557189	3.889922	4.964894	5.526278	4.743957	5.740401	4.557882	5.535215	4.888869	4.660642
4.567766	4.977705	3.699374	4.5135	6.232359	4.205677	4.858105	4.885688	4.674802	5.609427
3.285756	5.722669	4.997969	5.611596	6.666701	4.397304	4.343028	4.758636	5.667335	4.876774
4.973379	5.577318	5.445109	4.050069	4.580967	5.086577	5.889793	4.997029	4.620674	4.71287
4.461609	4.983916	4.118321	4.393339	4.646141	5.344349	4.953869	5.009719	5.203337	4.512304
5.698281	4.218125	4.840117	5.770873	4.014748	4.852285	6.487123	6.004646	4.373729	6.318775
5.059958	5.44486	5.357322	5.556332	4.707666	4.782846	5.657019	4.996439	4.889202	6.058412
4.85448	6.257143	3.456872	4.741964	4.389125	5.001075	5.037547	4.933486	5.371703	4.758055
5.364963	5.124519	4.497188	4.703888	4.397129	4.936403	5.385857	4.754701	5.849395	4.439386
5.09981	5.05622	5.894626	4.244814	4.897082	6.144126	5.122257	4.401939	5.318583	5.954978
4.952514	4.312048	4.758259	4.127793	4.167254	5.835062	5.113617	6.06007	5.756608	4.638528
3.465819	5.624981	4.962559	4.545607	5.566615	4.91635	4.682872	4.992312	4.979805	5.295293
5.942604	4.44754	5.264199	4.826432	4.591699	5.034278	5.227566	5.52925	4.455387	5.435849
5.154262	4.565694	4.909895	5.358111	5.734478	4.826655	5.080303	5.328338	5.186563	5.130472
4.716555	4.983974	5.767756	5.697956	5.050395	4.408438	4.680653	5.149401	5.196076	3.886051
4.618439	4.48456	4.982475	5.286566	4.951621	5.899065	5.095777	4.844961	4.721995	4.214396
4.254732	6.320496	5.260561	5.336428	4.902592	4.370689	4.012329	5.725747	3.993831	4.986329
4.380396	4.554042	5.565433	4.846386	5.308645	5.898921	5.578894	5.553031	4.876337	4.001369
4.974683	5.483389	5.474585	3.921091	5.325308	5.232866	4.417002	6.455861	4.749801	5.484626
5.77007	5.218713	4.748495	5.339928	5.626788	4.923084	5.413576	4.234639	4.814427	5.141985
5.903513	5.510819	5.37207	6.010849	5.119627	5.223674	4.457103	5.137219	5.081012	4.443168
5.090557	5.577013	4.461752	4.564893	5.464398	5.135796	7.365397	5.395472	4.799241	4.958425
5.461514	5.591352	5.067716	5.675292	4.344029	5.51389	6.315526	5.664155	3.832116	5.13711
5.190549	5.288741	5.700263	5.172143	5.065456	4.422653	5.113658	4.572874	4.92715	4.583808
4.7839	5.132363	4.725281	4.740184	5.456803	5.561121	5.132417	4.891411	4.517235	5.338376
5.649791	4.336085	5.392214	5.14209	5.196993	5.976155	5.521381	4.957141	5.080703	3.820753
4.558258	5.055476	4.74058	6.054624	5.345613	5.101431	5.134091	4.40404	4.884597	4.183304
5.013692	6.001907	4.121214	5.435493	4.263587	4.87543	6.11556	4.94099	3.813881	4.344418
