4.383284	4.992927	5.595736	5.26562	4.20412	3.805514	5.895671	4.631423	5.85402	4.584699
6.224123	4.791942	5.378699	5.134888	4.989279	5.338728	5.385484	5.003034	4.616711	4.741659
5.578234	4.090987	4.794576	5.629636	4.970909	3.665194	5.24687	5.363655	5.518344	5.762322
5.755459	5.579162	5.507493	5.543429	4.672871	5.310416	5.169265	6.277705	5.407121	4.396103
5.320445	4.845256	5.472675	5.355384	5.800401	3.976729	6.191135	5.133808	4.745219	4.782061
4.156449	4.849768	5.662169	5.170372	5.756316	4.618248	4.953204	4.591766	4.836456	4.654688
5.063727	4.922772	5.104515	5.053262	4.778053	4.788161	4.547803	4.658262	4.981739	5.596735
5.940393	5.348262	3.620619	5.766203	5.498438	5.243739	4.808908	4.227004	5.056833	4.728263
6.294976	5.567056	4.695336	5.603899	5.158964	4.720915	6.296368	5.39762	4.808736	5.143282
4.712333	5.020409	5.270634	4.545912	4.268124	5.98735	5.802956	4.834471	5.127263	5.799325
5.697934	3.705214	4.897834	5.340362	4.830219	4.99691	5.950155	4.904262	6.242662	5.506183
4.422071	5.450547	4.194576	4.718587	4.532552	4.791441	4.775489	5.132315	4.809728	4.542404
5.030169	4.779058	5.882786	4.325656	4.633691	4.626881	4.805952	4.936034	3.515518	4.783809
4.617864	5.031237	5.88911	5.060941	5.291501	4.266146	5.191476	4.72523	4.750787	5.285689
5.231206	5.377572	4.789514	5.448017	5.348407	4.879464	4.9962	5.357072	4.114624	5.348514
5.246916	6.546872	4.965996	4.820432	5.728524	6.761528	4.475033	4.488821	6.037712	5.029926
5.697805	5.366087	3.869772	5.685983	4.989	4.838562	4.915233	6.004292	4.110074	4.914661
6.340418	5.10335	4.955563	4.654078	5.750451	4.900702	4.460078	5.080933	5.728302	4.779766
4.777304	4.690521	5.549029	5.184443	4.822453	5.561985	4.120371	5.252482	6.0354	4.257194
5.126469	5.543235	5.311829	5.459394	6.024384	4.68663	4.3269	5.129941	4.72617	5.725194
4.729648	5.21153	4.638402	5.104302	4.928744	3.801758	4.922884	5.420213	4.718928	4.875624
5.254611	4.11583	5.286814	4.481156	5.080115	5.127599	4.613853	4.997147	5.180199	4.613172
5.245298	5.436901	5.326315	6.181079	4.839145	5.049522	5.579286	4.876327	5.257681	5.333768
5.463871	5.228891	4.718526	3.928313	5.465691	4.500804	5.734854	4.70714	4.788775	4.887727
5.217175	5.033899	5.86733	4.948714	4.368676	4.592549	5.116896	5.2664	4.908625	5.269985
4.858082	5.774852	4.119624	5.229733	5.212241	4.936659	5.731477	5.299211	4.769306	4.040781
4.034877	4.619929	5.571131	4.890307	5.216733	4.984552	6.775525	5.176836	4.809019	4.243293
4.351097	5.774934	5.478	4.356779	4.59451	5.486104	4.575443	5.406275	5.034664	5.545391
5.039668	4.337523	4.569243	5.085566	4.913641	5.458697	4.98915	6.349828	5.54897	5.052324
5.148849	5.67347	4.736392	5.302982	4.121905	4.135828	5.930852	5.404655	5.886913	5.612434
5.958523	5.048271	3.759385	4.620276	4.049555	6.430055	4.64312	4.800239	4.827442	5.419645
4.847253	4.512899	4.651052	4.649561	4.688215	6.896677	4.791915	4.707551	5.382671	4.815521
4.997187	5.18828	4.846067	4.848454	5.690145	5.672622	4.910671	4.494	4.022628	5.172637
4.70823	4.89222	5.180924	4.213884	4.571885	6.647341	5.504508	4.102314	5.035899	5.182386
5.645505	5.188088	4.757253	4.993167	5.980687	5.017826	5.766852	5.276741	4.303706	4.908337
4.50362	5.437778	4.97513	5.021298	4.838107	4.420609	5.372443	5.77254	4.420065	4.504441
4.56589	4.918752	5.592918	4.264814	5.524383	5.300635	4.287798	5.87582	4.701629	4.953199
4.588922	3.139677	5.122428	6.149323	4.900015	5.571712	3.935453	4.846219	5.17363	4.980742
4.32764	4.33673	5.072466	3.736076	5.045048	4.421552	6.133271	4.795629	5.524376	4.72126
5.465701	4.296726	5.262248	5.387981	5.19038	5.414935	5.260572	4.714282	4.686737	4.755283
5.407613	5.024816	5.474538	4.583831	5.371121	4.722264	4.684405	6.04118	4.803706	5.797961
5.663777	5.038581	5.143306	5.001935	5.184031	4.768712	4.240676	4.937129	4.682549	4.731084
5.575464	4.867549	5.052531	4.749831	4.559957	5.133983	5.734295	5.289485	5.423046	4.831956
3.670772	5.063979	3.887086	4.491021	5.124492	5.315474	5.10437	3.520234	4.350032	6.186633
3.891932	4.973938	3.749996	4.079458	6.14246	4.268581	4.085577	4.781391	6.318408	4.149051
4.503898	4.497262	5.426165	4.920135	5.112518	5.067224	4.617993	5.116938	4.373321	5.748749
5.390719	5.852512	4.108756	4.919903	4.121463	5.493789	4.76927	4.983909	4.566633	4.83419
5.299228	5.05498	5.059414	4.534682	4.955972	6.174462	5.090356	5.176552	4.668367	5.285505
5.497461	4.213244	5.845922	4.762175	3.812877	5.224455	5.5255	4.890642	4.572873	4.234513
5.190351	5.054764	5.584035	5.494454	5.374672	4.839677	4.840024	3.92655	5.530214	5.875211
4.218742	4.140771	4.98042	5.88767	4.710852	5.056749	4.842726	5.408172	4.500558	5.620077
4.422513	5.287455	5.206731	4.228644	4.428046	4.917561	5.461835	6.387245	4.72553	4.989094
5.064727	4.562716	4.339612	5.363201	4.757009	6.109356	4.704016	4.89283	4.090275	4.934173
5.550638	5.197122	4.932633	5.489906	5.511939	4.861377	4.035347	4.942459	4.341561	5.274185
4.703715	4.973631	4.887383	5.201452	4.034835	5.803496	4.294897	4.449929	5.407753	4.940856
5.752769	5.170122	5.081499	4.798734	5.290633	4.827528	5.524848	4.672563	4.957417	4.911692
5.054086	4.209555	4.753266	5.735775	5.016172	5.104289	4.259369	4.065431	4.824398	3.89138
4.863135	5.178727	4.898179	5.727767	5.058924	5.195903	4.568533	3.504942	5.966095	4.916454
5.510308	5.042538	5.683141	5.070034	5.449972	5.093997	5.500544	5.931215	4.557411	3.859742
4.544014	5.123323	5.120694	5.106666	4.55403	5.63017	4.80953	3.989652	5.250511	5.273505
4.0666	4.679259	4.849082	5.967672	4.341587	4.983522	4.632471	4.965139	4.722398	5.704943
5.021313	4.908605	4.747808	4.341271	5.225293	5.685936	5.606211	5.41772	4.213386	4.661757
5.532411	6.428632	5.086379	5.240008	6.060815	5.137632	5.18577	5.859049	4.608059	5.53291
5.525746	4.642901	4.891815	6.122454	4.438005	4.301532	5.463495	4.811327	5.618199	5.296079
4.457788	5.358127	5.174135	5.500746	4.907245	5.626857	5.47723	4.119267	5.373833	5.999322
4.747689	5.144244	4.989023	5.510949	5.779659	5.25099	3.448515	4.895756	4.877154	5.354754
4.737727	6.627407	5.536218	5.518083	5.281861	5.748303	4.509181	5.877586	5.019203	5.005452
5.186736	4.743758	4.969947	4.208535	5.117458	3.467329	4.868044	5.154962	5.549574	5.407936
5.701065	5.026922	5.311842	4.271155	5.571508	4.294106	6.861183	4.398975	4.646884	5.495831
4.374825	4.693701	4.42156	6.184475	4.527013	4.512653	4.575953	4.877503	5.154015	4.750096
5.653003	5.352596	5.552555	5.278007	5.352183	4.027751	4.320061	6.059727	6.324659	5.377977
4.85108	5.019262	5.249426	5.130581	5.453156	4.905881	5.384451	5.248765	5.951959	4.046288
4.470883	5.074052	5.292093	5.834387	4.804501	5.017351	5.338634	3.867551	5.196777	5.371839
5.714122	4.828954	4.965942	5.570564	5.198478	4.450078	5.109264	4.786888	5.279994	4.004857
5.365537	5.35788	5.500164	5.044914	3.773176	4.460976	5.390943	5.136587	5.595956	4.699629
5.434025	4.809275	4.003308	4.973437	4.826032	5.428674	4.393485	4.787963	5.03454	5.237164
5.491154	4.109569	4.768102	4.590192	5.451919	5.818783	3.68382	5.366181	5.351748	4.909585
4.061072	5.102129	4.909311	5.023053	4.968738	4.988989	4.345286	4.376188	5.346195	3.88471
4.936076	4.458902	4.930542	6.429381	4.265157	3.981328	4.826144	4.351164	6.077422	5.347991
4.394854	6.221424	5.355488	4.739517	5.178598	4.85211	5.435057	4.933651	4.459019	4.324261
4.557922	5.712753	5.047898	5.83146	4.594906	5.983532	4.646262	5.04132	4.61858	5.094248
5.343441	5.048768	4.709186	4.611469	5.225725	4.722901	5.46836	5.515347	4.190091	5.42745
5.480928	4.343891	3.92701	6.349802	4.92566	4.888911	4.459772	4.999087	4.003985	5.325389
5.316849	4.667727	4.711944	5.993007	4.967944	5.095881	4.482315	5.434969	6.640449	5.526216
5.212956	5.890474	4.103371	4.765928	4.515995	5.125003	5.27332	5.198185	5.733315	4.853142
4.262149	5.017204	5.056565	5.533147	3.475354	5.450233	4.646212	5.164076	4.761165	4.685226
5.661138	4.935048	4.766192	4.796402	4.549262	5.274237	4.320827	4.842935	5.296515	5.389873
5.026062	5.420919	5.718111	5.535768	5.304718	4.66837	4.793716	4.178184	4.524635	5.640618
5.020733	4.971664	5.190623	4.62342	5.018373	3.727006	4.215743	5.352101	4.7321	4.348229
4.944135	5.27637	5.078609	5.49627	4.856333	4.795524	3.687599	4.277835	4.759593	4.752699
5.469054	4.965852	4.579297	4.257034	5.040266	5.658257	4.175963	4.649583	5.195649	5.209466
4.814558	3.750239	4.586133	4.94658	4.191066	6.219797	6.479852	4.664902	5.21478	5.315958
5.059792	4.665407	5.981761	4.571836	4.353274	5.153702	5.370364	5.422636	3.760384	5.039807
4.498676	5.023918	5.319485	5.623783	4.330794	4.683867	5.507486	6.303031	5.579764	4.578652
5.262071	4.921738	5.052204	6.269413	5.348688	4.873901	6.048724	4.856233	4.873559	5.347773
5.95176	5.452031	5.089218	4.357246	5.221617	4.839266	5.376667	5.687109	4.266221	5.363643
5.386802	5.79666	4.788086	4.511977	4.895772	4.346184	5.635406	5.559608	4.018097	5.849799
5.440323	4.854298	4.834773	5.090257	5.77776	5.568338	6.283921	4.557943	5.381137	4.520123
5.880314	4.885208	5.060158	4.805955	4.953071	4.446772	5.199203	4.527809	4.952436	5.437601
5.121451	5.422969	6.382874	5.290452	5.309362	3.652184	5.569341	5.026855	5.515437	5.090269
4.465257	4.11966	4.752073	3.792038	3.856608	3.794404	5.084965	4.266069	5.904557	4.643053
6.004825	4.168762	4.684684	3.719937	4.65123	5.105606	5.546205	5.024164	6.655809	5.421784
5.347103	5.783827	5.906899	5.436759	5.430198	4.025476	4.485256	6.019837	4.699342	5.092916
4.447986	5.402445	5.102986	4.842101	5.432662	5.338642	5.236352	5.45181	3.92764	5.343662
5.266728	4.67394	5.453305	5.675566	4.185559	5.228598	4.355915	4.420683	5.43445	5.269578
4.814762	5.604456	5.554269	4.351756	5.746626	4.447621	3.706798	4.592862	4.984163	4.398962
5.548095	4.385766	4.692543	5.048063	4.976361	5.487191	5.428008	3.46987	5.20054	5.165336
4.575773	4.118011	5.374506	3.507315	3.857734	4.694129	5.120537	5.17346	4.649103	4.865229
5.599257	4.582395	5.184996	4.79415	4.983268	5.014101	5.580244	4.696446	5.053613	4.381605
4.70798	5.186717	4.575426	5.413173	4.964949	3.923975	5.686027	4.268704	4.363508	4.323654
4.910145	5.136891	4.505109	4.439495	4.930767	4.464695	5.39994	4.083948	5.074259	4.271049
4.160535	5.566104	4.608631	4.498355	4.84653	4.60553	5.085517	3.781164	6.283971	4.331379
5.106567	5.564276	3.789493	3.528754	4.157895	4.571172	5.032037	5.496444	4.5557	3.596765
5.064662	4.906268	5.684326	4.928032	4.041783	4.712477	4.805007	5.743029	4.330483	3.4862
5.385482	4.554027	5.334986	3.981545	4.531616	5.580679	5.19032	4.56682	4.27202	5.632528
6.55795	4.773879	5.566916	4.756525	4.159006	3.865402	5.077452	4.881912	5.279963	5.106219
4.217774	5.323724	6.063257	5.043718	4.489623	5.741251	3.473102	4.260982	5.199701	4.856499
5.407669	4.687373	5.288226	4.985262	5.948987	5.928285	4.508187	4.410582	5.670521	4.309153
4.392905	5.092421	5.723166	5.165061	5.201703	6.13924	4.641832	5.549374	4.185208	5.97371
5.74426	5.565494	4.660966	4.710591	5.220203	5.333135	5.150401	4.548347	5.370906	6.302937
4.841139	3.911626	4.95769	5.108594	4.527079	6.523599	4.843565	4.226901	5.743198	5.421118
5.000454	4.402077	4.099754	4.589944	4.283615	5.187675	4.684665	5.661516	5.601555	5.536465
5.421735	4.587853	4.022942	4.957099	4.930877	5.115055	4.83679	6.061666	4.679054	4.367321
4.396409	5.928271	4.499505	5.417181	4.545779	5.078178	4.599337	5.880593	5.507251	4.411847
4.751796	5.024084	4.9769	4.856829	4.909464	4.548148	5.702518	4.082723	4.612152	4.581584
4.479625	6.095066	5.319036	4.084134	6.243393	5.516541	5.527288	5.989497	5.637625	4.991472
4.886671	5.653245	5.806386	5.170236	5.532643	5.009058	4.713025	5.676297	5.474001	4.795102
4.863569	5.21006	4.817227	3.93595	5.364267	3.712681	4.927738	5.122334	4.838329	4.668633
5.252544	5.127821	5.042627	4.430699	4.508807	4.971499	5.028323	4.331269	3.462626	5.013256
5.172569	5.193146	4.933409	5.068197	5.948083	4.814408	5.018479	4.416371	5.726246	5.715401
4.301846	5.762144	5.168495	5.501822	5.127234	5.373846	5.016768	4.96142	4.14156	4.911299
5.568451	4.875644	4.269303	5.961093	5.425537	4.926656	4.270611	4.997552	3.988181	3.782914
5.358124	5.501602	3.940864	5.082773	4.284498	5.368143	5.664805	5.599678	5.189663	3.928324
4.694139	5.332554	4.20049	4.223633	4.571073	5.424219	4.644857	4.341825	5.559372	6.264381
3.78652	4.89069	5.395805	4.937709	4.824608	4.854041	4.363935	4.376797	4.306767	5.361262
5.499758	5.928148	5.261189	5.118731	5.364838	5.346757	4.451185	4.758209	4.440329	5.809947
5.654909	5.257933	6.043922	4.467999	5.988281	3.592684	4.64615	5.950956	4.835542	4.152552
4.944543	4.684414	4.907075	4.84717	5.25086	6.282817	5.949453	5.110367	4.452761	5.954557
4.846025	4.45465	5.118977	5.64052	4.495811	4.943698	6.063118	5.408929	5.262334	3.941802
5.484141	6.189232	4.658198	5.802219	4.740881	4.709144	4.039234	5.796673	5.282852	5.600307
5.266438	5.059097	5.440566	4.278448	5.444242	5.098289	4.999086	3.449261	5.783133	4.961776
4.798017	5.42644	4.930949	4.339137	3.834309	5.786693	5.009449	5.045948	4.31333	4.635947
4.383453	4.459227	5.675538	5.565028	4.925337	5.63141	5.291496	4.368818	5.091517	5.400439
5.398113	4.800377	4.729567	4.964701	5.594493	4.858673	4.203644	5.234982	5.432199	4.63087
4.201461	5.819284	6.437164	5.192199	5.700911	4.074347	5.450049	4.813838	5.425477	5.49025
5.16784	5.206173	4.526012	4.571213	4.675143	4.869999	5.621828	4.500875	5.470916	4.386233
5.063328	4.93419	4.128634	4.733298	5.260079	4.905295	4.253802	5.173702	4.934935	4.142655
5.019958	5.70525	4.27048	4.841133	5.350893	5.761379	5.247767	4.524689	5.270918	5.083334
5.164025	5.256146	4.951743	4.877422	4.163101	5.343646	3.935302	5.104132	5.561648	5.433577
4.750561	4.266429	4.098454	4.342414	4.973943	4.8817	4.47244	3.829272	5.710932	4.716732
5.512805	5.377892	5.718212	6.384357	3.849648	5.051974	4.938067	4.601133	5.028481	3.854849
5.457878	5.300561	5.080307	4.843321	4.513555	4.864723	4.581223	4.760361	5.22813	5.375518
5.263878	4.829321	5.337936	5.585024	4.772596	4.930635	6.525549	4.551291	5.444565	6.865068
3.923196	4.123814	5.209697	5.166227	4.527256	5.338157	4.233577	5.211208	3.517808	5.242363
6.224161	5.983521	5.186761	5.31092	5.6752	5.339819	5.149206	5.369437	4.612251	5.806691
4.122147	4.609714	4.658499	5.508714	5.168437	4.871551	5.042082	4.593276	4.532005	4.625736
5.577177	5.416584	5.763373	5.264221	5.054363	5.391253	5.434469	5.966844	5.510687	5.11372
3.741359	5.774005	5.563808	4.590247	6.020395	4.867905	5.01352	4.648509	4.848856	5.210807
5.127893	5.020115	5.264666	4.72853	4.971926	4.725571	5.769463	5.964674	5.463376	5.659668
5.169694	4.393764	5.117289	5.141117	4.53231	4.87838	5.698075	4.071032	5.205619	5.377573
4.147228	4.394981	5.105898	6.513597	4.472603	5.293335	4.567183	4.265553	3.636473	5.576301
6.041756	4.98632	5.275789	5.359505	5.649012	5.335974	4.821912	5.107619	4.814999	5.322608
4.418699	5.333578	4.999457	4.552456	4.635754	4.293612	6.008619	5.329929	4.59841	4.769613
5.641279	4.343248	3.724566	4.820361	5.006433	4.668247	4.665351	6.061516	5.612364	4.689663
4.97072	5.133446	5.250887	4.669564	5.687707	5.206961	3.917281	4.681059	4.324349	5.034178
5.401489	6.131257	4.490441	5.216036	5.327641	4.536788	4.596721	5.798303	5.848544	5.276986
5.479453	4.724886	4.417485	4.79394	4.067113	4.896804	5.378048	5.084065	5.516597	5.189419
4.51193	5.785846	3.786954	5.631639	5.549702	4.991107	5.170549	5.639688	5.718961	4.283648
5.176328	5.638518	5.485323	5.290799	3.74777	4.504505	3.457186	4.708082	5.190045	4.505141
5.846446	4.568914	5.436317	5.823561	3.438319	4.829012	4.419309	3.866756	4.668955	4.939079
5.612104	5.473802	4.792536	3.833726	4.990588	4.729122	4.198653	5.266502	4.049657	5.792731
5.005668	4.797864	5.157461	4.503627	4.710678	5.235029	4.976223	4.131729	5.086276	4.752762
5.489186	5.119575	5.349023	4.955276	3.95526	5.203216	5.118302	5.429916	4.421117	5.204335
5.052139	4.98993	5.254512	5.179491	5.518441	4.376998	5.610981	5.416129	4.343185	5.877275
5.990386	4.639557	4.973474	3.75217	4.634981	5.382169	5.494723	5.415117	5.182945	4.304244
5.13768	5.174898	5.000222	5.25039	5.632641	5.021021	5.162386	3.677979	5.386715	6.223138
4.448278	5.118588	5.290772	4.994427	5.092356	5.32754	4.342562	4.628489	5.327407	6.051623
5.895262	3.895496	5.037213	5.307893	4.923462	4.792847	4.210627	4.794505	4.9338	5.352407
5.051984	5.255352	5.0218	5.749043	5.085646	4.970752	5.100264	5.148529	5.224515	4.885374
5.402236	5.205184	4.832503	5.494552	4.484276	5.282592	5.059903	5.937864	4.268729	5.932025
5.216369	4.916584	5.307814	4.939929	6.539243	4.639346	5.840331	4.707465	5.512156	5.018997
5.136958	5.313515	5.208045	5.418633	5.294698	4.53426	4.86366	6.150363	4.288933	6.357499
4.881456	5.550277	5.831694	4.778833	4.742399	3.774945	5.553206	4.076147	5.268353	4.364047
5.175668	3.701519	4.864544	4.676937	5.346632	4.525556	4.583897	4.562048	4.738744	5.719446
3.465951	4.72008	5.586155	5.513649	5.71667	5.37686	5.854023	4.622633	4.401936	3.803246
4.078615	5.206564	5.67005	5.79075	4.789306	4.358239	5.664289	5.105621	4.447362	5.365544
5.757853	5.224203	4.701648	5.687457	5.269943	5.349788	4.063145	6.163691	5.951203	6.000716
5.3249	6.225264	4.789955	5.17454	5.03229	5.310231	4.351079	4.855038	5.329747	4.961052
5.219873	5.006243	4.547892	4.938545	6.528788	5.373067	4.942589	5.816656	5.500407	4.881334
5.004991	4.876485	4.794254	4.949562	5.62156	4.959823	5.017254	3.700177	6.081049	4.139544
6.120564	4.157867	5.482418	3.989171	4.524656	5.766458	5.062219	4.761584	5.400702	4.942787
4.906944	6.274781	6.200906	5.594605	4.988086	5.178379	4.48557	5.247615	5.234015	4.092965
5.233408	3.80985	4.866973	5.268687	5.250551	6.513388	5.241271	5.652094	5.911243	5.669868
4.961309	5.084192	4.655055	5.707264	5.32213	4.590273	4.053573	5.133166	4.464678	4.742139
5.094658	4.906333	4.348637	4.482744	4.898356	5.381847	4.296449	4.776344	5.309356	4.929963
4.577368	4.933773	5.716248	4.770886	3.874116	4.769455	4.322338	5.083877	4.783873	5.686071
6.140037	4.218223	5.086118	5.380126	5.565277	4.621186	5.030862	4.88779	4.231835	6.634228
6.230494	4.082085	5.53855	4.966398	4.742393	5.018809	5.108139	5.36519	5.127494	4.935792
4.665117	4.665044	5.157312	5.638853	5.450336	4.044831	5.863462	5.141214	5.165109	5.164782
4.973004	3.785049	4.233096	4.908776	5.236608	4.312749	4.993705	5.022116	5.594589	5.18546
