5.210534	4.896916	5.731653	5.367835	5.928529	5.827221	4.390427	4.388401	4.3262	4.95043
4.879139	5.72512	4.660884	4.211697	4.2837	5.830451	4.682673	5.431438	5.679632	4.887398
5.270953	4.882862	4.268721	4.907545	5.255363	4.577625	5.297286	5.476992	5.108348	3.794347
4.566873	5.373106	4.047284	5.347004	5.575089	4.646828	5.519836	5.525747	4.511272	5.456081
5.953855	5.623406	5.095779	4.813458	4.265288	6.247226	4.633494	4.277574	5.797218	4.114728
6.045222	4.137505	5.187242	5.978912	5.930004	4.959517	5.656363	4.706061	5.351584	3.802921
5.509847	5.530247	5.08763	3.658723	5.942883	4.78722	6.534309	5.006196	5.089535	4.529143
4.305543	5.265733	6.546578	4.580553	4.432645	4.548101	4.644195	5.613362	4.91329	5.133001
5.247063	4.37147	4.783958	5.208746	4.933525	5.940074	5.203109	4.563614	5.229889	4.843809
5.833702	4.512064	5.665962	5.190192	3.806432	5.609496	4.250739	4.119379	5.272294	4.964528
5.164422	6.319115	4.104337	5.63122	4.618261	4.205335	4.310393	6.153664	5.294326	5.519764
4.210917	4.635963	5.347982	5.93968	5.312503	4.921399	4.632361	4.731569	5.007462	5.341165
5.5209	4.945757	5.149437	5.098555	4.619084	4.601558	4.252076	5.250229	4.860937	5.741553
5.697024	3.975121	5.447661	4.930681	5.593624	5.940936	6.449264	4.650137	5.859791	4.766052
4.49531	5.430598	5.757889	5.475962	5.36828	4.603205	5.160141	5.810409	4.942299	5.355947
4.627627	3.493688	4.48954	5.333615	6.549623	4.165659	4.869077	6.071011	5.492618	4.801909
4.236006	3.810551	4.864148	5.560285	4.004871	6.409809	4.65748	6.281102	4.899376	4.054636
5.25612	5.894414	5.297686	3.707921	5.229636	5.524884	5.479414	4.553481	5.386546	5.973847
4.813575	3.965788	4.750069	4.540687	4.330984	5.240553	5.068843	5.482423	5.573893	3.646176
5.211416	5.34256	4.025937	4.912079	4.431337	3.897192	5.552981	4.365133	4.580147	4.932736
4.92141	5.330076	4.895943	4.605186	4.77136	5.055078	3.654512	5.071278	5.394326	4.192922
5.647969	6.131793	3.812592	4.567255	4.619531	5.696139	4.996973	5.467537	4.8939	5.843274
4.582184	5.050408	4.907592	5.681386	4.231674	5.813502	5.871515	4.836403	5.266481	6.344629
5.286119	4.885536	4.95927	4.347288	3.966248	5.469498	5.17679	5.623517	3.672096	5.131983
5.009099	4.667476	4.628891	5.241122	5.234954	4.803144	4.933925	4.325637	5.700598	6.175611
4.651645	5.137668	5.319459	4.61746	5.837845	4.425557	4.813293	4.718785	4.895017	5.46107
4.909742	4.205397	5.465444	6.131646	5.311109	5.933203	4.998218	3.316225	5.758404	4.324889
4.507915	4.289109	5.360593	4.78129	4.708861	4.449775	5.321741	4.935586	4.700659	4.521946
4.82049	5.343116	5.064887	4.955525	3.849592	5.53275	4.843456	6.285025	5.328588	4.664233
4.355408	5.421481	5.709761	5.170197	3.980457	4.435637	4.217612	5.324621	5.954873	4.558412
4.79515	5.027277	3.967703	5.970689	4.555782	5.113118	5.063704	4.999798	4.321316	5.097181
4.708897	4.064231	6.16545	5.375902	5.005257	5.600113	6.311168	4.81491	4.885346	4.780333
4.666077	5.618535	5.455861	5.260822	4.940872	4.624853	5.026241	4.850394	4.700514	4.983443
4.92325	4.634923	5.870802	5.459264	4.985487	5.445253	5.310918	3.681054	5.485651	5.92578
5.634385	4.541134	4.24331	6.533116	5.227004	4.789522	5.123414	5.651881	5.297002	3.733088
5.434013	4.136147	5.267774	4.739721	3.838425	5.261133	4.783636	5.097797	4.941775	5.214621
4.007978	4.704193	5.79157	5.079441	5.450134	5.072707	4.309404	4.184979	4.449929	6.253436
5.093266	5.540197	5.235954	4.88008	5.846858	5.532653	5.033617	3.805037	6.513638	5.272917
5.105923	4.492291	4.483097	3.945723	6.016946	5.016006	4.819424	5.368824	5.000759	6.115026
4.945202	5.23636	4.711572	5.137894	5.083166	4.639369	5.133703	4.067455	4.578539	5.323698
5.733306	4.386356	5.012404	4.203186	5.009954	5.760912	4.765485	5.278824	5.684602	5.145183
4.713507	4.265743	5.148377	4.276445	5.977785	5.732913	5.253771	5.879744	4.632012	5.007885
5.005179	6.012545	5.396389	4.820642	5.488801	4.919788	4.793439	3.937893	4.981553	5.291841
4.830401	5.650092	4.45987	5.856433	4.689346	4.985434	4.189763	5.365834	5.71046	4.57411
5.57034	4.941334	4.999483	4.477535	4.752828	4.752851	4.884756	3.782327	4.597345	4.828927
4.967143	5.793846	4.120683	3.701653	4.766469	4.92565	4.479301	4.188449	5.011817	5.705078
4.130603	4.963944	5.399302	4.745966	5.443902	4.49188	6.358851	5.158073	5.362561	6.053677
5.405243	4.164344	4.879136	4.992572	5.763643	4.733576	5.017404	6.037735	5.201084	5.797191
4.66615	4.775968	3.990922	5.597394	4.615731	4.558054	5.336773	4.623604	4.961695	5.327733
5.676113	4.883952	6.145631	4.180739	5.501496	5.211146	5.794699	5.486261	5.51439	6.146354
4.320485	4.784034	5.276781	4.104657	5.783777	4.796194	5.396355	4.914906	5.808251	5.295692
5.158081	4.707192	5.008888	5.312487	4.518225	4.537176	5.04607	4.680323	5.860026	4.876773
4.426797	5.257811	4.936676	4.704015	4.103191	5.083284	4.260324	4.969573	4.997721	4.610754
4.517383	5.638849	5.050264	5.687723	4.775409	4.67983	6.014135	5.258996	5.271765	5.022035
5.389437	5.370137	5.647018	5.633671	5.340168	5.35704	5.218235	4.270308	5.081196	6.121213
5.732924	4.846243	4.053825	5.680571	5.271781	5.942062	5.868897	5.458838	4.983184	4.568728
5.129228	5.581244	6.125635	4.93005	6.625338	5.295323	5.121281	5.662843	4.971002	5.395864
4.638097	4.192508	4.783697	4.338059	5.418168	4.539401	4.708678	4.777797	5.706691	4.727053
5.928952	4.588528	5.054789	3.871259	5.092783	3.788996	5.257123	5.812442	5.115745	5.827078
3.915804	4.015176	5.55331	5.391676	5.405622	4.886287	4.902749	4.582556	4.785794	4.020469
5.191361	4.486758	5.424148	5.122665	4.520518	5.099959	5.038065	4.455504	4.728078	5.938209
4.767785	4.734262	5.507448	4.818273	5.146866	5.681635	4.714807	5.820693	4.469133	4.243913
4.479058	4.814769	5.30625	4.403126	4.204683	6.009545	4.649906	4.458535	5.389535	3.926179
5.277591	5.768026	5.04683	5.471261	5.614441	4.216671	5.664512	5.753218	4.270848	5.957987
5.881581	5.138523	5.64176	5.400341	4.621701	6.087205	3.961602	6.354494	5.590521	4.386108
5.895964	6.111089	3.343402	4.393157	4.063661	4.987353	4.631039	5.12036	5.418739	4.341798
5.32697	5.65151	5.544749	4.503998	6.120759	5.817122	4.116825	3.688643	5.107049	4.156657
5.604801	4.178537	4.909616	5.015004	4.885104	6.377889	5.302949	4.695859	5.620373	5.266088
4.837759	4.01286	5.102893	6.069195	4.516303	6.254645	4.510855	6.749708	5.305519	4.762393
5.43107	6.530092	4.05216	5.135868	4.309344	5.31004	5.250608	4.352906	3.981351	4.715644
5.954353	5.22706	6.019302	4.697999	4.265593	4.082507	5.873106	4.393791	3.898855	4.886497
4.241186	5.598067	4.823226	4.701084	5.148302	5.17499	4.335023	5.008905	4.180245	4.270689
4.816049	5.351906	6.139413	5.874421	5.722359	5.700391	6.187295	5.298522	4.597813	4.894204
5.001955	5.402635	4.738023	4.113385	6.474614	4.748404	4.238316	4.069543	5.006957	5.36308
4.833984	3.724032	4.855022	4.47399	5.252262	4.027058	5.206553	4.728245	5.00582	4.897308
4.77501	4.589345	5.564478	4.68762	4.386034	5.494786	5.124004	3.849807	4.822455	5.172898
5.070587	5.032467	4.687325	4.932404	5.890298	4.997604	5.484457	5.204662	5.258327	5.252022
4.358679	4.852059	4.739112	4.331286	6.070727	4.947016	4.841341	4.340187	3.950587	5.599056
4.998257	4.983114	5.354087	4.27437	5.877385	4.970954	5.434278	4.345687	5.155632	4.135013
5.037438	4.549025	4.875187	5.643946	5.403154	4.518267	5.425991	5.782378	4.892195	4.752253
5.417661	4.494058	4.75247	5.856978	3.547866	4.905634	5.031388	5.150969	4.709808	4.463816
5.696444	4.866457	4.728007	3.831045	5.007819	5.40277	5.184643	6.205204	5.513979	4.028495
5.197999	6.629402	5.26391	5.561558	5.541009	5.396892	5.124156	4.785783	5.632456	4.485474
3.955859	4.525402	3.973669	4.447583	3.662342	6.232965	5.448469	3.81923	5.952564	5.124517
5.576831	5.068579	5.329568	4.486309	5.434877	4.713141	4.942945	6.27568	5.34193	4.819157
4.093888	4.931223	5.904112	5.49942	5.296225	4.291601	5.009061	4.806596	4.924256	5.090637
4.896348	4.358356	5.037241	4.980899	5.996187	4.371901	4.690818	4.945387	5.089077	6.305233
5.511122	4.112769	5.688318	4.597294	3.925724	6.044693	4.494179	4.817514	3.788085	5.412738
5.019116	4.896373	5.15523	5.126353	5.661044	5.562101	5.167077	5.430382	5.601622	5.303417
5.151065	6.107894	4.015138	5.479668	5.53793	4.964334	3.913801	4.682044	5.494258	6.251773
5.998435	4.903643	4.90698	5.931699	4.368272	5.321976	5.227768	4.47154	5.418806	4.292603
5.258884	5.249166	5.305526	4.217128	3.595203	4.487855	5.492202	4.888199	4.969787	5.100556
5.168722	5.125239	5.687745	4.710787	5.300379	4.719016	4.88375	5.572978	4.785822	4.593633
5.082332	5.686834	5.424223	5.137445	5.322036	3.960894	5.262843	5.269364	4.509131	4.473303
5.004693	5.03952	3.945014	6.042781	5.396037	4.787242	5.640209	5.035704	5.160008	5.118216
3.901795	6.336085	5.416457	4.857275	4.028628	3.869947	5.022493	6.176169	5.147044	4.347726
4.878673	4.774432	4.50236	5.295247	4.160692	4.356653	4.660491	6.194805	5.015335	3.920651
5.458004	4.102546	5.195494	5.572991	5.840122	4.575781	5.321449	5.07611	5.234192	4.538782
5.262026	5.125735	4.231313	4.285794	6.153647	3.410898	4.802455	5.584464	4.234593	5.017227
4.825628	4.469206	4.735846	4.520006	4.581766	5.309258	5.189801	4.685092	6.221243	6.292943
4.735486	4.44023	4.823374	5.10118	5.442995	5.215713	4.996522	3.594802	4.54103	4.953595
4.53703	4.803394	5.453473	4.104892	4.632409	4.95284	5.017299	5.973756	5.007504	5.597628
5.007931	4.976701	5.617037	3.724009	5.324268	4.240947	4.628963	4.031097	5.364485	5.625492
5.192317	4.57967	4.717037	4.644825	4.806327	5.542902	5.215585	4.248293	5.55827	4.937226
5.04806	4.182298	4.86643	5.70239	5.708159	3.756618	4.638296	4.355244	4.957165	4.594817
5.549861	4.92982	4.649653	3.298733	4.647986	4.759984	4.653888	4.397127	4.257643	3.931168
4.973321	6.274085	3.537201	4.80133	4.808696	4.406736	4.931993	4.827527	4.909392	4.518525
3.462926	4.970478	4.952086	5.324966	6.345889	4.251159	5.496943	6.164444	5.344828	5.308485
4.073651	5.306403	4.588446	4.366584	4.35338	5.813999	5.743245	4.414506	5.477686	5.208007
5.827557	5.364266	5.955182	5.265059	4.836851	4.945569	5.323485	5.604976	5.433736	5.310696
5.096004	4.791956	6.614581	4.207557	4.41853	5.121407	4.625443	5.242463	5.14822	5.232043
5.224082	5.083977	5.102943	3.458096	3.898065	5.261753	5.290316	5.288824	4.987917	5.544631
5.503572	4.851691	6.477428	5.015719	5.420085	4.71969	4.386039	6.056625	4.601239	4.929839
4.86448	5.620109	5.141977	4.880405	5.290434	4.545084	4.490152	4.323473	5.410695	4.463133
5.094834	4.019612	6.101585	5.081172	6.15315	4.713519	3.851773	4.602395	4.254072	4.596837
4.957081	4.592278	5.722128	3.862111	5.01488	4.558798	5.027989	5.013632	5.404732	5.997844
4.416825	5.162281	5.426096	4.081504	5.8349	3.294321	4.404366	5.544995	3.168871	5.743078
4.680046	5.503197	4.184859	5.095048	5.088873	5.084425	4.962176	3.693774	5.162096	4.948008
5.999952	4.588399	5.323473	5.131933	5.177712	3.903253	4.559356	5.477458	4.714626	5.376111
5.078568	4.630904	6.231093	5.470775	4.249517	5.626288	5.109316	4.087534	5.474463	4.688247
4.999538	5.015584	4.826139	5.104242	4.246203	5.079706	4.731609	4.889291	5.268091	4.587274
3.691945	6.469863	4.405981	5.525474	4.949548	5.590598	5.617589	4.374462	4.468775	5.311451
4.306872	4.10027	4.154698	5.663031	5.613906	5.007235	4.378136	4.092148	5.013899	5.630993
4.828545	5.487353	5.504804	5.373551	5.083866	4.888762	5.674776	4.757152	6.094547	4.947874
4.900539	4.475887	4.696834	5.64193	5.784592	5.756062	5.113589	6.611191	5.247973	4.676375
4.962778	4.905092	5.188527	4.739148	5.585785	5.725805	5.013409	5.689087	4.531235	5.219593
4.824169	5.233536	7.172577	5.265091	5.282926	4.931786	5.400507	5.149748	4.912334	4.52683
5.296573	4.69589	5.353909	5.406188	6.132042	5.6941	4.219696	5.170807	4.665708	5.90043
5.313103	4.485191	5.681895	5.422146	5.234106	6.059951	4.77826	4.015723	4.605124	5.236647
5.217213	5.980443	5.005359	5.407554	5.870678	5.444874	5.30789	4.456174	4.893336	4.891977
4.663576	4.218428	4.65555	4.290698	4.926184	5.095503	4.602061	5.198701	5.87973	5.128649
5.222902	5.215504	5.376739	5.798907	5.020174	5.071396	5.070469	5.931578	5.085102	5.437421
5.483059	4.412352	5.405995	5.852276	5.256694	5.372111	5.345702	4.944075	3.903781	4.671104
5.613824	4.757015	4.791507	4.910783	5.085125	4.857681	4.521961	5.180506	4.635928	4.570247
5.603675	4.151361	4.848088	4.297236	4.90251	4.328381	5.350699	5.104494	4.546631	5.516277
5.084455	4.572074	5.151064	4.60549	4.739495	5.650037	4.858308	4.487401	5.055311	5.262352
4.681077	5.581871	4.914684	5.614602	5.409006	5.301683	5.318324	6.530957	5.607096	5.122266
3.919597	4.448818	5.628722	4.805326	4.405145	3.872465	4.465283	6.74016	3.92775	4.449868
4.200336	4.716555	4.632868	4.641019	4.094107	4.550633	4.501389	5.588208	4.882947	4.633715
4.615051	4.895895	5.121063	4.477127	5.388263	5.119463	5.21578	5.958944	4.974088	4.662215
5.098426	5.673244	4.208693	4.408461	4.555479	5.637774	5.963748	3.98581	4.831452	4.420852
4.947341	4.750984	5.402096	5.402283	5.503222	5.428984	4.709365	4.402208	5.26018	4.263881
5.256503	5.025867	3.942452	5.438998	5.719638	4.666809	5.264232	5.648741	5.396624	5.322432
4.671491	5.177153	5.169458	3.722809	5.286663	4.679985	4.954182	4.11522	4.225891	5.469056
4.951038	5.379983	5.076638	4.6155	5.290639	4.40599	5.427161	5.275633	4.605934	4.382384
5.269138	5.273679	4.724909	4.273239	4.51184	4.98199	5.205664	4.007968	5.42723	5.567789
4.139417	4.645441	4.755182	4.914039	4.336651	5.483923	6.543708	4.037088	4.869335	5.49437
4.67101	4.19504	3.438769	4.925851	5.304435	5.059911	4.979996	5.525827	5.781874	5.085042
3.906765	4.36466	6.187627	4.709955	5.233543	5.554725	4.726873	4.253601	5.477809	4.971561
4.857043	4.874081	3.976901	5.05507	5.963252	3.856537	4.874147	4.982372	4.580927	6.248564
4.725697	5.850508	4.326348	4.66333	5.40889	3.291146	5.251636	4.585418	4.901184	4.750185
4.567451	6.180301	4.966946	5.646196	5.053205	5.159375	4.76195	4.446589	5.357016	5.66175
4.556619	4.478364	5.315497	4.940739	6.784934	4.298596	4.181838	5.549929	4.784567	4.571393
4.077505	4.62731	5.425025	4.732924	4.917345	5.003991	4.898408	4.629093	5.172943	6.141643
5.044312	5.027786	5.471291	4.479851	4.431016	5.720711	4.129604	4.322876	4.997665	4.63669
4.830513	5.24864	4.796476	3.24452	4.82532	5.139462	4.380797	5.666201	5.746892	4.590026
4.564164	5.303802	5.092724	4.59171	4.386273	5.898596	4.506483	3.233922	4.748038	4.460812
4.736517	4.694042	4.88864	5.357901	5.78394	6.203717	5.304568	4.189523	4.834292	4.915091
6.586789	6.160565	5.675965	4.892357	5.214343	4.950204	5.465632	5.709447	4.245521	6.074808
5.120111	5.26293	5.688105	6.189686	4.682462	3.759144	5.407115	4.468783	4.262745	5.506126
5.349349	5.706975	4.26044	5.149179	4.31525	4.501651	4.571126	3.831223	6.140048	5.113615
4.022746	4.310838	4.970869	4.219329	4.415073	5.021547	5.096399	5.701317	4.825737	5.05324
4.962372	4.255841	4.324947	5.16776	5.639414	5.229315	4.925094	6.515077	5.237868	4.611094
5.310338	6.416295	6.403349	4.762558	5.284508	5.645258	4.839658	4.893562	4.471909	3.538006
4.526067	4.714553	4.642748	5.167464	5.141691	5.660222	4.662303	5.03875	5.138279	4.083876
4.965879	4.934977	4.855774	5.094825	5.792939	4.720045	4.127345	4.650671	5.154671	4.424038
4.958501	5.487967	5.872868	4.827114	4.640907	3.961666	5.272676	5.584936	5.125108	4.123618
4.902783	5.073943	3.751724	5.938786	4.539432	4.628736	4.711406	5.065187	5.031274	5.805231
5.654675	4.792073	5.739079	4.171493	3.590614	4.761476	5.363218	4.925128	5.268337	5.546359
4.635612	4.4749	5.541553	5.169243	5.220597	3.752153	4.935678	5.407576	4.759793	5.836946
4.669655	5.525138	3.913434	4.947332	4.540884	4.928761	5.504722	4.479684	4.773077	5.370777
4.372478	4.678109	4.970445	4.537004	4.264728	5.15925	4.88927	5.65668	4.603148	5.422504
4.829304	4.7557	4.548636	5.206103	5.679868	4.869345	5.209794	4.792817	5.145074	5.128314
5.163045	5.529804	5.077663	3.726137	5.60997	5.320111	5.667233	5.129906	5.262171	4.791458
5.294362	5.578851	4.634881	4.60943	4.317618	5.828757	5.292206	5.510303	4.665895	5.251122
5.889824	4.485576	5.753733	5.230955	4.6626	5.382751	4.723236	4.695216	4.107654	5.400892
5.066039	4.661347	4.48062	5.993094	5.322188	4.421199	5.476066	4.407754	4.363435	4.974653
5.766319	4.373749	3.836637	5.060544	5.57511	6.011247	5.046007	4.090404	5.573099	5.238215
3.753325	4.802199	5.05994	4.807295	4.892316	5.406259	4.653112	5.314248	3.9713	6.174724
4.971741	6.700758	5.387073	4.395024	4.861207	3.886899	4.88304	4.605462	5.794143	4.020643
5.520314	4.589406	4.63517	5.916841	4.826894	4.889702	6.535176	4.332287	6.099201	4.74425
5.402776	5.534431	5.452664	3.82988	4.994668	5.314659	5.360204	4.394666	4.663954	4.608078
4.36867	4.490977	5.066087	5.278262	4.893222	5.996952	4.95456	3.909901	4.702869	4.467706
5.373526	3.677546	6.025873	5.139436	4.63343	6.04826	3.806873	5.132498	4.751502	5.661965
5.386497	5.855971	5.158706	5.523859	4.897164	4.028209	6.075963	4.733533	5.082724	4.227564
5.033275	5.148484	4.064515	4.773302	5.507257	5.958286	5.729135	4.249636	4.779556	4.84682
5.292479	4.469758	5.143947	4.372916	4.425022	5.60272	5.015512	5.229407	5.065749	4.904162
5.479888	4.828157	5.221452	5.658068	5.86911	5.0061	4.613245	6.484405	5.840827	5.556728
5.158999	4.935292	4.533509	5.140541	5.425342	5.173196	5.278821	5.427563	4.866155	4.8017
5.453724	5.967327	3.586658	3.909095	6.075831	4.60374	5.464181	5.418967	4.590756	5.523952
4.94131	4.913417	4.748778	4.54273	4.190719	5.636377	4.904423	5.013886	5.280463	5.129112
4.565514	5.287084	3.664878	5.369304	5.992297	3.750322	4.517801	5.52442	5.252992	5.018014
5.134453	4.13734	5.274299	4.459171	4.855313	5.022595	4.733225	4.68969	5.517808	5.26591
4.607482	6.486853	5.38918	4.602321	5.263728	5.479829	3.971785	4.90426	4.946102	6.423732
5.244212	5.082766	4.859115	5.137857	5.64927	6.209123	4.297979	4.355348	5.670667	6.316752
4.880692	5.014371	4.592623	5.554182	3.573354	5.917547	5.840308	4.667601	4.923679	4.935164
4.717515	5.072855	4.016551	5.292905	5.035288	3.296624	4.865727	4.038084	5.555581	4.73921
5.300213	4.902579	5.463888	5.720254	5.445867	5.340982	5.32673	4.477236	4.785423	3.499268
4.554173	3.765571	4.414744	5.852533	4.797553	6.206138	5.161298	4.554332	4.561494	5.284494
5.644747	5.815189	6.594361	4.680209	6.125113	5.620869	3.891436	4.987143	5.288195	4.243542
