4.419791	5.594152	3.797514	5.710247	4.731532	5.802778	3.669983	4.520436	5.907185	4.330897
4.975139	7.318213	4.649802	5.967735	4.179373	3.601207	3.771759	5.063628	5.345254	4.905885
5.013138	5.264036	5.159327	6.501029	5.053133	4.825748	4.303267	5.437298	5.340022	4.377831
6.034674	4.332675	4.235481	4.954504	5.172533	5.494	5.704901	4.844012	4.808608	4.549887
5.682535	4.47472	5.146808	5.375976	4.158971	4.256763	6.656038	5.028773	5.082029	5.969797
6.316359	3.889478	5.958505	4.58917	5.267579	4.613679	4.169162	4.40004	6.692368	4.794731
5.798573	4.750857	4.086098	4.69316	4.700556	5.910398	4.744366	5.078875	5.255008	5.276534
4.907438	4.728354	5.354492	6.032912	5.124165	3.182401	3.688691	5.049629	4.924527	5.641314
4.17415	5.016209	5.47561	7.186953	5.91931	5.422606	4.265071	5.437698	4.901536	6.479896
4.792171	6.560516	6.290073	4.594491	5.770418	6.00842	6.084491	5.657842	4.466631	4.089918
5.079698	4.637492	4.590136	4.519686	4.400002	5.198212	5.912747	5.236616	4.16711	5.409757
4.35036	5.00612	5.109406	5.674801	5.410634	6.277963	5.070245	3.177282	5.373127	5.723502
4.444902	5.200812	6.220069	3.508364	4.227717	5.517795	4.148601	5.233403	4.022286	5.120108
4.698533	4.032937	4.640412	5.667712	5.648518	5.533662	6.220688	4.178223	4.965926	3.800777
5.045315	4.401819	4.515625	3.632132	3.976439	5.299423	4.721045	5.223538	5.605905	4.740581
5.436381	4.377664	4.567491	5.250283	5.64183	4.777195	6.013628	4.721307	5.721929	5.357293
5.258303	6.14085	5.310824	5.531127	5.644641	3.394753	5.116996	4.545701	4.423746	4.634411
5.586686	4.19317	4.789224	4.523316	4.677251	3.811452	5.351533	4.182027	5.373345	5.813829
5.96668	3.49476	5.457716	5.429538	4.401649	5.786932	5.4829	4.572748	6.096175	6.208204
4.565049	4.644197	5.531307	5.57243	5.792006	3.38824	3.424332	5.296744	5.312438	5.686948
4.150428	6.409335	3.885509	5.393753	4.851936	4.423722	5.428236	4.337978	4.988862	5.313949
5.040421	5.282668	5.826228	5.268301	5.302395	4.491295	5.795766	4.416462	5.435357	4.908061
5.791266	5.112787	5.039349	3.892669	4.129753	5.2209	4.069416	4.796698	5.792969	4.784719
4.795743	5.127943	5.39844	4.617563	5.089185	5.021523	4.312149	4.443039	6.6585	5.729061
3.989577	5.963987	4.030109	5.023303	5.133401	5.323263	4.960409	6.071556	5.601202	5.306198
5.734852	4.372463	4.299089	4.822964	5.98971	4.213729	5.403197	4.628087	4.483477	6.833668
5.098162	5.084916	3.950301	3.74037	4.308054	4.488727	5.314473	4.65736	4.537154	2.925572
5.145904	5.917769	6.004654	5.251519	3.325316	4.441026	4.568233	3.988889	5.613786	5.369409
4.884277	3.670642	4.827545	5.678406	4.727079	6.524271	5.728766	4.042287	5.485795	3.973985
4.761669	5.140564	5.346551	5.04948	4.945662	5.237309	3.875172	3.902893	5.503708	4.551181
5.965894	5.854295	4.05255	5.046088	5.151973	4.521666	5.043853	4.550524	3.485869	5.182882
4.539203	4.825747	4.598146	5.278219	4.020679	5.004808	4.807209	5.605826	5.391525	5.522508
4.138517	6.027649	5.991273	5.718791	4.434884	4.672794	4.327782	5.019876	6.006884	5.06396
5.925535	4.447011	5.113707	4.967987	2.78411	6.08523	4.188884	5.632834	5.180878	5.528821
5.319419	6.076013	4.493057	5.703867	6.591895	4.947693	4.123575	5.647801	4.540498	5.907114
5.315898	4.862553	5.613824	5.343626	5.049089	5.125052	6.153722	5.138404	4.985378	4.047624
3.135365	4.277297	5.561619	3.738431	3.870379	5.87699	6.174824	5.29146	5.601219	4.977493
5.320186	3.857861	4.282914	4.479513	5.202174	5.547296	4.580585	4.729509	5.271497	4.784227
5.698442	6.304496	3.700477	4.073989	5.366262	5.222331	3.634051	5.086979	5.443172	5.352225
4.414338	4.977008	5.333345	6.639935	4.492104	5.561665	4.496566	3.935697	5.69057	4.662942
4.713367	5.219471	5.148833	5.566807	5.346186	4.711823	5.396189	5.036085	5.563511	5.637856
5.155617	5.771154	4.580679	4.366883	4.210668	3.899402	4.731684	5.06453	5.199068	5.938414
5.42236	4.544425	6.228811	4.438788	5.746285	4.771842	3.398935	4.584821	6.071174	4.781349
5.600511	4.988549	3.012006	5.60923	3.935277	5.568773	5.705139	5.682374	6.019478	4.365325
4.052042	6.087198	5.118834	6.018539	4.823581	5.793735	5.817809	5.962886	5.547975	4.913455
4.597557	5.850272	4.254964	4.462495	6.268675	5.103968	4.932821	5.790238	3.91894	5.433766
4.925202	4.464161	4.886702	5.260611	4.340912	5.460593	4.330897	5.067963	5.38118	6.036866
5.696393	6.550989	5.858737	4.495298	5.337709	4.539269	4.116805	5.162488	4.540219	4.024972
6.240326	5.012877	5.045101	4.360623	4.852987	5.216005	3.732696	5.376395	4.137158	4.975098
5.624721	6.055667	4.239923	5.387237	4.780359	4.605691	6.184301	5.442613	5.83937	6.308121
5.646204	5.296445	4.96195	4.515784	4.540801	6.185421	5.431251	4.336075	5.609941	4.977582
4.44129	4.663291	3.685998	4.909345	5.455027	6.026992	5.744497	4.916615	4.645064	4.818195
4.710848	4.528029	4.292216	4.550547	4.653964	5.072055	4.454309	4.986369	5.173815	4.326997
4.157228	4.860257	4.32971	4.300471	6.273414	5.829211	5.034194	4.147468	4.163473	5.127388
5.098552	5.203866	5.177401	5.835431	6.292647	6.614925	6.150631	3.829639	5.22143	6.309226
5.569026	5.248743	4.565304	6.280683	6.223657	4.597715	4.096337	4.271067	5.270848	5.232936
3.841893	4.602049	4.92155	5.268328	3.940481	3.845266	5.099624	6.355145	5.6639	5.28756
5.45275	4.711998	4.894712	4.258537	3.241065	5.121956	4.661103	4.597622	4.055703	5.965578
4.019537	5.104991	5.181617	6.385363	3.984787	4.512462	5.401539	4.273354	5.221435	5.966018
6.633195	3.812078	4.700806	5.334603	6.021919	4.655849	3.977538	4.281271	4.590841	5.43919
4.310747	4.078872	5.25901	6.323832	4.180597	3.645248	4.27853	5.215482	4.992789	4.600214
5.586123	5.353863	4.501273	4.545614	5.111119	4.836384	5.638728	5.048504	6.457399	4.30123
5.740306	4.717544	5.491875	5.21121	4.571829	5.024035	4.724681	5.12424	5.302317	4.870733
5.231182	4.73481	5.166751	5.560627	5.052684	4.804651	5.736608	6.346847	6.088048	3.643326
5.496041	4.852782	5.420492	4.303227	4.990911	3.870375	6.161764	4.05209	4.727576	4.92142
3.797756	4.447797	5.336021	4.0286	5.541879	4.686471	5.1436	5.718923	4.967629	5.174519
6.234124	4.180596	4.76221	5.619157	3.987734	3.56462	5.205257	5.37717	6.456633	5.222569
5.737124	4.598359	4.29565	5.539917	4.628704	4.115602	4.051341	5.990265	4.42174	5.399359
5.259617	4.641575	5.328658	4.341683	6.113767	4.737064	5.277731	5.479181	3.631646	3.970216
5.560029	5.43264	4.83959	5.386585	5.037834	4.567499	4.47506	4.75509	5.069647	4.903285
4.86912	3.540187	4.921969	5.519588	5.284064	3.206679	4.944148	4.773918	3.259452	5.016533
4.822914	4.175049	5.148847	4.385944	3.56919	4.272867	6.316164	5.245347	4.965934	5.636116
4.436638	5.681007	3.828157	4.014193	5.533448	5.775183	6.115357	5.545461	6.078607	4.933227
5.26809	5.619197	5.178201	4.602191	4.485763	4.227626	7.106029	4.318658	4.93926	4.504271
6.045835	4.091138	5.572397	3.719238	5.362699	5.002194	4.040348	5.325363	6.140588	5.015457
5.231991	4.575616	5.523819	4.634098	5.596741	4.502842	4.818326	4.553911	3.993315	6.399559
5.715238	5.620366	3.512535	6.287364	6.28379	4.674397	4.180373	5.115146	4.953322	5.872402
5.523254	5.612484	5.883576	4.180914	4.746079	5.607099	5.222027	4.969622	3.322936	6.197494
5.061663	4.345802	4.195436	5.955148	4.641656	5.682604	5.12951	3.740883	4.978856	6.128952
5.62649	5.055201	4.980122	5.059702	3.677636	4.299151	5.079412	4.435276	5.231507	3.912346
6.921605	4.424825	4.286201	5.512153	6.10563	4.94264	5.194161	4.287675	4.72102	3.716641
5.75058	5.955162	4.702146	5.313076	5.927262	4.667817	4.155201	5.559881	4.039593	4.668632
3.28088	4.243685	4.988738	6.452968	5.765654	5.03576	3.984349	4.658225	6.064445	4.164149
4.303547	4.880745	5.444818	5.374006	5.209691	5.854	4.96638	5.077737	6.173941	6.371739
4.265	4.557959	4.167534	6.737551	3.571528	5.89693	4.851523	5.332486	4.938961	4.054956
5.534243	3.849331	4.897056	5.172548	5.149388	6.064472	5.654873	5.78695	5.318588	5.083325
4.11088	5.452032	5.191512	4.432631	5.142195	6.359104	4.578274	5.721965	4.657993	5.239603
4.95382	4.517392	4.790746	5.554385	4.212118	4.145157	4.32379	3.986823	6.125179	4.882818
5.17808	4.610763	5.863059	4.367993	5.426114	4.340526	6.173798	4.030558	3.91082	5.235537
5.564253	5.334266	5.542307	4.400503	4.11565	5.504452	5.68892	4.937689	4.691061	6.284221
5.302536	4.778911	4.8482	4.857233	4.501503	6.231682	3.830482	5.082091	4.499048	5.554911
4.89919	5.801829	4.910458	3.590181	5.491189	5.201019	5.399167	4.145274	5.052154	5.830678
5.284629	4.892022	5.386321	5.004265	3.349189	5.011952	5.500258	5.39541	4.688076	5.560783
4.850616	5.123657	4.769826	4.768008	5.358613	5.254806	3.81812	6.713652	5.667819	4.714931
5.776971	4.846384	4.123538	6.260805	5.096806	4.891462	4.395489	4.935419	3.852991	4.953295
6.597168	4.374744	4.92251	2.807981	6.040698	4.724632	5.130351	5.437925	5.930387	4.60321
5.645713	5.315257	5.891972	5.933087	5.491871	4.594294	4.939348	4.103895	4.730939	5.175086
4.572725	5.140303	6.647242	4.111526	5.326618	4.081102	3.892397	4.389337	4.847739	4.189018
6.209996	5.725686	5.368174	5.43392	5.849793	5.056026	4.564012	3.750869	5.022617	6.855814
5.097241	4.830182	3.374229	4.987184	4.611202	4.848357	6.20183	5.104412	3.649738	5.767985
4.303568	4.460557	6.324367	4.676574	4.651031	4.682696	5.33444	4.88033	5.097743	4.94368
6.048562	4.657601	4.710195	4.868415	5.568083	4.145348	5.252596	4.229363	4.356417	5.276297
4.705854	6.320065	5.04928	4.725316	5.216414	5.28969	4.977303	5.074306	3.207849	4.867023
4.653085	5.22752	5.989116	4.468763	6.238382	3.247518	4.783216	4.546889	4.951717	3.897646
4.632824	4.792712	5.011394	3.867752	5.088947	4.529716	4.131444	3.174715	3.611363	4.890884
4.551483	4.432507	5.205522	4.783585	6.380167	5.241293	4.631201	3.606598	4.628652	5.255134
4.458341	4.469909	4.78107	4.776786	4.987692	4.374539	5.710904	5.922582	3.916598	5.21351
5.273667	5.766597	4.035202	4.384802	5.117731	4.032413	5.227306	4.847896	4.968119	3.350487
4.664885	5.383325	5.267733	4.541355	5.112026	3.678826	4.187324	5.491374	4.281556	4.44665
5.439674	5.325519	6.636037	4.818814	4.657563	5.63825	4.580235	4.853263	5.950965	4.891896
3.962929	4.098071	4.657828	4.759531	4.063286	4.175912	4.430584	6.305826	5.302292	4.129503
2.89976	3.962127	4.596498	4.116537	4.220345	2.758163	5.596893	4.461619	5.053556	4.759411
5.414416	6.203204	4.691434	4.578751	4.346743	5.730308	5.242989	4.96466	5.993001	5.961118
6.161922	4.427818	4.29696	4.632594	5.361958	4.411915	5.715955	4.838585	5.240967	6.905058
3.636388	4.525207	4.722306	3.820515	5.577496	4.519269	4.352869	5.385696	3.41119	5.96645
4.272081	5.373464	4.604723	5.079267	4.97765	4.729811	3.709316	4.923996	3.665648	4.285946
3.48235	4.964051	4.962361	4.451334	5.835793	4.890171	5.066253	4.442712	5.530622	5.161916
4.345916	3.566202	5.792655	3.919009	5.673723	4.091309	5.307597	5.249421	3.637555	5.289862
5.193847	4.733626	5.476055	5.186348	5.926733	7.515077	4.134086	5.091527	4.984634	3.282307
4.983584	5.309966	4.58162	4.512296	5.133386	5.199556	5.764791	4.43438	3.785577	5.072559
4.914908	5.244914	5.645287	4.608076	4.920084	4.163303	4.159184	5.419047	5.023584	4.76553
4.436676	6.224596	6.31755	3.914169	4.495756	5.585005	5.159724	5.613777	4.018221	5.397982
5.584694	4.476955	4.113842	5.13316	4.390246	5.302999	4.898561	4.934012	5.033825	4.474648
4.403255	5.199968	4.466445	4.62538	4.266409	5.99555	4.814482	4.134497	4.948864	4.746535
3.061346	5.639466	4.422241	3.570652	5.712136	4.29042	4.062923	4.546312	5.137009	3.704656
4.888498	5.996424	5.653434	5.525497	6.01751	5.512445	4.475039	4.266808	4.28489	4.318851
4.350598	4.617183	6.106735	5.514205	4.951733	4.100842	5.648899	5.38119	5.269225	5.180472
5.721683	5.102551	4.946957	5.482805	4.749675	3.822738	5.794719	5.017679	3.526326	5.031661
4.655548	5.555966	4.567188	6.171486	5.472013	5.333529	4.586167	4.707698	4.631303	5.054039
4.366832	3.84212	5.456738	4.423585	4.656891	4.943444	5.727884	5.226982	4.278476	4.879378
5.824047	4.741617	5.623968	3.782505	6.821963	5.582026	4.61423	5.978991	4.842502	3.710135
4.616604	4.398574	4.442198	5.387139	4.018353	4.988905	3.905787	5.327879	5.007843	5.103737
4.565195	6.512836	5.527432	4.662705	4.038245	5.536504	4.572615	4.68118	4.792001	4.417493
3.977158	5.624671	5.760271	4.822047	5.10462	5.042284	4.926648	4.82887	5.175254	6.218931
4.229067	5.314889	4.717407	4.469529	5.98895	6.048236	4.282778	5.272196	6.060945	6.46507
6.354453	5.496873	3.490943	5.297269	5.509053	5.612368	5.449672	6.046661	4.678165	4.987096
5.374488	5.230776	5.965753	4.827074	4.433413	6.252139	4.956811	5.005466	4.308013	5.625674
5.579032	2.575196	5.101817	5.418989	3.582157	4.629296	5.830302	5.935233	4.40196	6.631645
4.218917	4.251638	2.884031	5.218709	4.216871	3.963377	5.365908	5.434131	5.87675	5.256977
3.838749	5.716885	5.287965	4.061815	4.723059	6.738267	5.590656	4.813824	5.203497	4.540249
5.70035	6.072462	6.134753	6.497469	5.864222	5.425179	5.04887	5.405183	3.843583	4.181354
4.504984	4.118798	5.307584	5.849098	6.110255	4.777475	4.122248	4.250737	5.409969	4.805379
5.367891	3.641344	5.664871	4.823563	4.336516	3.84893	3.94498	5.704921	4.896265	4.84659
5.267889	3.588161	4.067245	3.99341	5.399263	5.072233	5.908944	4.146858	6.555765	5.376468
6.469435	4.670939	3.188435	4.30057	3.905158	5.10974	4.317438	5.708004	3.845527	5.716268
5.685815	4.646224	4.901516	4.461612	4.115122	6.758668	4.481777	4.854558	4.367661	5.042717
5.814325	4.142497	4.842449	5.129636	5.175573	4.795585	4.943496	5.133162	4.838418	4.78733
5.303137	4.548127	3.789055	5.553712	4.898227	7.048944	5.923165	3.059954	4.623171	3.695211
5.167557	5.713563	5.149486	4.63645	4.56961	4.870174	5.024948	4.939739	5.56745	5.360723
5.531721	5.14529	6.477164	3.795597	4.311707	3.565106	4.431372	5.19804	6.349094	4.084712
5.848975	4.467889	5.127861	3.576594	6.594459	4.18395	6.407814	4.292764	4.670446	5.079425
4.277709	5.8173	6.035635	3.737436	4.235309	4.43326	6.033527	4.222614	4.769484	4.773903
3.69908	3.987239	4.440465	5.434508	4.680011	5.158651	4.704509	4.785704	3.984709	5.683784
5.060304	4.03115	5.568461	4.103188	4.54335	3.485327	4.618735	4.520731	4.233495	4.49345
4.313958	5.155423	6.0426	5.421615	4.769761	3.269282	5.673942	4.80934	4.988284	4.28573
5.979311	5.618107	5.08691	5.549571	4.521697	5.824265	5.669815	5.225406	4.695647	3.793346
6.266265	5.067135	4.94407	5.187115	4.855173	5.786311	5.865329	5.597668	5.169227	4.892977
4.695721	3.683041	5.235112	6.011052	4.715956	3.432873	5.199106	5.73346	5.13858	4.777251
4.377598	4.004942	5.861807	3.987266	4.983955	5.863287	4.847877	5.660396	5.042044	5.172152
5.111623	4.651934	4.325431	4.029457	3.721893	3.811754	6.162123	4.030484	4.745996	3.891237
4.789799	4.522376	5.707383	5.827905	5.325266	5.724325	5.079465	4.032153	4.33849	5.09637
5.354507	3.913093	6.638477	4.97208	5.329306	4.319801	6.370531	4.263963	4.417252	4.801675
5.712422	4.627182	4.569103	5.436428	5.958793	4.988407	4.569615	4.610889	6.007756	5.121956
6.737256	4.357851	5.90707	5.139485	5.256788	6.216417	5.763707	5.377715	4.29735	4.592245
5.267734	5.77806	4.239447	5.371869	5.749451	5.430629	6.039371	5.031023	4.297983	4.122821
5.357612	5.877609	3.445918	5.712697	5.98224	5.471895	4.227757	3.144521	4.986564	6.592599
6.10094	6.074813	5.467761	5.905256	5.036726	5.722846	4.958631	6.278497	5.345266	5.076142
4.985239	5.51689	5.442826	6.373725	4.599339	5.383109	5.303324	6.005997	5.092419	4.349133
4.642993	5.662701	5.550078	5.170995	4.818883	4.688331	5.833413	5.613862	4.098127	4.369793
4.803959	5.483259	4.6644	4.842143	5.133385	5.554682	5.329559	3.869078	4.18351	4.004874
4.13456	5.300046	5.167109	3.319074	4.930891	3.434325	4.82462	4.97579	6.068175	5.900484
4.862133	5.628637	5.745719	4.462202	4.313993	5.378039	4.375495	6.391448	4.845893	3.497589
5.380769	4.085231	4.548775	6.590331	3.881687	6.060768	6.038832	6.209809	5.515468	4.763301
4.487875	5.567152	4.160514	4.758374	4.930714	4.826556	5.464249	4.453353	7.144759	4.231598
4.846879	5.61265	5.211059	3.905463	4.486634	4.457659	4.638074	5.449806	5.677338	5.158927
4.671001	3.889104	5.440944	6.086585	5.323652	5.475647	5.470446	4.591802	5.148746	3.029388
5.003718	4.449192	4.320894	4.617082	4.45867	3.945098	5.360175	4.370015	3.594279	4.994828
5.124254	5.603675	4.297999	4.709339	5.621565	5.534122	5.042681	4.225984	4.853477	4.052198
3.347048	3.614003	5.662543	6.359872	5.198943	4.390587	4.441257	5.012205	5.792944	3.987779
5.542886	3.951128	5.642838	4.64532	6.082147	4.875783	5.44156	4.869982	5.206232	5.726126
5.289572	5.010141	4.741337	4.292761	5.480862	5.655678	4.811574	4.452034	5.05892	5.850547
5.463434	4.327393	6.494399	5.825124	5.11875	5.072845	4.863572	5.663085	5.798592	3.950124
4.518196	3.61061	3.992119	4.923593	5.452738	4.479875	5.501253	5.532676	4.363434	5.907271
4.754226	5.538953	3.933096	5.42574	5.722407	3.94834	5.081322	4.926713	5.333491	4.625386
4.876521	6.014997	4.551113	4.573865	4.979328	4.051279	5.173019	5.105541	4.694959	4.636837
4.815588	5.994995	3.833174	5.189665	4.981963	6.261351	4.813595	5.282867	3.79288	5.122816
5.2972	3.61658	4.495319	5.565319	4.424352	5.206905	4.297138	6.437841	5.094776	3.878737
4.353591	5.202231	6.079576	5.231719	5.351208	4.599223	5.297018	4.958646	5.302853	4.803517
4.366615	4.024461	4.872055	4.619771	5.443922	4.670904	2.915395	4.569866	4.416461	6.64247
4.13872	5.509427	5.426162	5.199521	5.605708	4.548179	3.824986	5.005727	3.89004	4.104001
5.237451	5.703417	4.987906	4.889526	4.452714	4.781455	4.758194	4.578626	5.72364	4.287545
5.132523	4.033719	6.145366	4.561373	5.766778	4.824631	5.411736	4.528399	5.223367	5.564897
5.577076	4.630484	4.891148	5.116311	3.866799	4.445772	3.860752	5.155869	5.090961	4.940463
4.37792	5.689997	5.711929	6.099764	6.416265	4.385745	5.146645	5.93342	5.763443	4.286206
4.951156	5.196933	6.703626	5.340395	4.091292	4.530212	4.540658	4.839905	4.346796	5.697949
5.235346	3.900997	6.075569	5.002507	4.967873	5.271526	5.779257	5.340837	6.219158	4.499958
4.42596	4.498301	5.483476	5.965612	5.111343	5.09712	5.111771	4.166791	5.998564	5.971605
5.693767	3.938715	4.761319	5.395311	5.317038	4.182462	5.739974	4.86165	4.557219	6.053664
4.538089	5.159946	5.843315	5.010073	3.835214	4.075168	4.108809	5.14168	4.192175	6.473523
5.872995	4.875428	4.667525	3.561086	3.594392	4.871761	5.463832	5.754875	4.948713	4.841414
