4.842065	3.927986	5.986008	4.536921	4.313622	5.039214	4.915366	5.193913	5.204793	5.360452
4.306429	4.485207	4.026761	3.552739	3.230656	5.42938	3.476597	5.214545	5.393572	4.913739
4.898747	6.43824	4.892215	4.494702	4.936554	6.397583	5.250557	5.306684	3.010546	5.629343
5.455635	4.133013	5.023486	5.086883	6.324927	5.130576	5.596504	4.874926	4.509886	4.843261
6.239305	4.671808	7.505654	4.540273	4.728016	4.683948	4.851642	6.569809	5.503722	5.530708
6.077191	5.824711	5.377409	4.31204	5.117167	5.411746	5.953577	4.784105	3.81121	5.928636
5.763249	4.216055	4.41398	5.10755	3.544502	3.469568	5.846265	5.635062	3.877577	3.869512
3.5867	5.293556	6.098399	4.551504	4.479646	5.041588	5.067167	5.304385	5.002069	6.483238
4.710249	5.401344	5.669031	4.124201	5.42768	5.771937	5.211278	4.618102	5.391173	4.511862
3.399801	6.037344	5.580182	5.264122	6.01831	5.117042	4.312171	4.312575	3.849625	6.755793
4.596776	5.047032	5.40007	4.576364	5.097571	4.225419	4.050283	5.344922	6.409023	4.946558
4.420304	3.795244	4.5956	5.208488	4.738403	4.057415	4.964966	6.597534	3.991639	4.687268
4.932778	4.959145	4.829842	5.79583	4.727633	5.498182	3.597169	4.69613	4.909322	4.986522
5.604392	5.44013	6.225318	4.012776	4.857387	5.144436	4.538272	4.88588	4.558858	4.34514
5.42716	4.607654	4.222061	5.444633	6.545382	4.98771	4.47132	5.046061	5.605406	4.739239
5.766238	3.982786	6.170649	6.957771	5.372277	5.712693	4.615823	4.419485	5.116805	3.951876
4.06822	4.53045	6.635562	4.54421	4.620659	3.968175	6.23437	4.620611	4.798111	4.638103
5.256385	4.056223	4.702044	6.036655	4.959579	5.357944	4.476724	4.756108	4.890487	6.171944
5.053374	5.011075	5.767694	3.345941	4.843603	5.229895	4.638978	5.397006	5.367292	5.709725
4.303581	4.708119	5.929112	4.129157	4.696232	4.535912	5.123398	4.731205	3.590146	4.838467
3.962348	5.550276	5.630244	6.140045	5.061903	5.869784	4.018724	4.472804	5.72695	4.716362
5.006398	5.062584	5.383057	5.551447	4.279505	5.15252	5.239707	5.67604	5.461949	4.406107
5.862402	5.469204	5.227776	5.027639	5.969399	3.830463	5.391275	6.016487	4.637348	6.006776
4.977189	5.697562	5.353392	5.209137	2.840434	5.719581	5.680995	4.882037	4.215663	5.937035
4.720906	3.865987	5.29128	5.145921	6.197536	5.717686	3.995362	4.565491	4.552502	4.745069
5.220108	4.811699	5.42639	4.38825	4.881164	5.360584	6.309291	5.062317	5.446942	5.924242
3.843307	5.466727	6.064743	5.715158	6.717444	4.281813	5.318914	4.728323	4.361076	4.421364
4.204469	4.471972	3.712523	4.479999	4.984573	4.039019	5.405116	5.148015	6.266761	4.981942
4.628254	5.149149	5.345541	5.551906	4.797101	5.701733	5.272512	5.212299	6.206277	5.052923
5.550532	6.6504	5.325057	5.96569	4.454403	5.536836	5.343745	4.968113	5.167686	5.286734
4.64951	4.442183	4.730187	3.767299	4.841099	4.000909	4.664251	3.806089	5.020239	5.359973
5.282431	5.409033	4.275416	4.913924	4.812465	5.53195	5.331788	4.374579	5.386604	4.459455
4.148546	5.57117	5.1154	4.90864	5.430879	4.851716	3.926317	4.81914	4.823998	4.575207
6.134033	6.144932	5.489602	4.710504	5.104996	4.545382	3.376637	4.542408	3.163226	5.821705
5.592937	5.732617	5.908503	4.791384	4.157645	4.624966	6.526432	4.532235	4.833759	5.174886
4.7288	4.629191	5.278309	5.526348	4.48903	5.28596	6.539139	5.302538	5.065794	5.902419
5.195572	5.00013	5.354378	5.856335	4.138438	4.257236	4.964521	4.986203	4.8032	3.286149
6.412731	4.984148	5.10124	5.968314	4.472642	5.306223	4.504119	4.8507	6.229295	4.735995
4.177445	5.167675	5.058465	3.811295	5.106631	5.119693	4.232947	5.095966	4.666533	4.176979
3.906749	3.971889	4.857777	4.528089	5.634209	3.843021	5.134228	4.065104	5.260455	4.753764
3.893876	5.106752	5.696217	5.739812	5.505378	3.383535	4.933549	5.172372	4.396456	5.855613
4.073163	4.120838	5.975947	5.229592	5.041376	5.112782	4.689221	4.611109	4.996565	3.794014
5.189634	3.81658	4.13981	4.571653	4.318208	5.148179	4.987772	5.336935	4.114243	4.729492
5.682425	5.778886	3.748881	5.08022	5.376788	4.518105	5.404243	4.791785	6.126805	4.393062
6.747254	4.17607	6.184536	5.534379	5.465689	5.250597	4.820473	4.555471	5.25071	4.731939
5.578166	5.172846	5.024592	4.896874	5.983955	4.313159	5.11543	5.499161	4.723981	5.019858
5.456374	5.054738	5.091758	5.802924	5.053973	4.538651	4.822528	3.362637	5.075456	5.044307
3.907898	3.978866	4.555064	5.636334	6.511258	4.816591	4.534782	5.651758	4.350266	4.211126
5.673064	3.834342	5.874617	6.071137	4.298161	5.179807	6.170761	5.825353	5.703565	5.262151
4.957261	5.556967	4.117846	5.144719	5.893999	4.528795	3.114807	4.542401	4.207606	5.076828
4.514884	5.237756	4.422234	2.992985	4.74124	4.02486	5.763716	3.814775	3.749184	4.80202
5.434176	5.402172	6.676182	4.684764	6.01021	5.438179	5.217624	4.682774	5.408542	5.278047
5.045822	6.859688	5.480645	5.662656	5.022367	3.180507	6.033828	4.236536	5.981769	4.366858
4.058341	4.824295	4.571193	5.048169	4.975346	5.098104	4.275524	5.005589	5.180454	4.722348
6.303534	3.739872	3.836483	6.427809	4.265366	4.818246	5.910589	5.712968	4.943204	4.285973
5.548428	4.867958	4.982467	4.489984	4.916491	4.702553	6.259781	5.151211	4.891692	3.825173
5.311744	4.156919	5.902316	4.222238	4.550456	6.186982	5.309913	5.464419	5.007846	4.934477
6.505199	5.187074	6.547363	5.646537	4.546218	7.038256	4.145264	4.543974	4.990923	4.161495
6.188618	4.446607	5.110764	5.252696	5.159464	3.569967	5.462857	4.954814	5.27366	6.071256
3.954117	5.920666	5.797804	4.55988	4.927461	4.894008	3.389724	4.611399	4.942248	4.998566
4.71714	3.837844	5.394293	4.695093	3.169732	5.424532	4.920072	5.364019	4.9231	5.062617
5.880046	4.755275	6.200047	4.933203	3.723107	5.666743	4.045158	4.828166	4.446363	5.380914
5.187535	5.12015	4.191814	4.398257	4.287024	4.559786	5.244085	5.418911	4.07374	4.488671
5.351153	4.361118	5.449209	4.811718	5.23709	2.408727	6.312089	3.687451	4.637422	4.994719
3.316949	3.684369	4.307653	4.27351	4.387994	4.858568	4.75243	4.669852	5.444736	4.711771
4.617078	5.63556	3.4026	5.08567	5.099238	5.485185	4.174573	4.707307	5.369876	4.986778
6.044441	4.757523	5.869668	6.074503	4.282481	5.219324	5.269415	5.190149	6.043484	5.271265
4.728026	3.483545	4.915825	5.865539	5.024926	5.042744	5.763571	4.622831	5.576763	5.100699
4.684672	5.088303	5.100899	5.215872	5.013346	5.562033	4.899639	5.58977	4.856821	4.951326
4.351439	6.136844	5.356113	4.367543	5.254786	6.336594	4.805673	4.795285	5.729445	5.174647
3.62228	5.124435	5.174477	4.874114	6.103007	5.110101	3.71735	6.764253	4.598685	5.204394
6.151004	5.973312	5.517567	4.512642	5.534301	4.987317	3.996311	4.640877	5.116691	5.0118
4.425814	6.497026	6.343663	5.346764	4.767272	5.778545	4.838223	5.587235	5.64994	3.768592
4.601272	5.481056	5.290814	6.351584	5.234469	4.885555	4.731231	5.620421	4.606916	5.159039
5.612811	4.997149	5.4884	5.338667	4.025378	4.111691	5.919378	5.304237	5.289846	3.570657
5.001054	5.320728	6.06341	4.957609	5.237235	4.619601	5.59128	4.2461	6.316712	4.486952
6.381855	3.965026	5.206435	6.443989	5.732899	4.353758	3.106942	4.279692	3.771573	4.244545
6.547286	5.954343	4.95874	5.371845	5.496476	3.383258	5.856135	5.721326	5.87043	4.670849
4.05276	4.865911	3.911311	5.749767	5.24787	5.552285	5.532089	5.403202	6.074368	3.959298
5.151221	6.079971	5.743828	4.462829	3.672153	5.399747	6.388757	5.559602	5.513712	5.24081
3.997534	5.218602	5.593433	5.337197	5.051427	4.781345	5.193468	4.881146	5.582571	5.248458
4.994092	6.726213	5.341676	4.418819	5.127815	4.205513	4.953997	5.31306	5.400499	5.097613
6.061642	5.134764	6.050181	3.605953	3.964207	4.861203	5.028288	4.125605	5.982769	4.832645
4.078821	5.493873	5.237539	5.394715	5.993764	5.321517	6.057523	4.791647	6.314283	5.35012
5.331923	6.00771	6.015576	6.107581	4.521101	3.547138	5.175807	5.159592	4.495964	4.836872
4.543474	4.586213	5.046807	5.112638	4.459798	5.779294	5.876489	4.781734	5.653322	3.856681
4.719867	3.924255	5.845009	5.048524	5.075371	5.200545	4.900661	5.139481	5.102015	4.732114
4.912077	4.742695	6.536316	6.048025	4.049613	5.498934	6.13436	4.431973	5.61225	5.037506
5.020712	5.126361	6.317743	5.791576	4.068582	4.749298	5.616395	5.050793	4.855033	6.585909
5.063432	5.569942	6.112441	4.913218	5.120472	6.209658	2.800995	5.01552	6.643612	4.054336
4.276171	5.179059	5.821441	5.704797	6.92933	3.475796	4.302941	5.186258	5.073954	5.702815
5.059551	4.311856	4.472925	5.074814	4.452193	4.723293	4.36274	5.794919	7.265926	6.132901
4.709542	4.915	4.759254	5.735842	5.25053	5.766468	5.738851	4.400582	5.91347	5.311012
4.239874	5.609731	5.067684	3.651835	4.683428	3.998225	3.996681	5.800509	4.155887	6.545757
4.925601	4.977762	4.739556	4.886357	5.34395	4.132252	5.340131	5.708287	4.3304	5.830934
6.685293	6.249594	6.266009	5.39551	4.279634	4.396029	4.540631	5.507397	5.929188	6.187707
4.979377	3.417627	5.110608	4.194189	5.095519	4.579318	4.761984	4.746026	3.809727	5.773239
4.725693	4.465306	5.073993	5.366977	4.713283	5.392261	5.639454	5.548657	4.397275	5.051126
5.453747	5.902137	5.028464	5.695023	4.423252	6.232673	4.862373	6.48964	3.382147	4.414866
5.592412	5.207099	6.689921	6.487272	4.574427	5.360059	5.537219	4.57183	4.882688	3.339909
3.539986	5.46483	4.983716	7.03864	4.659339	4.453389	3.921028	4.340143	5.115924	4.767952
4.87685	4.726354	4.818461	4.339449	4.52544	6.007141	4.415877	4.757916	6.057721	5.745066
5.703072	4.081376	4.132279	3.951376	5.331814	5.069309	3.484272	4.656876	4.31221	5.890237
6.749622	5.68373	5.948691	4.530561	4.574735	4.326488	6.321648	4.08847	5.073304	6.0154
5.319507	4.839115	3.998551	5.225682	5.582049	4.8568	5.219734	5.634153	7.286868	5.4032
5.696737	4.736587	4.867115	4.282297	5.62654	4.591161	5.767437	5.065303	6.167767	4.617129
4.049298	6.176811	4.396812	6.406976	7.498085	4.517916	6.51398	6.017236	4.273351	5.331638
5.460135	5.015348	5.348877	3.129406	4.786229	4.87782	5.084575	6.172536	5.112354	3.503293
5.741731	5.118028	4.999995	5.007686	4.086967	4.113431	3.314852	5.224817	5.529677	5.147753
4.828104	4.512066	5.720596	5.481199	4.157014	5.139042	3.479814	3.773109	6.901649	5.898343
4.605934	5.620688	4.444263	5.069218	5.679259	3.449636	5.82211	5.298636	4.370983	3.893944
5.156949	5.252025	5.496499	3.468316	5.237774	4.583249	3.222365	5.167218	4.268849	4.146996
5.294059	4.775083	5.081774	3.788075	4.700193	5.461801	5.778745	4.249684	6.051293	4.823029
5.207146	6.58286	6.033878	4.708411	4.757264	4.54033	4.560279	4.807456	4.578651	4.614011
4.677826	6.271143	5.27633	4.960313	5.494412	5.795646	4.788885	5.939538	4.054627	4.068045
5.236647	4.953597	6.922559	4.835145	4.873692	5.328283	4.917433	4.213363	5.265644	4.79654
4.857724	5.846785	5.162293	4.44906	3.379086	4.3018	4.059865	4.70932	4.322536	5.598413
5.138868	5.775347	6.791683	4.382556	4.456448	5.150172	5.550142	4.958186	4.864769	6.74977
6.023276	5.517018	6.49209	5.901098	3.832221	5.661411	2.756918	5.299101	4.907176	5.019191
5.574713	4.987586	4.35684	5.69631	4.311355	4.432855	4.467346	6.626144	6.548158	4.419456
4.610013	5.067886	5.174786	5.708533	4.756877	5.409516	5.136523	4.880787	4.827343	5.438658
4.376983	4.156042	5.340804	3.527231	5.277947	4.741034	3.356072	3.738809	5.60017	4.815748
4.274436	3.843162	6.973829	4.652545	4.599227	5.326747	6.371745	4.830896	5.757922	5.506532
5.798193	3.281596	4.327917	5.330636	4.926982	5.958081	5.074058	5.8677	6.450561	4.842862
3.630475	4.957912	4.997182	4.912259	5.208525	5.096347	4.556676	4.434163	6.003158	5.639514
4.729665	6.344728	4.29974	5.95099	5.046494	5.809492	5.771551	3.604213	4.81336	4.898347
5.892657	5.349408	4.981675	4.218463	4.618101	4.430048	4.004273	5.050167	4.258978	4.293923
4.859856	5.032667	5.68341	3.978375	5.453496	3.75337	3.479566	4.863138	5.287559	5.338047
5.686181	5.40409	6.164692	4.134463	5.302838	5.832736	5.113276	5.55506	4.652352	4.977091
4.497675	5.553393	5.17321	3.990521	5.076883	5.612255	5.111875	4.681424	4.526783	5.424525
4.59303	4.509782	5.268939	5.791945	5.72929	4.732203	4.804223	3.696687	4.792209	4.564839
5.91814	4.476218	6.339628	4.092406	4.858493	7.075183	5.185916	5.609298	5.241419	4.81249
4.84304	4.60374	5.439163	5.351731	4.95695	5.289261	5.431269	4.767581	4.801307	5.677371
4.84397	5.244034	4.803555	5.608129	4.869245	4.325046	5.080819	3.713706	4.542443	3.704313
4.909063	5.042446	5.287536	4.752076	4.836236	5.90179	4.584993	5.494351	4.584762	6.451684
4.945104	4.422883	4.477243	5.657969	5.75701	4.856241	4.345179	4.062633	5.049471	3.939143
5.17942	5.067266	5.082941	6.02384	6.176481	5.299005	5.429957	6.638501	5.4958	5.603243
6.129698	4.898045	5.358464	4.919535	4.09535	4.92872	5.159778	5.156895	4.996516	4.048121
3.905122	4.682986	5.070618	5.691877	5.148483	4.565753	7.044981	4.308446	4.892169	5.394364
4.55339	5.213588	5.093831	4.541157	4.170513	6.7219	4.56446	5.228922	5.47505	4.415357
5.400371	4.689021	5.186718	6.270774	5.177155	5.788586	3.556636	5.376663	6.394508	5.20789
4.884297	4.64323	5.510576	6.040661	5.160058	5.79693	3.90034	4.366527	4.907257	5.19909
5.084894	4.512854	5.404099	5.816496	4.349517	3.825726	2.84705	5.527538	5.485676	5.290914
4.724247	4.836355	4.350192	3.948106	4.499148	4.427735	5.305951	5.030074	4.305791	5.263296
4.568052	4.936861	4.437369	5.514809	5.247885	4.174452	4.942339	3.900975	5.952682	5.374522
4.179371	4.57731	4.295438	5.473786	5.36482	5.886052	4.895461	5.005437	5.414717	4.667998
4.355527	5.163581	4.47056	6.222619	5.447236	3.537484	2.516096	5.069149	5.56732	4.711641
4.87402	3.79082	4.375263	4.462525	4.313244	4.04868	5.554233	4.517875	3.829589	4.716531
5.008785	4.444954	5.114219	4.846856	5.857197	4.065183	6.217651	4.982955	4.921962	5.044765
5.202608	5.356572	5.447536	5.477028	4.754567	3.123772	4.877337	5.643276	5.616607	4.540215
4.634721	4.744598	4.667131	4.040431	4.905574	6.326093	5.021969	5.465914	5.338056	6.416468
4.467113	4.949848	5.946498	4.005888	5.093188	5.257937	5.600545	5.41203	5.572057	4.559714
4.182145	4.832237	4.767919	4.887447	4.631218	6.168278	4.365891	5.645933	4.37882	5.439857
3.659159	4.160943	5.884258	5.095701	4.035099	3.987313	5.542473	3.467759	5.031961	5.638459
4.770498	6.248159	4.447176	4.969066	5.578664	4.96904	5.130505	5.442669	4.347812	5.727242
4.918663	4.973209	5.252696	4.373709	4.364699	4.548758	4.353896	5.102236	4.813635	5.666421
5.156068	5.14083	5.132046	5.322445	6.343982	5.956217	4.816036	5.697513	4.392806	4.432488
5.729775	5.370029	4.932846	6.038085	5.221117	4.801329	5.159467	3.964303	4.867469	5.690234
6.339717	6.362737	5.350634	4.72567	5.333607	5.835979	5.015705	5.680179	4.716459	5.053205
5.012277	6.194618	5.318263	5.090606	4.82055	5.338681	5.797406	4.530569	6.203058	4.275224
5.427437	6.194921	5.526649	3.996621	4.609899	5.268957	3.869301	4.39407	6.157165	5.685662
4.68716	4.355624	4.56919	4.40917	3.29549	4.958346	6.534934	4.910414	4.589254	5.359633
4.975827	4.700459	5.120017	5.157722	4.306083	4.960728	4.127433	5.047321	3.72211	5.40571
5.323009	3.13893	5.299046	3.127371	3.401882	5.990967	6.081901	4.905119	4.892885	3.986897
5.680742	5.034084	3.114714	4.217958	5.843557	2.997006	4.782353	5.081332	5.162006	4.44101
4.872158	5.600392	5.450774	4.788094	5.361335	4.699593	4.882555	3.922824	4.485239	5.828051
3.956759	4.598114	4.656484	5.206215	4.105829	3.408196	5.415918	5.287171	5.529223	5.489637
4.33639	4.302988	5.692593	3.878916	4.510428	6.260836	5.529394	3.842325	3.788461	5.154912
4.213894	3.14558	3.703375	5.818923	5.325642	4.333938	5.180719	4.673904	5.612988	5.021662
5.765266	4.048361	4.363803	5.200433	4.893474	3.597981	4.142896	5.097624	4.672184	3.502916
4.057641	4.960758	5.466147	6.187952	4.570482	4.87649	5.209133	4.457333	5.148914	3.156963
5.501326	3.683835	4.006323	5.56993	5.435139	5.960442	4.548141	4.940724	4.268457	5.071882
5.681524	6.238295	5.761546	4.553578	5.30488	4.419993	4.522946	5.667943	6.555147	4.789211
4.519847	3.884192	4.688673	4.245545	5.484726	5.785573	4.808089	4.74124	5.754894	4.668447
4.081249	4.228141	5.346341	6.135638	4.636362	5.661329	4.879637	4.326286	5.54919	5.337186
4.460028	5.438521	5.508579	4.740549	4.51105	3.885318	5.823294	4.892758	4.875266	4.603332
5.47323	5.671129	4.92845	5.883667	5.438991	6.296485	4.861868	3.768425	4.82305	4.531645
4.447593	6.700406	2.772482	5.201222	5.974424	5.297352	5.036863	5.137461	5.946017	5.923933
4.574036	5.998405	5.061502	4.560552	5.025684	5.82625	5.219767	6.14695	4.826969	4.743742
5.588958	5.778358	4.556636	4.676442	4.547118	4.551172	3.944221	5.86841	5.754964	5.031453
4.995756	5.258478	3.646789	4.010774	4.920511	3.97795	5.912711	4.645452	4.55457	5.34216
3.140024	4.314648	5.050753	5.09426	5.360281	4.568033	5.234436	4.336464	3.722226	5.771391
6.157866	5.287976	5.057335	5.33998	5.582186	6.349929	4.651679	4.210625	5.130382	5.528296
4.696937	5.98093	4.785506	5.112796	5.491943	4.496634	5.468238	6.095391	4.611835	4.837276
5.175384	5.438357	4.529672	3.927508	5.344439	4.513594	3.977044	4.741956	4.447188	5.859537
4.058158	5.48219	5.67442	4.636001	4.463182	3.886066	4.328561	3.949289	5.835805	4.247685
4.429941	6.37733	5.346554	4.87733	4.890979	4.409489	5.354133	5.261924	5.288109	4.085718
3.289226	5.735844	4.717034	5.370928	3.64552	6.051676	5.000539	5.221251	5.712137	5.650398
4.906392	5.045211	4.484934	4.494762	5.8405	5.4277	4.559144	5.159814	4.092914	5.678613
5.686244	4.884904	4.381881	5.741395	5.405999	5.953661	4.53042	4.240076	5.233616	5.255848
5.171865	4.798974	4.488831	5.238764	5.517825	5.296264	4.97169	4.585659	4.314456	5.266028
5.932873	5.216523	6.039562	5.555624	4.141078	4.330137	5.173988	3.259226	6.20283	5.399816
6.119814	3.735096	5.395579	4.120168	5.291277	4.908864	3.191078	5.960475	4.358483	4.765835
5.495117	5.42121	4.881134	4.713904	5.169833	5.070687	3.394144	6.257256	4.145541	5.033739
5.257038	5.236564	4.427487	5.245849	5.360602	4.243946	5.361285	5.764308	5.993311	4.654271
4.153054	4.594203	4.555277	3.983284	5.410357	4.98715	5.779318	4.402274	4.732259	5.512463
5.242535	3.852797	4.497288	3.724674	4.868458	4.639163	3.304871	5.408684	4.573834	4.506248
3.765458	5.115702	4.599927	4.142885	3.995781	5.244765	5.895137	4.416173	6.024041	4.009471
5.786177	4.467254	5.58573	4.919065	5.556213	5.752009	3.174373	3.687787	4.478819	4.836274
5.478361	5.002337	4.306292	5.629178	3.526427	4.225395	5.461741	5.633437	6.036581	3.659519
