4.527854	4.424116	5.08094	5.420969	4.57635	4.93873	4.457388	5.398042	4.000822	4.116866
6.323122	5.527621	4.649339	4.626972	5.158693	5.206908	4.892467	5.171595	5.520995	5.164045
5.1648	4.464416	4.12748	5.697047	5.530449	4.779351	5.080316	4.36622	5.783831	5.271642
5.721159	5.546609	5.149578	3.521958	5.38616	5.11095	5.10673	5.348002	6.318205	4.950694
5.416816	6.444504	4.435547	5.610486	4.905094	4.319404	5.937583	4.520971	4.574851	4.133288
4.669801	4.273996	5.7366	4.724438	5.004012	4.867555	5.973761	5.495358	5.287271	4.717485
4.835089	3.866011	6.093214	5.173883	6.227961	4.641762	5.194615	4.63577	5.181198	5.87426
4.952959	2.779752	4.369967	5.207919	4.604648	4.206691	4.817405	5.850272	4.627119	5.359699
5.041251	4.853983	5.436107	4.623338	4.238997	4.815882	4.126939	4.811953	5.158756	5.702862
3.836677	4.435803	5.701973	4.550606	4.03266	2.605708	3.945122	5.121595	6.539559	5.319214
4.827631	4.659476	5.571587	5.944484	5.961489	4.769506	2.846547	4.542398	4.936218	4.613397
5.036807	5.588322	5.048301	5.094917	6.268648	3.79223	4.931212	5.318802	4.8241	5.174272
4.601981	4.176925	3.794694	4.3126	5.085317	5.036446	4.166978	5.829886	5.554662	4.484927
4.158342	3.623052	3.814009	4.499989	5.014516	6.486702	4.898897	4.250328	5.333342	4.637964
3.334973	4.376892	5.5856	4.263405	5.839745	4.9452	5.907606	5.59363	4.410259	5.018944
5.004875	4.567837	5.658005	5.258266	4.568583	4.991461	5.113513	4.464818	4.464528	5.774509
5.030307	5.335211	5.867548	5.101044	5.94916	6.331074	6.318677	4.784512	4.944167	4.15622
5.034311	5.000162	6.017289	4.305688	5.843684	4.490748	4.627633	5.123168	5.483837	3.755479
4.55408	4.851563	4.846069	5.657031	4.709344	5.320724	4.138241	4.261574	4.884446	4.291175
4.821675	4.461573	5.658791	5.203919	4.66853	5.574372	5.825657	4.785324	5.284019	5.456516
5.157677	4.534896	5.063495	4.594917	4.331383	5.089686	3.647702	4.390546	3.787589	5.793741
5.653625	5.755381	5.652409	5.50627	4.874961	4.713294	4.727892	5.428286	3.871812	4.253722
5.406845	4.772912	5.502009	6.048985	4.844668	4.923663	4.984713	3.940118	5.283087	4.46522
5.021146	5.433186	6.231679	4.988601	4.70289	5.771558	3.823527	5.925926	5.205181	6.248396
4.165326	3.565101	4.831907	5.705475	4.857515	6.483426	4.560536	4.244859	3.849452	5.44255
5.694754	5.636039	4.820061	4.7752	4.676732	5.35582	4.957083	5.433101	4.352689	4.022155
4.847821	5.827021	4.774807	4.919912	4.638102	5.266252	4.081696	4.012832	5.036861	5.253403
5.076358	4.865764	4.191713	4.69436	4.799621	5.141763	5.349669	5.091401	3.528309	3.619739
4.130861	5.725669	4.772492	4.726625	5.568266	3.976287	3.918291	6.340613	5.616534	3.521328
4.29477	4.872516	5.022944	4.330509	4.691925	4.185897	4.648876	7.335622	4.472014	5.048609
5.088527	4.751129	4.746762	5.406734	6.362323	5.706004	3.635028	5.066639	3.372162	3.996435
5.505803	4.970707	4.401063	4.333949	6.808841	6.595709	5.867479	5.551633	5.570504	4.162591
4.449252	4.783871	4.340044	5.030093	5.388588	4.081492	5.071877	4.131076	5.673496	4.967114
4.90591	5.982848	4.61569	4.831823	5.533563	3.470925	5.213356	4.665732	3.78432	4.777053
4.798348	4.109646	4.707573	3.983173	4.818378	4.592445	3.72834	6.798978	5.661433	5.796538
6.406589	4.76443	5.698511	4.402768	5.935227	5.527488	5.388376	4.470813	6.02644	4.957449
4.952319	4.691448	3.973485	6.176581	5.283785	4.431309	3.516991	6.011716	5.2455	5.005752
5.293643	3.289911	5.782	4.043216	3.959303	4.411675	3.946197	4.991587	5.633454	5.132222
5.356921	3.244806	4.477808	5.236733	5.433916	5.757946	3.991785	4.004282	4.058099	6.190927
4.779823	5.245964	4.600133	5.357588	4.535053	6.658675	5.241702	5.161681	5.093469	4.741588
6.285153	5.34558	4.680885	4.365497	4.030959	5.068425	5.285814	5.283864	5.593822	5.401129
6.19015	5.24197	5.000661	5.223342	6.537294	4.876598	4.871039	4.350457	6.302988	4.056813
5.079861	3.949873	4.42441	4.654113	4.570369	4.915241	3.661789	5.2013	6.131912	3.345259
6.458618	4.241032	4.024149	5.965885	3.976142	6.422484	5.056514	4.686436	3.824461	4.850053
4.553735	4.046076	5.253526	5.120857	4.31248	4.953387	4.704441	4.825611	5.594694	5.085284
4.472442	4.974904	4.1448	5.766452	3.44612	6.226656	5.264297	5.355689	4.098074	4.304403
4.506716	6.281441	5.130476	4.569991	4.805802	5.18024	5.795597	4.048449	5.525163	5.694175
3.559299	4.970284	5.558721	5.993611	6.472974	5.853623	4.106404	6.364266	3.98855	6.161376
5.488704	5.404199	5.821234	5.154449	4.34293	4.832871	4.648644	4.836724	5.69799	5.063174
5.321003	5.429532	5.028861	5.791276	5.491791	4.782004	4.094122	4.739902	4.672348	5.027302
5.326108	5.112223	4.121939	4.846255	4.985959	5.669784	4.319374	6.925812	5.915434	6.07253
4.611443	4.434531	5.783372	6.223927	5.304668	5.938344	4.004086	4.77713	5.103411	4.245333
5.80894	5.53312	5.651408	4.770635	4.674028	4.528054	4.679492	5.005359	5.106807	4.922084
5.22289	5.050279	5.286195	6.031087	6.249972	5.24065	4.614447	5.917424	4.960758	5.196561
5.407753	3.722136	5.319234	4.789929	5.100187	3.838641	5.160951	5.706768	5.190107	3.517689
4.980968	4.995063	4.614493	5.900129	4.643282	4.29272	4.890624	4.831106	4.000062	3.842001
5.088697	6.255486	4.440605	5.322339	5.729459	4.83185	4.448406	5.261704	5.309013	6.738684
5.206329	5.377045	5.022037	4.96986	4.159572	4.894749	5.462747	3.2808	6.083189	4.552438
4.162953	5.332705	5.2766	6.478249	6.300924	5.503322	5.793284	4.63411	5.413307	5.425856
5.07881	5.183525	5.907647	3.359967	4.235326	4.832232	5.212712	4.785577	5.714644	4.487319
4.679583	5.48834	5.628096	4.721537	5.960767	5.603143	4.450327	4.688257	4.613252	5.518309
4.82974	5.48637	5.138156	4.824011	4.38711	4.750854	5.371912	6.607086	4.705627	5.418779
4.767887	4.547969	4.211251	5.457503	4.624267	4.611191	4.143211	4.535208	3.967459	5.114934
6.05208	4.085527	5.318294	4.881957	5.451535	4.864759	5.643672	6.720982	7.03855	6.049214
4.547832	5.495169	5.64511	5.502532	4.553628	4.976827	5.005692	5.653093	5.11509	5.294206
5.391683	6.308441	5.567461	5.015152	4.734123	4.347015	3.87886	4.863891	4.827777	4.896349
5.837229	4.876698	5.566671	4.550979	3.267351	4.662508	6.792006	4.613951	5.569472	5.452747
5.532619	6.312478	4.255532	5.136333	4.224154	5.203619	5.905962	6.538577	4.548444	5.49464
3.563661	4.830515	4.279416	4.490862	5.616626	5.233397	5.37788	3.420615	5.434935	5.353909
5.159546	5.020395	5.309563	5.472004	5.467744	4.616901	3.974509	5.171169	4.795669	4.561466
6.86429	4.649801	4.673778	4.803824	5.363635	5.821244	5.124825	5.79892	5.686435	4.706232
5.8659	5.864181	4.831325	4.778041	3.835061	3.619477	4.70126	5.582363	5.047815	5.238966
5.25131	5.288671	4.158782	4.816633	5.578625	4.920275	5.379472	4.772107	4.706042	5.719102
5.924484	5.55604	4.779546	5.448381	5.496246	5.084496	6.093144	6.052189	4.851496	4.71566
5.33823	6.072296	5.585393	4.701065	4.653412	4.366284	5.68659	4.56835	4.789879	5.067245
3.926758	5.039745	3.89162	3.959571	4.725688	4.134109	4.725811	5.695376	5.653748	4.65588
5.45377	5.143708	5.122438	4.339417	4.575147	5.491654	4.277872	4.646482	5.239433	5.188725
6.264922	3.893168	6.414167	5.948498	4.756801	5.797234	5.421273	3.617044	4.562828	5.47619
4.580452	4.477926	4.307596	3.702846	6.087974	5.441722	4.536671	4.626244	4.029712	4.146317
5.594722	5.369942	5.413026	4.385409	5.350239	5.300182	6.196927	4.638463	4.392156	4.77178
4.662933	5.427082	4.198765	5.020999	5.207405	3.464107	5.164584	4.156659	4.390437	5.031564
5.876479	3.808423	4.801786	3.674417	5.345128	5.21925	6.410001	5.729946	4.745708	4.428582
4.865397	4.035943	4.909324	5.434471	6.107716	4.659224	4.423492	4.959288	6.07544	5.419418
5.01998	4.780052	4.402766	3.840932	5.684351	5.417372	6.65951	4.615085	4.723591	4.211915
5.341617	5.079095	5.287285	6.170669	4.514162	4.663596	5.753979	5.725637	4.566056	5.387928
5.313362	5.442997	5.461091	5.071328	3.540527	4.696237	3.86757	4.169426	5.603065	5.615399
5.324177	4.671252	4.383773	4.668534	4.372186	5.721797	4.778066	6.34983	5.620045	4.456964
4.956515	5.579114	3.884469	4.995429	5.702129	4.632508	6.617227	5.66947	5.212984	5.300602
5.559601	5.165474	5.319946	4.182313	5.383441	5.028429	6.346391	3.728389	5.237585	4.03615
3.855478	5.343784	5.183538	3.123848	3.862097	4.339231	3.80934	4.451066	5.24597	4.768507
5.495843	3.637373	5.672368	5.513703	3.684829	3.439126	5.725027	5.349801	4.583007	6.0396
4.594475	5.331115	4.910775	4.690596	5.126815	4.705356	4.082124	5.391605	5.456873	5.303697
6.510393	3.494274	5.755044	5.099971	5.858903	5.16826	4.112981	5.442312	6.003225	2.468552
4.904256	4.736434	4.122066	5.671835	5.549041	5.089202	5.816821	4.046986	4.635108	4.820996
4.081583	5.610597	4.320086	4.728771	4.814786	4.708845	5.209555	4.375919	5.599562	5.399837
4.744475	5.454607	4.649656	4.804053	7.088681	5.047093	5.287737	5.7844	5.531355	4.959293
5.136277	5.03269	5.30501	5.454374	4.755068	4.997478	6.839351	5.317627	6.097727	5.828525
5.832957	5.8724	6.100935	5.855933	3.689675	5.374845	4.73052	5.92524	6.258037	5.455551
5.168645	4.925833	4.904919	4.15736	4.907698	4.54944	5.426334	5.845232	5.264096	4.548939
6.011005	4.77116	5.810075	5.414675	5.497861	5.060162	5.110492	4.81181	6.942471	4.18732
5.393661	4.255629	6.070873	5.608799	6.439486	5.02389	6.224193	4.682034	4.521364	4.003241
6.005598	4.676095	5.952384	5.648507	5.250715	6.528563	5.780237	4.332661	4.765233	5.139802
3.616375	5.622192	5.333031	5.657479	6.225273	4.671197	4.288682	5.267927	5.184259	4.678978
5.36717	5.710061	4.592199	5.085809	4.867297	4.961984	4.216622	6.576703	6.426652	6.145697
4.16346	5.297756	4.550274	4.152494	4.854621	4.628556	5.170987	5.114349	4.703977	5.274334
4.993307	5.687509	5.320602	4.130661	3.738144	5.554361	4.064216	4.649496	4.89783	6.669495
6.143344	5.453895	5.070387	4.768982	5.367765	5.269125	5.852414	4.59709	4.832391	5.164268
4.615412	4.925604	6.882908	6.143356	6.392799	4.329949	5.068279	4.491873	6.102145	5.66469
5.165148	4.977055	5.510652	4.897523	7.438133	4.726145	5.490297	4.939112	6.185529	5.879384
4.429023	4.530717	5.704109	4.848032	5.806522	5.466223	5.005204	5.045344	4.447785	4.301731
4.88151	5.057599	4.095136	4.617551	4.458287	3.970092	4.74558	4.990921	3.688522	4.10287
5.986007	5.64172	3.978328	4.633373	4.73213	3.922009	5.057534	4.696501	5.913932	5.258333
4.932116	6.113522	4.466924	5.773333	4.166436	4.03992	6.145965	4.803327	4.678301	5.768319
3.762207	3.566754	5.262125	4.648255	4.671612	5.144064	5.299382	4.610509	5.222542	5.502611
2.936754	4.470039	4.851182	5.219413	5.655704	4.340145	3.814803	5.23697	4.59517	4.82677
5.392492	4.390773	4.376742	4.864261	5.09581	5.449679	3.458862	3.833601	5.161311	5.223316
4.20926	6.432164	5.215499	5.618684	5.04723	4.126352	5.197031	4.319688	4.271656	4.715045
5.763324	5.015104	5.3977	4.986381	5.65445	5.102134	4.357737	4.114663	5.093542	5.746192
4.644256	4.509809	5.496997	4.878368	4.867931	6.248135	3.888004	4.559627	4.591249	4.395299
6.83463	5.234927	5.773217	4.826653	5.923642	5.021079	5.506577	4.431101	5.876494	3.697479
5.793587	5.194202	5.198946	5.051563	5.270282	4.991017	5.79528	4.779505	6.13921	5.136775
5.433132	4.666434	3.716898	5.325025	5.457161	4.179964	5.314419	5.442023	5.171885	5.595345
4.654633	5.10397	5.057959	5.913124	4.940804	4.596328	4.733551	5.773104	6.113092	5.456725
4.212317	4.527341	4.839385	5.103925	3.022932	6.028089	4.504591	5.356867	5.353621	4.697005
5.684508	4.106747	5.25459	5.433311	4.914062	4.284621	3.717469	5.493991	5.287305	4.660055
5.471123	4.92581	4.523609	5.204233	4.170449	5.763728	4.473783	4.787243	5.679482	5.716721
5.638977	5.339063	4.365456	5.455357	4.153821	5.488069	5.701747	5.567652	5.72492	5.59056
7.141364	5.605814	5.510796	4.850143	5.097921	4.315734	5.563071	4.985521	4.76634	4.689197
4.908443	5.375455	5.953105	5.508497	3.524781	4.797262	4.558907	4.940239	3.700908	4.276856
7.096832	4.844973	6.523535	6.203634	5.524161	4.833036	2.891513	4.540243	5.018759	4.914968
4.32392	4.675896	3.550151	5.772491	5.963062	4.800182	4.734028	6.639227	3.737889	5.197671
3.862087	4.872	4.576767	5.222733	5.442597	4.030373	4.295157	6.078361	3.267353	4.565908
4.500384	4.112453	5.538146	3.681123	4.450561	5.260878	4.000872	4.002793	4.843927	3.890388
5.700799	4.40188	5.038479	6.067828	5.468526	4.856688	5.055696	4.411663	6.91346	5.881585
4.24121	5.745384	4.324722	4.87111	4.439521	4.856691	4.524804	4.540569	3.826485	5.054738
4.29874	4.04091	5.27925	4.161023	4.714614	4.754595	5.610738	5.582835	5.052444	5.585092
5.170048	5.073802	4.295913	4.079782	4.960678	5.806502	4.492395	6.01176	7.41122	5.188893
4.423393	4.718039	3.738611	5.162512	3.836585	4.115573	4.449996	3.974485	4.705227	5.220384
4.60727	5.18735	5.203656	4.165192	5.259273	4.513061	5.574344	3.962413	4.968817	6.398121
5.307735	5.109074	3.865161	6.92475	4.483212	3.730514	6.118947	4.584453	5.54416	4.303522
6.566353	5.196607	5.66819	5.935613	4.847907	5.521323	5.257846	4.552034	5.352192	3.132377
4.788804	4.829912	5.394919	5.294054	5.852793	3.862242	4.606601	4.513009	5.446253	4.972636
5.219274	3.952851	5.129509	5.033772	5.010949	5.075928	4.589802	5.01903	4.806454	5.024891
4.584586	5.25374	5.72406	5.112447	4.627611	5.621263	5.413335	6.283171	3.791231	5.387234
5.358259	4.660387	7.099919	4.995039	4.557161	5.422862	5.448305	4.251946	5.417176	4.616029
4.374078	4.877342	4.655948	5.529137	3.499656	4.844473	5.671979	5.037643	5.839744	4.928946
4.946793	5.528376	4.208464	5.467109	5.751067	3.853447	6.200801	4.987567	5.363329	4.3308
5.181615	3.537012	5.914755	5.156239	4.829229	5.785526	5.127928	5.30774	4.15745	4.790201
4.937047	5.483111	6.082593	5.006875	4.165709	4.709244	4.484524	4.380045	3.526529	4.464903
5.252493	6.170613	5.271877	5.522638	3.884558	3.878974	4.412849	4.403032	6.330436	5.496487
5.578897	5.662432	3.795314	5.173001	4.056005	5.942531	5.388741	4.824281	4.827193	5.536429
6.138825	5.435915	4.82051	5.128645	4.455312	4.87734	4.064791	5.048703	4.920637	5.105523
4.079484	5.916981	5.352818	6.054732	4.685577	5.120758	6.278342	4.60765	4.555744	5.869789
5.30142	4.842473	4.53761	4.808418	5.834441	4.766154	5.455148	5.292179	5.790035	5.992347
5.822151	5.122734	4.964825	5.534374	6.033158	5.640464	3.929916	5.379554	5.244682	5.394765
5.121159	4.711635	4.905344	5.553778	4.680556	4.057093	6.116638	4.139685	5.041552	5.262339
4.491589	5.18334	6.239836	4.80139	5.75398	4.294307	5.475375	4.682801	4.695105	4.861989
4.770858	4.788564	5.0042	5.509969	5.180948	6.392495	5.969689	4.901909	5.2707	3.518476
5.428386	5.377667	4.337201	5.315901	3.792266	4.620347	4.613074	5.794256	5.515529	6.4162
4.044666	4.850832	3.3736	5.653817	5.375224	4.915339	5.954387	4.512175	5.101151	6.12622
6.055895	4.435721	5.240178	5.13402	4.697826	4.636648	4.188815	4.909917	5.132906	4.971247
4.820129	3.477549	4.829359	6.141726	6.029335	5.200615	5.709936	4.877483	5.354544	6.016281
6.293842	5.795165	5.078993	4.428774	3.750912	5.238094	5.634569	4.954807	4.70398	6.74135
4.544393	5.137278	5.652382	5.34271	4.737576	4.042425	5.194365	4.744292	5.235072	5.669466
5.374818	4.906544	5.456814	5.902784	4.055413	4.510831	4.327742	5.447573	4.216983	5.310619
6.252782	4.391644	4.226133	5.059998	5.144655	3.593434	5.195078	5.235925	5.641004	4.522857
5.448442	4.657863	4.665493	4.351532	5.457485	5.736982	5.607845	3.829538	4.932873	4.369419
5.686666	6.030677	5.137761	4.320306	5.256949	5.331254	4.432246	3.651045	6.21623	6.287374
5.09283	4.610559	4.305593	4.773818	4.752941	4.743091	4.783953	3.316939	6.579691	4.540978
6.688498	6.790093	4.480669	5.142496	4.875071	5.056373	5.205672	4.271508	3.95289	5.399528
4.652159	5.811315	5.467606	5.602561	4.595241	4.377557	4.005726	5.12173	4.483053	6.358069
4.340212	4.774369	5.066015	5.57494	5.089633	4.769778	3.791281	4.790237	5.199117	5.802716
6.280706	4.049623	4.681905	5.364789	5.084823	5.164769	4.436303	5.837686	4.634079	4.83898
6.294932	4.76832	6.191707	5.144657	5.120436	4.947667	5.07507	5.223394	4.557713	4.549207
3.766108	5.157286	6.695302	5.015891	5.355681	4.925397	4.759627	4.324288	5.300119	4.255701
2.995235	5.1653	4.726648	3.611053	4.528634	5.294894	5.365622	4.682933	5.000816	4.328593
5.584079	4.789717	5.003385	5.408734	4.107577	4.189996	4.961807	6.054313	2.735271	5.019947
5.760355	4.842508	5.614397	5.990226	4.371527	5.397508	4.678741	5.613664	3.47291	4.496702
5.527412	6.556475	5.551512	3.295935	6.20854	3.367864	5.166742	5.745132	4.195908	5.359452
4.718875	5.068993	4.54234	5.161558	4.47097	5.259219	4.76939	5.043438	4.809309	6.009953
6.018605	5.088008	4.370913	5.443221	5.214731	5.23041	4.633096	4.742222	3.98883	4.26975
5.923062	5.501872	4.972207	4.941379	4.606008	3.819503	5.995212	5.314711	4.025226	5.273725
4.050946	4.951346	5.156181	4.790725	4.066706	4.863328	6.55666	4.596335	4.646618	4.734022
5.248123	5.56021	5.603133	5.961654	6.42063	6.02113	5.325441	6.036741	5.929881	5.108646
5.076175	4.141405	4.047421	3.996133	5.053644	5.759525	5.344677	5.745747	4.857123	4.416842
4.493479	5.696047	5.415092	3.97272	4.842249	3.761106	5.427076	5.50339	5.159268	5.296638
4.003648	5.282765	5.67534	4.405059	5.51424	4.166197	5.465085	6.166139	4.846478	4.744629
5.374853	4.795661	3.346546	3.899172	4.534688	5.077535	5.025169	4.686646	4.646435	3.149591
4.195198	5.852501	5.207998	5.835339	5.91942	3.963294	4.537496	6.898496	5.053195	4.853141
4.808136	6.824828	3.778396	5.265679	4.925434	4.460345	4.630073	5.616448	5.226186	4.784336
4.911472	5.905364	5.77265	6.374133	5.151981	5.775236	3.801255	5.412313	5.402219	5.045673
5.98761	5.28021	5.045842	4.757111	6.228704	4.136484	5.638642	4.987324	5.881946	5.679348
4.882511	4.759635	5.156638	5.329566	4.662199	5.227314	5.964327	4.992898	3.787893	5.806179
5.683899	5.855878	5.265583	6.736725	4.85157	4.97073	3.597588	3.593394	5.178288	6.135533
5.533275	5.458956	5.621616	6.386013	4.034795	3.735344	6.116236	4.097531	3.948044	5.632946
4.695267	4.487092	4.07117	4.605927	3.221603	4.661149	5.441185	5.61495	4.271672	5.286573
4.874233	4.759814	5.084685	4.552551	4.781537	4.700454	5.083755	4.274475	5.357692	5.80023
4.500581	5.45071	5.502144	4.245848	5.838171	6.542952	5.645935	6.161103	4.406781	5.041106
3.812789	5.104712	5.053848	4.314321	5.770902	5.298286	4.621564	4.393196	4.028024	5.287715
3.100785	5.144212	4.302179	4.102109	4.891761	4.952579	5.42796	5.740651	5.490324	6.364303
