4.204649	5.931605	4.174019	5.473794	4.812905	4.06731	3.701759	4.894786	4.226255	4.845191
4.677769	4.847426	4.405674	6.080174	4.977645	3.92659	5.175954	5.766597	4.214472	6.397621
5.174143	3.871347	5.110233	5.176246	4.450574	4.827719	3.883833	4.637617	6.72611	5.156958
5.333462	5.764741	5.537809	5.175415	5.387388	5.517942	4.125072	4.820352	5.195564	5.750218
5.210209	6.34546	5.504768	5.737952	5.433844	3.655767	5.839601	5.469047	4.926626	4.993533
3.96572	4.591441	4.986793	5.432386	5.504923	5.24684	5.140117	3.901606	5.106002	5.19733
4.611731	5.189891	4.691754	6.375206	4.525247	6.133421	3.110426	3.72539	4.608288	4.524909
6.160018	4.688818	4.809703	5.715487	6.949715	4.802529	4.382181	5.127854	5.1585	4.600865
5.304771	4.255134	5.792728	4.914591	5.894296	4.885902	3.411173	5.880243	4.634793	4.598666
4.92157	5.903926	5.553646	5.707823	5.44434	3.701595	4.996526	4.099726	4.438318	4.018812
5.149225	5.594539	5.152842	4.709725	5.443888	4.173912	5.44958	5.950891	5.085595	3.778864
5.30334	5.209685	4.296349	4.779056	5.497909	5.20579	5.691444	5.731882	4.859721	3.808342
5.393859	4.130702	5.240033	4.269415	5.204665	5.096666	5.711874	5.863912	5.914804	5.600887
5.067049	6.022356	4.667187	6.007626	5.130319	5.392688	4.623236	5.029962	5.296702	4.597476
3.506596	4.83316	4.956389	4.109849	4.781816	5.347438	5.140235	4.505802	4.25715	4.440488
4.791572	4.798931	5.446915	4.98691	4.798944	4.875	6.288306	6.074925	5.509429	4.516514
5.446544	7.094108	4.450841	4.965895	4.807637	5.891744	5.380622	4.723032	5.601635	4.860341
5.384322	5.13675	5.028292	5.692675	3.952809	4.371032	4.639036	4.935945	5.144238	5.342027
5.358155	5.002367	4.973063	5.038257	4.697798	5.130393	4.647906	4.723976	5.044724	3.378551
5.554873	5.256946	5.148943	3.364996	4.453555	5.144865	5.159184	5.057358	5.327176	3.982488
5.283993	5.545616	5.122083	5.141842	5.43084	6.974107	3.978585	6.009543	5.512081	3.604644
4.602319	5.741863	5.48048	4.924428	4.952144	5.790906	5.404944	4.631342	4.640961	4.723958
5.173912	5.056845	5.377429	4.546448	5.533834	5.394693	6.661867	5.237467	4.870211	6.061453
4.993773	5.456288	3.786445	6.284954	4.645115	4.749565	4.22308	4.385993	6.451214	5.147991
5.760364	5.86589	4.558214	5.776772	6.485511	5.647706	5.448479	5.789406	5.887474	5.644745
5.343995	2.92803	5.353637	6.435415	5.532505	5.417025	6.103723	4.124281	4.019627	4.591657
4.285965	4.78019	4.91577	5.561197	5.492504	4.50435	5.404185	4.883625	5.834313	5.281602
6.464587	4.530048	5.066391	4.471867	4.399251	6.538795	6.162685	5.924041	5.606723	4.883656
5.156067	5.487653	6.158206	4.683347	3.794333	4.691028	3.89008	5.737628	5.343474	4.97264
4.405455	4.7943	3.75076	5.312007	5.336755	4.700727	4.831473	4.237011	6.477836	4.419512
5.145191	4.387064	4.747303	4.479597	5.871691	6.341961	5.62359	5.551363	5.702095	4.613881
5.49604	4.426095	4.701402	5.635236	4.68113	5.549979	5.876349	5.284439	5.322845	4.332315
6.288313	4.260406	4.91603	3.070127	6.431708	5.184357	5.698946	5.419941	4.379831	4.397733
5.216031	5.185236	3.613597	4.795264	5.477258	4.129841	5.274078	5.823594	4.759118	4.840332
4.940026	5.542529	4.220633	4.790252	6.192222	5.578363	5.753448	3.643387	3.80186	5.534415
4.992036	5.702424	6.039307	5.285638	4.74286	4.747261	4.396364	4.823864	4.300504	4.600845
4.321561	5.858054	5.88493	4.451681	4.131748	6.216058	4.730407	6.787529	5.123381	5.939879
5.090771	5.403466	4.951696	5.252912	4.77478	5.571387	4.868483	4.856347	4.344488	6.482566
4.533227	5.123348	6.321434	5.708876	2.869349	3.697196	4.18208	5.044021	3.766265	4.398943
4.76808	5.505445	4.578585	4.764503	5.193353	5.710035	5.291271	4.984587	4.873597	4.579127
4.048946	5.933479	4.59491	4.123357	3.602672	5.768042	5.923643	5.307775	4.79872	4.313768
5.964105	5.045872	4.961262	4.785635	4.686877	5.378065	5.952023	5.149864	5.680597	4.15135
4.992087	4.882305	5.319301	6.158473	4.470723	5.506011	6.645812	5.153584	4.72364	5.404275
4.270443	5.270224	4.330036	4.851226	5.355803	5.022565	3.327124	4.669294	5.033446	5.939526
4.458385	5.219883	3.883034	5.397527	5.19173	6.439087	4.771784	4.896999	5.967903	5.782757
5.14749	5.629788	4.725063	4.233608	4.97628	3.90797	5.888382	5.161918	5.90282	5.498095
5.825308	5.838902	6.016801	4.031983	5.661729	4.119205	5.765671	3.900521	4.80232	4.860642
4.903347	5.241383	4.558096	4.880114	4.794457	4.827077	3.796321	4.550407	5.553262	4.870312
4.360005	4.823093	4.051797	5.246275	3.459686	4.726636	3.648353	3.344067	5.591053	3.948051
5.42916	5.429442	4.927865	5.935317	4.952068	5.573627	5.211902	4.328045	3.421058	4.261665
4.436723	5.33953	4.542196	4.815822	4.753983	5.271752	5.586511	3.966067	4.953118	4.729982
4.403385	6.23736	4.940525	6.512105	5.063525	5.367523	5.61216	3.612433	5.981602	5.751417
5.470344	4.988667	4.656129	4.997807	4.878067	5.391348	4.214278	4.862655	5.244293	4.042198
5.645569	5.198215	4.595115	6.007341	5.114475	5.636378	4.181595	5.193772	4.803009	4.235141
5.319935	4.215787	5.652928	4.289367	3.979112	5.420368	5.229318	4.230439	4.562271	4.692522
2.828804	4.465196	5.566315	6.299899	4.616423	4.804975	5.668946	4.269825	4.993835	5.249853
5.213518	4.988348	4.025521	5.277388	5.089018	4.404247	4.234539	6.12565	4.648992	5.577937
6.145997	4.832458	5.37879	3.502747	4.53432	4.839653	4.711491	5.902368	5.007027	4.033102
5.145796	4.883561	5.484569	4.257284	4.501738	5.536301	5.452761	5.487988	5.842911	5.598464
6.104928	4.894568	4.751939	4.467203	4.384731	6.469909	3.935933	4.035051	5.14069	4.858129
4.999998	5.965607	4.529969	4.152366	4.62958	4.592824	5.584957	3.971105	5.118363	5.21618
4.762444	5.379374	4.68901	5.499863	4.129482	4.990065	5.662828	4.475775	4.19766	4.751626
3.010215	4.457319	4.4622	4.008612	5.079251	5.382049	4.367333	5.339127	4.390938	6.320303
3.488273	4.886253	3.738172	4.052107	5.162581	5.330027	4.961921	4.971609	4.494266	4.871367
4.567949	3.99117	4.386147	3.680489	4.886592	4.874789	5.238543	4.931005	6.994855	4.365992
5.216123	4.817111	5.295119	5.124128	5.609596	4.424532	5.125292	5.241884	3.583849	4.363318
5.502115	5.669627	5.217879	5.571997	5.820653	4.030426	4.448195	6.057043	4.158914	5.021759
5.140176	3.879849	5.353775	5.601917	5.315923	4.986487	5.638081	5.099148	3.845996	4.433541
5.553896	5.56244	5.865695	3.900844	5.433365	5.226047	4.733195	4.969922	4.529368	5.219182
4.508354	5.141707	4.881333	5.463265	4.843008	4.211774	5.029686	4.71662	5.688633	5.346987
5.223984	4.110749	5.801858	5.644508	4.883492	4.289136	5.655999	4.958705	5.775612	5.019942
5.364168	5.182425	5.255874	4.0258	4.050046	5.025228	5.681102	4.942897	5.973269	4.583999
5.940447	4.869514	5.389452	4.595357	4.961067	5.042213	6.326202	4.468983	5.169724	3.076983
5.45218	5.620238	5.233335	6.51484	4.954747	4.98294	5.366932	5.569283	5.855185	5.480869
5.830036	6.216475	6.093955	4.627817	5.073821	6.120306	4.41111	5.309618	5.126633	6.198987
5.382326	4.738819	6.276222	5.778969	5.82761	5.393192	4.355854	4.727794	5.086226	5.810915
4.092547	4.398088	3.683785	4.507797	4.920033	5.547584	4.905038	5.700453	4.475363	5.17259
4.249944	4.527224	4.741999	4.792098	4.503504	4.175151	4.465274	4.033245	5.734207	4.787205
5.926427	4.386364	5.233709	4.595306	4.974936	4.501889	6.271785	5.129976	4.64676	4.584862
5.907336	5.270539	3.87463	4.701973	5.101731	4.591691	5.101885	3.54354	4.950705	5.405431
5.262687	6.18373	6.615913	5.705016	4.308959	4.174533	6.072151	5.226254	6.922552	4.356182
4.908034	4.85803	4.009504	5.225188	4.682732	5.204416	5.064623	4.688622	4.574443	5.082905
5.897144	4.666944	4.620057	4.282115	4.075708	5.505256	5.294065	3.877429	5.690264	4.701687
5.33418	5.031415	4.29479	4.469553	5.458085	5.819316	4.576283	5.726411	5.17599	4.323897
4.944565	4.586442	5.460751	6.31783	5.834099	5.5628	5.275557	4.317921	5.884238	4.729783
4.941226	5.867783	4.589167	3.838222	4.501042	5.03992	4.440469	5.486167	4.963042	4.795346
3.336733	6.651726	6.368549	4.869153	4.177257	4.778488	5.265326	5.40578	4.033142	3.891096
5.431509	5.330335	5.088135	3.664113	5.68154	5.322266	4.743122	5.862123	5.309688	5.098878
4.48966	3.84489	5.450002	4.438931	3.570939	4.35088	5.736172	4.443659	4.630444	5.632374
6.05228	4.297359	4.58181	5.947792	6.057388	4.806247	5.214485	4.034147	5.142564	5.642975
4.946721	6.470188	3.505477	4.809242	4.980952	4.297586	5.602137	5.176769	4.685471	4.34312
3.622366	5.684511	5.456143	5.208236	6.058124	6.440926	5.956952	4.259804	4.250469	4.756651
5.510773	5.144127	6.222796	4.467548	4.084784	5.256255	4.316595	4.98904	4.602293	5.038641
4.311806	5.280771	4.865204	5.795754	5.757084	5.636471	4.066935	5.24648	3.960865	4.040484
5.39038	4.92718	5.55905	6.107557	4.233618	5.268403	5.271422	4.412568	4.209389	4.055939
5.114071	5.071229	4.769318	4.759912	5.246583	3.757087	4.709332	5.265656	5.484953	5.355604
5.683118	6.165798	4.578961	5.502268	4.408309	4.408011	5.350368	4.000193	5.073173	5.721277
5.974254	6.297991	5.049057	4.811539	5.734758	4.980341	4.854673	4.116256	4.750242	4.72782
4.760701	6.157911	4.911034	5.017052	4.940273	5.786907	5.77111	5.089727	4.861819	4.695537
4.549051	6.062505	5.265845	5.486868	3.702577	5.797162	5.597043	4.906989	5.175885	5.111224
5.108105	5.305769	3.934087	3.823037	5.675633	6.439434	5.548502	4.827184	6.202394	5.52153
5.945596	4.966444	5.302888	5.244767	5.077766	4.163627	4.832874	4.749878	4.766167	4.603696
5.297603	6.206837	4.943924	5.480271	5.517373	5.989276	5.719975	4.418997	5.328895	5.459962
6.106122	5.646676	4.892696	4.134123	5.984354	5.224338	5.382299	5.128672	4.431358	6.093737
4.086406	4.96144	4.895707	4.667651	4.224857	4.757589	6.672649	5.27746	4.572868	5.297678
6.488439	5.306472	4.511463	4.837558	5.801053	5.458323	5.274225	4.90454	5.109994	6.166462
3.927126	4.692913	5.745139	5.532341	4.63578	4.888737	4.164804	4.414509	4.828423	4.951214
5.076798	5.354645	4.250762	4.412065	4.459316	4.367304	4.983731	5.351203	3.986394	3.750465
5.02083	4.723513	5.33317	6.037269	4.974332	5.887042	3.900235	5.262701	4.572896	4.63526
5.674413	4.712328	6.124369	5.242351	5.542033	5.103644	4.921885	6.030417	5.413753	5.904493
5.392807	4.805797	4.906923	6.167866	5.988162	3.703162	4.252831	5.609611	4.076328	4.903034
3.26514	5.443704	6.009536	4.261567	5.750319	4.016876	4.098746	5.789887	4.822222	4.287336
4.2296	4.813953	5.03913	5.934533	5.13597	4.619214	4.023383	5.113859	5.471766	4.630426
5.587839	4.628021	5.492066	7.140079	3.750702	5.165886	5.444388	4.83655	4.071609	4.999921
3.871197	4.070566	4.898409	5.085696	4.208715	5.241762	4.970038	4.665483	4.349243	3.875789
5.315143	3.85808	4.36186	5.274323	5.506652	5.01627	4.596574	5.671966	5.795535	5.833947
3.739592	5.556286	6.402511	4.083393	5.579614	3.989592	4.163317	5.391509	5.52447	4.785225
5.461968	5.442889	6.238724	5.470047	4.624473	4.610877	3.580731	5.386465	5.521133	4.404268
4.657586	6.128742	4.88778	4.840177	3.961751	5.266286	4.859008	6.754932	5.156721	5.48016
4.674221	5.023882	4.668897	4.927623	5.698314	4.815452	6.014151	3.232059	4.436887	6.247782
6.240769	6.045816	5.281313	5.252404	5.437623	5.119725	5.667093	5.527826	4.549729	4.187657
4.873932	6.349438	4.937499	4.327781	4.533203	4.96817	5.608947	5.521453	4.749079	6.221486
5.183057	4.887893	5.282813	5.66056	6.189319	4.119766	3.51512	4.738	5.554274	6.138461
5.286108	4.341591	4.722777	4.423796	5.161563	3.865523	4.270608	6.354489	6.989675	4.126017
4.261418	4.925417	5.625994	4.356496	4.222611	5.155601	4.696092	4.771943	3.645509	3.633029
5.064351	5.501319	3.830416	5.107637	5.121771	4.731461	5.52573	4.300812	4.790317	5.686633
5.039106	4.849827	4.984111	5.532416	6.103641	4.720407	5.49788	6.225712	5.009911	5.926774
6.12797	4.538441	5.348306	5.736474	5.682511	5.126345	6.146284	6.662942	5.360119	2.6822
4.142449	4.543265	3.570793	5.947564	6.119416	4.796773	3.877111	5.625046	4.688216	5.431355
4.591196	4.823157	5.839387	4.588736	5.260049	4.381636	6.079427	5.162235	4.786187	4.196542
5.270648	5.224391	5.337852	5.417974	5.627776	5.162536	4.539887	4.357184	4.695797	4.914007
4.119966	4.153461	5.908407	4.139184	4.788161	5.051611	4.955633	5.013611	5.319097	4.995956
4.00337	4.379761	5.560624	5.239788	6.450311	4.613431	5.206716	4.82645	5.461941	3.758637
5.523882	4.346879	6.547241	4.431231	5.18417	5.649068	4.555765	5.293406	5.013346	5.021601
4.670725	4.749782	4.105914	4.82901	4.62469	4.273986	5.704901	4.622077	3.941518	4.200421
4.468742	4.618807	3.391616	5.508074	3.458735	4.480145	4.562383	5.351834	4.23846	5.221849
4.69189	4.086732	5.266459	4.16376	5.735754	5.722339	4.252153	5.687907	5.740516	3.592255
4.008502	4.777129	5.078363	5.783986	6.593852	6.177941	5.874018	6.45871	4.256228	7.019925
5.310632	6.388509	4.431456	5.200686	5.101601	4.519569	5.605059	4.947581	4.633857	3.494592
4.603229	5.043288	6.195453	5.521927	5.135478	5.120511	3.903134	4.727866	5.000512	4.593153
5.25862	4.83516	5.116882	4.613592	4.189198	5.103805	5.297885	6.579874	4.890598	5.386772
5.10365	5.6089	4.775131	4.154907	5.124014	5.793826	5.022589	4.306479	3.947344	4.663976
5.0825	5.878232	4.966132	4.470194	4.565956	6.006556	4.361629	6.111345	5.048919	4.385053
5.335044	4.451118	3.092439	4.287937	5.097205	5.535531	6.156615	4.378924	5.356157	4.185125
5.946928	4.027373	5.277224	4.380231	5.311601	4.520604	5.412321	5.064765	4.775767	6.032293
4.294221	4.474525	4.547698	3.969869	5.058155	4.811559	4.725696	4.821173	5.47922	4.902128
4.868963	5.435637	4.033146	5.20648	5.554154	5.196147	5.160294	5.135854	5.048684	5.226427
4.359384	4.532484	5.561797	5.480149	4.362741	6.064397	4.325387	4.291558	4.429097	4.029993
4.312487	6.066572	5.597985	4.528517	6.396009	5.853607	5.904836	4.366186	4.976035	4.666034
4.549369	5.87062	5.78329	3.441825	5.316673	4.915936	5.125355	3.690228	3.7282	5.758145
5.04089	6.207731	5.231923	5.622021	4.221672	6.035674	3.900528	5.92592	5.137522	4.927455
4.432241	5.160285	4.507013	6.011955	5.491897	4.819659	4.786889	5.003805	4.115611	5.177788
3.730933	4.809373	4.698905	4.163923	3.884305	4.855576	5.657104	3.810389	4.792157	5.363234
4.206003	4.730701	4.540666	5.503345	4.270991	4.681582	5.69954	5.699058	3.916255	4.67618
5.027747	6.137773	5.897467	5.656337	4.96723	4.45212	5.209727	5.005359	5.085995	6.232585
4.287943	4.118209	4.258514	4.746552	4.860164	5.182964	6.434344	5.21023	5.989027	4.623288
4.540166	3.122851	5.320981	4.635717	4.635378	4.510438	4.652447	5.06892	4.852863	5.140852
7.599122	6.371054	5.061598	6.167461	5.876867	3.753736	3.968617	5.107956	5.341205	5.592997
5.155613	4.780319	5.382272	4.057278	5.294026	4.917846	4.932595	4.817932	5.12677	6.245743
4.805539	5.592417	4.332945	4.447563	4.362483	4.246136	6.545331	5.732896	5.022772	6.728629
3.066768	5.133919	5.365177	4.926676	5.760308	4.758202	5.96015	5.75218	5.290999	3.973273
5.068299	5.948523	4.24724	6.274464	4.578749	5.213547	5.409585	4.553965	5.779126	5.186419
5.364755	4.843853	5.575258	4.831352	5.111936	6.579881	4.734938	3.999488	5.250076	3.963707
4.102291	5.849377	5.436684	4.579306	4.985936	4.009034	4.746161	5.758015	3.113733	3.778395
4.664962	4.9856	4.950632	4.138362	4.240106	4.644837	5.235443	5.277775	3.801939	6.327694
4.269422	5.269486	5.098241	4.995327	5.200496	4.693522	5.952207	4.893932	5.880244	5.574432
5.144528	4.601614	4.956732	4.515534	4.597581	4.382921	4.373258	5.481964	5.035792	5.00119
5.387767	5.975674	5.674168	4.448734	5.320108	3.873742	4.813234	3.740058	4.866887	4.039713
4.896112	6.231705	5.166237	5.545846	5.430949	6.295929	5.343622	2.644378	4.349567	4.426998
5.303772	4.545382	3.57457	6.422409	5.337097	3.323252	4.835952	4.888395	4.882211	4.537179
4.835916	3.537298	5.136237	4.252243	4.555432	4.097948	3.453553	4.540768	4.808887	4.83713
5.061407	5.260165	5.895715	4.770466	2.918726	4.489104	6.142838	4.842686	4.611074	4.118956
5.218979	5.16093	5.71596	4.585385	4.0271	5.725915	4.579468	5.734832	5.521904	4.326869
5.761136	4.950772	4.76842	5.644344	4.566973	5.423562	5.780674	4.646052	4.866261	4.62901
4.985205	5.786958	5.963858	5.388429	4.038243	5.754043	4.426314	4.348063	5.255036	3.88482
5.270179	5.540174	5.074674	5.459026	4.133814	5.109868	4.99635	4.689007	6.16713	3.345293
5.142082	5.807071	4.805244	4.272966	4.075652	4.634669	5.889557	4.530775	4.578724	6.027662
6.024563	5.07741	3.859324	4.24412	4.967864	5.066708	4.486767	4.301313	5.191239	5.753797
3.905364	5.135614	4.321209	4.73559	6.274721	6.228232	5.432184	5.784375	5.372393	5.563552
4.910868	4.650233	5.114646	4.023274	5.35847	3.802106	5.096568	4.588944	4.759467	4.707239
5.109852	5.085164	4.747354	4.714954	4.632997	4.109243	5.235591	6.100507	5.407541	4.663438
4.635607	3.792764	4.175954	4.640979	4.57742	4.840102	4.286067	5.600925	5.827223	5.236307
6.30092	5.014841	5.065592	5.170728	4.303139	5.722326	5.363835	4.883533	5.544643	6.111155
5.926126	5.63386	6.421051	4.682698	6.177888	4.523502	5.839223	5.116012	3.922752	3.88117
4.243808	4.599325	4.813717	4.214104	5.828182	5.264084	4.285748	5.508027	6.042606	5.050223
5.769008	4.115697	6.193122	6.01846	4.169986	5.651879	4.393273	4.620434	3.951534	4.035401
4.100683	5.349856	3.55561	4.874143	5.744993	6.033058	5.10794	4.329635	5.894961	5.063116
5.887099	3.313602	5.425247	5.476781	4.14328	5.334631	5.169098	3.227214	5.005131	6.661753
6.080246	4.602674	4.960576	4.878147	5.15815	4.45965	5.387841	4.237711	4.646595	5.326559
4.74872	5.862092	6.301499	4.977193	6.45636	5.623183	5.386035	6.160943	6.499876	4.385556
6.879676	5.213472	5.669351	4.991159	5.001247	4.724743	5.834137	3.131651	4.582468	5.942865
4.829857	3.438968	5.137355	4.855237	4.06424	3.872952	3.734733	5.005772	4.649016	4.79401
5.193294	4.942809	4.859795	4.101863	4.978044	4.05637	4.190323	5.367752	5.345443	3.943108
3.912046	5.577858	5.493805	5.594026	5.892091	5.299597	4.202178	4.237267	5.176933	4.421331
3.504485	4.844871	4.541324	5.278859	5.650544	3.995182	5.008557	5.056182	4.087998	4.188039
4.457397	4.872034	5.191419	4.774643	5.326859	4.726928	3.416552	4.588961	4.725386	4.732915
4.992281	5.058868	3.74913	5.089942	6.323428	4.71267	5.726964	4.795702	5.891135	4.595215
5.747204	5.315999	4.63852	4.71082	3.670576	6.181618	4.531566	5.140067	5.368866	5.192529
3.640616	4.778191	4.55718	5.941314	4.406746	4.897453	4.16714	4.889495	4.612863	4.654114
4.351663	4.337815	4.69037	5.124495	3.989386	4.957522	4.87545	5.665126	4.615538	4.202432
