4.951087	5.230746	4.600094	6.225934	6.009978	5.189068	5.016891	5.600282	5.812361	5.02277
4.782838	6.641857	2.752403	3.12313	5.46582	6.060272	4.6551	4.202369	5.524074	4.764993
6.090388	4.566571	5.637908	5.878782	4.719295	5.019574	5.24069	5.393557	5.786905	6.013806
5.005663	4.83381	6.684211	4.502	4.768537	4.32383	4.610987	4.748848	4.815564	5.336076
4.455585	5.270939	5.45536	5.758413	5.385946	4.645748	4.801606	5.376424	5.386039	4.407327
4.717631	4.578256	4.228973	5.380012	5.98077	3.896866	5.915375	5.08145	4.1306	5.975423
6.255731	4.667529	4.819001	5.258015	5.683268	5.458894	5.13085	5.089373	4.470715	5.280238
4.855112	5.061265	4.199864	3.892534	2.370438	5.623611	5.196924	4.746617	4.549303	3.660833
4.761662	4.65946	5.494174	6.545454	3.698363	4.485938	5.824564	4.929193	4.574748	5.449178
5.586043	4.663629	5.246635	5.537159	4.777165	4.671583	4.981674	3.877932	5.692742	3.798755
3.994683	5.051599	4.611775	5.500038	5.077673	5.857088	4.14264	5.291502	4.761134	5.246002
4.274632	5.25795	6.783686	5.658281	5.533393	5.425504	5.964413	4.607133	4.69287	5.299801
3.69894	4.13141	5.702207	5.62408	4.641031	3.115668	4.542714	4.566218	5.293251	4.704607
4.424778	3.998422	4.3486	4.8779	4.750947	5.157766	5.090729	5.365449	4.754158	5.407312
6.248148	4.508861	5.379034	5.185792	5.653291	3.346629	4.863575	6.113121	4.935473	4.201126
3.903568	4.762506	4.773767	6.279309	4.992965	5.900028	5.611439	3.556852	5.131689	5.505457
4.59238	4.628284	4.415536	7.059306	4.125415	4.781358	4.268805	5.131241	5.197182	4.597476
5.237975	4.448236	5.35478	5.49008	4.826153	5.085616	5.553265	4.650815	4.509115	5.397331
4.389933	4.149036	4.712238	5.842805	5.024955	2.9863	5.828096	5.026185	5.402596	5.407519
6.296304	4.833697	5.219658	4.744548	3.892392	4.943615	4.346811	4.548541	4.470863	5.881027
6.289604	5.263713	4.97613	5.162768	4.650718	5.014613	4.170807	4.605292	6.124905	4.276242
4.852609	4.247633	4.636217	6.262362	5.421426	4.043865	5.508507	5.498481	5.46072	3.993962
5.5242	4.290215	5.569771	5.597668	5.762895	4.581202	5.115438	4.984313	5.266789	4.921749
5.880333	5.716959	4.633708	2.925491	4.570571	4.889135	4.917881	3.464416	6.525796	3.872919
5.263069	5.427435	4.810992	5.959204	6.299715	4.216725	4.79401	4.884082	4.075046	5.271126
5.252518	7.256948	4.815758	5.639234	4.345643	4.46247	3.810469	4.143713	5.19325	4.483378
5.5252	5.519578	4.247757	5.094887	7.609352	5.149768	6.218797	5.901187	5.053172	4.238606
5.181982	4.704133	4.063168	6.161673	4.669436	5.306431	4.732544	4.380288	3.86444	4.409479
4.664691	4.701549	4.986213	5.057611	4.227467	4.942662	4.480773	5.068428	4.596835	4.352898
5.058387	5.444399	5.520002	3.093732	3.6563	5.210005	4.455655	5.378402	5.535879	4.455143
5.926641	4.131581	5.410032	4.282862	5.086702	4.527723	5.265212	5.217632	5.159788	4.86346
5.019286	5.658054	5.579608	5.145332	6.099566	4.991316	5.299047	4.162677	5.232816	5.926776
4.72248	5.635149	5.984193	4.271609	6.040364	5.203797	6.035702	5.290338	5.788983	5.258575
6.008898	6.022629	5.396034	4.657396	5.121902	4.642025	5.722201	4.752342	4.648949	4.921813
4.810156	5.425761	3.320943	4.687497	3.739441	5.141332	5.531038	4.3955	5.507905	4.556759
4.454704	4.996293	4.2766	4.924523	4.472873	4.547244	4.547219	5.091153	4.332675	4.382568
4.902549	5.683639	5.083832	5.713633	6.799992	6.099977	4.303453	5.190082	4.380655	4.013311
5.868249	6.068897	4.321158	5.023944	5.362547	4.114342	5.470913	5.907657	4.559951	5.451252
5.171323	6.123085	4.355058	5.003479	4.534782	5.800343	5.191472	4.098752	4.732412	5.279907
5.176268	4.787465	5.369039	4.938109	4.812158	5.180438	5.023341	5.580585	5.678777	4.629025
4.300422	3.543267	5.535349	3.79024	5.161562	4.786808	4.843596	5.096323	6.101162	5.115943
4.099174	4.655199	5.611846	4.728966	4.002787	4.656225	5.460335	7.03544	2.970593	4.322301
4.914946	5.834446	5.766932	3.537104	4.305505	4.708401	5.465552	4.615968	3.708022	5.15226
5.099723	5.441675	4.951266	5.233622	4.811171	6.528745	6.073771	5.082256	6.504436	5.712745
4.296451	5.208297	2.129868	4.214057	6.692806	5.14851	5.428365	4.60369	5.89311	4.425464
4.57008	5.417763	4.857217	5.81621	4.159152	4.747228	5.233792	5.478766	4.488562	6.022012
3.978208	6.725366	6.142631	5.194737	3.158348	5.012326	4.266896	4.8175	4.112868	4.353425
4.893516	3.835035	4.95539	5.708294	5.919484	5.444335	5.058131	5.507808	4.268973	4.318552
5.417108	4.397492	5.578292	4.262294	5.738756	4.083447	4.409838	4.914305	5.009375	5.545364
5.727203	5.091627	5.749294	4.838613	5.632787	6.538472	5.689121	5.734409	4.525593	4.537807
5.310345	6.385227	4.522923	5.458064	4.929066	5.015289	5.40938	6.411	5.156184	3.619925
5.857588	5.39237	5.269104	4.594224	4.220922	5.034385	5.362051	5.503349	4.939679	5.698861
5.665402	5.082172	6.490217	5.367867	4.701181	5.71757	5.058745	5.79623	4.536627	5.394374
6.122656	5.259428	5.946733	4.390026	4.674664	5.26399	6.916723	3.534881	5.740806	4.526999
4.800503	4.658088	5.463925	3.528221	4.639916	6.07173	5.877264	4.705136	4.223302	3.550745
3.648722	4.181125	5.856162	5.178532	5.509806	6.483724	4.44978	5.60802	5.22847	5.768395
4.718445	5.46604	5.033894	6.192332	4.134758	5.363431	5.39607	5.607159	5.106228	4.275023
3.544507	5.642269	4.367666	3.943562	3.484549	4.008566	5.192067	6.37026	5.361394	4.74971
5.374144	4.912147	4.803252	4.108492	5.922774	4.668768	4.094701	4.655443	4.582591	5.152298
4.396142	4.748131	4.842986	5.767782	5.670238	5.742548	4.825947	5.051096	4.474314	6.000881
5.559268	5.611579	5.578295	6.333647	3.830511	5.165648	5.261647	4.836957	6.230938	5.560297
4.80256	4.749968	4.819474	5.163079	4.304609	5.004809	5.56559	4.510051	4.470294	4.979222
6.588932	4.76434	4.409948	3.616042	6.373319	6.1563	5.041989	5.97919	4.361901	6.092594
4.441236	5.469028	5.814925	6.231253	4.726262	4.374872	6.675056	4.769465	5.571957	5.201781
5.318883	6.142543	3.677598	4.594991	4.236989	5.661389	5.037531	4.580115	5.643404	4.33325
5.0224	6.108092	3.881875	4.318902	4.572314	3.487916	4.266886	4.575614	4.329937	5.860792
5.011191	3.71713	4.879484	6.321727	5.669103	5.272907	4.525124	4.430024	5.461804	5.774007
3.484962	4.513636	4.177707	4.772592	4.382318	5.081605	7.166321	4.559074	5.970451	4.47179
5.814123	4.98784	5.139234	5.468216	4.754243	4.450758	4.278203	5.780142	3.734551	5.427793
5.637579	5.206529	6.289431	5.375565	4.391214	4.209973	4.842219	5.462844	5.063232	4.351433
4.888025	4.773896	4.702457	4.4872	4.600966	5.976337	5.338571	5.000875	3.239886	4.85835
5.298795	3.998506	5.515249	5.384157	6.262609	5.692929	4.688605	5.444797	5.310844	5.021073
4.69534	5.291365	5.909704	5.10375	3.923392	4.143493	5.85218	4.406526	5.284128	5.520547
4.356116	4.275128	4.189937	5.170884	5.710793	4.866758	4.68647	5.62129	4.981226	4.665087
5.661911	4.596502	4.944897	4.258151	5.051457	5.0942	4.931144	4.402009	5.463092	5.957144
4.950921	5.554585	5.199632	4.467456	5.231798	3.694652	6.277882	5.746029	5.744637	4.328731
4.416741	4.346303	5.251265	4.230698	4.928301	6.014867	5.847853	4.529845	4.990981	5.952541
5.312943	5.560447	3.553627	5.325562	5.014156	4.267702	5.89118	5.180692	4.683304	6.589461
4.89897	4.264315	5.43215	4.245269	3.804149	5.103704	4.343691	6.027511	5.841446	3.87352
4.847152	5.087514	5.571843	4.998764	3.817961	4.98399	4.449892	5.994405	5.814163	4.673247
5.38327	5.702216	6.399381	5.453959	5.671777	4.372567	6.796216	5.195712	5.17778	4.442677
6.223615	4.920719	5.389582	5.432168	3.395761	6.080795	4.586479	4.649655	5.160522	3.859231
4.869239	5.036327	5.591385	6.242285	3.176323	4.998948	5.682304	4.379873	4.533773	4.701628
5.749519	5.138329	5.91435	5.039413	5.4887	3.860011	3.78386	4.085067	5.499233	5.513696
4.690666	5.929352	4.352386	5.491822	4.774484	4.758707	5.037921	4.693716	4.651719	5.242273
5.313076	5.098955	5.607132	5.064422	4.770777	5.0109	4.896992	4.002248	3.808525	5.999047
4.64387	5.28546	4.479677	4.996102	5.253793	5.027814	4.781226	4.431182	4.824411	4.805696
5.635904	4.566206	3.615774	3.867375	4.05331	6.772941	3.822056	5.428249	4.509532	5.680861
4.353515	6.04481	4.356121	4.552828	6.856845	5.838608	6.238043	4.47644	4.795138	4.378378
4.671032	5.084059	5.196553	3.777995	4.875878	5.219436	7.078899	4.910807	5.422783	4.786395
4.827986	5.011907	3.184532	6.081911	4.675137	4.351288	5.689436	5.942812	4.633332	4.984585
5.231291	4.233449	6.399456	5.640442	4.300568	4.698521	5.201086	6.156185	5.153116	4.393555
5.606239	5.542468	5.744051	6.217035	5.666147	4.918257	4.537658	4.030991	4.727971	4.463018
5.502544	5.312603	5.744771	5.377486	5.664223	4.067134	5.304286	6.005235	5.656141	4.237699
5.768114	4.426068	5.219077	4.291571	5.077443	5.565884	4.727449	4.950948	5.185373	4.662926
4.330671	4.720567	4.492025	6.103914	3.806299	4.985673	5.14708	5.625436	5.14915	4.98066
4.977207	5.933196	4.645401	4.522915	3.694499	6.309418	5.267859	4.892074	4.701338	6.08405
5.47876	4.844893	5.497733	6.101985	4.030856	5.527059	6.509147	4.675998	4.821298	5.183247
5.104198	4.185815	4.828815	4.892055	4.469519	5.729007	4.759315	3.985847	5.036342	5.590384
3.992334	3.824051	3.7671	4.705369	5.573522	4.943586	4.429602	5.443885	5.018558	6.206434
5.426376	5.746278	5.41929	4.791362	6.083259	4.556183	4.610798	4.160217	4.403401	4.490722
4.721248	5.461545	5.8773	4.190057	4.090152	5.757215	5.098635	3.850576	5.339757	3.718
4.871285	5.165131	4.051267	5.270772	5.074572	5.213655	4.635996	4.69124	6.900512	5.513239
4.124645	6.377042	5.352277	4.927718	4.440639	4.698779	5.481382	5.531135	5.108445	4.698122
6.864612	3.259923	6.409633	4.391675	6.203948	3.55843	5.026247	5.698644	3.403266	5.347155
4.125674	4.696849	5.829825	5.421932	3.88648	6.642331	4.795525	4.570702	4.659004	4.977314
4.850433	3.743965	5.016762	4.894476	4.287086	5.808171	4.475732	5.522986	4.808142	5.752732
5.116333	4.038347	3.65299	5.256277	4.967912	5.284074	6.041862	4.746298	5.220615	3.893564
4.333029	4.816971	5.530754	4.648722	5.064712	5.704587	3.78953	4.151625	4.650655	6.891558
4.520623	5.841194	5.196382	4.657445	6.213201	5.678735	5.046309	4.654283	4.718308	5.538604
5.894102	3.774508	5.37626	3.559951	4.803168	4.243578	5.892318	4.09098	4.517059	4.526751
5.452885	4.742289	3.835545	5.733759	4.503032	4.857413	5.271645	4.450741	6.237419	4.053202
4.406097	4.525532	4.477447	5.90195	5.608243	6.107998	3.440649	4.216173	5.756646	4.579921
5.426591	4.27467	5.191957	5.537255	4.693245	3.783975	3.378279	5.419033	6.141726	6.688406
4.710419	6.198385	4.312387	5.136868	3.849321	3.89651	6.208175	6.048571	5.143886	5.783942
4.576235	4.664977	4.623182	5.477776	5.135025	4.455134	6.053329	4.873372	4.276237	6.108599
4.600778	3.799464	4.201893	4.538795	5.53224	3.294953	5.288255	5.069663	5.205638	5.027561
4.605832	3.986873	4.625215	3.327784	5.349741	5.07076	5.011878	4.594993	5.070674	6.256949
5.625499	5.491198	4.439627	5.407193	5.152743	4.173632	5.980881	5.245633	4.797742	3.933761
5.049725	4.790374	6.362732	5.346174	5.572152	5.898921	5.124183	4.77082	5.707227	5.642769
4.544137	5.869064	6.208034	4.992036	5.170639	4.946237	4.70508	5.49191	5.245396	5.559665
5.880781	5.452085	4.201683	4.509578	3.505248	5.65739	5.757528	5.203723	4.867795	5.845664
5.195482	4.903463	4.079117	4.887836	4.978894	6.420921	5.827725	4.795815	4.378086	4.477551
5.361893	5.444237	5.259788	4.487306	5.358748	5.389241	4.32208	5.926006	4.544988	5.522267
5.468199	5.58959	5.61185	5.075062	4.90447	4.823384	4.470793	5.272668	4.450422	4.296658
5.240882	5.880982	4.700695	5.625826	5.141503	6.60924	5.193972	4.027185	5.349664	6.104672
5.267559	4.753682	4.055958	5.120521	4.965591	4.237385	5.180649	4.972933	5.931073	6.114591
5.070053	3.163288	4.899568	5.467122	5.094134	6.376924	5.071659	5.589282	5.050738	3.811848
4.951618	5.36941	4.560581	5.656999	5.022262	5.381395	4.769359	4.675596	5.61081	5.274537
3.865851	5.446908	5.27873	5.525935	5.650987	4.023748	6.367384	4.975777	5.947806	4.834415
6.018808	5.554028	5.054237	5.573969	5.407121	5.04419	4.030305	3.947113	5.651466	4.59666
4.809918	5.054823	4.68855	6.057775	4.74994	4.493168	5.155975	5.403773	5.864207	4.509961
5.07506	4.988123	5.067747	4.37908	3.534861	3.908424	6.138819	3.94245	5.090865	4.967531
5.304279	4.871974	6.475853	4.632817	4.927927	5.671509	4.87721	4.919955	4.970693	5.665314
4.756259	4.621074	5.241313	5.003455	6.017558	5.704051	5.458097	5.803051	5.685768	5.371582
5.419658	3.77098	6.29423	4.146815	5.399015	4.876751	5.280837	3.890138	4.932025	3.935106
4.378642	4.400508	6.028118	4.949553	5.24965	4.18791	4.940437	5.420184	5.428676	4.206285
5.541882	4.771759	4.663598	5.085804	5.193401	4.517381	5.281074	4.853433	5.017486	4.764277
6.146393	5.838471	5.307151	4.795831	4.564026	5.096462	6.32878	4.157717	5.306765	5.274686
4.289444	4.61075	5.832091	5.086789	5.369862	5.601139	4.875293	4.398914	4.936772	5.338367
6.227506	4.057703	5.786607	4.706829	5.904833	4.56437	4.95838	6.160969	4.73885	4.06138
6.25088	4.220739	6.153042	5.826484	3.409423	5.332541	5.230839	5.284547	5.440617	5.455105
4.862025	4.959991	4.233016	5.471101	4.333416	4.5695	4.880366	5.131271	5.145681	5.607121
4.409498	5.701118	4.960381	5.644217	5.019555	4.638562	4.586915	4.863539	4.197413	5.04343
4.772141	4.100538	4.095672	5.267437	5.324142	4.411346	5.615808	5.191686	4.56003	4.05836
5.625547	5.876563	5.13484	4.487535	5.969423	4.158076	4.240379	3.133964	5.538099	4.454224
5.127142	5.380348	5.644619	5.834618	4.23179	4.994956	4.776327	4.483191	5.035926	5.911439
5.243594	5.452724	5.944128	3.805976	4.178235	4.773617	4.455911	5.904424	5.246686	5.816244
3.26028	3.527985	5.470335	4.553518	4.577226	4.766366	4.509317	6.030907	5.000759	5.673372
5.75509	3.341842	4.996243	5.718935	4.751891	5.531635	5.690761	5.257609	4.65246	5.847833
5.296365	4.582522	3.790856	5.102009	5.044226	5.598357	4.864813	4.82887	4.831058	4.763119
4.818972	4.019257	5.183059	4.37215	3.293777	4.102628	5.630433	5.515047	4.40621	4.962754
4.296074	5.864858	4.650684	4.363485	4.668297	6.1633	5.001643	4.389822	6.32347	4.692657
4.966969	5.455997	3.470044	4.461607	6.188176	5.288405	5.397005	4.133875	4.868847	4.182221
5.098486	5.176999	4.904169	5.902645	4.79024	4.763152	7.46892	5.4911	5.041192	4.60654
4.484182	5.014878	4.861477	5.443605	3.582122	5.1792	5.100337	4.807608	5.551635	3.814045
5.358225	5.432212	4.816276	5.285895	5.813133	4.861184	5.077836	4.165581	5.414187	5.302516
5.786605	5.110221	4.283606	5.094365	3.5779	4.122709	5.233143	3.975392	4.253352	4.854258
5.608557	4.944591	3.778522	4.159156	4.36746	5.470236	5.868617	4.835059	4.708134	5.122719
4.8757	4.779388	5.363554	5.461413	4.390208	4.642118	3.84129	4.152433	4.825662	4.718884
5.528226	4.331566	3.988122	4.420256	4.580059	5.30958	5.058701	3.712779	4.916174	4.597506
4.453972	5.017156	4.453347	5.938657	4.079897	4.720946	4.267736	4.783819	6.010005	4.403265
5.487441	5.758551	5.336586	5.918586	4.129003	5.708743	5.224415	3.956268	4.881668	4.383045
3.759586	5.966782	4.76344	4.561994	4.213472	5.281762	3.880259	5.867451	4.62924	4.41832
4.750314	6.175871	4.477409	5.472821	5.379457	4.952662	4.698241	4.251235	5.148041	4.77844
5.5729	5.720405	4.203148	5.80943	5.855275	4.307962	4.162463	4.38156	4.64482	4.793562
5.763978	5.070611	5.808064	5.065595	6.30481	3.581315	5.405272	4.643759	4.848726	4.691497
5.070883	4.669417	5.354002	5.858001	4.945981	4.917783	4.687296	5.453217	4.666166	4.518901
4.443543	5.108697	4.616871	4.678184	3.528228	4.336387	5.091177	4.615384	5.077186	3.643588
5.525179	5.180162	6.572688	4.849293	4.796806	5.488599	5.440629	4.956431	3.709795	4.549872
4.694392	5.536695	3.965598	4.123464	4.383525	5.302875	5.176089	5.960909	5.55138	5.531182
4.257338	4.064579	5.110201	5.519085	5.89168	4.897915	5.209944	5.789697	5.369451	5.352603
3.8553	3.404566	5.48289	5.036011	5.709745	2.860343	4.655686	5.973729	4.77213	5.275577
5.627672	4.633482	5.625408	4.786503	4.765779	4.708559	5.146345	5.657217	4.97876	5.292729
3.990567	5.126137	4.825131	5.560198	4.984857	5.539932	5.08874	4.814849	3.783299	5.14604
5.434593	5.637841	5.608922	4.216247	5.327268	5.510536	5.026747	4.226684	5.418473	5.106712
4.878881	5.909558	6.082795	5.437111	4.664074	4.286924	5.059106	4.952106	4.9873	5.462657
3.243793	5.643427	5.380417	4.458036	4.893298	5.311625	5.073271	5.136278	5.004735	5.873391
4.0016	5.01588	5.675345	4.291014	4.418549	4.331378	5.123824	5.523377	6.03511	3.988913
5.112954	5.159411	6.430298	5.503743	3.953329	5.755051	5.611745	4.577932	5.746946	4.491441
6.554248	4.400606	5.804746	5.746382	5.301231	4.608906	5.386106	5.642292	5.92551	5.966195
4.654169	5.175638	5.130794	4.842625	5.645091	4.498756	4.4971	4.410453	4.361952	3.849965
5.849054	5.533135	5.689272	5.209427	5.723052	5.359905	5.118501	5.66612	4.498025	5.785594
4.527304	4.264186	5.777452	4.443558	3.94169	5.516617	6.642764	5.7987	5.395762	4.01221
4.81852	5.478014	5.508641	4.468923	4.518286	3.287402	5.199661	6.040443	4.880576	3.781845
5.163182	4.482483	5.314252	5.348097	5.040714	6.162529	5.145793	5.352375	6.097996	4.436688
4.246663	3.967666	5.730606	6.215143	4.805273	4.855747	4.930682	5.544136	4.587618	4.717899
4.148706	4.989779	4.743922	4.64558	4.551888	5.089201	4.529147	5.397694	4.568231	5.109226
4.087393	4.48434	5.659362	4.134252	5.087458	4.407615	4.736523	5.663501	5.246526	5.345167
5.622212	6.544291	4.821669	5.506252	3.67642	6.660537	4.760555	3.616963	3.758631	4.50286
4.833661	5.066425	3.183467	4.920128	5.248858	4.51482	4.347188	5.314633	4.432578	5.132524
6.232472	5.523362	5.116823	5.655815	5.066437	4.94033	5.016679	4.875525	3.825973	5.735942
4.967026	3.649743	5.075175	4.726224	3.827021	5.498899	5.719643	5.570119	5.038129	6.156455
4.371753	5.181617	4.66752	4.881002	5.169175	5.722111	3.816061	4.625159	5.319885	6.318344
5.44751	4.80319	4.209396	4.827042	4.427414	5.536072	4.879833	6.140396	5.705363	5.16675
2.827722	5.639716	5.782716	3.87796	4.910635	5.446598	6.831032	5.495739	2.837301	4.201572
3.81478	4.390193	4.311682	3.75266	4.597016	4.540357	5.709112	5.184239	5.656788	5.144597
5.211928	4.099232	5.387994	5.326547	6.103654	5.86025	4.595874	3.888304	5.068815	5.804996
4.564465	4.276827	6.153122	5.90099	4.328442	4.537447	4.682433	5.623697	4.369117	5.523898
5.092216	5.262319	4.308565	4.054566	4.515999	4.907492	3.742311	5.065521	4.650015	3.804724
