4.518497	5.141135	4.972606	4.902263	5.127074	5.263023	4.415536	4.924613	5.140079	4.471224
4.315499	5.060929	3.328518	5.932487	4.245793	4.600461	5.909639	4.461059	5.444234	5.20549
5.375761	4.849289	5.718297	3.587494	5.122013	4.152524	4.618015	4.893576	4.510282	5.220469
5.404657	4.862637	4.816927	4.328477	4.743302	4.134935	5.148941	4.593831	5.668778	4.949102
5.122117	5.364151	5.655807	5.399323	4.925967	4.884717	5.223172	4.164115	5.599204	4.845322
4.731975	4.895882	5.419135	5.92465	4.68156	5.170811	5.263011	5.218049	4.650259	6.007978
4.882561	4.815021	7.296458	5.468339	5.224731	5.805199	5.698052	5.758294	4.866705	4.698323
5.574497	4.448304	6.232879	4.59461	5.200061	4.323875	5.978293	4.143007	4.683134	4.62743
5.358632	5.389958	4.010325	4.500995	5.185217	7.054927	6.116878	5.790542	4.309609	4.626557
3.839931	5.616862	5.401938	5.68222	4.784065	4.087901	3.832129	5.389136	5.601276	6.296766
4.351106	3.954388	5.05357	5.553935	4.948085	3.974626	4.753492	4.762624	4.502092	4.229282
4.644984	4.694132	4.341152	5.6279	3.826273	3.724555	4.147202	4.922555	4.033474	5.401618
6.186377	4.911379	5.727373	4.780942	4.479958	3.76205	4.293643	5.914968	5.58085	5.779779
3.83973	6.977514	5.513838	5.429608	4.401478	4.56017	4.60718	5.330284	4.255065	5.222081
5.259602	5.443935	5.615025	5.659874	4.160034	5.970305	5.873133	5.031868	4.710406	6.081965
4.4234	4.526861	5.734342	6.08268	5.01182	5.920722	4.528088	5.317064	4.67768	5.939428
3.869255	4.133607	4.456486	4.840112	4.554181	5.211194	5.2774	3.677053	4.197603	4.185027
3.615242	4.56781	5.365324	5.619013	5.779736	4.765572	3.698179	4.218681	6.49494	4.689658
4.87801	4.193874	5.233325	4.531994	4.368979	5.839803	5.364171	4.3557	4.973857	5.140859
5.851742	4.930169	5.575088	4.335608	5.246198	4.265658	5.441982	4.505532	4.495426	4.568312
4.395552	4.038976	4.436138	5.051023	4.493317	4.506163	4.885693	5.492369	5.714473	4.125569
5.142887	5.793614	5.831806	4.680389	3.112037	5.074966	3.980532	4.496089	5.799984	5.030282
6.022655	5.354233	3.163123	5.276067	5.475079	5.618715	4.550213	3.169592	4.926603	5.700762
2.872946	3.918138	4.574564	4.947899	5.265138	4.742147	5.901837	5.75998	4.903257	5.909706
4.623409	5.255336	4.569757	5.059789	5.697098	2.930151	3.629824	4.553636	3.591426	4.966321
5.546414	4.350171	5.733532	5.308177	3.983115	4.758961	3.740502	4.891309	5.559587	5.451568
5.668945	4.930935	5.230305	4.113874	5.140419	3.067846	5.275249	3.106849	4.622999	6.364755
3.963017	4.715171	5.677323	5.047325	5.188741	5.93384	5.592363	6.308949	4.528876	5.86354
5.583511	4.233286	6.060108	4.620889	4.432036	4.77753	4.768245	4.317718	6.566258	4.656826
6.185607	3.805468	5.265057	5.036589	5.289621	5.79529	4.699192	4.162264	4.081923	5.884641
5.086469	4.70826	3.973531	4.657083	5.022666	5.8153	5.598398	5.420865	5.323525	3.592726
3.640345	5.666689	3.728917	5.767291	4.305775	4.008444	4.715735	6.083714	4.982697	3.5745
5.365949	4.548776	4.870404	4.323397	3.33898	5.067667	4.481664	4.964454	5.210179	4.352547
5.489042	4.916525	4.6854	4.959615	5.158542	4.185055	5.501154	5.910375	4.454439	6.605869
5.570159	4.501765	4.651677	4.566681	4.28572	5.082837	5.149093	4.231789	4.24341	5.022007
4.739045	5.145522	4.749191	4.197863	5.326088	5.866618	4.623941	5.579474	6.468134	5.130441
3.378483	6.046247	6.003734	4.965602	3.790875	4.743195	5.083846	6.465356	5.763466	4.20941
4.570139	5.489784	4.123256	4.458166	3.216736	4.709545	4.009965	4.676382	4.091343	4.674104
3.757725	4.827156	6.674375	4.180535	4.678998	5.662716	5.575413	4.175282	4.883321	5.730417
5.362392	4.533292	4.712665	5.4808	5.337928	5.829459	4.210052	4.004202	5.393948	6.20257
4.811576	5.819061	3.157001	6.76023	5.580133	5.506084	3.590276	5.963019	5.118371	4.628097
4.579306	6.075593	5.256617	3.615577	5.704008	4.644947	4.988832	5.080114	5.136494	3.995142
6.388171	3.670866	4.898092	5.200632	4.099064	4.180387	5.371402	6.184346	4.695969	6.03234
4.479382	5.80162	3.697437	4.255121	4.811062	5.021111	5.371054	5.244492	5.158715	3.395607
4.165209	5.984827	4.297729	5.716177	5.233178	5.968824	4.509229	5.343826	5.683061	6.391881
5.047644	5.245522	4.373883	4.805645	5.088847	7.156662	4.704816	4.299124	3.113326	4.772398
4.354157	5.96231	4.664869	5.093535	5.426293	3.950547	5.513875	5.718287	6.602383	5.693516
5.854701	5.492627	4.968533	3.752229	4.049172	6.077518	4.131776	4.735202	5.466485	6.143872
5.309692	4.445664	4.1499	5.768176	5.20895	4.614315	6.031752	3.419653	5.267921	5.235602
5.350001	3.956106	4.055861	4.56918	4.553966	4.879308	5.635585	4.66801	4.448581	4.628474
6.020671	4.865237	6.096673	4.208716	4.741003	4.974967	4.542498	4.519409	5.368379	4.714941
5.653163	4.247817	4.450635	5.384069	5.94968	4.654369	4.615257	5.448298	4.163904	5.290299
4.637608	4.724614	3.99412	5.982024	5.09573	4.958647	5.796795	6.25305	4.854277	4.644378
5.838685	5.798464	3.979547	5.85322	6.124146	4.324041	4.593233	5.438876	6.628833	4.252301
4.942782	5.723266	5.474319	4.871078	5.91759	5.194455	5.10874	4.468564	4.013587	5.233752
3.876453	4.569885	5.475354	5.083066	5.9094	6.110652	4.111769	5.812291	4.834783	5.012921
4.007585	5.273572	4.041626	3.679818	5.470864	5.303373	5.977917	6.073484	3.998457	5.194489
5.569774	4.451869	3.877872	5.103661	5.010088	5.624298	5.206443	4.619447	5.138999	4.971823
5.279724	5.745984	3.641154	4.936376	4.530742	5.052207	4.244255	3.986657	5.541239	4.398305
5.541681	4.52106	4.383711	5.363746	4.047022	5.086969	5.603992	5.902781	4.308354	4.895119
5.099561	5.028844	5.052787	5.909838	5.627667	6.075388	4.997991	5.684748	4.703084	4.594279
5.384985	6.02621	5.087193	4.702656	5.012119	6.337244	4.113985	5.406005	4.775993	4.978306
5.608957	4.394505	4.489006	4.539587	5.334776	4.276789	6.852952	4.756825	5.165967	6.190076
4.19626	6.522116	3.110617	4.689195	4.780144	3.943384	4.92636	4.879229	5.199429	5.456896
6.101679	5.83935	6.086543	4.658087	4.728741	4.96403	5.654137	5.005493	5.42958	3.181988
5.174686	5.833296	5.455902	5.289754	4.703173	4.887136	5.794483	4.420943	5.248349	3.446258
5.474896	4.892873	3.480141	4.634676	4.860226	4.247988	4.932523	4.604844	5.057776	4.587852
5.29533	4.715159	5.512926	5.666759	5.871194	4.246267	5.590369	5.22579	5.082906	5.794513
6.397233	4.967723	5.626259	4.841105	5.126336	4.346586	4.929262	5.376162	5.308741	4.741799
6.333073	5.41487	4.994012	5.117632	4.636375	5.27383	5.391415	4.387545	5.456126	5.543201
4.631155	4.670846	6.244852	3.932762	3.502736	4.015722	5.462717	5.644701	5.845425	4.34775
4.195482	5.444758	4.303384	4.295472	5.23776	4.947606	6.20639	4.419145	5.862586	5.45079
5.584373	4.253963	6.259586	5.702642	5.497625	4.877038	4.452683	5.477815	5.438447	4.308631
5.625854	5.849144	5.586562	4.845929	5.744157	4.306546	5.464019	4.054069	4.614088	3.991544
5.033348	3.773567	4.352426	5.17513	5.155747	3.430002	3.141265	4.723146	3.987938	4.456607
4.417356	5.05706	3.762771	5.006916	4.860805	4.205965	4.829819	4.259254	5.650088	7.281119
6.173513	4.736683	5.045942	4.932233	4.452404	4.388011	5.707678	5.249492	5.254961	5.653496
5.350502	4.265645	5.45786	6.037896	4.710016	4.262329	4.71885	5.511758	4.569436	5.224118
2.921496	5.302595	4.560905	4.838938	5.805729	5.421444	5.473834	4.362549	3.769347	4.71923
4.820858	4.642355	4.698239	5.351458	5.488896	4.828818	4.859472	6.16764	4.607503	4.466002
4.816993	6.289372	5.642294	4.419581	5.703309	4.945174	5.04635	4.931247	4.927588	4.897866
5.184139	4.508689	4.403607	6.401319	5.521085	3.515289	3.593767	5.654766	5.505754	4.026742
6.165196	4.397357	6.306536	5.028715	4.681656	4.987079	6.03592	4.362644	4.547137	5.035251
4.847532	5.589924	6.532767	4.230318	5.210513	4.123128	4.876207	5.765899	3.655585	4.545943
4.915836	5.01505	4.840019	5.13138	6.167205	5.075206	4.359443	4.539492	4.872879	6.152744
5.565218	4.984807	4.726187	4.52029	4.145829	3.192055	4.134117	5.56381	3.877469	6.362801
3.995793	3.529652	4.955261	6.366228	5.094094	4.817168	6.071079	4.959242	5.585292	4.818933
5.357048	4.9851	4.851751	5.419172	5.569	4.14688	3.967575	5.909946	4.195842	4.721882
6.901493	4.628214	5.517715	5.150973	4.571462	4.846992	5.693756	4.564901	6.010421	5.230866
5.364996	4.822635	5.130436	5.620332	5.479362	4.012522	4.47931	4.281956	4.849769	5.82525
4.786904	4.006793	4.123427	5.345004	4.501161	3.681347	4.521908	4.404064	4.832316	5.944188
5.341714	4.931125	4.582582	4.970278	5.494874	5.483617	5.853893	5.648428	6.156333	5.540453
5.914684	5.488297	5.814705	6.049325	4.968801	3.1478	4.70117	5.121864	5.726424	5.855234
4.624276	5.109315	5.47872	4.226189	4.660709	6.700067	4.816278	5.800874	5.333617	4.802245
4.890868	4.846337	5.06955	5.225442	5.464703	7.536016	4.340497	4.957086	4.777343	5.253557
3.940193	6.40211	5.291034	3.751348	4.716271	4.621873	4.463426	4.762208	4.410807	3.826083
4.694905	5.619027	5.713635	5.584307	5.062152	4.849899	4.52069	4.640278	6.113175	5.47401
4.501324	4.59768	6.090144	5.379938	5.082224	5.236526	4.566105	5.610479	3.788506	6.254729
6.864674	3.606532	5.537126	5.468143	4.743983	4.935068	4.519825	6.287591	4.999238	5.324273
5.522965	5.773285	4.946797	4.309284	3.697003	4.696582	4.235837	3.660264	5.286253	4.901239
4.681455	4.426	3.769253	5.519806	5.164721	4.785017	4.932988	4.697756	4.733638	6.200163
7.182988	5.960311	5.707603	5.233568	5.759294	5.680085	5.284922	4.673882	4.435469	5.421007
4.4858	4.541295	4.196529	4.537083	4.650735	4.724185	6.084373	5.143011	6.448605	5.587833
5.430275	5.138987	6.07108	5.237025	5.137586	5.067402	4.536604	4.670781	4.67433	4.834878
4.284471	6.534024	5.29397	6.838254	5.256938	4.358583	5.023777	4.763969	5.137548	5.445549
5.297893	4.413028	5.748531	4.934439	4.442587	5.633788	5.755497	5.045954	4.808888	5.178678
3.799211	4.170303	5.57388	5.318449	5.151244	3.655928	5.547973	5.261938	5.854241	3.548281
4.05977	4.868114	4.402942	4.58241	4.892163	4.588881	6.107036	5.882073	5.264722	3.621413
5.416374	3.899129	2.761982	5.235652	4.711894	4.901683	4.900489	4.789073	6.328945	5.433628
5.237033	4.921825	5.526637	5.545258	3.961755	3.92111	5.299445	4.529518	4.76098	4.760292
4.367655	4.58531	4.274598	5.055923	5.942557	5.707201	4.980777	5.819212	6.382067	3.681236
5.12193	5.175664	4.166234	3.688118	4.113424	5.832419	4.959921	4.901837	5.589744	5.765413
4.224283	5.677912	5.254117	4.75414	5.25456	5.254865	4.34694	4.600299	5.682847	5.033723
3.952434	5.260164	4.969254	5.98115	5.099037	4.473063	4.168019	5.126557	4.833454	4.823963
4.243633	5.659163	3.579577	6.03144	4.444342	4.027713	5.310402	4.94821	5.192194	4.506242
4.725216	5.975006	3.632745	4.834989	4.039119	5.923501	4.890775	5.731759	5.06202	6.233564
6.425905	5.208135	6.856781	5.397012	4.705419	5.346789	4.521616	5.625935	5.160675	5.288557
4.89629	5.623944	6.020167	4.595417	5.172253	6.210941	4.573919	5.134485	5.180528	6.191458
5.614055	4.790171	5.138841	5.232072	4.156901	5.644371	5.554784	4.949247	6.095803	4.604357
5.393288	4.56352	4.97143	3.749929	5.546154	6.515637	5.296184	3.936892	5.059343	5.399911
4.404266	4.013608	4.354524	5.596124	5.598278	3.885603	4.758001	5.173176	4.607253	5.310323
3.900136	4.976182	5.161129	4.644491	5.36531	5.43536	4.831742	3.843817	3.379454	5.128569
4.938331	6.207538	6.153269	5.50761	5.026567	4.314254	4.791609	5.564707	4.836555	5.454011
5.248972	5.193917	5.931108	5.477425	2.564391	4.564139	5.527608	5.108631	5.81903	5.137314
4.325715	4.940592	4.983586	5.763824	5.961223	4.123	5.674225	5.004621	5.66819	3.618557
3.992459	4.93499	4.892349	4.760314	6.469873	5.920579	5.399469	4.343098	4.814048	4.807817
5.651645	5.777537	3.869713	4.630305	5.5396	4.279396	5.470875	4.486077	4.749663	4.733003
4.804577	5.433903	5.025105	4.439053	4.403411	4.746768	4.61648	4.562524	4.372406	4.566893
3.634463	5.767476	5.530868	4.456177	3.613579	4.525024	5.812868	5.014591	3.768177	6.725314
5.073717	5.501509	4.793209	5.6313	4.900094	5.053615	4.200992	4.269518	5.307394	5.436849
4.430466	4.605967	6.16224	5.96168	4.591471	5.305376	4.967421	4.104136	6.254048	5.12849
6.230726	5.329766	4.741982	4.866099	4.718825	4.673158	4.618295	5.018041	4.113189	4.080848
4.753168	4.865387	4.755191	5.063365	4.672452	4.853231	4.493089	4.603388	5.916984	5.752901
4.84267	5.166611	4.117052	4.946	4.30137	3.849945	4.479579	5.280283	5.701293	5.064801
5.122009	4.158092	4.811882	5.877676	5.475775	4.479142	4.501592	6.896582	6.197278	5.181833
6.492202	4.769828	5.245637	5.661987	4.402079	4.346581	5.326822	4.425419	4.920497	5.183809
5.596937	5.618588	6.262707	5.001239	5.05166	5.32263	4.024766	4.25256	3.743515	3.686322
5.090494	5.517967	4.989208	5.261636	4.409716	3.592526	5.839449	5.716397	5.201027	4.953196
4.307265	5.586938	5.797722	4.459173	3.71764	4.938959	5.42539	3.607265	5.954957	4.340523
4.24321	6.136023	4.070437	3.499981	5.673167	4.895665	5.34446	6.124152	3.950326	4.87657
4.771124	5.299395	5.200563	5.912005	3.883601	5.052582	5.457839	4.971982	5.722773	4.075301
4.59799	6.194243	6.013043	6.034352	4.803257	5.51895	5.017679	4.71529	4.910011	4.688108
4.790167	4.792769	5.175487	5.833351	3.874798	6.343346	5.075519	5.150877	5.658352	4.233905
4.841062	4.255792	4.578475	5.213374	3.479912	5.84018	4.274646	5.052352	3.444792	3.768893
5.214797	4.868867	5.490563	5.33451	4.266094	4.917415	4.408801	4.491235	5.315197	5.610497
5.306759	4.275808	5.723916	6.447701	5.434278	4.363714	6.071101	5.332251	6.238651	5.665433
5.091116	5.910348	6.238117	5.74402	4.463741	4.933892	4.374427	4.098745	4.604013	6.192791
5.022608	4.481399	4.176186	4.878548	4.523685	5.036578	4.200589	5.312178	3.770392	5.915861
4.738512	4.385533	4.42871	5.398372	4.624205	3.50379	4.194861	4.81435	4.642572	4.924295
3.890062	3.823811	3.488307	4.742117	5.521896	4.921124	4.220198	5.331534	6.219891	5.152154
4.637679	5.410174	5.454386	3.759695	5.135161	4.675578	5.287337	6.439308	4.626073	4.305595
4.039497	4.926219	5.960073	3.87834	5.263679	4.887117	5.386425	5.570268	6.314118	4.078593
6.695605	3.984589	5.183157	6.797709	5.627395	4.697145	4.737479	4.691036	4.724801	5.375297
4.229052	4.064839	4.83282	5.443226	4.560195	4.888791	4.467591	4.822787	3.688545	6.477558
3.96071	4.754519	5.42149	4.076734	3.465221	3.841666	4.552691	4.607978	6.620746	5.140541
5.819687	4.092483	5.882898	3.630203	5.2425	5.455151	4.319737	5.11328	4.389865	4.32908
5.681962	5.033476	5.382137	5.309683	5.731999	5.293866	5.624884	4.534009	5.197178	5.134122
5.95086	5.779234	5.622321	5.273133	4.011707	6.20916	4.723115	4.923103	5.71374	4.138661
5.996119	4.323644	5.277015	4.768618	5.317197	3.808763	5.852551	4.591079	4.38886	5.817378
4.444568	5.794507	4.079679	5.239527	5.808655	3.902322	5.495359	4.753222	5.433473	5.209434
4.572286	4.890003	4.792353	4.143233	5.067579	5.508282	6.059905	4.276448	4.142678	4.531846
4.563992	5.243763	4.65966	4.822805	4.37869	5.419512	4.800121	6.341465	4.872822	4.14828
5.320794	5.285933	5.023999	4.727761	6.008417	5.635052	5.364129	4.883977	4.295289	4.836593
5.238135	5.383972	6.742098	4.722013	5.972459	5.263608	5.462053	4.133355	5.767058	5.567099
4.431918	4.463485	4.173921	7.260967	4.924236	4.644424	3.437047	4.820514	5.806391	5.321493
4.759499	4.057423	5.767186	5.010829	3.847917	5.807316	5.494557	5.401062	4.336297	4.317976
3.719165	5.398989	4.273109	4.422183	6.077937	3.989564	4.529721	4.956597	4.445511	5.624113
4.808442	5.642344	5.038456	4.681191	6.003008	4.622373	4.461601	4.026642	5.157964	5.382723
5.785346	5.262059	4.219819	5.053306	5.283757	4.788907	4.165667	4.604209	5.300153	4.735145
4.45418	5.659356	5.229668	5.757531	5.693155	5.626213	5.131938	5.300929	5.462538	5.602752
4.497666	4.422002	5.469283	4.754732	5.59595	5.329092	4.820394	5.515701	4.996511	5.89378
5.758509	4.681496	5.047101	5.673015	4.689871	4.260703	5.329028	5.220549	4.425683	4.214656
5.186727	4.301904	4.499693	4.405999	5.621176	5.880352	3.31705	5.01277	5.382823	4.710184
5.381213	4.430337	5.4451	4.605842	5.002666	3.660745	7.095805	4.477108	4.276893	3.775964
4.590112	6.151262	5.636397	5.705188	4.918164	4.49547	5.403328	5.077899	5.9251	4.900082
4.633394	5.40975	5.120546	3.97284	4.537283	5.318731	4.648814	5.858094	4.385489	5.170847
4.625506	4.467557	4.789075	5.028999	4.771978	4.357112	5.318641	5.448276	5.27757	4.697522
6.434264	6.702334	4.574431	4.600824	5.919606	4.664127	6.046764	4.17624	5.033472	4.909372
5.283021	4.608944	3.65052	4.592239	5.5978	5.42692	6.883918	4.991056	4.918004	5.007382
5.189927	5.494738	4.835904	4.392494	4.341291	3.992429	5.93596	6.867062	5.488752	5.572809
5.82474	4.02124	6.250704	5.900208	4.31275	5.304271	7.034397	5.757824	3.984586	6.354002
4.100095	4.10524	5.928164	5.278157	5.123242	5.552471	5.198113	5.172396	4.683033	6.551075
4.654653	4.895409	4.816343	5.627551	5.459946	6.239478	4.395983	4.88126	5.41089	4.294603
5.575283	5.463639	4.753325	5.527828	4.732898	5.572183	5.05538	5.080021	4.821126	5.147125
4.582229	5.707205	4.40311	4.612923	5.251043	5.112513	5.243659	6.155635	5.735979	5.036837
3.73454	4.725526	4.909653	4.834885	4.276201	6.74504	5.452549	5.244686	7.511591	5.81659
6.643185	4.33456	4.752767	5.237417	4.331004	4.959645	5.203442	5.802297	4.350303	5.102952
4.747455	5.257037	5.75499	5.611241	5.338103	5.721884	6.121108	4.975154	4.220904	5.253135
5.437609	4.371653	5.541112	6.130682	4.820511	5.535924	3.784505	3.722028	4.747543	4.218893
5.378973	5.104927	3.812248	5.481538	6.153146	4.799498	4.761817	4.648574	5.36075	4.945074
6.54522	4.175302	5.378865	5.082391	5.410094	4.207901	5.361099	5.323024	5.747866	5.604844
4.042017	5.525865	4.874295	4.911166	4.6659	4.52929	4.273284	5.62388	3.767641	4.305386
5.314108	5.882241	5.25426	4.745046	5.146642	3.76857	3.759346	5.426093	4.109089	5.05142
5.148602	5.514357	5.604819	4.093409	4.989544	4.717452	4.574855	4.228366	3.815126	5.251321
3.279774	6.303172	4.229981	4.792207	4.717713	5.26223	4.489633	4.93614	5.272759	6.219182
5.231258	5.259427	5.077027	3.630018	5.867428	3.017647	5.128285	4.79075	4.72145	5.134418
4.618024	5.325933	5.762796	3.634375	6.416266	5.532367	5.693994	4.761455	6.141315	4.834695
5.842423	5.783743	5.576712	6.191361	4.916945	6.1443	6.112601	4.745737	6.303345	5.201402
4.681491	3.708757	5.255315	4.369768	6.114263	4.696543	4.553609	5.443824	3.490221	4.987808
5.113629	3.957256	5.991847	4.308516	5.206175	6.26719	3.70351	6.225944	4.324519	5.258764
