5.419789	4.988833	4.986135	4.716293	4.277472	4.876565	4.760574	5.777789	4.708414	3.459266
4.509511	5.403829	2.88428	5.77932	6.012903	4.960511	4.586071	4.238016	4.863169	5.182937
5.584023	5.026253	2.990594	5.022983	4.364163	5.40074	5.143607	4.808845	3.963539	4.823954
3.938966	5.070479	4.573379	4.440551	5.645821	5.412925	5.512822	4.812825	5.583279	5.045994
4.484074	4.360948	6.51713	4.992398	5.540121	4.088672	5.242134	4.945229	4.707847	5.408618
4.232199	4.347234	5.114593	5.45794	5.910149	4.510229	6.59999	4.66621	5.484558	4.70488
5.110417	4.443182	5.588582	4.909649	5.373856	4.717831	4.164094	5.723923	5.50763	4.680883
4.332636	4.633455	5.705098	3.921225	4.858749	4.265553	4.70192	5.342326	4.860649	5.536589
5.084702	6.307216	5.019872	4.880823	4.803478	5.836916	5.209841	5.072425	4.249763	4.285588
5.607891	5.179997	5.279576	5.366615	5.789381	4.443513	5.655173	5.568087	5.156111	5.54298
4.906611	5.056129	4.738348	4.184973	4.96535	5.494316	5.354561	5.440235	4.268578	4.453398
5.736309	3.741963	4.105005	3.986868	6.675289	4.571366	5.068105	5.60331	4.744542	5.012852
5.022019	4.568178	5.588117	5.02061	4.825567	5.191761	4.51793	5.472516	5.021567	4.265436
5.131097	4.538724	5.413194	5.106073	4.316032	4.119214	5.062445	4.620465	4.458964	4.039271
4.245273	5.44471	5.184933	4.938673	3.706937	4.247106	5.201954	5.748101	4.595338	5.276783
6.239616	4.632947	6.060016	4.077632	5.871385	5.442259	3.63056	5.86639	6.175183	5.758758
4.41794	4.234404	4.795243	5.333662	4.07297	4.629765	4.125606	5.164402	5.309939	5.028613
5.478628	3.327534	5.541115	5.579603	4.071587	6.051835	4.153689	3.884978	5.440273	5.040006
5.441558	4.625316	7.032074	5.232049	3.924788	4.499017	5.118975	5.047514	5.473807	4.606068
4.466623	4.671281	5.444032	4.519604	4.731277	6.736269	5.647921	4.4362	5.693585	6.063375
4.887848	4.767852	6.333392	5.050021	4.664899	4.731753	5.588255	5.048411	5.380001	4.899731
5.273097	4.882535	4.617075	3.977092	4.083204	6.417438	4.664567	3.94453	4.483735	5.285642
5.003489	5.478916	5.569498	4.956975	4.92669	4.018913	4.743517	4.161249	4.115206	4.186566
4.730029	4.423238	5.060998	4.629447	4.797156	4.331465	4.81952	5.113078	4.115905	5.39782
3.989312	4.806354	5.106586	5.652881	4.318522	4.49727	5.188721	4.235093	4.772294	3.615726
5.712945	4.366964	4.326905	5.579338	4.557931	5.366151	4.497059	5.461925	3.365145	6.249897
5.694027	4.122194	5.065173	5.312947	5.0417	5.299904	6.567312	4.60507	4.394548	5.495954
5.299141	6.035095	5.362607	4.379344	5.519282	6.171304	5.417232	4.602246	4.039952	6.454272
4.648097	5.297418	4.520288	5.252183	4.564622	4.846947	5.502147	5.141098	5.165811	5.923362
4.765132	4.886508	5.305277	5.151765	4.644448	4.840907	5.312031	4.165482	4.198146	4.855973
5.152729	7.02641	4.413315	4.676369	4.283482	4.714983	5.005922	5.124179	5.118278	4.703916
5.331748	3.962877	6.087924	5.685811	4.494438	4.570678	4.279189	4.8578	3.350405	4.976
6.402423	7.03194	5.625331	4.284081	5.446989	6.032333	5.148873	5.420111	6.40658	4.516405
5.813921	4.522614	5.734078	6.155135	6.175999	4.441891	5.488661	5.333937	5.529061	4.838888
5.390411	4.81055	5.069411	5.190048	4.983539	4.787247	6.536829	5.378797	6.082477	4.937881
5.140768	4.239928	5.240124	4.823782	4.124821	4.119854	6.184154	4.606401	4.598392	5.034293
5.287848	5.041339	5.171939	5.014405	5.486597	6.077601	4.420592	5.121299	4.942717	4.768464
5.547287	4.444562	5.872398	5.683489	5.624785	5.359208	4.819405	4.118454	6.00163	6.852592
4.989763	4.302197	5.408771	4.830061	4.899295	5.68591	6.690331	4.474889	3.751655	5.394189
5.401928	6.026565	4.671536	5.05484	4.106445	4.900103	4.34304	3.457379	5.332102	5.928963
5.706093	4.843028	5.164168	5.78026	5.29178	5.811365	5.826598	5.122467	6.085558	5.023416
4.221091	5.419753	5.176152	4.393021	6.431751	5.566027	4.906948	3.781684	4.065588	6.182754
5.892229	4.575583	4.697905	4.459551	5.621151	4.108659	5.008164	5.475239	5.400199	4.684782
4.941221	5.553245	4.711566	5.905481	5.506963	3.720243	4.350421	5.587972	4.712866	5.753035
4.337846	6.134232	4.632298	4.439678	5.118636	5.884861	5.359156	5.180631	4.67793	4.93574
4.976873	5.701196	3.979106	3.667629	5.645854	4.316138	4.144883	4.46317	4.719491	4.488894
4.747423	5.246934	4.931565	5.196842	4.901626	4.608017	4.718161	4.725766	4.397045	4.874248
5.625243	4.260729	4.738991	5.916561	4.264043	4.436694	4.560756	5.680399	6.025397	4.990903
3.678628	5.803978	5.068658	5.835804	4.611432	5.075128	4.396303	5.577631	5.269007	4.413743
4.79274	5.470045	5.656676	5.144836	4.945196	5.552894	5.061526	5.437973	5.380282	4.741465
5.459789	6.114216	4.201743	4.496839	4.404551	4.237523	4.895873	4.59839	3.608045	5.310679
4.404815	5.047454	5.400486	3.766041	5.498332	4.193862	5.620856	4.887821	5.488226	4.20493
5.988242	2.688938	4.533644	2.806847	3.518161	6.711939	4.339709	4.868809	4.071	4.72294
3.332877	5.073034	5.611297	5.433559	6.352473	5.863987	5.396979	5.439869	5.103955	4.90409
4.989341	4.069411	4.695536	5.024076	4.999456	4.395218	5.92153	5.126491	5.97796	5.113951
4.702386	5.185739	5.531299	5.7226	4.708929	5.328579	4.777244	5.44512	5.309612	3.448894
6.110558	5.2214	4.611868	4.20064	4.773288	4.34274	5.562613	5.773006	5.279872	5.71312
5.075273	4.729636	5.54963	5.569176	4.808817	5.088287	4.256151	5.947304	5.461329	5.531522
5.12155	4.733314	5.198345	5.453493	5.836161	5.853359	4.839659	5.39269	4.226473	6.69167
4.550319	4.159153	6.761872	6.477084	6.070866	5.424639	5.905507	5.911995	5.611964	5.056051
5.672527	6.151747	4.759768	4.297099	5.135074	4.451413	4.87341	5.274662	4.43643	5.023293
6.263852	5.590082	4.516855	4.596991	4.593798	5.228955	4.624238	6.322746	4.721078	5.076155
5.572223	5.6652	4.954586	4.589016	5.774306	3.873544	4.839046	5.386742	6.429286	5.418954
6.136205	5.774701	4.430212	5.235662	5.523714	5.464523	5.08294	6.61642	3.685633	5.309649
5.423562	4.633961	4.027219	4.75729	4.542172	5.045274	4.08505	4.589809	6.069783	4.253279
5.828724	5.073669	5.212605	4.843293	4.187174	6.267869	5.897244	4.956806	6.413369	7.147584
6.028162	4.789405	4.713809	5.280479	5.888994	4.056427	3.903569	4.056044	5.220217	7.116991
3.936727	5.753188	5.016985	5.549946	5.161456	4.344082	5.899709	4.816972	4.15317	3.561499
4.285911	4.097665	4.763484	4.520075	6.070006	5.114884	4.443758	5.040409	5.041396	4.736395
4.831404	5.352386	5.049579	5.186181	4.762615	4.937036	5.848018	5.595051	5.593681	5.107694
5.276902	5.829639	4.309128	4.254529	4.604474	4.440596	4.891368	5.165741	6.362233	3.990449
5.708303	5.703228	5.210769	6.235298	5.645988	4.735316	4.710559	6.785592	5.163254	4.829868
6.852476	4.989866	4.38439	5.216269	4.928475	5.994503	4.076992	5.249916	3.991196	6.747103
6.153311	5.868935	4.077791	4.85247	6.138993	4.926514	5.824695	5.594071	5.587669	5.967033
5.361523	6.008349	5.399175	4.72589	5.875964	5.107512	4.102183	5.635023	6.407849	6.227162
5.9043	4.806963	5.448439	4.545362	4.558245	5.022396	5.25692	5.211489	5.521248	5.886291
4.554945	5.841035	4.311624	5.490781	4.019102	3.880777	4.423422	4.951589	4.250199	5.18414
3.553293	6.650768	4.857267	5.00319	5.372735	4.61115	4.766632	5.716344	5.408711	3.912156
3.40277	4.8626	4.493899	4.324102	4.221869	4.544565	4.09463	4.813823	4.465359	6.622207
4.804045	6.228464	5.42378	5.00604	3.977703	5.371925	5.664283	4.857782	4.341218	3.682736
4.735484	4.555305	5.81964	5.640798	4.851576	4.851225	4.877226	5.113922	4.795815	4.851289
5.540253	4.556708	4.810592	3.134487	5.267339	4.797853	7.391173	4.804588	5.989056	5.39735
4.555066	4.513898	4.035249	3.724242	5.077248	4.249332	4.633468	6.650611	5.645298	4.941658
5.679829	5.020998	4.523071	4.784018	4.597205	3.62584	4.026211	4.328046	6.608825	6.056485
4.41816	4.676628	4.373549	5.79299	5.346823	3.564822	4.370451	4.220686	6.049664	6.592608
4.612153	4.722605	4.426137	6.071918	3.430893	5.990097	5.394112	5.849019	4.723033	4.291694
4.976169	4.089068	5.299594	3.855684	5.924571	5.745631	5.124769	4.977439	6.105457	5.895438
5.781058	4.366992	6.555597	4.846673	4.489729	4.471115	5.337006	3.81062	4.541084	4.845628
4.654967	3.77738	3.501341	4.500334	3.791796	2.884982	3.943929	5.296224	4.753108	4.326809
4.378762	5.469825	5.324443	6.212259	4.859353	4.256333	5.566241	5.153531	4.170657	5.372901
5.213831	5.319398	4.632097	5.879359	5.051617	6.006285	6.555348	3.647141	4.927834	6.100419
4.671454	4.97137	4.807915	4.842298	4.770825	4.882657	6.015725	4.373735	5.211812	4.810153
5.48234	4.660588	5.392513	5.851284	4.654199	4.590631	4.740716	4.605597	4.775556	6.404717
4.32374	3.643444	4.680411	4.904657	4.596955	5.617221	4.602983	5.587009	5.635595	5.667326
6.137622	4.490728	4.739601	5.326115	7.434582	5.022262	5.89525	4.961297	4.921028	5.511655
4.528234	3.664869	3.486144	5.534214	5.342872	5.159096	4.73759	6.090789	5.517104	5.984679
3.925984	3.828427	5.976287	5.536677	3.508505	3.051683	4.528281	4.956931	5.846124	5.373385
5.738827	6.324128	5.992227	4.604049	5.124241	3.896119	5.310085	4.774875	5.43168	5.571138
4.198018	5.335461	4.310058	5.682674	4.65176	3.798759	4.78157	4.897116	5.904216	5.167352
4.871896	5.125299	5.630128	5.73553	5.179204	4.912097	4.44522	4.584463	4.996015	5.168859
5.722053	5.156475	4.507939	4.811407	4.268682	5.265098	5.001694	4.519235	5.590823	3.698945
4.904592	5.51441	4.272046	5.296098	5.59135	5.20743	4.970514	6.55062	5.0244	4.637649
6.063806	5.659794	5.230804	3.911774	5.063144	4.661458	6.042242	4.314403	6.248679	6.264752
5.592008	4.380497	5.016834	5.38554	3.842436	3.486446	4.51816	4.758935	4.157055	4.774194
5.77808	4.30915	5.285355	5.201182	5.482881	4.896476	5.606595	5.263726	5.266077	4.51894
4.830487	5.207638	5.068681	4.572019	5.463764	5.445696	3.74991	3.955383	5.909822	4.802544
3.994747	5.475034	5.638803	3.553501	4.370501	4.419474	4.80271	3.971859	4.680043	5.856825
5.625622	5.289721	4.124401	4.240356	5.431653	4.951095	4.868465	4.602016	3.552063	4.172631
5.559547	4.729481	6.401384	5.121402	4.665313	6.747558	4.198364	4.682662	5.329494	4.905522
3.495738	5.547832	5.151269	5.360273	4.975036	6.182786	4.75145	5.520315	4.402046	5.162699
5.242064	4.710711	4.845507	4.555351	3.564715	4.334231	4.981557	5.133704	6.636795	4.48591
4.333132	5.28542	5.424093	4.599569	6.98304	4.614196	4.404536	4.891095	3.803037	5.875733
5.020658	5.623372	5.708146	4.990036	4.048787	4.952134	5.154562	5.891935	5.078419	3.380041
4.717504	5.745203	6.622419	4.782214	5.596956	5.918219	5.599013	5.228947	4.7761	5.114536
3.319892	3.86034	5.24059	4.901021	5.010236	4.68671	5.552157	3.98195	4.271707	4.430817
4.014002	4.897997	4.188661	4.999553	5.052526	4.778027	6.061632	4.813316	3.371215	5.960895
6.060171	4.540062	5.74292	4.473289	5.894384	5.338124	3.832297	5.155192	4.513524	6.941388
5.406038	5.534544	5.035531	4.609359	4.487518	5.189042	4.565893	6.502822	4.147746	4.149136
4.006007	5.463974	4.513188	4.794046	4.703588	5.478139	5.950568	5.642973	5.377328	5.585014
4.991169	5.02025	5.212703	5.784159	5.964539	4.360182	4.535299	5.044727	4.988221	4.154548
5.013202	5.766765	4.519268	3.720647	4.987002	5.996554	3.656653	5.112907	6.137149	3.985498
6.023242	4.09215	4.363045	5.757858	5.313665	4.751723	4.669358	6.548167	5.004675	5.344177
4.212065	5.314966	5.329876	5.543646	5.715549	4.876658	4.508137	5.672431	4.647254	6.284134
4.552	5.11081	4.897749	6.400535	5.552814	4.62269	3.827957	4.128413	5.721611	5.213705
4.620595	5.711275	5.258957	4.406931	5.203575	4.152098	4.655322	4.921345	4.148312	6.290731
4.540767	5.745356	3.283704	5.288123	6.048319	5.68364	5.456995	5.058051	4.561627	6.487834
4.96988	5.305028	4.69592	4.305829	5.06988	4.265329	4.176059	5.07752	6.447215	4.419594
5.185136	5.307266	3.743747	4.923971	4.504917	5.221466	6.03673	4.794141	5.491888	4.125082
4.981432	4.009994	4.392868	4.963171	6.048195	5.566278	5.112813	3.959656	5.443908	6.447737
6.769403	3.750586	5.285317	5.571368	5.170852	4.625481	5.105505	5.402692	5.188182	4.851169
5.17735	5.175439	4.220941	5.234304	5.390372	6.350638	4.259885	6.40123	5.165462	4.1437
4.405719	4.830047	3.027694	4.771998	5.396093	4.362153	5.355698	5.930249	5.502677	5.187973
5.46421	5.816081	5.612545	4.333148	4.51199	3.961524	3.390625	4.960616	5.255136	4.439207
5.399149	4.428463	5.46231	4.713105	5.002025	5.415821	5.370209	4.959929	5.262656	5.036337
4.575497	4.793203	4.355193	4.308138	4.94176	5.34757	4.418319	4.02042	3.243054	5.592258
4.062876	4.749355	5.202829	5.393698	5.266773	5.821858	5.478797	5.002297	4.908428	4.125225
5.589967	5.190194	5.87854	5.695071	2.791009	3.605698	4.068977	5.379549	5.286296	4.841244
5.988952	4.390059	3.710196	4.392457	5.195617	3.962778	4.072801	4.510711	4.26468	5.28823
3.351181	5.432895	5.32189	5.579299	4.454547	5.63648	4.756147	4.218458	5.559505	4.059651
4.322497	5.074949	4.835182	3.910563	5.728254	5.475948	5.607018	3.391575	4.12781	4.687737
4.517263	5.873912	5.68826	5.510971	5.379317	5.601626	5.079798	4.814217	5.290996	5.454891
5.51171	4.691721	4.617971	5.163492	5.278213	4.107792	3.603217	7.147307	4.867227	5.241381
5.456223	6.621707	4.760886	4.678995	4.255891	4.965345	5.006364	4.559104	4.908653	5.813158
5.15575	3.320489	4.742736	4.628249	3.742072	6.331152	5.232431	3.730188	4.553958	5.231209
5.105867	5.471848	4.612252	5.081455	4.39399	4.742171	6.514656	4.955988	5.980062	4.422342
5.212944	4.388829	4.170726	4.329902	5.182032	5.007233	4.552183	6.596457	5.577022	3.987095
4.312766	3.844783	5.093136	5.693784	5.286337	4.092686	5.739217	4.653531	6.190628	5.539333
5.945711	5.492459	5.895764	4.880971	4.390283	4.702716	4.902587	4.559929	5.17212	4.064278
5.046183	4.807706	6.301741	5.103002	5.798544	4.243048	5.419777	5.026394	4.155175	5.678
4.810741	5.580707	4.74803	5.35898	4.96959	5.210682	6.015199	4.525432	3.548123	4.576047
4.88314	4.667343	5.596523	4.526256	5.860324	5.18235	5.020869	5.801633	4.921955	4.758648
5.34125	4.733274	4.433905	5.462597	3.749858	4.630263	5.489755	5.222371	5.844568	4.559566
6.627356	3.310584	5.153783	4.439499	4.211506	4.487921	4.584295	4.858212	4.26028	5.239971
4.679951	5.366149	4.627239	4.146904	5.489836	5.542499	4.151332	6.99808	5.641096	4.11853
4.866461	5.185516	4.754264	4.30828	5.034695	4.37585	6.380928	5.258505	5.100462	5.680649
5.39547	3.939477	5.229775	5.780624	5.359372	5.453715	5.503277	4.974786	4.68719	5.391321
4.781876	3.958941	3.905919	4.462364	5.53947	4.665982	5.331481	5.578362	6.087503	4.195388
5.082353	5.697091	3.284015	6.053244	5.937978	4.181022	4.261159	5.854023	5.87043	5.558153
5.102656	4.574815	5.827899	4.980115	5.357163	5.183926	4.764365	4.901242	5.039894	3.988567
4.353495	4.301396	6.066242	4.063117	5.394267	4.855023	4.763477	4.313452	6.071188	4.533204
4.831409	4.366147	6.248868	4.24597	3.517424	5.976206	4.570805	4.493911	4.786192	5.737137
4.605363	3.900075	4.34894	5.229427	4.488158	3.940559	5.039796	4.829171	4.64292	6.103439
4.910524	6.502473	6.338459	5.064451	4.302338	4.717995	4.828124	5.300533	4.581065	5.681711
5.469195	4.987855	5.193669	5.322602	4.805915	5.161816	4.721314	5.717105	5.465127	4.894057
5.711754	5.066058	4.145711	6.240665	4.427748	2.971274	5.787639	4.034731	4.956451	4.939692
7.093869	6.019372	4.463709	3.917413	5.371018	4.995813	5.911403	3.561211	5.917005	4.9631
4.331477	5.220298	4.969398	4.14254	5.676155	5.153575	4.496958	3.909119	3.965249	4.309725
4.782561	4.354562	5.890821	4.387948	4.42472	5.431212	5.194861	6.311595	5.071676	5.423819
4.709688	4.661551	4.522204	4.408642	6.029366	5.133446	6.366742	4.763434	4.106667	5.451028
3.261039	4.891273	5.710226	5.17283	5.20756	3.920275	5.034199	4.854821	4.305832	4.960312
3.760222	6.594252	4.876821	5.727625	5.875409	4.825634	5.525599	6.478	4.593489	5.442034
6.179049	5.668195	5.854734	5.903223	4.930091	5.561267	5.141633	4.394134	5.093905	4.528095
5.693852	5.02367	5.539601	6.137367	4.919891	5.705624	6.16283	5.509412	5.313643	5.944448
6.200323	5.347583	5.040082	4.021966	5.823086	4.778607	4.209468	3.687462	5.303973	4.630798
4.257943	5.095564	4.6435	5.225791	5.660712	4.673607	5.56334	5.694429	5.84603	4.513438
5.618016	5.614831	4.948228	4.438004	4.210212	3.972152	5.220003	5.14154	4.936954	6.379393
5.614528	4.472572	3.798851	5.38203	5.847284	4.49915	4.54033	6.114357	4.486331	6.259333
3.622923	3.530587	5.171365	4.243456	4.205878	5.55403	6.302298	5.310338	4.679062	4.433951
4.312528	4.762298	5.112565	5.377132	5.234499	5.240068	5.244505	3.963596	5.259095	4.049689
5.374897	5.283864	5.351783	5.840474	4.727396	5.981395	5.384201	5.620281	4.867078	4.757398
4.458065	3.557615	5.741894	4.805194	3.964202	5.406096	4.732627	5.479947	4.538774	6.798753
4.620101	4.792692	5.344707	5.772	4.300151	5.02895	4.60454	6.296411	4.786559	5.407202
4.437343	6.802015	5.833373	5.411913	5.461105	5.809118	5.382446	5.492105	5.926606	5.723033
6.177074	5.106326	4.73103	4.896973	4.843616	5.786512	4.6881	5.108776	5.475754	6.062346
5.580561	3.130115	5.312389	4.987721	4.506152	2.940332	4.833819	4.684206	5.174436	5.519174
4.519461	5.533232	4.329925	5.367981	5.7994	5.770434	5.151359	4.863698	3.841023	5.163768
4.804751	4.746537	4.704845	4.164227	4.519541	4.514897	4.897871	4.833252	3.989262	5.230647
5.43632	4.177571	5.363136	5.315897	4.440157	5.03828	4.941097	4.601247	5.192422	2.508512
5.187436	4.633519	3.560533	3.83619	5.274409	4.880856	5.550128	5.130126	4.635954	5.366105
5.053367	5.316514	4.529165	5.973941	4.017251	5.904493	5.58031	4.372659	4.272813	4.666641
4.244624	4.869947	5.883366	5.930025	4.270485	4.873173	4.538212	4.781384	3.25722	4.921872
5.824914	5.171034	4.826288	4.525882	4.857767	3.688913	5.35207	5.300897	4.168151	5.11066
4.416542	4.749137	4.891183	4.91012	5.78265	4.406555	5.071233	4.511652	5.006121	3.97586
4.780567	4.511929	6.124678	4.219209	5.79425	5.461272	5.430458	4.896958	4.66708	5.773971
4.376679	4.414826	5.338629	4.746683	5.497183	5.887354	4.574407	5.050659	4.495586	4.809989
3.051609	4.849096	5.569883	5.743263	3.7703	4.103587	4.556634	5.925861	5.785314	4.077726
5.14864	4.578036	6.796674	4.222849	5.183156	6.288588	3.804077	4.456098	5.529836	4.394683
4.195126	6.000235	6.100352	5.439184	4.541597	4.924323	4.902435	5.310584	5.388406	4.477407
6.018079	4.013678	4.919297	4.661508	5.389328	4.935497	4.597317	5.049975	4.778601	5.237821
6.197523	5.366297	6.078501	4.910966	4.790481	4.449108	4.948361	5.623909	5.414316	5.92271
