4.894983	5.670975	4.43641	4.480103	4.437739	4.822789	6.330145	5.215549	3.985658	3.761097
4.581664	4.091764	5.89354	4.410472	3.968186	5.195614	6.0358	4.474051	4.276078	3.824994
4.848871	5.31676	4.188693	5.222009	4.270501	6.974362	6.61481	4.668654	5.167159	5.348811
4.104501	3.413794	4.632662	3.87562	5.103535	7.110044	4.890572	6.330308	4.764203	6.087162
4.682812	4.842471	4.996071	5.650205	4.730234	4.610891	5.151714	4.839505	5.810152	4.628042
5.039973	5.409081	5.025581	5.592009	5.891844	5.141859	5.448163	4.607842	4.983017	4.032768
5.687213	5.757102	4.917847	5.194007	4.451335	5.239539	6.344613	4.8129	5.066	4.55998
4.899938	4.925796	5.941757	5.025578	4.713811	5.45605	5.395014	4.022165	4.922193	5.618408
5.102586	4.896937	5.267207	5.40057	5.201918	5.121723	5.343069	3.898305	4.569848	5.702186
4.8562	5.487489	4.647944	4.651499	4.95973	4.604911	5.253325	4.943408	3.157968	5.546711
5.776946	5.454154	3.963617	5.023137	5.319712	5.860719	3.974761	4.028424	4.464332	5.357425
5.509238	5.209354	4.123606	5.327698	4.980932	5.561522	6.310954	4.516128	5.111317	4.098746
4.728138	5.020867	5.272154	4.859857	4.991643	4.884262	5.592605	5.721039	5.836773	4.23242
5.442346	4.539809	4.940078	5.058096	4.570481	2.892346	5.646825	4.651942	5.029414	5.791458
5.491153	4.488823	5.096516	4.933943	5.061049	5.881841	5.189447	6.390332	4.423291	5.995553
5.741552	4.649466	3.676829	5.470136	4.791122	4.735054	4.18479	5.243206	4.682958	5.271421
5.852031	5.680688	4.489819	5.665342	5.169988	5.899637	5.394807	5.808578	4.447246	5.287894
6.151529	4.732733	5.039243	5.812238	5.488533	3.411362	4.518603	4.828047	5.170588	5.421486
4.891072	5.062254	4.562747	4.376408	5.281971	5.46407	4.69827	5.799511	5.951533	3.05552
3.806902	5.667903	5.373442	5.147066	4.254962	5.07321	4.960301	4.359675	5.705852	4.759312
4.811568	4.809395	5.228384	4.274287	5.910046	4.031509	6.142449	5.382061	5.196859	4.050709
4.523925	4.34386	5.149498	3.581697	5.986094	4.585182	4.968449	4.115583	5.866432	5.367644
5.124954	4.465728	5.7001	4.185187	4.398303	4.424082	4.491723	4.457237	4.896076	5.43293
5.55574	6.035619	5.465024	5.123012	4.71282	4.30455	5.569645	5.597463	5.593225	5.32881
5.704297	4.988884	6.402596	4.654098	4.323759	5.498385	5.474557	5.760843	5.216757	5.313739
4.787702	4.283115	5.998076	5.686767	6.150866	5.389332	5.953283	4.708716	5.569871	4.660927
4.236722	4.630507	4.622452	6.225191	6.608425	5.657368	6.16356	4.747249	5.104055	6.107239
5.08537	5.008073	4.665489	5.577836	4.512819	4.932772	5.353886	5.391143	4.73044	6.185963
4.724812	4.498308	4.959702	4.401902	4.731171	5.837303	4.624065	4.6772	4.729492	5.875637
5.584892	5.803724	4.944409	4.68328	4.979328	5.180796	4.707601	3.718833	5.17009	5.848797
3.845497	4.496119	5.271382	4.902114	3.884071	3.751001	4.854877	3.197131	4.313721	6.086603
4.389986	5.00745	5.047719	5.534082	4.661633	4.550773	4.592081	4.777503	5.232995	4.071888
3.750934	5.196046	5.938359	4.403679	5.703837	3.315195	6.060767	5.643863	3.441355	5.392345
5.135477	5.714058	4.14045	6.460216	3.877493	5.035209	4.279932	4.74547	5.062996	4.599221
5.823102	5.42657	5.728657	3.576224	5.071584	4.480372	4.97646	5.9368	3.861089	5.411018
4.750289	5.368004	4.928407	5.577833	5.506296	6.123941	6.251235	4.315363	5.556323	5.746914
4.345814	5.311271	3.757565	5.155548	4.055796	5.543746	4.073883	5.99549	5.022587	4.691985
3.69567	5.377615	5.713355	5.039075	5.970314	5.96685	5.288792	6.237887	5.415673	5.212505
5.067293	5.266306	4.578573	4.725083	3.985598	4.267414	4.527938	5.747983	5.385846	4.123628
5.059964	4.937685	5.564007	4.905293	4.981724	5.784092	4.174434	4.054236	5.044351	3.957319
4.920918	4.720725	5.443791	3.818675	3.922481	4.58578	3.832338	5.138693	4.965817	4.194643
5.474119	4.628317	6.229856	5.230651	4.485533	4.607812	5.740483	5.410992	6.897355	5.570608
4.809616	3.269819	4.650205	4.535511	5.25844	6.156943	4.354907	4.442231	5.612965	6.03327
4.940936	5.0419	4.449064	5.201478	5.320432	3.555679	4.452991	5.015661	6.335948	5.009976
6.108172	3.973862	6.568608	5.135546	5.299807	4.835907	4.680494	5.121219	5.190396	4.263803
5.146937	3.59447	5.769415	5.224859	4.303913	4.088831	4.14394	5.573486	4.300522	4.592534
4.743126	4.898105	6.282725	4.600944	4.577733	5.183684	4.30006	5.049403	4.27217	5.502202
5.139853	5.082547	6.198908	4.917049	6.427296	5.395622	4.140569	5.120615	5.114	4.927417
5.89482	4.602694	3.40157	5.19135	4.696577	4.514913	4.224566	4.641972	5.337848	4.87174
5.399501	5.369634	4.704515	5.681081	4.724564	4.7778	4.026385	5.222898	4.678212	5.037691
4.788568	4.290147	5.175749	4.139265	6.551856	4.746179	3.770175	5.187071	5.661153	5.218863
5.834342	4.538216	5.912907	5.873405	5.18541	5.148349	5.380841	4.71453	5.216649	4.76487
4.69423	5.407218	4.647294	4.323053	4.90863	4.281969	4.520327	4.572278	5.222116	5.740686
4.73097	6.4258	5.970787	4.979838	4.119658	5.868273	4.642727	5.771388	4.267014	5.945167
5.178424	3.839596	5.416619	4.710643	4.227842	3.929958	5.18313	5.447059	5.778517	4.870433
4.7081	4.339268	3.61855	5.418985	4.062809	4.915268	4.512567	3.177804	3.970661	4.71412
4.998547	4.57714	4.597303	4.737398	4.785785	4.650161	5.923157	4.955902	4.168655	3.999824
5.95256	6.36935	5.444108	4.711132	4.646973	5.01032	4.545825	5.802294	4.978737	4.495445
5.461475	4.788327	4.354531	5.667678	5.441648	3.568754	4.895231	4.221904	5.096393	4.862204
4.544103	4.467695	5.507698	5.320401	5.663875	5.094237	5.121703	4.785194	6.000108	4.817169
5.808733	3.83526	5.205995	4.927473	4.824326	3.751063	4.252141	4.56756	5.360373	3.415353
5.138152	5.795454	5.500763	5.317737	4.538695	5.48367	4.851698	5.433472	5.331879	5.615483
4.400021	4.976912	4.099865	5.292511	5.535267	6.60652	5.266597	5.758447	5.284087	5.804952
2.95995	5.213469	3.839786	3.965542	4.275656	5.996522	3.830545	5.888083	5.026246	3.905037
3.871514	5.422923	5.750676	4.375507	4.739507	6.142557	4.342098	4.818855	4.064798	4.848428
4.343909	4.426544	4.934497	5.129726	6.459708	6.217095	5.808331	5.461359	3.950442	3.729918
4.590198	5.561722	4.062247	5.01266	5.174574	4.414823	4.314044	3.891367	4.932725	5.112789
4.863836	5.208911	5.075373	3.231636	5.354394	4.776045	5.118683	5.108938	5.207528	5.013104
5.759212	5.459556	5.527268	4.716479	3.933362	5.636015	4.168138	5.347428	3.86812	4.881206
4.435359	3.483756	5.083894	5.202155	4.926824	6.077645	4.898117	5.090469	4.11834	5.253973
5.299411	4.636687	5.53423	3.960489	5.46114	4.379157	4.44088	4.745883	5.295224	4.679859
3.865104	5.829926	5.016315	4.639769	5.54131	4.112651	5.305484	5.757315	4.264206	4.598811
5.323572	5.674146	3.556034	5.190412	5.431017	4.188917	4.762517	4.042739	4.947427	4.553247
5.144413	5.980903	4.019565	4.868039	4.29049	3.281941	5.51319	5.807048	4.514387	5.017925
4.867645	4.380889	5.34702	5.667721	4.818798	4.377815	5.006248	5.566663	5.437807	5.161906
4.316481	4.190566	5.049146	4.575789	4.628678	6.054591	4.791007	4.830204	4.984498	5.006132
5.118213	5.822609	4.90104	4.332256	4.320349	5.663745	5.629893	5.631957	4.160732	6.494072
5.144393	4.361224	5.240839	4.699218	3.769874	5.365491	4.542101	4.104592	5.387085	4.957942
6.416946	4.864277	4.762315	4.132655	4.840228	5.082533	5.035995	5.646674	5.244199	5.374623
4.825923	4.887868	5.993653	5.149795	5.868196	4.423734	5.100308	5.446096	4.542539	4.621017
5.961866	5.878394	5.388072	5.556398	4.769248	3.363296	4.613862	5.406929	4.638173	5.732858
4.802978	6.799261	5.952211	4.710223	5.340278	4.452485	4.814865	5.847464	5.897311	5.372903
4.591063	5.9727	5.750595	5.632776	4.652906	5.107303	5.756588	4.662036	5.464774	4.081369
6.50156	4.923315	3.955754	5.637544	3.089761	3.956247	5.479082	5.466967	6.007425	4.953575
4.088029	4.751676	4.434599	4.644333	4.726451	4.375762	4.858672	4.172219	3.791801	5.2177
5.488985	4.518512	5.682897	5.274102	3.874467	4.44311	6.577529	5.400682	5.878719	5.516546
5.107728	5.930467	5.497963	4.695895	5.151601	5.074245	4.176239	4.646414	4.444546	4.860011
5.416489	4.633682	4.935003	4.213751	4.194826	4.164189	5.338243	5.326994	5.368655	3.405082
5.790252	4.333397	4.686317	5.663317	3.71323	3.846379	5.526054	5.457668	5.046421	5.398036
4.965908	4.492942	4.849541	4.162309	5.574055	3.343949	5.281604	5.86792	4.003052	4.123185
4.525825	4.993863	4.894869	4.84846	5.707347	4.207413	4.923958	5.816561	5.050352	4.860452
4.546438	5.3039	3.984526	5.528981	5.633438	5.094646	5.773656	4.877401	4.968947	4.495376
4.463054	5.775301	4.916409	5.337436	5.275151	5.977353	4.376433	4.685993	4.209524	7.002162
4.94712	5.431868	5.722032	6.208276	5.633061	5.295619	4.625492	3.858696	4.32746	5.410413
4.798842	4.951939	4.433497	4.825138	4.506619	4.842813	5.060935	5.790672	5.563977	4.905109
5.412986	5.899268	5.38304	5.165083	4.916004	5.60121	6.615873	4.137555	5.358801	5.453954
5.447971	3.973389	6.408626	5.499876	5.054422	4.780241	4.433489	3.809718	5.163383	5.237162
5.618371	5.686509	4.383685	4.738176	4.797812	4.682985	4.701486	6.180645	4.840956	5.161033
5.346032	4.42666	5.215765	5.473591	4.65431	5.1668	5.316792	5.662029	4.410143	5.847332
5.318432	5.400205	4.70877	5.926033	3.490625	3.7338	4.791404	4.9287	3.450166	5.185037
4.990091	5.078372	6.337279	5.394053	4.241488	4.348827	5.043602	5.038431	4.523451	5.302855
4.604036	5.035365	5.105201	4.28624	4.575878	4.516057	5.365366	6.039551	5.122638	3.973698
5.476309	5.544267	5.407005	4.72194	4.856483	4.845232	5.002096	3.970769	3.461673	5.39762
3.554749	3.850062	5.672925	5.501756	4.970753	5.602444	3.770142	5.568612	3.564056	5.458968
4.805244	5.79871	3.660519	4.491112	5.103766	4.631778	4.486949	6.085129	5.593604	4.740378
5.147491	3.478737	5.382934	5.97153	4.510242	4.346595	5.306876	5.961912	4.993641	3.541667
4.301799	4.573175	5.389054	6.563339	4.052406	6.527294	4.490344	4.390832	5.585894	4.864875
4.097417	5.150699	6.039887	3.738767	5.643443	5.909441	4.0138	3.517693	5.218152	5.215028
5.259994	3.647888	5.385516	4.356154	5.39727	6.179974	4.399829	5.603084	3.980513	5.312055
5.894718	4.386685	4.397809	5.317251	5.661083	5.464216	5.578762	5.367401	4.504739	4.635585
5.402087	5.623375	5.848393	4.884632	4.606425	5.009078	4.176619	5.180954	5.274356	3.415824
4.825756	6.171653	3.924381	5.398716	4.592822	3.15589	4.826129	5.047395	5.166639	5.386945
5.943401	5.230719	4.710475	5.450156	5.458611	5.550915	5.106216	4.940325	5.758805	4.303193
4.551331	6.030478	5.936762	5.047242	4.766927	4.920999	5.619998	4.902397	4.95639	5.550846
5.803663	5.708248	3.427881	5.215988	3.705594	4.611128	4.907557	5.496671	5.023213	5.153315
4.431769	4.347879	5.876418	4.946795	4.864551	4.924975	5.05773	3.906624	4.822443	5.490222
4.55243	4.48499	4.084173	5.864595	5.454038	3.543539	4.903779	3.89546	4.789272	6.107994
4.023218	3.902287	6.538339	6.08307	4.924177	4.851984	4.628706	5.637544	5.124216	6.188324
5.365953	4.216733	4.794119	5.018853	4.995635	4.760968	5.603436	5.108206	5.344656	3.004984
4.817277	4.080213	4.727425	4.878997	4.90264	4.35059	5.600529	5.291805	3.766389	5.598079
4.284147	5.007543	5.466614	6.088305	5.881909	5.383986	4.906359	5.17227	5.904794	5.267741
4.895236	5.309378	5.911494	5.116829	4.872722	3.560257	4.953329	4.851832	4.127802	4.4189
5.478376	5.41054	5.518548	5.472169	3.941195	5.425067	4.596776	5.154587	5.36026	4.801175
5.209324	6.334529	5.471632	3.601626	4.407946	6.95967	5.10942	3.939668	4.763603	5.918009
4.487554	5.224957	4.994562	4.637349	6.078091	4.156116	6.045685	5.301446	6.318457	4.298175
4.255797	5.198146	4.126915	5.398278	5.265327	5.344091	7.489704	5.479728	4.63209	6.244608
3.434151	5.367028	4.770854	5.41296	4.978182	4.44358	3.903979	6.354987	3.678674	5.630786
4.9081	5.733826	5.073977	4.48448	5.636089	4.197657	4.181143	6.164169	4.114999	4.623445
4.460617	4.408114	4.551524	5.355495	4.758288	6.253628	5.815931	4.751642	5.549782	3.626014
4.608598	5.288007	5.34697	4.596444	5.584213	4.300914	5.316993	3.879907	4.791854	5.813624
4.191479	3.864305	7.002319	6.506237	5.478974	4.783993	5.217251	5.305535	4.066035	3.310879
4.525366	4.458417	6.136205	5.056032	5.570811	4.392685	4.457716	4.573259	4.639062	5.132943
5.553231	4.923594	6.114347	5.68811	3.357403	5.536054	5.966972	5.955436	6.678631	5.551415
4.903111	7.453279	4.086689	4.322757	4.459605	6.202549	5.660592	6.05546	5.908821	5.953302
5.164922	6.656024	5.744446	5.203215	4.72289	4.245564	4.766338	4.63595	4.71411	4.874923
5.860037	5.138073	4.545591	5.908239	4.141453	5.402938	4.020237	5.24438	6.064536	4.549219
4.929224	4.036409	5.823616	5.175766	6.32098	2.997792	5.560781	4.494963	5.087024	4.442249
4.381772	4.758687	5.952972	5.237844	3.765416	5.48645	4.613281	4.595934	4.827392	4.834558
6.955564	4.604222	6.687466	5.054641	5.118974	5.241556	5.283149	4.456972	4.970976	5.759171
5.195878	6.805767	3.64376	4.650941	5.810644	7.274101	5.475547	4.773508	4.699543	5.474735
3.088339	4.358938	4.575273	5.111167	5.658758	5.817013	3.42531	4.732452	5.373569	5.444346
4.722434	4.470356	5.322761	4.545959	4.297602	5.214432	4.982195	3.64394	5.168221	5.195151
4.647898	4.510465	6.288965	6.881678	3.913959	4.988421	4.580264	5.10792	4.466048	6.106243
6.489916	4.982048	4.252051	6.606299	6.001564	4.764784	5.486852	5.683496	5.458256	4.284654
4.898085	3.767548	5.127291	5.032452	5.475941	6.042845	4.47643	3.301415	4.61153	6.706072
5.238267	4.385694	4.577819	4.888452	3.849968	3.715657	5.797018	3.543856	5.264432	4.722367
4.935545	4.242141	5.471168	5.511676	4.987844	5.127408	5.159447	5.854856	5.331635	6.343359
4.866901	4.07016	5.249766	5.67993	3.788083	4.785299	2.58229	4.657135	4.405921	5.50047
4.543256	4.885623	4.496307	5.011527	4.728747	4.160162	4.59018	5.455014	5.582676	5.944489
5.351304	4.840037	5.294548	4.243544	5.302122	5.32277	7.425333	5.415257	6.102631	5.826707
5.503782	4.66388	5.355426	5.37806	5.034391	6.6067	4.541325	4.673807	4.997627	4.71793
4.543227	3.786681	5.112662	4.953136	4.454873	3.529127	4.676299	4.458154	6.001441	4.599113
5.552417	4.560019	3.82287	6.556771	5.363736	5.223052	4.42659	3.425214	4.909315	4.529271
4.602978	4.664663	5.305258	4.607724	5.13645	5.165438	4.457642	5.27676	5.224619	3.502286
6.032467	5.086977	3.911215	5.73898	5.565389	5.724022	5.306957	5.232872	4.091289	4.085981
4.303334	5.423438	4.785057	4.857265	5.289745	6.070666	5.520856	4.364553	5.116867	5.043873
4.457336	4.113973	5.765308	5.347201	3.495911	5.251801	3.85154	5.739472	5.037271	4.059069
4.594628	6.333314	5.41047	4.190796	4.135203	4.529959	5.46816	5.034314	4.140152	6.445807
5.870475	4.10288	5.003922	5.863183	4.007334	5.407588	5.003006	4.843037	3.079012	5.106586
5.838328	6.062423	6.335202	5.992223	4.053014	5.364996	4.778049	3.022221	5.793991	6.301723
3.120798	5.307556	3.310348	3.832382	4.411987	4.078526	4.412943	5.301338	4.801966	4.003115
5.672725	3.106868	5.376058	5.368118	6.295402	3.144939	5.317969	5.76092	4.977271	5.062665
5.62108	4.66657	4.943667	4.580412	4.812654	5.194991	3.946693	4.122673	4.845805	3.804241
4.828314	4.820244	5.769144	5.142673	4.776451	5.631083	4.449735	5.143594	4.767447	4.915128
5.045494	3.669788	4.052258	4.989797	4.124916	4.433607	4.336195	5.137327	4.897133	5.3234
5.27884	4.972607	4.283572	6.031688	4.713646	5.519283	4.769765	4.408962	6.036817	5.273682
5.302535	3.860768	4.744195	4.061339	3.641208	5.957706	5.513188	5.36321	4.711819	5.240746
5.093379	4.52859	5.742869	5.850423	5.859977	4.831349	5.009977	4.604465	4.792778	5.196405
4.744911	5.808614	4.66102	4.02166	6.364407	4.212272	5.354527	3.746086	6.070483	4.652371
4.965876	5.835996	5.22268	4.673514	4.434358	5.439795	4.609321	5.19452	5.10173	5.644131
5.41734	5.422672	5.477023	5.770283	4.849484	4.467879	6.831203	5.967709	5.288235	5.077626
5.162635	3.939432	5.225952	5.955066	4.233832	4.748588	5.059459	4.664365	6.060159	5.081426
4.423655	4.450722	5.056092	5.660386	5.156529	5.48113	4.176052	5.820763	4.075152	5.446177
4.692555	4.059167	3.918708	4.092274	6.485308	4.739195	5.135018	4.867823	4.349622	5.814768
3.671047	5.405833	6.040978	5.153862	6.346868	4.70235	4.790392	4.946529	5.372968	4.972904
4.270131	5.725847	5.712242	4.600952	4.29394	4.852979	5.218891	4.919327	4.874547	3.730442
4.224359	5.585614	5.289681	4.564141	4.090983	5.15209	5.094816	4.685464	5.425555	5.016571
4.525461	3.952707	5.41548	4.564773	4.158924	5.930327	6.155071	5.532696	3.816936	5.840743
5.925865	4.778446	4.687647	5.231162	4.565238	4.164845	5.732341	5.011299	4.319209	6.376284
4.794623	6.993692	3.114115	4.050731	4.651124	5.022564	4.934175	5.549105	6.275617	4.366011
5.305074	4.996387	4.426492	4.300232	3.418681	4.644447	5.066557	4.787637	6.811509	4.459274
4.727288	5.223773	4.536064	3.960325	4.147726	5.655145	4.619891	4.140728	5.456772	5.34856
5.347208	3.677008	3.962645	5.607598	3.804277	6.709407	4.525712	7.054359	5.576496	4.73814
3.550768	4.877499	5.539263	4.881869	5.422767	5.940667	4.380819	5.40977	5.968678	4.811353
5.003662	4.414034	5.288642	4.268422	4.783543	5.36016	4.365779	5.90383	3.864883	5.145048
4.945481	4.807065	4.974179	5.608738	4.749435	4.764067	4.577921	5.119961	4.069958	5.312863
4.906987	4.626184	4.554524	6.081141	5.423737	4.631016	4.726853	5.533669	4.648379	3.679911
5.388881	4.815439	4.799845	5.224722	5.204147	5.447989	4.836899	5.300485	4.492425	4.940501
4.539985	5.779546	5.219974	4.240767	4.199631	4.1305	4.000669	5.248151	5.04741	5.308606
4.371326	4.414809	5.853535	4.679425	5.868263	5.016936	5.17719	5.649075	3.695784	4.44082
4.702698	5.742338	4.551037	3.831921	5.833834	4.80169	4.132297	6.803866	4.778289	5.072046
5.722909	4.276608	5.001253	5.065934	4.859485	4.331848	4.355459	5.209711	5.41566	4.931565
5.46091	5.062233	4.660366	4.862719	5.714809	4.227652	4.865688	4.700428	4.77371	5.519162
4.959215	5.413131	4.814834	5.030749	6.252193	4.671114	7.688768	5.419885	4.51518	5.860544
5.532571	5.553455	4.470854	5.242418	4.357428	5.181187	5.694468	5.517589	3.959767	4.970493
5.529946	4.907481	5.711508	5.732473	5.539136	4.296775	4.878039	3.756849	5.47678	5.269739
3.960078	5.126078	4.895385	4.101805	5.169924	4.860415	5.433859	5.582462	5.247842	5.500446
5.643158	4.438498	4.94477	5.288524	5.943614	4.261833	5.002592	5.764588	5.628833	3.756311
4.425957	4.544861	4.506095	5.291167	5.703237	5.158895	4.169338	5.036427	4.696433	5.010228
5.577619	5.802243	4.835809	5.374432	4.24353	4.997043	6.558225	5.011765	4.307714	4.490932
