3.733154	5.50405	5.288628	5.635037	5.430277	4.275796	5.824134	3.653234	5.736041	4.448238
6.97995	5.140441	5.041175	5.68093	5.340192	5.301384	5.959672	5.322862	5.654611	3.934306
6.465053	4.307985	5.156312	5.76323	6.133125	4.7694	5.168386	4.394451	4.918174	5.094438
5.329532	5.401568	5.246091	5.228689	4.009371	4.998677	4.443627	5.495771	7.098923	5.634208
5.164382	4.500103	5.590333	5.298107	5.758139	4.937812	6.810001	4.748868	4.498044	4.745287
4.390652	5.584896	4.203625	5.899332	4.219978	4.164157	4.640942	3.972171	5.392178	5.573616
4.569231	5.367439	6.105913	5.042097	5.922408	4.761474	4.091263	5.358821	5.189614	4.800281
6.353172	5.347886	3.748707	5.350086	4.64959	4.511676	4.400854	4.070576	5.252528	5.247283
6.279812	5.442974	5.178301	5.132064	4.545888	4.729114	6.711001	5.242028	3.911126	5.33521
4.892796	6.613331	5.983782	4.929995	4.484261	6.417907	4.396262	4.987056	5.764486	5.364285
4.810066	3.65756	4.478773	4.546322	5.287391	4.512208	5.480436	5.318977	5.173524	6.662594
4.513731	4.91789	5.296422	4.801413	4.300117	5.622589	4.388318	4.787986	5.536226	4.80533
4.71034	4.705431	5.674345	5.039651	5.842635	4.911737	5.347296	4.907314	4.486548	3.275517
5.217593	3.377558	5.937437	5.645178	5.453179	4.575973	5.320739	4.811385	6.401873	5.27086
4.937541	4.351842	4.464905	6.067931	5.221951	4.572854	5.795847	5.943269	5.210126	5.819563
5.167123	5.490179	4.257101	4.822019	6.29318	5.400956	5.365237	4.054204	5.907702	5.267534
5.248374	4.404319	4.20824	6.049508	5.275546	4.331742	4.128844	6.016206	4.490378	5.192933
6.910326	5.143211	5.722824	5.199492	5.555032	5.007409	5.498067	5.713659	5.229063	3.675536
4.924232	4.94163	4.585042	4.548388	4.766229	4.84615	5.153343	4.816984	5.650508	4.246206
3.997318	5.351162	4.083413	5.837406	5.557343	4.396958	4.653779	5.415842	5.212536	4.945755
5.641457	5.020607	5.045719	4.644098	5.113646	4.334092	4.983601	4.740313	5.400716	3.427218
4.494769	5.116573	5.128358	4.501555	5.21168	5.291577	5.617222	5.369187	4.915606	5.10193
5.53229	5.271154	6.156996	5.845181	5.485139	5.10083	4.995971	5.275506	4.866996	4.826177
6.326231	4.694479	4.678618	4.13541	5.675186	4.460654	5.748882	5.688791	4.944963	5.220643
4.091718	4.856894	6.487738	4.932362	4.472958	5.15287	5.086143	5.292926	4.686591	4.907658
4.030888	5.4947	5.826856	5.256349	4.572678	4.93694	4.947946	5.054693	5.670738	3.827593
4.266958	4.369828	4.364274	4.515915	6.750598	4.916112	6.712179	5.456373	4.866686	3.929008
3.863137	5.913827	5.681215	4.370374	4.810656	5.094077	4.602829	5.301762	5.04172	4.629139
4.139683	4.996615	4.381171	5.495677	5.530608	5.249741	4.062947	5.741386	5.077921	4.696725
4.701813	5.400608	4.730075	4.716131	4.143856	3.15144	5.345077	4.940919	5.826033	5.468686
5.774785	4.976198	3.323325	3.964565	4.341027	6.241885	4.761583	5.179438	4.780032	4.849535
4.432892	4.154274	4.535376	4.075462	5.234039	6.693905	4.484566	4.149278	6.019075	5.006803
5.412206	5.486793	3.835122	4.84644	6.022216	5.707957	4.042508	5.013993	4.925288	5.803137
5.310847	4.473825	5.063428	4.146796	4.801876	6.278562	4.436292	4.715312	5.231498	5.21563
4.365256	4.662904	5.578573	5.793241	5.284647	4.392149	4.494678	5.258751	4.823692	4.752577
5.107757	5.42241	6.024821	5.161918	6.121466	5.713912	5.469927	4.68614	4.768094	5.403177
4.370553	4.913638	5.042085	5.066413	5.060655	5.815666	4.817529	5.403867	4.850182	5.232173
4.446163	3.597608	5.58583	5.714089	5.507555	5.764907	4.133348	4.504747	4.672595	5.103842
3.960997	5.103657	5.151899	4.463709	4.103798	4.217173	6.062136	5.849152	5.624209	4.231879
5.841753	4.177179	4.380116	5.81412	4.699802	5.181523	5.849689	4.78283	3.517387	4.530449
5.277824	5.960045	4.549896	4.836446	4.028585	4.039697	6.164843	5.991456	5.463856	6.817769
6.507809	5.353453	4.208159	5.968205	5.230379	6.320585	4.138568	4.728332	4.294533	5.601485
6.019221	4.867682	4.682366	5.853209	4.848197	4.414176	6.885989	4.706766	5.357396	4.629754
3.478264	5.285869	4.865043	4.141507	4.591302	5.308386	4.20791	5.163996	4.194187	4.962993
4.304751	5.343645	4.426478	4.195073	6.049121	5.012981	4.364961	4.572915	6.985012	4.09332
4.118168	4.637471	5.549355	5.123435	5.320686	4.979619	5.219579	4.643676	5.154801	5.349889
4.645042	5.319796	4.799819	4.436258	4.528568	4.993586	5.06038	5.248745	4.683423	4.895523
5.685466	5.428864	6.643002	3.766017	4.63465	5.374766	4.969337	4.984356	4.873331	6.044741
4.294194	4.000142	5.979878	5.002601	3.26981	6.615815	5.082847	4.160232	4.191775	5.167488
4.673292	4.255004	5.159471	4.858355	5.475767	4.654609	5.343164	3.912975	5.332574	6.256687
3.220044	4.789533	4.730978	4.412317	5.392789	4.165	4.602537	5.533684	4.825465	5.311399
5.617743	6.433172	5.535159	4.206275	5.119043	4.150495	6.06824	5.907603	5.597107	4.66379
5.870503	4.095421	5.011593	5.379101	4.507827	6.665324	4.174104	5.126432	4.930493	4.506035
6.226601	5.224502	4.94241	5.036188	4.640652	4.63379	5.127422	5.4593	5.389222	4.116694
4.908542	4.353586	4.940293	6.044172	4.411513	5.703111	4.833954	3.587343	5.30243	4.756397
5.476145	5.210421	4.975149	5.795891	4.903509	5.025182	5.921236	5.240663	4.928348	4.393445
5.307177	3.388249	3.327815	5.440442	5.648879	4.436022	4.691772	5.727965	3.761333	4.002231
5.038172	5.225064	5.063073	5.319311	3.947046	5.947526	5.136471	3.294734	5.910928	4.523808
5.652625	5.515892	5.167264	4.721008	6.824033	4.735142	4.920381	5.785668	4.533976	4.430612
4.939668	4.649624	5.320412	5.039727	5.283219	6.330706	6.051182	4.26857	5.508296	4.710774
4.92787	5.156325	5.34337	5.862621	3.953338	5.130848	5.264408	5.437462	4.65269	5.338803
5.631344	5.242793	4.582318	4.904076	4.085381	4.955318	5.292299	5.159054	4.116223	4.786221
4.886557	4.368142	4.092082	4.574177	5.931147	5.168354	4.919356	5.474675	4.846642	5.127483
5.947451	5.539795	4.517659	6.336827	4.933068	4.7195	5.87348	4.840672	6.565458	3.618614
5.306874	5.60055	4.49448	5.626127	5.660501	4.454723	4.598666	4.506896	5.095513	5.003276
4.491491	4.812624	5.201821	5.5823	5.544466	5.357472	4.113301	5.147864	4.803332	4.343114
5.419824	5.863719	5.484489	6.325251	5.158569	5.741936	5.026171	6.523128	5.04405	4.391274
5.351892	5.464903	5.53845	3.781227	5.464835	3.686975	5.124587	5.739617	5.600716	4.624363
5.269919	5.876893	5.249325	4.535969	5.965677	4.831792	6.752247	4.577741	5.232456	5.397509
3.708387	4.987585	3.953084	5.921198	4.526814	5.613117	5.703048	5.169852	5.455151	4.054626
5.688807	6.222569	4.809581	5.237559	6.373235	4.890188	4.287868	5.918147	5.957222	5.634254
4.776209	4.726125	4.379333	4.802433	6.332974	5.226318	5.484209	4.441432	6.629298	4.165846
4.600146	5.20897	5.451024	6.046252	5.880042	5.270089	4.823452	4.642334	5.630399	4.940615
5.429728	6.158134	4.94322	5.459958	6.134745	5.871204	4.932688	4.187316	4.798483	4.148567
6.071022	5.632467	5.780072	5.105884	3.799391	5.300804	5.645186	4.637307	5.802481	4.346847
4.849359	4.737455	4.681005	4.572634	4.189664	5.11627	4.802688	5.230052	4.137015	5.058473
6.308401	4.188191	4.902139	4.260208	5.181595	5.236007	4.299383	5.724979	4.920905	4.947505
3.582124	5.041568	5.594687	5.973934	4.736738	5.042411	3.064035	4.323981	5.528851	4.161966
5.270318	5.522928	4.994947	6.056701	4.12887	3.587914	5.019544	3.937167	5.549144	5.338893
4.337957	5.603848	4.766978	4.818556	5.351636	4.584833	5.6422	4.796564	4.075805	3.425297
5.053518	6.078912	4.439257	6.152832	3.625513	5.692008	4.911052	4.225775	4.987898	4.85705
5.43735	4.926099	6.085194	5.169343	4.553988	5.450186	5.24832	4.846802	4.991149	4.954297
4.62614	5.23314	4.218471	5.816289	4.92287	4.700873	4.346499	4.949113	3.743617	5.599011
4.736763	4.533267	5.367825	5.853264	5.307129	5.083028	4.220757	5.12844	5.959089	5.31792
5.852309	5.623561	4.131343	5.378405	4.210669	4.751114	5.206769	5.923924	5.82594	3.582279
4.231907	5.433516	5.314268	5.826938	3.459991	5.356611	4.698986	6.559199	4.232767	4.596894
5.533792	4.910368	3.877494	4.359971	5.022589	5.885631	4.895308	6.12817	6.686088	5.364985
4.871497	5.21578	5.567616	5.398779	5.449076	5.003629	4.628234	4.503534	4.905766	5.50225
5.187469	4.699592	4.660912	4.190648	5.384266	4.226873	3.861519	5.658971	4.32497	3.952203
4.653675	5.641562	4.765611	4.483062	4.753792	5.34498	4.320264	4.373845	5.010702	5.465528
4.477985	4.414768	4.81369	3.85451	5.294406	5.695616	3.992439	4.761839	4.995627	5.415287
5.445495	4.054247	4.098295	5.602166	4.875843	5.628431	6.711644	4.913491	4.354413	6.232413
5.272219	5.058119	5.773979	5.147399	4.64147	5.401543	5.769509	5.622838	4.518187	5.664008
4.058173	5.116709	5.510909	4.901493	4.567636	5.67265	5.294387	5.897675	6.142061	3.666871
5.624001	5.059277	4.687553	6.201582	6.062801	5.586604	4.901697	5.257272	5.084996	5.26737
5.768456	5.831024	5.240296	4.37855	4.497849	5.027316	6.034155	5.738351	4.537617	5.191171
5.697589	6.43861	4.62979	5.325449	5.047444	4.254483	5.325429	5.277534	3.986326	5.062712
4.616662	5.125699	4.340678	5.143265	5.868348	5.441876	5.66	3.67455	5.520582	4.274736
5.075231	4.424483	4.409326	5.106265	5.588201	3.794887	5.139987	4.623098	5.417265	4.095149
5.974327	5.127762	5.390564	3.670962	5.181551	2.648584	5.419104	5.830592	5.338236	6.327339
3.877564	4.652805	5.131836	3.202509	3.187936	3.857868	4.239695	5.265925	4.98445	5.182078
6.090323	4.083933	4.734232	4.125434	5.370708	5.40555	6.212958	5.333584	7.154092	4.565812
5.283114	6.225016	5.598202	4.978004	4.977513	4.283647	5.122966	6.816582	4.404524	5.60758
5.097906	4.908241	4.849201	4.870588	5.061982	5.443546	5.640695	4.406827	4.836695	4.978972
4.407604	4.571096	5.177603	5.555645	3.685939	5.777982	4.039855	4.598184	4.677227	5.233893
5.956491	4.475945	5.279473	4.575477	5.675641	4.84198	4.536083	4.406254	5.495387	3.717534
5.006472	3.824766	5.482526	4.657268	5.322753	5.700215	5.125074	3.512399	5.531225	4.533493
5.429721	4.359716	5.408039	4.036893	4.809517	4.946758	5.158202	5.222831	4.138769	5.935404
5.314951	4.389384	5.066247	5.852594	4.192441	4.92097	5.411191	4.624537	4.242046	4.305036
4.586908	5.465876	4.93386	4.773709	4.423867	4.271785	4.546572	4.470415	4.119659	5.862674
5.147964	6.217347	3.510868	4.872619	4.354235	5.103008	4.877339	3.915905	5.539713	4.397516
3.164975	5.186537	4.248044	4.062688	4.159123	4.854565	5.141259	3.910532	5.362625	5.015771
5.140314	6.040735	3.632133	3.077292	4.338875	4.987749	5.57706	5.049193	4.824826	4.123178
4.98194	4.886716	5.571371	4.304377	3.434635	5.340847	5.09687	4.927833	4.597958	3.348084
5.204517	4.253252	5.206118	3.318085	3.974768	6.051255	5.094687	4.421391	3.719286	4.801779
6.536335	4.634749	5.806167	6.038877	4.151866	3.654832	5.362926	5.058332	4.922552	4.880039
4.290868	6.05667	6.180067	4.931003	5.546302	5.329205	2.521878	4.559794	4.972216	4.540071
5.885175	6.316469	5.495271	4.13527	5.945928	5.42519	5.120722	4.304828	5.032311	5.463837
4.587777	4.738934	5.705328	4.210066	5.020093	4.43184	4.861335	6.196347	4.659458	6.009837
5.942094	5.724621	4.942244	5.040978	5.53915	5.027317	5.364587	4.624981	5.702225	5.061828
4.834563	4.257192	4.917871	5.806891	4.454741	5.976865	4.171789	4.858989	4.453379	4.535722
4.236892	5.513958	4.884184	4.305058	5.165183	4.85118	4.805875	4.712174	5.428901	6.482655
4.93467	4.48795	4.897242	4.105433	5.477959	4.45043	4.430961	5.267459	3.900327	5.198914
4.6839	4.796814	5.206949	5.08019	4.830753	4.898769	3.683623	6.215337	5.056461	4.196116
4.978276	4.801667	4.853156	4.782902	5.649656	4.798639	5.120407	4.350657	4.075861	4.732163
4.989666	5.803212	6.056692	3.446394	5.627673	5.378589	5.013966	6.974997	5.327244	4.83836
4.982789	5.42893	5.365335	5.654545	5.660631	5.071024	5.000117	5.685514	6.026546	4.761267
3.982565	5.255231	5.626216	4.683731	5.272779	3.709803	4.301404	3.998385	5.054943	4.242424
4.713128	4.369393	4.613189	4.596645	4.737852	5.348968	5.641205	5.273483	3.522974	4.968246
4.31024	4.604145	4.596913	4.826012	4.761528	4.204786	5.137289	4.756658	5.433646	5.712384
4.476479	5.507581	4.727207	5.776664	5.636319	5.380483	4.685422	4.245063	4.47758	5.072818
5.241915	4.59345	3.390255	6.207917	6.038684	4.311449	4.26726	5.572607	4.145172	3.383419
4.455708	6.213459	4.397804	4.686285	4.525919	5.44937	6.824011	5.840182	5.437688	4.238112
5.449534	5.05095	4.629483	3.907908	5.147227	5.223028	5.367173	4.902401	5.296934	5.86108
3.810093	4.800893	5.306077	5.42689	4.438499	4.844957	3.939079	4.300252	3.551047	5.57514
5.493161	4.666503	5.045244	5.291369	5.371671	5.920626	3.588881	3.384093	4.08063	5.367679
5.147875	5.639498	5.182266	5.193898	5.215627	4.148503	3.878276	5.612437	5.652185	4.616571
4.981794	3.899586	6.001879	5.588728	4.789802	5.725296	5.672306	5.366758	5.053842	5.381002
4.940344	5.323874	4.68112	4.645057	5.07269	5.441375	5.437049	5.04218	5.778225	4.90953
5.787927	5.057832	4.780872	6.453236	4.509984	5.243113	4.176021	6.063791	4.918015	4.264822
5.381239	5.579765	6.250766	4.308296	5.624607	5.201624	4.765205	3.13689	5.587469	4.319437
4.934712	4.99722	5.376115	5.216767	4.000368	5.519355	5.511241	6.37236	4.138258	4.133095
4.264062	5.091984	5.030199	4.298391	4.290582	4.628339	4.120979	4.538274	4.618999	4.957566
4.918964	5.663883	5.096545	5.021253	6.442926	4.57025	4.500972	4.974068	5.29887	5.288349
4.765713	5.170617	6.614558	4.603892	5.042248	4.599521	7.011189	4.285962	4.487769	5.802688
5.209437	5.027004	4.674851	5.084949	5.70231	5.406982	6.445121	3.929769	6.220604	4.441571
5.339104	4.093024	4.273495	5.062051	5.682314	4.864362	3.117594	5.556558	5.327215	4.355855
3.994887	5.471091	4.888586	5.592066	4.752861	6.19449	4.602113	4.697371	5.115645	4.941567
5.1817	5.403165	4.841926	4.737299	5.043156	4.543689	4.873254	4.423246	5.452806	5.476511
4.559216	3.578518	4.838742	4.296833	5.751101	5.022232	4.579126	1.819573	4.756958	5.02456
3.854796	4.615525	5.413885	6.671388	3.181678	4.736919	5.233697	4.634525	5.315907	4.431772
5.167518	3.959929	3.785153	6.182464	5.078583	5.171689	4.568428	5.352828	5.123883	5.695344
5.510244	5.873554	5.152692	5.621727	4.441073	5.039359	5.712982	4.132143	4.959241	6.44539
5.269494	5.023283	5.630817	5.357735	4.113247	5.134411	4.298655	4.939362	3.053527	4.18853
4.713642	5.89748	4.837244	5.64069	5.136975	5.609781	4.577129	4.614834	5.23661	5.726387
4.646497	5.239748	5.060912	5.773923	5.390661	5.540202	4.715066	3.845319	3.16184	3.941572
4.618528	6.094942	5.406825	5.121088	4.872499	4.102704	5.544048	6.440368	5.933506	4.791228
4.436409	4.880849	6.178627	5.393596	6.579347	4.341732	4.63553	4.350348	5.19004	6.416021
5.406826	5.236444	5.35634	4.677453	5.371994	5.425663	5.796611	6.337788	4.969603	5.237838
4.036529	4.323691	4.604894	4.231386	4.949491	4.9415	5.245489	5.076916	6.108244	5.818355
4.691957	4.562074	6.298366	6.763239	4.869301	5.144639	3.416067	4.350689	3.625546	4.904663
6.282276	4.844386	5.737791	5.498333	5.515653	6.015729	5.921329	5.176413	5.870272	4.065974
4.708055	5.060198	5.948445	4.699527	4.185051	4.294125	6.396661	5.557702	5.188706	5.603244
6.2768	4.442302	4.246167	4.871691	4.460818	4.610855	5.542748	5.469909	5.037991	5.081389
5.545817	5.29073	5.0445	4.693601	5.443728	4.680995	5.771443	4.809539	4.202908	5.329391
6.03435	5.747765	4.439252	5.372558	5.678286	5.449568	4.968598	5.161385	5.440544	4.916885
5.906122	3.876476	4.903248	4.058242	3.241331	4.840981	4.201787	5.753172	5.180197	5.997405
4.240316	5.531277	3.668717	5.661838	4.704774	5.186749	5.731961	5.146936	5.072371	5.27122
4.507767	5.967743	5.220656	4.95379	4.368855	4.380097	3.449337	4.282364	5.130901	3.90601
5.724832	5.002246	5.168773	5.543609	3.624071	4.054293	5.138677	3.271557	4.109914	5.362071
5.932327	4.700111	4.982769	4.797892	4.312367	5.005776	4.468452	5.070988	4.997085	4.975895
4.487862	4.688834	4.70269	5.312401	5.039997	4.278227	4.954912	5.089351	4.410582	5.455338
4.995534	5.699392	4.76052	4.86376	3.830724	5.791069	5.752436	5.465195	4.688024	4.944272
4.77868	4.58896	6.531334	4.86107	5.524347	3.895554	5.528125	5.339609	4.200157	4.859439
5.371674	4.795637	5.315605	4.665204	4.839131	5.52808	5.57959	7.021445	4.605033	4.313933
4.764169	4.86614	4.988216	5.785434	5.137475	5.541682	5.150641	4.334101	5.148629	6.142126
5.430849	5.542757	3.777994	5.282898	4.427975	4.830837	3.357836	4.516682	5.196995	5.566638
6.259607	4.364344	5.447074	5.51027	4.438526	5.078173	4.586452	4.499655	4.665302	5.570405
4.766568	5.106178	4.769167	5.364496	4.274603	5.509036	5.4498	4.315277	4.358209	4.144315
5.570267	5.587068	5.194458	3.621406	4.596577	5.256631	5.436357	5.434195	4.306084	5.717957
4.564133	5.617364	5.385602	4.755907	5.566278	5.170604	6.396874	4.415431	4.15256	5.455946
5.225114	4.59444	5.657609	5.511112	5.267567	5.289702	4.545276	5.952656	4.969022	6.332858
4.830346	4.423002	5.133083	5.408296	5.07645	4.405008	4.914164	4.712685	4.508875	4.145452
4.803319	5.005497	4.362646	4.526216	4.476909	3.477451	5.109518	4.129508	4.705863	5.39297
3.822227	5.233397	4.697458	5.479742	4.641268	6.43285	5.375793	4.917348	4.283437	4.716336
4.122048	5.236055	6.041724	5.783284	5.341725	4.719003	6.023897	5.22507	4.969512	4.647155
6.070702	5.389772	4.344718	5.913645	4.844007	5.343926	4.25313	6.340166	6.462223	5.104071
5.247532	5.997375	4.739622	5.050897	5.855984	3.975082	4.612958	5.210412	4.386994	4.987567
5.417212	5.47233	5.59395	4.531469	5.943601	5.158038	4.235846	6.106207	5.221796	5.377867
4.780557	5.472686	4.706305	4.979571	5.796788	3.94496	5.331626	3.576891	6.162076	4.229228
5.980744	4.547513	3.785699	4.675489	4.991752	6.43599	4.939516	5.885348	6.244449	4.839279
5.28738	6.457836	6.275391	6.027955	4.396564	4.840067	4.75897	4.717464	5.080616	4.526564
4.456197	3.956189	5.941967	5.425445	5.344968	6.495903	4.808914	6.525015	4.814683	5.314563
5.564463	5.388512	4.179359	5.176311	6.071007	4.981234	3.669452	4.392819	4.983691	5.350149
4.34115	5.291552	4.211077	4.873291	4.506078	4.627329	3.239136	4.412237	4.939005	4.785336
5.663636	5.285092	5.175261	4.08139	4.422821	4.526989	4.864534	5.615171	4.731178	5.215419
5.830328	3.53926	5.681308	4.569554	6.265602	5.753201	5.322663	4.227967	4.269523	6.442486
6.259449	3.939769	5.533116	4.665162	4.684548	5.148865	4.362727	5.634799	5.434567	3.489618
5.766872	4.849152	5.96812	6.056903	4.828595	4.353247	5.328427	5.399521	5.468714	4.826736
5.34627	4.915143	4.650107	5.469794	4.91481	4.15906	4.690245	4.53492	4.414708	6.534219
