4.614723	4.229733	6.141393	5.20848	5.259501	5.615129	5.166453	3.261918	3.575973	5.113553
5.099175	5.917107	4.203982	4.582798	5.79354	4.654456	3.91028	5.69509	6.054299	4.988812
4.78195	4.723084	3.897773	4.355088	4.69263	4.260125	5.061387	6.955283	5.052892	4.516067
4.96734	5.076213	4.640771	5.030105	4.90296	4.3124	5.233968	4.984066	5.127296	5.084291
6.111629	5.918599	5.939196	5.598266	3.447658	6.342218	4.325119	5.185752	6.815488	3.903672
6.348912	4.198468	4.548561	6.830239	5.377724	4.439127	5.229362	4.549483	5.657294	4.50435
6.049922	5.854321	5.080194	4.419208	6.859052	4.794019	5.810419	4.21726	5.927849	4.641268
4.760954	5.335004	4.568337	4.735036	4.679166	5.044649	4.886729	4.669884	4.954648	5.507244
4.923974	4.879937	4.049361	4.964695	4.815859	5.877424	4.833021	5.03354	4.943423	5.950833
6.470518	5.068219	5.827229	5.997194	3.86906	4.7381	4.31723	4.535617	5.368133	5.288116
5.04214	6.211069	3.545074	5.197618	4.746499	4.100646	4.063608	6.472794	5.855692	5.195125
4.391632	5.071821	5.775493	6.048223	4.788104	5.172645	4.645481	3.948594	5.23278	5.300096
4.558128	5.547055	6.47368	5.040484	4.188834	3.982859	4.836553	4.080711	4.672059	6.738737
5.776995	3.812897	4.342485	5.827037	6.002019	5.68313	6.831151	4.927069	5.002452	5.143933
5.286194	4.833092	4.795784	5.77354	6.421191	5.091698	4.866364	5.47676	5.324152	5.627938
5.143113	4.788357	3.779615	4.98839	6.060363	4.118184	4.748022	5.344681	4.582885	4.841934
4.230239	4.618856	5.120113	5.319865	4.48434	5.611381	4.351756	6.70129	5.34684	4.441691
4.621212	5.619591	5.143036	4.773615	5.30408	6.261156	5.183672	5.88767	5.097364	6.607085
5.020885	3.629822	5.609219	4.466549	3.425254	4.651151	4.757227	5.537954	5.069638	3.462004
3.890038	5.399474	4.158367	4.977994	5.969353	4.033917	6.286602	5.241899	4.044617	4.985465
4.067183	5.065842	4.777982	4.780953	5.735043	5.487637	3.171384	5.635735	6.604769	4.725502
4.856893	5.815349	4.200727	4.766294	4.419925	5.21925	4.341558	6.066554	4.459547	5.358424
3.919643	4.86369	5.272384	4.786091	4.214693	5.175319	4.403165	4.617894	4.103841	6.733116
4.831578	5.280183	4.191008	5.009848	4.53666	5.816528	5.103417	4.609785	3.79123	4.481381
4.833778	4.808807	4.096688	5.764421	5.503186	4.781613	5.055725	4.571289	5.230561	5.665954
4.716924	4.545291	5.592982	4.417581	5.238793	3.478313	4.093101	5.227952	4.571245	5.71765
5.875216	4.308453	5.211537	6.952063	5.236268	5.53372	6.186771	3.754097	5.975529	5.015782
4.788162	4.933467	6.218211	4.055796	4.280832	4.647282	4.995104	5.924787	4.877152	4.884548
5.552271	5.630538	5.119772	4.966519	4.103147	5.167464	5.195837	6.079327	5.175895	4.641979
3.336296	5.724091	4.669568	5.823285	3.328915	5.513941	3.815104	4.696542	5.706586	3.744768
5.601817	4.665633	5.228305	5.087284	3.906594	5.513266	5.267774	4.721771	3.905878	5.828977
5.318492	3.847153	6.04428	5.416344	5.055849	5.419673	5.434323	4.728144	5.142775	5.374566
4.024714	5.803657	5.663312	5.075267	4.387046	4.76434	4.769559	3.535186	4.638354	4.524869
4.482076	4.550287	5.022572	5.537432	5.338378	5.216378	5.175493	4.689633	5.632162	5.482768
4.742336	5.539331	4.191586	6.323428	5.077938	4.416295	4.444376	6.212723	4.445633	4.0892
5.295866	3.542998	5.744746	4.732118	5.601705	5.22704	5.043896	5.311069	4.066914	4.538597
4.948706	4.224491	5.033716	4.849498	4.694705	5.269958	4.542434	4.523636	3.946603	5.495676
4.212198	5.803513	5.46316	4.599956	4.541291	5.768712	5.244492	4.584419	6.464633	5.482186
5.934756	3.447556	5.268382	3.998803	6.453795	5.916923	4.958572	4.621369	4.703876	6.068775
5.319315	4.715244	4.64754	4.866403	5.438138	5.862296	4.94301	3.862897	4.711786	4.08275
5.496577	4.59273	5.356484	4.438764	4.99183	6.279896	4.890549	5.642262	5.999727	4.591499
5.6532	4.938252	5.505566	4.679377	5.851002	6.204847	4.43707	6.448029	4.661786	4.947563
5.015103	6.877785	4.627193	5.992113	4.898614	4.744581	4.930218	2.059216	5.400095	5.235411
5.144197	6.029569	4.933213	6.036828	4.692712	5.22194	3.693355	5.443111	5.452001	4.476397
5.132684	5.205347	5.606135	4.144127	5.684618	5.277937	4.480572	3.927431	5.264309	4.052101
4.804243	5.084901	3.622415	4.458172	5.420912	4.497537	4.32092	4.199738	5.600484	5.287758
3.802854	4.030378	5.892112	4.228154	5.955199	4.385855	6.82409	6.151928	5.864357	5.403248
4.31711	3.549673	5.95361	5.93622	5.971599	4.915397	3.5353	3.881241	5.432094	6.113013
4.342153	4.578423	4.397383	5.349878	5.451029	3.979228	4.983991	4.803009	3.863372	6.270776
5.770467	5.03486	5.670108	4.392203	4.922454	5.518435	4.996681	5.820628	5.469884	5.719809
3.143331	4.408268	5.78477	4.062603	5.780598	5.820819	5.869534	5.250553	5.667181	4.93392
4.655955	4.185041	5.049722	6.387094	4.157835	4.33095	5.081877	5.235781	5.224336	6.022635
5.339703	4.805309	5.439546	4.469082	3.502252	6.138201	3.807647	4.057308	5.275404	4.663027
4.988872	5.564655	5.414631	5.914762	5.144258	5.792758	5.8917	5.527707	4.594385	4.826545
4.968765	6.175873	5.501576	5.751972	4.860798	4.425782	5.935627	4.678271	5.796472	6.098829
5.106336	4.476449	3.768162	5.673623	5.248601	4.771981	6.02383	3.958214	5.056672	5.112765
4.791775	5.366886	5.984609	5.372023	7.492773	5.145567	4.359464	5.428547	4.679569	4.089906
4.679282	4.390966	5.150287	4.34121	7.627705	4.378476	3.962378	5.334038	5.584628	4.495743
4.871114	4.91884	4.682438	3.782059	5.574186	3.222959	5.122465	5.991967	5.291659	5.967641
2.787682	2.798934	4.832278	5.515705	4.868114	4.930925	5.028385	5.01209	4.976416	4.934193
5.240794	4.588224	5.774037	5.398026	4.390309	3.683094	4.640878	6.105289	4.661047	5.431456
4.230679	5.111768	6.456049	4.639436	5.384261	4.499558	4.7532	4.895054	4.183125	4.480459
4.807298	4.553683	5.763771	4.416183	3.899222	6.713162	4.817179	4.018304	4.653489	4.417973
4.515789	5.196168	4.697128	5.639242	5.612909	5.885208	5.358208	5.453675	3.711014	5.386231
5.880049	3.986151	4.792392	4.759709	4.329273	6.583171	4.411264	5.863719	5.261951	4.929132
4.760654	6.647904	4.246435	3.851467	3.46668	5.180543	4.284371	4.96361	6.002371	4.504593
3.766769	5.303865	5.206909	5.152759	5.430399	5.002896	5.236915	4.547513	5.159007	3.894767
5.877742	4.865033	5.033885	5.047339	5.956972	5.753905	4.511057	4.640375	6.986489	5.186106
5.425631	4.934443	5.209726	6.146223	4.944121	6.662461	4.696313	6.706748	5.327588	4.89598
4.534389	5.548584	4.807784	5.09272	5.006916	5.203578	4.98575	4.187245	3.373306	4.570969
5.255865	5.720127	5.681186	4.702337	4.877722	4.255836	4.956696	4.788238	3.999905	4.568253
3.86645	4.750175	4.5254	4.762646	6.133098	5.780067	4.079741	3.824343	4.387625	4.533076
5.083862	5.671716	5.020643	4.975585	5.524785	5.966224	6.298429	4.712296	4.34956	5.107947
4.522402	5.205671	5.390417	4.015177	7.106827	6.097627	4.289439	3.664009	4.580478	4.916073
4.645798	4.458993	5.440971	4.648635	5.211245	4.492454	5.278341	4.072429	5.524013	4.844573
5.150154	4.962258	6.955009	5.081376	4.155617	5.145401	4.918466	4.28214	4.617592	5.240418
4.708758	4.517506	3.534561	4.878298	7.391729	5.063406	5.192937	5.288204	5.105897	5.010183
5.257699	4.169928	4.808145	4.645676	6.698677	4.154843	4.644369	3.268109	3.270391	4.718134
4.267109	5.190308	5.476959	4.476086	6.70326	4.548257	4.54574	3.63589	4.716434	4.657858
4.449708	5.048065	4.370301	5.920421	5.410494	4.790215	5.196225	5.370186	4.684141	4.22632
5.466568	5.614143	5.043929	5.653134	3.93144	6.014732	5.500166	5.15733	5.89677	5.373755
6.069633	5.55928	4.859669	4.601009	5.618219	5.923702	5.996526	6.456993	6.066978	4.156053
4.859514	6.648037	6.022442	5.084468	5.03113	6.07209	6.057225	5.028247	5.206359	4.846704
4.494793	3.823033	4.398718	3.701232	4.224685	5.763762	4.844238	4.441923	5.779872	4.989652
5.07357	5.019888	5.363667	4.55678	5.455771	5.015624	5.041771	6.280987	5.710238	4.520511
3.979312	5.61631	4.973116	5.02212	4.327643	4.891802	5.378759	5.321971	4.732677	4.364464
4.893083	5.017831	5.331496	5.669084	4.982961	5.023063	4.836036	5.307808	5.238828	6.157461
5.533683	4.728385	5.034067	4.578266	3.736287	5.965373	4.350259	4.719248	3.873432	5.633447
5.632266	4.398392	3.888078	5.025628	5.329017	5.364707	5.061753	4.956557	4.067857	4.485198
4.320397	6.339715	3.617454	5.593245	5.457062	5.798944	4.707575	4.614793	5.559755	4.942453
5.476419	4.002938	4.742399	5.843293	3.908852	4.816812	5.611027	4.10777	5.532466	4.098865
4.885872	5.576568	5.486526	4.767911	4.004364	4.491192	4.915503	4.910015	4.658387	5.649309
4.585714	4.252279	5.635049	4.815706	3.348043	6.184707	4.547708	4.695404	4.250388	4.361355
5.634549	6.364835	5.289516	5.230748	4.927927	4.64433	5.542959	4.966889	4.179057	4.197706
5.462345	5.538153	5.045809	6.463312	5.442934	4.273115	5.310837	4.82899	5.042919	4.809412
2.340489	5.719758	5.096737	4.300324	4.30557	4.24306	4.878282	6.145786	4.915779	4.770445
4.947284	5.030723	4.435648	5.295577	4.591384	5.442188	5.165683	5.900442	5.494049	4.832416
5.465557	3.621141	5.068083	5.575592	5.887765	5.252429	5.093763	5.001462	4.494481	4.602415
5.2802	5.155505	4.08514	4.172636	5.995102	3.825828	3.807812	4.182609	4.503386	5.708763
4.594669	4.612236	4.064171	5.178084	5.173638	5.581048	4.10631	3.398006	5.38711	6.543786
5.190294	4.27506	4.020986	5.062756	5.034094	5.064181	4.590629	3.633298	5.704003	4.736616
5.114814	5.684072	5.57234	3.541136	4.441063	5.442843	5.40498	5.346439	5.000613	5.729152
5.232697	5.766832	4.75331	3.138853	5.14662	4.821417	6.176268	5.1352	5.51289	6.529954
5.104266	4.52546	5.525261	4.470327	5.392585	5.363119	5.455513	4.832476	5.32122	4.933495
5.687603	3.767899	5.173755	5.470273	4.880413	3.496291	4.837189	4.145383	4.438309	5.882116
5.895821	4.839659	5.05525	3.441537	5.129868	5.437889	5.163178	4.193536	4.328319	3.945899
4.650148	5.994362	4.279019	4.339855	4.510482	4.54917	5.481645	5.645717	4.782697	4.324462
4.361172	4.266402	3.484911	4.664876	6.625469	5.015492	5.382379	6.415323	5.2207	5.211021
4.135755	4.68642	4.438485	5.206856	4.621769	5.50471	4.269931	5.241179	5.573084	3.937084
5.865508	5.600646	6.581575	5.684221	4.511481	4.145235	6.031749	5.307934	5.012615	5.577332
5.011295	4.658425	5.484157	4.956879	3.021255	4.848703	5.23981	5.588354	5.159086	4.704703
4.37114	3.988682	4.034779	3.577639	3.503621	5.290782	5.887329	6.137591	5.051977	5.732589
4.332295	5.079929	5.132392	4.945325	4.739142	5.271748	4.13411	5.513384	4.647886	6.1861
4.81643	5.519351	4.633415	5.287956	4.954242	4.470944	4.232333	4.427974	5.469539	4.185188
4.005896	3.754287	6.046874	5.329702	5.484767	5.528546	3.483451	4.090912	4.931408	5.363613
5.221301	4.904037	6.660734	3.320107	4.706934	4.98755	4.62187	4.963853	5.074398	4.382056
4.957074	4.96382	4.992182	4.409517	5.020303	2.91749	3.68481	5.337008	4.336672	6.131216
4.595575	6.070675	3.430256	5.715701	5.115385	4.954552	4.294825	3.428664	4.671965	5.229699
6.118779	5.008628	5.848851	4.181767	4.399551	3.536875	4.616287	4.994504	4.592217	5.142018
4.663357	4.218399	5.675701	4.887618	4.198479	5.767805	5.012385	4.290587	5.453516	5.06975
5.073847	4.90604	5.721135	5.286437	4.678726	5.062591	4.743148	4.579545	4.149537	4.780441
3.079607	5.720356	4.310105	5.508546	5.056973	5.030346	6.315338	4.147075	5.794528	5.323792
4.378501	3.663369	3.452456	5.222879	6.268581	4.843307	3.968549	5.465466	5.783426	4.473119
6.196463	5.857321	6.161985	5.698795	5.780485	4.532958	4.220343	4.241057	6.49605	4.765707
5.299472	5.555382	3.88026	5.007632	4.663263	3.111682	5.043408	5.325908	5.905064	4.263025
5.90778	4.697917	4.057191	4.607087	6.054686	5.571849	4.613963	5.916201	4.457401	4.423271
5.106029	5.629946	6.25576	5.128885	5.596976	4.912325	5.006543	5.115122	4.412508	3.948132
5.967745	4.825699	5.547323	4.005048	6.308737	5.926711	4.382444	5.110293	4.375843	4.418537
4.001581	5.278639	5.883991	4.957046	4.067734	5.817365	4.490054	3.619053	3.659423	6.341756
6.160925	5.612261	4.743615	4.8269	4.788137	5.251775	4.991944	4.697377	4.2279	4.668953
4.003115	3.722714	5.076025	4.36177	6.065483	6.306941	5.03175	5.157784	6.806996	4.742544
4.577003	4.688492	5.091774	5.450572	5.1911	4.348728	4.987826	5.596001	5.482725	5.771267
6.049108	4.3969	4.401859	5.148087	5.725266	5.481619	5.268644	4.728791	4.59902	4.190591
5.790371	5.740211	5.530368	3.42303	4.960143	5.498854	3.468366	6.41364	4.290342	5.374834
4.398569	3.416893	3.843452	4.791893	5.64783	5.199793	4.8691	5.342901	4.832693	5.424977
5.250872	6.347519	5.171151	4.961928	5.154946	5.584697	4.892928	4.820727	5.383685	4.381196
5.513175	5.815649	4.549963	5.706285	5.499475	5.48813	5.135508	5.747203	5.346201	4.655709
3.930875	4.03646	6.551609	4.554208	4.01593	4.664915	4.755508	5.999196	4.3736	4.490976
4.965816	3.660224	5.311116	5.111567	4.384911	5.26951	4.271288	5.66543	5.129746	4.258245
4.435328	4.937637	5.012643	4.172493	5.223543	4.52061	4.443501	5.19912	4.069458	4.617819
5.637226	5.506621	3.292547	4.986049	3.337529	5.052129	4.514594	4.375278	4.228865	5.716486
5.563822	4.975179	5.344157	5.432471	5.597468	4.946471	4.511313	4.48443	5.878761	3.920468
5.036132	5.275375	3.933465	5.495375	5.97748	5.405462	5.400224	5.037223	3.849394	5.611353
5.24716	5.90613	6.482401	3.527715	5.388687	4.975488	4.609065	3.661087	5.220414	5.00234
4.925229	4.78689	3.574982	5.985518	4.782434	4.096593	4.932433	3.88794	5.114057	4.128755
5.378288	5.304319	3.606887	3.279714	4.90844	5.413043	4.878252	5.316553	5.353188	6.467255
3.925806	4.282926	5.21779	5.23483	5.034046	6.372123	6.563061	4.404967	5.223845	4.561306
4.588782	5.982754	3.850602	4.967916	5.802257	5.674348	5.389813	4.595452	5.889162	5.068186
4.515679	4.043489	5.589885	4.511031	4.506257	5.063095	5.191235	3.661879	4.537946	5.008495
4.351639	5.853021	3.864158	4.849754	5.020391	3.744665	3.366304	5.744971	4.666392	5.710593
4.119137	5.574485	4.650832	5.501561	6.427067	2.78606	4.398977	4.236979	4.495426	4.098903
4.962771	6.048023	4.187853	5.467208	4.149682	5.139365	5.073958	4.330884	5.833817	5.686901
4.420978	4.930125	4.996307	5.401139	6.071939	5.47736	4.843431	5.894196	5.514205	3.600861
4.886813	3.917814	4.419626	4.34446	5.663723	5.622535	4.306459	4.279206	5.759728	6.063189
4.847943	5.595183	5.454961	4.689048	3.789815	5.538312	4.602266	5.187327	5.704792	4.729615
5.552009	5.844808	5.694727	4.067071	5.412843	5.657111	2.948849	6.495941	5.549095	4.810279
5.024959	4.506782	4.263651	4.980253	5.048714	5.58286	4.381624	3.452652	4.940014	4.376471
4.952209	4.810019	6.363498	5.599118	4.493038	5.938218	5.07311	4.388619	4.911471	4.893794
6.490159	5.059957	5.941907	5.051069	6.439632	4.515514	4.547976	6.069809	3.728728	5.748704
5.829514	5.219018	5.000226	6.210485	5.026704	3.111213	5.355299	4.615819	3.533307	4.861101
5.39905	5.142178	3.707626	5.667624	3.218555	3.749184	4.875975	4.548581	5.958852	5.740952
4.212894	3.896698	3.857718	4.730609	3.802624	5.70389	4.391177	4.750959	5.332444	4.995838
4.947309	5.029541	4.492504	5.835774	5.132511	5.181851	4.353276	5.063737	3.87491	4.965702
4.540978	6.387143	6.188323	5.442258	5.545996	6.278492	4.219049	5.406613	4.770656	3.316788
4.730115	4.622132	5.56599	4.676163	5.067278	5.503326	4.157163	4.763567	5.631819	4.593463
4.674622	6.132426	5.609397	5.093387	5.874113	5.417958	3.761459	5.90037	6.287377	4.746094
5.271149	5.908173	6.201247	5.076907	5.663063	4.657533	5.257666	5.65823	6.283535	4.398164
5.217782	3.244427	3.909223	5.029469	5.722496	5.093738	4.474186	5.921651	4.934863	6.179461
4.026176	5.555902	4.882588	4.3587	2.819573	5.280423	5.556946	4.012115	5.093212	5.204953
4.953889	5.369004	5.779401	5.532403	4.993347	3.779086	5.148268	4.810528	5.024733	6.2369
5.211228	5.718577	4.206383	4.91859	4.741909	4.205302	5.445897	3.899384	4.456438	4.600897
5.587574	5.447973	4.938495	4.184174	4.309123	5.062743	5.85446	5.18945	4.705213	5.55671
5.56613	5.839795	5.037328	5.041884	5.405892	4.38429	4.983456	6.036982	5.557978	5.680272
3.852176	5.362375	4.908619	4.248103	6.694429	4.798354	6.103852	5.272622	5.617881	4.61402
6.10379	5.594689	4.176337	3.943642	3.851265	6.918796	5.386513	5.501885	4.786704	5.315619
4.952701	5.47001	5.028722	5.160839	5.285218	4.963326	4.400274	5.013068	4.183469	5.107902
4.590157	4.233609	3.166511	5.53545	5.106281	5.36986	4.83368	3.686854	3.906802	5.917537
5.257427	4.609271	3.414393	4.673528	5.441638	6.516605	5.062972	4.411227	5.925154	5.510051
3.519112	5.228813	4.48426	4.877221	4.181271	5.477079	3.712638	5.152947	3.669302	6.18395
5.157215	5.506785	5.06823	4.563214	4.561167	4.047658	4.548035	4.436141	5.226165	3.538213
4.655695	4.11524	4.419037	5.766984	5.511071	5.007324	7.373697	3.444123	6.563337	4.066072
5.658553	6.782489	5.917688	2.420782	4.561601	4.33361	5.038062	5.078125	4.927976	4.572708
5.33766	4.342976	4.353613	4.782528	5.455764	6.682068	3.861508	4.270786	4.460646	5.462086
4.976098	4.263319	5.856523	5.414293	6.257373	5.33081	4.106061	4.546064	5.743718	6.413608
5.205677	6.412913	3.46202	5.523619	4.668679	4.366121	6.285778	5.353372	4.486949	4.805751
4.887918	4.752278	4.287738	3.930927	5.58685	6.067259	5.565092	3.974021	4.619254	4.109795
5.174985	4.479327	5.58091	4.790154	4.169891	5.082397	3.805458	5.72981	5.2227	5.680067
5.99159	5.013583	4.332649	4.768524	5.241969	5.73175	5.398913	7.01925	5.002012	5.779917
5.340212	4.397643	4.549016	6.012783	5.72324	4.865528	5.103564	5.094512	4.360615	5.021693
4.865436	5.249149	3.568487	3.631647	4.803203	4.876379	5.389849	5.602839	4.219595	5.415333
5.47039	5.659345	4.195343	4.756246	4.153185	6.182258	5.827491	4.451547	5.682229	4.733294
4.859224	5.44412	4.417136	4.474358	5.941406	4.474679	4.468358	4.848621	5.05545	4.505286
5.722225	3.417763	5.157414	5.162831	5.134455	5.128473	5.60524	3.929039	5.526832	5.935397
3.759108	6.539193	6.01641	5.163509	4.511919	5.346026	4.273467	5.357748	4.970058	6.941111
5.220312	3.812071	3.668042	4.652509	6.14713	6.119373	3.948992	4.40343	5.391265	6.919092
5.430408	4.824471	4.397019	6.268094	3.101349	5.80799	4.64686	4.624331	4.553748	4.479735
4.002872	5.086476	2.917653	6.971649	5.508566	3.35354	4.559042	4.242621	4.141437	2.880842
5.449953	5.579531	6.081814	5.045153	5.04012	4.963189	3.741481	5.042274	5.139972	2.997568
5.168244	4.978134	4.136731	5.861876	5.315273	6.235959	4.468144	4.851788	4.774063	4.717648
5.783162	5.765957	6.745119	4.926451	4.671095	5.814296	3.818789	4.363949	5.753703	4.956929
