4.000000	19.000000	12.000000	12.000000	7.000000
5.000000	10.000000	13.000000	8.000000	17.000000
10.436502	9.006512	9.660571	10.303411	5.000000
8.608616	11.094521	9.938195	11.218630	15.000000
3.000000	7.000000	14.000000	10.000000	11.000000
17.000000	4.000000	10.000000	7.000000	19.000000
18.000000	10.000000	17.000000	9.000000	1.000000
10.430895	11.428322	11.373770	12.424679	12.000000
8.504222	7.802717	9.889252	10.603383	1.000000
1.000000	3.000000	4.000000	17.000000	20.000000
10.423887	10.453050	10.997719	10.867290	1.000000
20.000000	12.000000	16.000000	9.000000	18.000000
14.000000	6.000000	19.000000	2.000000	7.000000
12.000000	16.000000	11.000000	14.000000	14.000000
3.000000	12.000000	20.000000	19.000000	4.000000
9.264158	8.559638	8.005157	9.261085	7.000000
17.000000	5.000000	18.000000	14.000000	7.000000
11.000000	5.000000	10.000000	6.000000	14.000000
19.000000	12.000000	11.000000	18.000000	13.000000
9.000000	9.000000	9.000000	20.000000	2.000000
14.000000	14.000000	5.000000	5.000000	12.000000
11.737645	12.933128	8.292889	10.123772	19.000000
20.000000	13.000000	3.000000	10.000000	18.000000
9.241575	9.983778	8.931718	10.345024	17.000000
16.000000	2.000000	8.000000	18.000000	11.000000
13.000000	7.000000	19.000000	13.000000	6.000000
12.000000	6.000000	11.000000	8.000000	11.000000
2.000000	8.000000	7.000000	7.000000	4.000000
8.277228	8.569039	7.707523	7.707850	7.000000
6.000000	13.000000	18.000000	8.000000	15.000000
7.000000	15.000000	8.000000	14.000000	13.000000
18.000000	18.000000	11.000000	8.000000	10.000000
16.000000	11.000000	8.000000	6.000000	19.000000
10.000000	19.000000	18.000000	16.000000	5.000000
13.000000	12.000000	2.000000	1.000000	3.000000
1.000000	7.000000	7.000000	18.000000	6.000000
2.000000	16.000000	1.000000	9.000000	10.000000
10.633467	6.960678	10.292381	10.411839	6.000000
9.000000	2.000000	17.000000	8.000000	19.000000
7.000000	17.000000	9.000000	16.000000	4.000000
5.000000	8.000000	7.000000	18.000000	9.000000
8.455490	10.248143	8.787127	7.728926	8.000000
12.000000	9.000000	3.000000	12.000000	10.000000
4.000000	8.000000	8.000000	3.000000	14.000000
5.000000	3.000000	15.000000	1.000000	2.000000
5.000000	19.000000	18.000000	13.000000	14.000000
13.000000	17.000000	2.000000	19.000000	15.000000
2.000000	20.000000	12.000000	8.000000	8.000000
11.000000	19.000000	8.000000	14.000000	3.000000
9.000000	9.000000	10.000000	16.000000	11.000000
16.000000	13.000000	5.000000	10.000000	5.000000
6.000000	7.000000	4.000000	15.000000	19.000000
9.988878	9.452312	10.737208	9.454406	18.000000
10.427609	10.209895	8.796553	10.744318	2.000000
16.000000	16.000000	1.000000	16.000000	1.000000
3.000000	4.000000	9.000000	4.000000	12.000000
12.000000	19.000000	4.000000	8.000000	1.000000
20.000000	14.000000	7.000000	3.000000	8.000000
5.000000	12.000000	7.000000	12.000000	5.000000
4.000000	5.000000	8.000000	4.000000	10.000000
9.000000	12.000000	17.000000	1.000000	7.000000
17.000000	3.000000	2.000000	17.000000	19.000000
5.000000	20.000000	17.000000	20.000000	8.000000
17.000000	20.000000	13.000000	15.000000	2.000000
12.000000	20.000000	5.000000	18.000000	3.000000
10.000000	13.000000	8.000000	9.000000	17.000000
9.407622	9.554045	8.603615	7.955218	10.000000
6.000000	13.000000	4.000000	7.000000	1.000000
7.911557	11.338100	11.538185	10.770004	11.000000
8.019503	9.548381	8.619955	8.428327	14.000000
4.000000	15.000000	5.000000	20.000000	5.000000
19.000000	1.000000	17.000000	18.000000	9.000000
5.000000	6.000000	10.000000	4.000000	10.000000
19.000000	1.000000	2.000000	14.000000	20.000000
15.000000	8.000000	3.000000	7.000000	10.000000
5.000000	6.000000	20.000000	15.000000	9.000000
5.000000	10.000000	3.000000	1.000000	1.000000
8.388754	7.519092	10.075649	9.033831	17.000000
10.000000	12.000000	3.000000	11.000000	8.000000
4.000000	1.000000	8.000000	18.000000	15.000000
10.544658	10.024304	8.989618	10.436171	18.000000
10.847904	9.341438	7.676653	7.595774	12.000000
3.000000	19.000000	1.000000	17.000000	19.000000
1.000000	4.000000	18.000000	2.000000	11.000000
7.000000	4.000000	14.000000	1.000000	6.000000
1.000000	4.000000	7.000000	1.000000	1.000000
8.395120	9.456592	9.835500	9.544735	20.000000
1.000000	20.000000	17.000000	15.000000	13.000000
8.000000	17.000000	11.000000	8.000000	6.000000
10.743360	8.729636	9.275826	10.569115	14.000000
11.000000	17.000000	9.000000	16.000000	17.000000
14.000000	17.000000	13.000000	12.000000	9.000000
5.000000	4.000000	19.000000	9.000000	9.000000
10.000000	9.000000	20.000000	6.000000	16.000000
10.265726	10.436875	11.542459	10.584269	12.000000
9.000000	8.000000	4.000000	9.000000	19.000000
17.000000	11.000000	15.000000	17.000000	7.000000
4.000000	2.000000	15.000000	16.000000	14.000000
3.000000	20.000000	17.000000	1.000000	8.000000
11.601252	10.899811	10.294003	8.805117	8.000000
4.000000	1.000000	1.000000	19.000000	8.000000
12.000000	8.000000	15.000000	15.000000	16.000000
5.000000	3.000000	19.000000	20.000000	11.000000
5.000000	15.000000	13.000000	19.000000	10.000000
18.000000	13.000000	1.000000	14.000000	5.000000
1.000000	3.000000	7.000000	1.000000	12.000000
9.287028	9.006353	9.254042	9.398189	14.000000
3.000000	18.000000	1.000000	18.000000	5.000000
8.911101	10.834044	10.482761	11.332574	13.000000
8.474598	11.083107	10.938002	8.072197	13.000000
9.014711	8.916657	8.959137	10.842381	16.000000
9.000000	1.000000	11.000000	8.000000	1.000000
2.000000	14.000000	8.000000	5.000000	20.000000
1.000000	8.000000	9.000000	14.000000	17.000000
5.000000	14.000000	10.000000	4.000000	12.000000
15.000000	5.000000	14.000000	13.000000	10.000000
6.000000	1.000000	12.000000	2.000000	1.000000
19.000000	2.000000	13.000000	9.000000	9.000000
5.000000	10.000000	2.000000	12.000000	7.000000
13.000000	4.000000	6.000000	2.000000	17.000000
10.034653	10.529258	12.220505	9.396802	1.000000
13.000000	9.000000	5.000000	6.000000	2.000000
9.543949	10.054956	9.579702	10.078935	4.000000
6.000000	16.000000	18.000000	18.000000	4.000000
6.000000	2.000000	6.000000	20.000000	5.000000
4.000000	12.000000	8.000000	9.000000	5.000000
17.000000	14.000000	11.000000	18.000000	8.000000
11.000000	11.000000	17.000000	8.000000	8.000000
10.000000	13.000000	3.000000	15.000000	10.000000
18.000000	20.000000	5.000000	15.000000	9.000000
8.980945	9.151947	11.470532	10.720403	12.000000
6.000000	16.000000	15.000000	5.000000	16.000000
20.000000	1.000000	9.000000	10.000000	19.000000
9.837533	10.399743	8.209330	10.344387	19.000000
8.000000	6.000000	12.000000	10.000000	20.000000
13.000000	8.000000	11.000000	17.000000	2.000000
19.000000	4.000000	6.000000	20.000000	9.000000
7.891060	11.113812	9.842279	7.740659	1.000000
4.000000	3.000000	2.000000	4.000000	4.000000
20.000000	12.000000	7.000000	20.000000	8.000000
6.000000	19.000000	13.000000	9.000000	9.000000
4.000000	1.000000	8.000000	14.000000	9.000000
8.166142	8.212647	8.537262	9.058275	3.000000
12.000000	15.000000	19.000000	20.000000	18.000000
20.000000	3.000000	20.000000	13.000000	18.000000
15.000000	12.000000	10.000000	2.000000	3.000000
17.000000	19.000000	13.000000	2.000000	19.000000
11.658545	6.421892	10.850188	8.613970	11.000000
19.000000	13.000000	6.000000	14.000000	11.000000
9.000000	6.000000	5.000000	19.000000	17.000000
6.683093	7.634913	9.022837	6.600599	2.000000
8.000000	1.000000	5.000000	17.000000	14.000000
19.000000	14.000000	12.000000	12.000000	7.000000
2.000000	4.000000	3.000000	12.000000	16.000000
5.000000	2.000000	8.000000	11.000000	15.000000
18.000000	11.000000	12.000000	14.000000	9.000000
11.425643	9.693278	11.663990	9.674879	2.000000
20.000000	18.000000	14.000000	17.000000	6.000000
7.000000	15.000000	11.000000	18.000000	6.000000
10.380328	9.787161	10.020495	10.046153	14.000000
9.368147	8.526459	7.993751	10.209969	14.000000
7.942783	6.951609	8.315712	6.744218	6.000000
5.000000	4.000000	14.000000	15.000000	6.000000
7.000000	6.000000	15.000000	20.000000	2.000000
20.000000	6.000000	17.000000	11.000000	15.000000
2.000000	19.000000	5.000000	3.000000	10.000000
10.000000	19.000000	14.000000	16.000000	14.000000
9.242199	11.505143	9.149344	8.731773	4.000000
10.614827	9.509125	9.970759	9.643041	5.000000
5.000000	15.000000	10.000000	19.000000	6.000000
7.846953	9.844318	7.565558	8.332902	20.000000
17.000000	1.000000	19.000000	13.000000	4.000000
20.000000	2.000000	2.000000	13.000000	9.000000
16.000000	4.000000	16.000000	13.000000	10.000000
20.000000	8.000000	20.000000	19.000000	16.000000
16.000000	3.000000	2.000000	5.000000	13.000000
11.608365	8.491001	9.941142	9.791157	7.000000
2.000000	17.000000	8.000000	12.000000	1.000000
11.000000	11.000000	14.000000	4.000000	16.000000
2.000000	11.000000	11.000000	10.000000	16.000000
20.000000	9.000000	3.000000	11.000000	19.000000
11.000000	6.000000	1.000000	12.000000	2.000000
13.000000	19.000000	2.000000	14.000000	19.000000
8.572111	8.471539	8.685241	10.330604	18.000000
8.000000	17.000000	1.000000	2.000000	13.000000
9.909749	10.763006	10.066236	9.921512	4.000000
10.000000	17.000000	4.000000	13.000000	19.000000
9.680095	9.082294	11.568010	10.055144	6.000000
9.729226	10.224005	10.420943	9.510567	12.000000
15.000000	18.000000	18.000000	2.000000	4.000000
8.000000	1.000000	1.000000	8.000000	14.000000
10.035456	9.989202	8.979046	9.956398	12.000000
4.000000	17.000000	8.000000	8.000000	1.000000
10.537938	7.440461	9.918508	10.083761	15.000000
20.000000	1.000000	12.000000	16.000000	11.000000
10.263750	8.952307	8.307877	9.035324	15.000000
3.000000	12.000000	15.000000	3.000000	11.000000
9.190895	10.365965	8.914435	10.470749	6.000000
16.000000	16.000000	14.000000	15.000000	3.000000
14.000000	12.000000	16.000000	8.000000	4.000000
10.000000	19.000000	4.000000	1.000000	14.000000
6.000000	8.000000	7.000000	5.000000	12.000000
1.000000	8.000000	3.000000	16.000000	2.000000
13.000000	8.000000	1.000000	9.000000	8.000000
6.000000	4.000000	3.000000	19.000000	10.000000
18.000000	4.000000	1.000000	13.000000	3.000000
16.000000	14.000000	1.000000	19.000000	6.000000
7.000000	17.000000	13.000000	13.000000	1.000000
9.181137	9.212560	8.589574	10.037868	1.000000
2.000000	2.000000	8.000000	2.000000	10.000000
7.000000	7.000000	5.000000	1.000000	17.000000
14.000000	10.000000	20.000000	6.000000	14.000000
2.000000	1.000000	7.000000	2.000000	12.000000
5.000000	20.000000	8.000000	17.000000	13.000000
8.000000	13.000000	18.000000	8.000000	10.000000
7.689901	8.818229	9.969486	8.381495	10.000000
1.000000	15.000000	8.000000	18.000000	15.000000
4.000000	11.000000	5.000000	3.000000	9.000000
18.000000	4.000000	9.000000	17.000000	17.000000
8.907970	9.367053	9.460864	9.098428	17.000000
1.000000	19.000000	9.000000	18.000000	6.000000
11.000000	19.000000	14.000000	2.000000	7.000000
15.000000	14.000000	1.000000	2.000000	11.000000
7.000000	5.000000	14.000000	11.000000	19.000000
2.000000	1.000000	2.000000	2.000000	9.000000
9.097364	9.085275	9.799514	9.896854	12.000000
17.000000	18.000000	10.000000	18.000000	7.000000
7.000000	8.000000	5.000000	12.000000	1.000000
11.000000	6.000000	14.000000	11.000000	19.000000
8.460114	9.152101	8.950586	8.529739	12.000000
13.000000	11.000000	12.000000	6.000000	4.000000
20.000000	16.000000	17.000000	20.000000	13.000000
1.000000	17.000000	3.000000	2.000000	14.000000
9.000000	9.000000	13.000000	14.000000	12.000000
13.000000	16.000000	18.000000	6.000000	19.000000
8.000000	2.000000	8.000000	15.000000	11.000000
19.000000	7.000000	13.000000	3.000000	5.000000
17.000000	14.000000	12.000000	5.000000	14.000000
10.137375	10.365405	9.822664	10.856325	7.000000
11.057056	10.347777	10.986777	10.548048	12.000000
10.000000	19.000000	7.000000	19.000000	4.000000
9.678841	11.145352	9.170244	10.024862	1.000000
8.000000	15.000000	19.000000	13.000000	17.000000
3.000000	9.000000	10.000000	6.000000	13.000000
3.000000	2.000000	10.000000	4.000000	19.000000
10.333850	10.537842	9.827682	8.973186	16.000000
8.000000	15.000000	14.000000	7.000000	14.000000
10.000000	3.000000	20.000000	7.000000	19.000000
12.000000	6.000000	13.000000	10.000000	10.000000
1.000000	5.000000	18.000000	10.000000	10.000000
3.000000	5.000000	11.000000	12.000000	20.000000
2.000000	11.000000	10.000000	18.000000	16.000000
5.000000	18.000000	10.000000	11.000000	16.000000
3.000000	20.000000	10.000000	14.000000	18.000000
8.000000	5.000000	15.000000	12.000000	7.000000
7.836497	9.511982	8.978529	8.757636	14.000000
12.000000	16.000000	18.000000	15.000000	19.000000
17.000000	16.000000	9.000000	6.000000	5.000000
4.000000	3.000000	2.000000	6.000000	13.000000
17.000000	8.000000	12.000000	19.000000	14.000000
1.000000	6.000000	18.000000	7.000000	10.000000
16.000000	11.000000	1.000000	6.000000	17.000000
14.000000	18.000000	4.000000	3.000000	12.000000
3.000000	20.000000	19.000000	3.000000	17.000000
3.000000	19.000000	19.000000	5.000000	4.000000
11.000000	13.000000	3.000000	14.000000	3.000000
9.785301	9.283591	9.873366	8.405624	5.000000
18.000000	1.000000	7.000000	10.000000	7.000000
9.932568	7.643772	8.971400	7.802374	18.000000
19.000000	1.000000	17.000000	17.000000	3.000000
7.363046	7.608792	9.656008	8.749992	7.000000
4.000000	19.000000	12.000000	7.000000	4.000000
14.000000	2.000000	2.000000	2.000000	19.000000
6.000000	11.000000	20.000000	12.000000	13.000000
18.000000	15.000000	8.000000	13.000000	1.000000
5.000000	3.000000	1.000000	14.000000	11.000000
15.000000	11.000000	1.000000	16.000000	6.000000
8.000000	11.000000	4.000000	19.000000	17.000000
7.953236	9.327831	8.486994	6.346402	6.000000
9.000000	6.000000	8.000000	20.000000	17.000000
20.000000	17.000000	3.000000	19.000000	9.000000
15.000000	4.000000	3.000000	7.000000	9.000000
13.000000	2.000000	19.000000	14.000000	17.000000
16.000000	1.000000	19.000000	12.000000	19.000000
16.000000	11.000000	2.000000	18.000000	11.000000
10.970715	9.824233	11.888412	9.949924	18.000000
10.240818	9.585273	8.203259	8.232836	17.000000
6.697134	7.763797	8.997528	9.010759	20.000000
20.000000	10.000000	13.000000	10.000000	3.000000
1.000000	5.000000	15.000000	19.000000	16.000000
5.000000	6.000000	18.000000	6.000000	3.000000
8.000000	5.000000	13.000000	7.000000	11.000000
10.000000	3.000000	8.000000	15.000000	1.000000
4.000000	9.000000	5.000000	15.000000	18.000000
16.000000	14.000000	19.000000	8.000000	3.000000
13.000000	8.000000	20.000000	7.000000	7.000000
10.506824	10.518278	10.870459	8.469879	8.000000
7.000000	4.000000	4.000000	19.000000	11.000000
14.000000	20.000000	13.000000	14.000000	14.000000
5.000000	17.000000	15.000000	9.000000	12.000000
12.000000	17.000000	17.000000	10.000000	4.000000
12.000000	14.000000	4.000000	11.000000	20.000000
2.000000	17.000000	14.000000	5.000000	1.000000
1.000000	11.000000	5.000000	17.000000	1.000000
15.000000	2.000000	20.000000	19.000000	15.000000
6.000000	3.000000	12.000000	20.000000	3.000000
15.000000	3.000000	19.000000	11.000000	4.000000
15.000000	14.000000	17.000000	18.000000	4.000000
8.000000	19.000000	1.000000	1.000000	3.000000
8.878336	8.082393	7.938282	9.056778	9.000000
6.000000	3.000000	3.000000	18.000000	1.000000
9.074376	8.506484	7.937899	7.948193	14.000000
18.000000	6.000000	8.000000	8.000000	9.000000
11.000000	2.000000	2.000000	19.000000	11.000000
10.428674	7.648582	9.445406	8.746960	18.000000
4.000000	10.000000	10.000000	1.000000	7.000000
11.000000	18.000000	9.000000	13.000000	7.000000
9.170004	8.846510	9.610105	10.185258	1.000000
14.000000	5.000000	18.000000	1.000000	13.000000
6.000000	3.000000	6.000000	8.000000	1.000000
17.000000	5.000000	18.000000	17.000000	2.000000
15.000000	12.000000	11.000000	5.000000	4.000000
9.000000	7.000000	2.000000	10.000000	19.000000
20.000000	11.000000	19.000000	1.000000	6.000000
11.000000	6.000000	11.000000	9.000000	7.000000
3.000000	6.000000	1.000000	20.000000	13.000000
2.000000	8.000000	9.000000	11.000000	17.000000
10.000000	6.000000	8.000000	13.000000	2.000000
4.000000	13.000000	8.000000	17.000000	2.000000
8.833150	9.222391	10.162705	10.256730	16.000000
18.000000	19.000000	2.000000	8.000000	19.000000
20.000000	2.000000	4.000000	20.000000	13.000000
9.000000	13.000000	1.000000	17.000000	16.000000
8.865807	8.601693	8.555803	8.886118	3.000000
2.000000	19.000000	15.000000	1.000000	15.000000
7.323408	9.494578	10.567042	9.807109	13.000000
18.000000	17.000000	3.000000	11.000000	16.000000
1.000000	2.000000	9.000000	17.000000	14.000000
2.000000	5.000000	6.000000	2.000000	13.000000
1.000000	18.000000	3.000000	13.000000	5.000000
5.000000	6.000000	4.000000	20.000000	6.000000
13.410997	10.398947	10.513039	9.772773	15.000000
8.000000	2.000000	4.000000	2.000000	4.000000
19.000000	3.000000	6.000000	8.000000	11.000000
19.000000	9.000000	15.000000	16.000000	2.000000
19.000000	9.000000	11.000000	2.000000	1.000000
15.000000	18.000000	7.000000	10.000000	17.000000
9.735266	9.370917	9.723226	8.514016	3.000000
11.000000	6.000000	16.000000	6.000000	7.000000
20.000000	4.000000	1.000000	5.000000	3.000000
11.000000	3.000000	11.000000	17.000000	18.000000
4.000000	8.000000	6.000000	14.000000	9.000000
10.061065	11.304270	9.969108	9.730494	10.000000
9.390883	10.451159	10.871908	9.555050	18.000000
4.000000	12.000000	15.000000	19.000000	17.000000
10.190847	10.759748	9.016194	9.300933	14.000000
15.000000	17.000000	8.000000	18.000000	5.000000
18.000000	1.000000	12.000000	15.000000	15.000000
20.000000	13.000000	15.000000	18.000000	9.000000
4.000000	4.000000	1.000000	5.000000	5.000000
10.000000	8.000000	17.000000	5.000000	18.000000
10.279627	8.383626	9.611384	9.794013	3.000000
13.000000	4.000000	11.000000	1.000000	1.000000
16.000000	18.000000	1.000000	7.000000	12.000000
7.000000	19.000000	17.000000	1.000000	8.000000
9.256226	7.004894	10.006401	8.436643	1.000000
15.000000	19.000000	20.000000	3.000000	15.000000
9.000000	8.000000	4.000000	16.000000	16.000000
9.657780	9.451474	9.268970	8.641276	13.000000
11.000000	4.000000	10.000000	4.000000	2.000000
13.000000	10.000000	20.000000	1.000000	11.000000
7.000000	10.000000	7.000000	9.000000	18.000000
19.000000	4.000000	16.000000	18.000000	18.000000
2.000000	6.000000	17.000000	5.000000	14.000000
13.000000	3.000000	6.000000	3.000000	11.000000
18.000000	6.000000	6.000000	19.000000	9.000000
6.769063	9.017530	7.998933	7.375029	4.000000
9.602373	10.267770	9.574408	9.352365	6.000000
2.000000	16.000000	1.000000	18.000000	5.000000
10.223986	9.797211	9.381101	9.001143	16.000000
8.000000	19.000000	18.000000	13.000000	13.000000
20.000000	2.000000	18.000000	17.000000	20.000000
6.000000	3.000000	14.000000	16.000000	13.000000
17.000000	15.000000	10.000000	1.000000	5.000000
7.126254	7.622646	7.494112	8.989436	12.000000
17.000000	4.000000	2.000000	11.000000	18.000000
9.000000	18.000000	8.000000	18.000000	2.000000
1.000000	9.000000	15.000000	18.000000	5.000000
14.000000	16.000000	20.000000	7.000000	11.000000
12.000000	16.000000	17.000000	13.000000	8.000000
1.000000	7.000000	2.000000	13.000000	13.000000
5.000000	9.000000	17.000000	19.000000	11.000000
9.711817	9.278645	9.951940	9.769179	17.000000
10.022041	11.748001	8.976994	9.304762	3.000000
8.716988	8.497530	10.011659	9.733001	18.000000
12.000000	12.000000	5.000000	9.000000	5.000000
13.000000	9.000000	3.000000	6.000000	13.000000
16.000000	11.000000	13.000000	4.000000	9.000000
3.000000	1.000000	7.000000	2.000000	6.000000
3.000000	14.000000	11.000000	8.000000	20.000000
6.000000	17.000000	11.000000	15.000000	17.000000
8.775335	10.597977	9.400920	9.581645	7.000000
4.000000	9.000000	7.000000	19.000000	15.000000
20.000000	14.000000	17.000000	12.000000	9.000000
5.000000	7.000000	9.000000	11.000000	8.000000
15.000000	6.000000	14.000000	5.000000	13.000000
8.524741	8.228173	8.984723	8.394642	17.000000
9.000000	16.000000	15.000000	8.000000	12.000000
9.460029	10.966019	10.728803	10.113795	14.000000
9.873594	11.381767	9.726080	10.298864	10.000000
9.580011	10.637216	10.204855	9.988050	1.000000
15.000000	13.000000	6.000000	8.000000	10.000000
10.301681	10.066996	9.694633	10.801080	8.000000
7.000000	10.000000	15.000000	1.000000	10.000000
6.000000	13.000000	5.000000	18.000000	20.000000
18.000000	16.000000	5.000000	16.000000	10.000000
14.000000	14.000000	8.000000	1.000000	20.000000
1.000000	16.000000	13.000000	6.000000	3.000000
14.000000	8.000000	7.000000	4.000000	9.000000
14.000000	3.000000	11.000000	20.000000	15.000000
9.637244	8.574224	8.143072	10.061705	15.000000
10.337120	9.254387	8.955510	8.589105	20.000000
12.000000	9.000000	13.000000	12.000000	9.000000
12.000000	12.000000	16.000000	16.000000	9.000000
19.000000	9.000000	16.000000	5.000000	13.000000
17.000000	11.000000	7.000000	7.000000	2.000000
1.000000	18.000000	19.000000	8.000000	13.000000
9.098760	7.971456	7.482644	11.509165	9.000000
4.000000	11.000000	17.000000	16.000000	2.000000
17.000000	19.000000	13.000000	13.000000	15.000000
2.000000	3.000000	15.000000	9.000000	19.000000
19.000000	5.000000	1.000000	5.000000	3.000000
3.000000	6.000000	20.000000	13.000000	5.000000
8.241648	10.152358	8.692175	8.223087	17.000000
19.000000	3.000000	8.000000	7.000000	10.000000
1.000000	15.000000	9.000000	14.000000	7.000000
15.000000	7.000000	1.000000	9.000000	7.000000
10.089727	10.231698	10.583463	12.480301	4.000000
6.000000	14.000000	9.000000	6.000000	7.000000
14.000000	17.000000	16.000000	4.000000	5.000000
5.000000	14.000000	19.000000	12.000000	20.000000
9.000000	12.000000	6.000000	17.000000	17.000000
5.000000	11.000000	15.000000	5.000000	11.000000
14.000000	16.000000	10.000000	17.000000	8.000000
14.000000	14.000000	13.000000	14.000000	19.000000
11.000000	7.000000	8.000000	7.000000	2.000000
4.000000	11.000000	15.000000	2.000000	14.000000
6.000000	10.000000	17.000000	4.000000	6.000000
6.000000	8.000000	8.000000	12.000000	12.000000
9.221519	10.702628	9.246611	10.440534	13.000000
19.000000	5.000000	7.000000	11.000000	11.000000
5.000000	2.000000	17.000000	4.000000	20.000000
7.877440	7.737099	9.885520	8.969223	9.000000
7.000000	15.000000	10.000000	15.000000	18.000000
8.000000	20.000000	5.000000	7.000000	4.000000
8.000000	17.000000	20.000000	19.000000	9.000000
13.000000	17.000000	5.000000	19.000000	8.000000
15.000000	15.000000	1.000000	4.000000	11.000000
12.000000	6.000000	17.000000	5.000000	2.000000
9.540668	11.370455	9.332816	8.214737	17.000000
17.000000	6.000000	9.000000	13.000000	12.000000
12.000000	1.000000	1.000000	3.000000	11.000000
1.000000	15.000000	8.000000	5.000000	5.000000
7.000000	12.000000	12.000000	7.000000	7.000000
2.000000	10.000000	12.000000	10.000000	14.000000
5.000000	7.000000	16.000000	13.000000	5.000000
4.000000	9.000000	10.000000	12.000000	2.000000
7.736617	7.751057	11.059530	9.137434	18.000000
4.000000	13.000000	4.000000	3.000000	18.000000
9.000000	9.000000	1.000000	12.000000	15.000000
8.257913	11.140705	9.487709	10.540188	2.000000
9.000000	14.000000	20.000000	16.000000	18.000000
11.052099	9.255403	9.763713	9.373562	3.000000
20.000000	10.000000	18.000000	5.000000	2.000000
7.000000	8.000000	7.000000	10.000000	3.000000
16.000000	18.000000	11.000000	16.000000	9.000000
18.000000	14.000000	13.000000	13.000000	3.000000
7.000000	14.000000	8.000000	18.000000	9.000000
6.000000	14.000000	20.000000	4.000000	2.000000
7.902524	9.074326	9.292371	7.910587	7.000000
5.000000	10.000000	6.000000	11.000000	19.000000
8.000000	6.000000	9.000000	19.000000	13.000000
9.000000	8.000000	6.000000	2.000000	20.000000
20.000000	20.000000	5.000000	7.000000	17.000000
6.000000	12.000000	10.000000	5.000000	15.000000
12.000000	19.000000	17.000000	14.000000	2.000000
15.000000	10.000000	11.000000	13.000000	20.000000
10.283315	10.049424	9.272690	10.829762	2.000000
9.000000	18.000000	9.000000	6.000000	11.000000
9.000000	5.000000	10.000000	13.000000	12.000000
7.000000	18.000000	3.000000	8.000000	15.000000
9.256007	7.978857	9.760262	9.947198	17.000000
19.000000	13.000000	6.000000	1.000000	17.000000
6.000000	2.000000	8.000000	14.000000	3.000000
8.333922	7.895266	6.310382	7.538729	20.000000
3.000000	18.000000	17.000000	13.000000	3.000000
8.000000	19.000000	20.000000	2.000000	18.000000
6.000000	11.000000	9.000000	3.000000	1.000000
5.000000	1.000000	13.000000	10.000000	1.000000
1.000000	7.000000	15.000000	8.000000	13.000000
17.000000	17.000000	7.000000	9.000000	15.000000
9.580606	8.622317	9.233381	8.519582	16.000000
14.000000	1.000000	6.000000	6.000000	15.000000
3.000000	3.000000	17.000000	3.000000	5.000000
17.000000	19.000000	5.000000	1.000000	1.000000
18.000000	1.000000	7.000000	12.000000	9.000000
11.000000	20.000000	17.000000	17.000000	9.000000
11.000000	15.000000	12.000000	15.000000	8.000000
19.000000	20.000000	1.000000	4.000000	17.000000
7.000000	6.000000	20.000000	3.000000	1.000000
4.000000	12.000000	19.000000	1.000000	12.000000
19.000000	10.000000	5.000000	18.000000	1.000000
9.395817	10.317379	10.695863	10.131766	5.000000
12.000000	12.000000	11.000000	15.000000	18.000000
10.000000	13.000000	17.000000	10.000000	16.000000
8.190752	11.297600	10.218249	9.433456	11.000000
14.000000	20.000000	2.000000	4.000000	12.000000
13.000000	3.000000	1.000000	9.000000	12.000000
9.733582	8.982934	9.041089	8.534730	14.000000
9.422353	9.045041	9.898826	8.718854	3.000000
14.000000	7.000000	15.000000	2.000000	16.000000
3.000000	7.000000	4.000000	8.000000	3.000000
14.000000	1.000000	15.000000	15.000000	16.000000
18.000000	19.000000	10.000000	19.000000	8.000000
1.000000	3.000000	12.000000	20.000000	19.000000
5.000000	6.000000	19.000000	1.000000	3.000000
1.000000	6.000000	9.000000	7.000000	8.000000
16.000000	1.000000	6.000000	19.000000	8.000000
1.000000	4.000000	20.000000	7.000000	18.000000
16.000000	4.000000	9.000000	5.000000	14.000000
8.000000	6.000000	17.000000	19.000000	17.000000
7.000000	4.000000	14.000000	5.000000	16.000000
16.000000	17.000000	2.000000	16.000000	16.000000
1.000000	12.000000	16.000000	18.000000	2.000000
4.000000	18.000000	6.000000	15.000000	16.000000
11.749822	12.695682	12.251951	12.847934	7.000000
13.000000	10.000000	4.000000	1.000000	9.000000
20.000000	8.000000	4.000000	13.000000	4.000000
19.000000	1.000000	1.000000	20.000000	16.000000
9.417761	8.531574	10.410307	8.837472	18.000000
10.151859	7.868618	9.434117	10.493690	5.000000
3.000000	8.000000	14.000000	14.000000	3.000000
12.000000	6.000000	12.000000	15.000000	19.000000
12.000000	14.000000	18.000000	15.000000	19.000000
13.000000	14.000000	11.000000	5.000000	5.000000
6.000000	12.000000	17.000000	5.000000	7.000000
14.000000	5.000000	4.000000	12.000000	10.000000
20.000000	6.000000	9.000000	14.000000	19.000000
11.000000	5.000000	17.000000	15.000000	12.000000
15.000000	6.000000	5.000000	4.000000	1.000000
15.000000	16.000000	6.000000	5.000000	1.000000
10.000000	3.000000	12.000000	6.000000	7.000000
18.000000	11.000000	3.000000	14.000000	15.000000
8.891032	10.319150	9.190407	10.201457	18.000000
19.000000	3.000000	15.000000	7.000000	9.000000
6.000000	13.000000	14.000000	2.000000	16.000000
6.000000	9.000000	3.000000	11.000000	5.000000
3.000000	1.000000	7.000000	7.000000	18.000000
5.000000	16.000000	9.000000	7.000000	1.000000
3.000000	10.000000	6.000000	14.000000	2.000000
15.000000	4.000000	16.000000	9.000000	10.000000
4.000000	6.000000	2.000000	9.000000	20.000000
9.000000	15.000000	20.000000	4.000000	5.000000
8.842205	10.590965	8.923942	10.260045	4.000000
15.000000	7.000000	12.000000	15.000000	14.000000
12.000000	9.000000	15.000000	9.000000	14.000000
16.000000	4.000000	18.000000	3.000000	4.000000
19.000000	18.000000	2.000000	13.000000	7.000000
1.000000	1.000000	1.000000	20.000000	4.000000
9.455778	8.565329	9.423386	9.484688	5.000000
10.692620	10.164646	10.769085	9.344110	6.000000
17.000000	12.000000	6.000000	11.000000	20.000000
19.000000	19.000000	3.000000	16.000000	13.000000
7.000000	15.000000	11.000000	8.000000	7.000000
9.000000	20.000000	19.000000	1.000000	11.000000
12.057384	10.444757	10.236775	9.704062	14.000000
2.000000	4.000000	13.000000	5.000000	12.000000
10.319545	8.584053	9.880295	11.277520	3.000000
2.000000	14.000000	13.000000	17.000000	9.000000
6.000000	15.000000	15.000000	8.000000	14.000000
13.000000	16.000000	13.000000	12.000000	16.000000
15.000000	18.000000	4.000000	19.000000	5.000000
9.967850	11.506550	9.792045	10.616823	16.000000
11.000000	12.000000	20.000000	5.000000	18.000000
3.000000	19.000000	11.000000	7.000000	15.000000
8.581707	9.718075	10.636189	8.754847	11.000000
14.000000	11.000000	6.000000	18.000000	14.000000
9.453439	9.830184	7.574918	8.586348	2.000000
7.000000	18.000000	6.000000	6.000000	11.000000
13.000000	17.000000	14.000000	13.000000	1.000000
12.000000	7.000000	11.000000	14.000000	13.000000
17.000000	5.000000	17.000000	17.000000	15.000000
9.369884	7.627015	7.393856	8.072815	7.000000
10.000000	9.000000	10.000000	20.000000	9.000000
4.000000	6.000000	6.000000	9.000000	11.000000
9.000000	13.000000	19.000000	2.000000	5.000000
12.000000	13.000000	11.000000	2.000000	19.000000
10.859339	8.788484	9.452585	9.662926	15.000000
9.000000	18.000000	17.000000	13.000000	14.000000
15.000000	14.000000	15.000000	17.000000	13.000000
3.000000	12.000000	10.000000	1.000000	12.000000
13.000000	9.000000	4.000000	3.000000	10.000000
9.000000	14.000000	15.000000	19.000000	8.000000
11.174818	11.113221	9.530996	11.518271	5.000000
8.328871	10.064538	10.770345	10.965940	12.000000
7.209983	5.702112	9.178015	5.778544	15.000000
10.000000	17.000000	6.000000	12.000000	17.000000
9.908553	9.140564	11.305277	10.342237	18.000000
10.459144	10.597672	10.058347	8.029912	19.000000
9.831981	7.779303	9.083684	7.744699	7.000000
9.000000	3.000000	14.000000	15.000000	7.000000
17.000000	14.000000	13.000000	2.000000	8.000000
7.000000	4.000000	4.000000	12.000000	15.000000
12.000000	8.000000	10.000000	20.000000	19.000000
9.807828	10.041889	9.634968	10.902115	1.000000
17.000000	12.000000	8.000000	20.000000	3.000000
14.000000	8.000000	18.000000	19.000000	2.000000
4.000000	16.000000	16.000000	8.000000	9.000000
15.000000	14.000000	12.000000	10.000000	17.000000
6.000000	1.000000	16.000000	7.000000	12.000000
8.850805	7.502105	8.373222	8.953046	15.000000
8.668858	9.031148	8.625968	11.586729	8.000000
13.000000	13.000000	15.000000	10.000000	12.000000
9.000000	13.000000	19.000000	16.000000	20.000000
7.000000	10.000000	5.000000	19.000000	19.000000
13.000000	16.000000	11.000000	8.000000	3.000000
9.766384	9.877372	8.012570	10.934764	5.000000
14.000000	1.000000	13.000000	4.000000	20.000000
9.649242	10.052511	9.197569	9.793740	6.000000
15.000000	6.000000	11.000000	13.000000	1.000000
8.855136	8.753730	9.688451	9.266574	10.000000
8.000000	11.000000	17.000000	10.000000	19.000000
11.000000	11.000000	12.000000	18.000000	12.000000
16.000000	4.000000	4.000000	20.000000	7.000000
3.000000	11.000000	3.000000	14.000000	9.000000
1.000000	9.000000	14.000000	3.000000	13.000000
7.000000	4.000000	12.000000	8.000000	2.000000
8.468639	8.628588	8.072152	8.007842	17.000000
3.000000	20.000000	8.000000	6.000000	10.000000
11.000000	13.000000	13.000000	14.000000	13.000000
11.000000	16.000000	15.000000	6.000000	1.000000
3.000000	18.000000	1.000000	9.000000	20.000000
14.000000	15.000000	15.000000	17.000000	2.000000
9.000000	10.000000	9.000000	13.000000	11.000000
6.000000	7.000000	2.000000	5.000000	12.000000
11.000000	15.000000	16.000000	15.000000	20.000000
8.000000	6.000000	15.000000	15.000000	3.000000
7.000000	17.000000	20.000000	8.000000	5.000000
19.000000	13.000000	11.000000	5.000000	1.000000
9.669620	10.264979	9.704698	8.884423	17.000000
10.165810	9.714292	10.926606	8.189220	2.000000
10.160123	9.578218	8.413511	10.101221	11.000000
7.000000	1.000000	8.000000	13.000000	15.000000
10.000000	20.000000	12.000000	1.000000	19.000000
8.000000	19.000000	3.000000	19.000000	15.000000
9.657099	8.796251	8.903118	8.043508	15.000000
11.669657	9.278415	8.832914	10.067490	1.000000
18.000000	4.000000	17.000000	6.000000	5.000000
19.000000	4.000000	6.000000	6.000000	17.000000
12.000000	7.000000	8.000000	15.000000	7.000000
18.000000	3.000000	17.000000	20.000000	13.000000
11.000000	2.000000	15.000000	10.000000	18.000000
1.000000	14.000000	6.000000	5.000000	12.000000
6.000000	3.000000	7.000000	14.000000	20.000000
12.000000	12.000000	3.000000	9.000000	9.000000
19.000000	20.000000	7.000000	18.000000	15.000000
5.000000	15.000000	9.000000	13.000000	14.000000
1.000000	4.000000	8.000000	7.000000	5.000000
17.000000	7.000000	18.000000	2.000000	12.000000
8.183557	8.650042	10.664528	10.103216	13.000000
5.000000	11.000000	17.000000	7.000000	11.000000
8.900960	10.791337	9.369632	9.170808	7.000000
16.000000	20.000000	2.000000	16.000000	13.000000
7.000000	16.000000	8.000000	6.000000	14.000000
12.000000	3.000000	1.000000	2.000000	4.000000
4.000000	14.000000	15.000000	9.000000	13.000000
20.000000	13.000000	15.000000	16.000000	11.000000
5.000000	4.000000	20.000000	7.000000	19.000000
7.000000	2.000000	11.000000	8.000000	18.000000
10.464693	8.824787	10.069301	9.474669	12.000000
19.000000	5.000000	14.000000	19.000000	6.000000
9.000000	14.000000	12.000000	4.000000	2.000000
6.939212	8.722155	8.123119	9.615692	10.000000
9.246569	10.379854	9.852604	10.254873	1.000000
10.103655	9.723754	10.357566	9.000894	5.000000
12.000000	12.000000	10.000000	16.000000	5.000000
13.000000	6.000000	9.000000	6.000000	16.000000
7.000000	7.000000	9.000000	18.000000	2.000000
10.000000	13.000000	16.000000	7.000000	3.000000
17.000000	15.000000	18.000000	13.000000	14.000000
18.000000	8.000000	19.000000	20.000000	5.000000
3.000000	3.000000	16.000000	4.000000	19.000000
12.000000	17.000000	16.000000	1.000000	14.000000
9.118154	9.012383	11.175724	9.553684	16.000000
13.000000	2.000000	20.000000	8.000000	8.000000
9.554434	7.449239	9.296444	9.162337	9.000000
7.000000	17.000000	16.000000	5.000000	9.000000
13.000000	19.000000	11.000000	20.000000	15.000000
1.000000	12.000000	11.000000	17.000000	12.000000
7.077551	9.205702	9.188232	6.737285	19.000000
17.000000	8.000000	20.000000	16.000000	8.000000
8.000000	18.000000	3.000000	1.000000	9.000000
11.000000	8.000000	18.000000	19.000000	4.000000
7.228249	8.327212	6.329160	7.287336	10.000000
9.837062	8.688837	9.972902	8.792567	9.000000
10.305433	10.689720	11.954169	10.173021	1.000000
6.000000	13.000000	1.000000	6.000000	1.000000
8.000000	13.000000	18.000000	2.000000	5.000000
19.000000	5.000000	4.000000	16.000000	3.000000
10.372176	11.047390	8.680138	9.495918	20.000000
6.000000	14.000000	20.000000	19.000000	4.000000
8.000000	14.000000	9.000000	15.000000	11.000000
2.000000	1.000000	3.000000	2.000000	6.000000
15.000000	1.000000	10.000000	5.000000	14.000000
14.000000	3.000000	18.000000	10.000000	18.000000
12.000000	9.000000	10.000000	16.000000	2.000000
8.052114	8.865511	9.008484	8.564660	20.000000
10.000000	20.000000	5.000000	10.000000	15.000000
15.000000	11.000000	7.000000	10.000000	4.000000
4.000000	4.000000	16.000000	13.000000	8.000000
10.000000	18.000000	2.000000	19.000000	7.000000
9.641090	9.791632	7.761018	9.396173	6.000000
9.435114	8.877866	9.623486	7.919035	1.000000
18.000000	3.000000	12.000000	3.000000	5.000000
11.593668	9.512481	9.989677	10.708378	18.000000
11.000000	7.000000	14.000000	6.000000	11.000000
13.000000	7.000000	9.000000	15.000000	6.000000
8.256172	6.657738	7.783003	8.413040	5.000000
13.000000	1.000000	5.000000	12.000000	15.000000
17.000000	1.000000	9.000000	8.000000	15.000000
10.009914	10.407825	9.578377	8.038861	9.000000
13.000000	2.000000	8.000000	18.000000	19.000000
18.000000	11.000000	6.000000	18.000000	5.000000
11.000000	5.000000	9.000000	18.000000	18.000000
5.000000	10.000000	18.000000	9.000000	13.000000
8.720525	8.289498	9.780246	10.925769	17.000000
9.803072	10.588258	9.524315	10.313881	8.000000
2.000000	16.000000	1.000000	9.000000	13.000000
20.000000	19.000000	3.000000	5.000000	16.000000
19.000000	7.000000	20.000000	8.000000	4.000000
17.000000	12.000000	5.000000	7.000000	13.000000
9.668690	10.662217	8.569212	9.711724	14.000000
17.000000	18.000000	3.000000	18.000000	1.000000
2.000000	12.000000	16.000000	3.000000	12.000000
11.339790	10.981843	10.091685	11.401323	18.000000
6.000000	1.000000	4.000000	17.000000	8.000000
7.000000	6.000000	12.000000	11.000000	12.000000
16.000000	20.000000	1.000000	16.000000	10.000000
7.000000	13.000000	20.000000	9.000000	2.000000
8.880472	9.534940	9.132247	8.656157	12.000000
17.000000	14.000000	5.000000	6.000000	16.000000
2.000000	3.000000	17.000000	5.000000	12.000000
16.000000	3.000000	17.000000	7.000000	6.000000
10.497254	9.032635	11.601742	11.014936	10.000000
7.000000	18.000000	2.000000	6.000000	6.000000
3.000000	5.000000	8.000000	8.000000	11.000000
19.000000	4.000000	16.000000	16.000000	1.000000
12.000000	17.000000	16.000000	20.000000	14.000000
7.000000	15.000000	16.000000	3.000000	14.000000
9.335480	7.997219	8.721068	9.690740	13.000000
8.000000	16.000000	11.000000	9.000000	1.000000
8.000000	4.000000	17.000000	15.000000	11.000000
19.000000	6.000000	6.000000	14.000000	1.000000
6.000000	17.000000	9.000000	13.000000	8.000000
10.517958	9.031953	9.596103	9.450304	13.000000
8.000000	2.000000	6.000000	6.000000	11.000000
19.000000	14.000000	6.000000	1.000000	2.000000
7.110517	9.550449	10.578266	7.747680	15.000000
9.613214	9.909817	8.648911	8.983258	10.000000
4.000000	2.000000	18.000000	12.000000	14.000000
9.935726	9.216294	11.480377	8.807500	3.000000
17.000000	19.000000	4.000000	3.000000	4.000000
7.000000	13.000000	9.000000	12.000000	5.000000
9.154267	10.032752	10.291655	9.318195	15.000000
7.584009	8.796582	8.497317	8.573959	1.000000
9.075609	9.135373	10.701284	9.321915	8.000000
8.000000	6.000000	1.000000	12.000000	5.000000
9.580013	9.681063	11.767898	10.990361	2.000000
10.040849	8.910397	10.616459	10.867142	8.000000
10.000000	1.000000	9.000000	6.000000	20.000000
15.000000	15.000000	17.000000	17.000000	20.000000
8.117071	9.140512	10.231094	8.795427	17.000000
2.000000	2.000000	2.000000	14.000000	5.000000
8.312968	9.368027	8.727847	10.099634	18.000000
8.236224	8.632373	8.847183	9.176387	2.000000
20.000000	13.000000	2.000000	20.000000	18.000000
1.000000	7.000000	4.000000	9.000000	3.000000
3.000000	10.000000	11.000000	18.000000	4.000000
7.000000	11.000000	17.000000	20.000000	5.000000
13.000000	18.000000	12.000000	16.000000	11.000000
9.000000	13.000000	5.000000	2.000000	16.000000
6.000000	13.000000	8.000000	8.000000	5.000000
5.000000	20.000000	11.000000	20.000000	9.000000
13.000000	15.000000	10.000000	3.000000	12.000000
5.000000	1.000000	14.000000	1.000000	1.000000
18.000000	13.000000	10.000000	2.000000	20.000000
9.308344	9.638316	10.311407	11.081767	3.000000
8.000000	2.000000	16.000000	15.000000	1.000000
12.000000	11.000000	1.000000	2.000000	2.000000
1.000000	14.000000	16.000000	10.000000	9.000000
19.000000	14.000000	1.000000	13.000000	6.000000
13.000000	10.000000	10.000000	15.000000	3.000000
9.000000	6.000000	13.000000	1.000000	2.000000
7.000000	8.000000	16.000000	14.000000	14.000000
16.000000	5.000000	16.000000	8.000000	6.000000
18.000000	20.000000	12.000000	13.000000	9.000000
12.000000	12.000000	14.000000	12.000000	4.000000
11.000000	17.000000	5.000000	20.000000	11.000000
8.000000	1.000000	16.000000	12.000000	1.000000
10.000000	18.000000	1.000000	17.000000	4.000000
6.000000	4.000000	8.000000	2.000000	12.000000
14.000000	19.000000	11.000000	17.000000	11.000000
12.000000	8.000000	14.000000	17.000000	11.000000
9.000000	20.000000	7.000000	14.000000	11.000000
9.000000	13.000000	11.000000	17.000000	4.000000
4.000000	6.000000	13.000000	16.000000	2.000000
9.074553	9.579370	10.110202	10.039834	14.000000
8.000000	1.000000	4.000000	11.000000	17.000000
7.000000	14.000000	16.000000	20.000000	10.000000
6.000000	9.000000	9.000000	5.000000	14.000000
11.468216	7.878983	10.184210	7.299661	1.000000
1.000000	5.000000	6.000000	5.000000	12.000000
9.987451	10.351922	9.181824	9.212806	8.000000
11.161437	8.916863	9.352697	7.314965	13.000000
9.720747	9.797244	10.687472	9.650714	7.000000
8.000000	16.000000	7.000000	8.000000	12.000000
20.000000	19.000000	17.000000	17.000000	13.000000
17.000000	17.000000	9.000000	15.000000	2.000000
8.673643	6.913238	7.174092	8.392413	20.000000
1.000000	2.000000	3.000000	20.000000	3.000000
9.898803	10.210087	9.916576	10.822145	13.000000
9.000000	4.000000	8.000000	15.000000	3.000000
20.000000	15.000000	14.000000	8.000000	11.000000
6.000000	4.000000	20.000000	14.000000	10.000000
13.000000	14.000000	15.000000	18.000000	18.000000
14.000000	10.000000	12.000000	8.000000	9.000000
14.000000	15.000000	11.000000	16.000000	11.000000
15.000000	4.000000	6.000000	2.000000	10.000000
8.000000	13.000000	16.000000	1.000000	20.000000
7.000000	18.000000	16.000000	18.000000	12.000000
5.000000	10.000000	17.000000	19.000000	19.000000
7.000000	5.000000	8.000000	18.000000	12.000000
9.638777	7.872680	8.526879	9.351982	18.000000
10.371394	8.762000	8.726617	9.521221	5.000000
3.000000	5.000000	10.000000	10.000000	5.000000
9.326613	7.609889	8.373498	7.366714	5.000000
6.000000	13.000000	6.000000	2.000000	3.000000
4.000000	8.000000	7.000000	11.000000	17.000000
19.000000	18.000000	20.000000	16.000000	15.000000
9.000000	16.000000	18.000000	14.000000	20.000000
3.000000	16.000000	16.000000	12.000000	17.000000
1.000000	12.000000	13.000000	15.000000	20.000000
9.000000	20.000000	12.000000	15.000000	13.000000
6.000000	18.000000	1.000000	13.000000	1.000000
7.918955	9.202074	8.815532	9.679691	18.000000
5.000000	17.000000	13.000000	14.000000	10.000000
5.000000	8.000000	17.000000	20.000000	19.000000
13.000000	12.000000	3.000000	17.000000	18.000000
14.000000	6.000000	17.000000	17.000000	12.000000
2.000000	2.000000	9.000000	14.000000	14.000000
6.362293	8.726776	9.599739	9.248784	10.000000
10.402192	10.779647	10.313674	9.770685	16.000000
19.000000	14.000000	4.000000	7.000000	6.000000
14.000000	11.000000	9.000000	8.000000	8.000000
10.119674	11.153215	11.374153	10.671966	17.000000
16.000000	8.000000	11.000000	16.000000	1.000000
16.000000	5.000000	3.000000	12.000000	3.000000
12.000000	17.000000	17.000000	1.000000	6.000000
12.000000	19.000000	12.000000	7.000000	17.000000
9.000000	1.000000	7.000000	9.000000	20.000000
6.000000	7.000000	1.000000	10.000000	14.000000
11.008064	9.340117	9.421864	10.731569	5.000000
2.000000	7.000000	9.000000	4.000000	10.000000
3.000000	7.000000	18.000000	11.000000	19.000000
15.000000	2.000000	9.000000	6.000000	1.000000
5.000000	6.000000	1.000000	11.000000	7.000000
20.000000	17.000000	13.000000	12.000000	18.000000
6.000000	13.000000	7.000000	19.000000	3.000000
11.000000	20.000000	1.000000	11.000000	15.000000
9.648829	10.727788	11.753612	9.744574	3.000000
8.274596	10.217101	8.604341	9.589473	19.000000
11.639207	8.923749	9.698009	10.747002	13.000000
3.000000	20.000000	1.000000	7.000000	11.000000
11.000000	13.000000	15.000000	17.000000	11.000000
10.000000	7.000000	2.000000	10.000000	17.000000
16.000000	20.000000	1.000000	8.000000	18.000000
15.000000	18.000000	19.000000	10.000000	16.000000
10.000000	18.000000	18.000000	6.000000	5.000000
2.000000	8.000000	4.000000	3.000000	6.000000
7.000000	13.000000	10.000000	13.000000	1.000000
10.806616	7.959573	11.521875	11.796960	12.000000
15.000000	8.000000	3.000000	15.000000	15.000000
20.000000	9.000000	12.000000	19.000000	10.000000
19.000000	20.000000	7.000000	16.000000	5.000000
4.000000	18.000000	4.000000	7.000000	12.000000
9.000000	5.000000	16.000000	19.000000	18.000000
16.000000	10.000000	19.000000	2.000000	15.000000
11.528806	10.127158	11.162660	9.906523	2.000000
9.000000	4.000000	10.000000	12.000000	14.000000
19.000000	11.000000	13.000000	18.000000	18.000000
9.000000	1.000000	15.000000	12.000000	19.000000
18.000000	12.000000	4.000000	13.000000	2.000000
13.000000	8.000000	12.000000	11.000000	1.000000
9.688093	11.673508	11.321420	10.331751	8.000000
9.000000	11.000000	3.000000	10.000000	3.000000
8.350021	9.410525	8.694108	11.085149	18.000000
14.000000	20.000000	10.000000	1.000000	11.000000
8.000000	18.000000	15.000000	3.000000	3.000000
8.913235	10.455410	11.538614	8.730584	18.000000
3.000000	16.000000	2.000000	2.000000	7.000000
10.050400	9.996066	11.303455	10.985003	4.000000
11.000000	11.000000	4.000000	7.000000	3.000000
13.000000	1.000000	2.000000	2.000000	1.000000
8.467274	10.686138	12.314967	11.830085	4.000000
12.000000	14.000000	11.000000	14.000000	13.000000
8.000000	8.000000	8.000000	9.000000	1.000000
10.120352	8.538496	7.847663	8.133223	4.000000
7.000000	13.000000	15.000000	2.000000	20.000000
8.821807	9.670844	11.201420	10.110426	8.000000
12.000000	14.000000	9.000000	1.000000	12.000000
5.000000	13.000000	18.000000	15.000000	6.000000
10.000000	2.000000	13.000000	9.000000	2.000000
13.000000	15.000000	2.000000	8.000000	17.000000
6.000000	6.000000	1.000000	12.000000	7.000000
9.494301	11.782377	11.157291	9.982786	9.000000
1.000000	2.000000	15.000000	9.000000	3.000000
18.000000	13.000000	7.000000	15.000000	19.000000
12.000000	16.000000	20.000000	16.000000	17.000000
13.000000	20.000000	11.000000	15.000000	19.000000
19.000000	20.000000	4.000000	19.000000	3.000000
11.000000	11.000000	2.000000	3.000000	13.000000
11.049187	9.489296	10.265928	9.571731	12.000000
9.709573	9.638090	9.695914	9.254370	20.000000
15.000000	18.000000	8.000000	6.000000	5.000000
10.413744	11.146319	10.012865	11.425163	13.000000
15.000000	4.000000	4.000000	18.000000	14.000000
6.000000	8.000000	16.000000	19.000000	11.000000
9.000000	12.000000	13.000000	15.000000	20.000000
16.000000	7.000000	5.000000	4.000000	13.000000
16.000000	18.000000	2.000000	3.000000	15.000000
6.000000	18.000000	13.000000	1.000000	3.000000
5.000000	15.000000	6.000000	20.000000	5.000000
10.831538	9.873837	8.863387	8.378965	15.000000
14.000000	15.000000	7.000000	19.000000	1.000000
18.000000	6.000000	7.000000	2.000000	9.000000
10.751029	8.773941	9.937556	11.378898	4.000000
8.691628	8.356652	9.691905	8.514970	10.000000
4.000000	2.000000	16.000000	1.000000	1.000000
12.000000	12.000000	18.000000	16.000000	19.000000
4.000000	9.000000	5.000000	2.000000	19.000000
11.597499	10.311074	11.140853	10.543673	12.000000
13.000000	7.000000	1.000000	11.000000	10.000000
4.000000	3.000000	19.000000	16.000000	19.000000
20.000000	11.000000	20.000000	7.000000	12.000000
7.671605	9.180784	8.481039	7.539228	14.000000
10.438296	10.101824	10.305569	11.501933	7.000000
13.000000	19.000000	17.000000	9.000000	14.000000
9.000000	13.000000	12.000000	1.000000	3.000000
2.000000	16.000000	17.000000	20.000000	11.000000
8.000000	11.000000	2.000000	7.000000	17.000000
10.309121	9.637303	10.943021	10.592453	20.000000
20.000000	16.000000	17.000000	6.000000	17.000000
15.000000	18.000000	15.000000	11.000000	18.000000
10.673677	8.128524	9.085176	8.409325	11.000000
9.093068	8.397937	9.290659	10.500402	4.000000
9.766747	11.380186	12.106463	10.127687	7.000000
9.300842	11.363761	9.491431	10.163222	8.000000
9.000000	8.000000	15.000000	5.000000	13.000000
9.056615	9.458423	8.523149	9.336659	1.000000
19.000000	9.000000	12.000000	1.000000	20.000000
9.037639	10.134171	8.407805	8.499903	9.000000
19.000000	20.000000	9.000000	4.000000	1.000000
9.405428	8.863293	8.624434	9.119907	13.000000
9.772504	9.646321	9.246586	10.458596	19.000000
5.000000	14.000000	9.000000	19.000000	3.000000
10.000000	17.000000	11.000000	13.000000	9.000000
10.339063	11.464753	10.834013	10.134945	9.000000
9.127884	8.280073	10.335324	10.125308	18.000000
12.000000	8.000000	2.000000	1.000000	2.000000
15.000000	18.000000	17.000000	7.000000	1.000000
6.880239	8.620872	8.499301	8.490068	1.000000
7.797678	7.620035	8.011186	8.535980	17.000000
18.000000	3.000000	14.000000	3.000000	7.000000
15.000000	16.000000	13.000000	14.000000	9.000000
10.000000	6.000000	8.000000	12.000000	18.000000
7.313768	9.847715	9.129328	9.813997	4.000000
7.000000	12.000000	6.000000	5.000000	15.000000
19.000000	4.000000	19.000000	8.000000	14.000000
7.000000	5.000000	8.000000	12.000000	19.000000
15.000000	6.000000	6.000000	19.000000	12.000000
14.000000	9.000000	9.000000	13.000000	20.000000
6.000000	14.000000	17.000000	13.000000	2.000000
12.000000	11.000000	13.000000	9.000000	15.000000
19.000000	7.000000	19.000000	9.000000	14.000000
4.000000	15.000000	11.000000	11.000000	7.000000
9.000000	17.000000	4.000000	15.000000	16.000000
7.208679	8.238327	8.168622	8.285235	13.000000
15.000000	1.000000	18.000000	3.000000	13.000000
19.000000	6.000000	3.000000	4.000000	14.000000
18.000000	2.000000	13.000000	8.000000	11.000000
