18.000000	11.000000	17.000000	8.000000	13.000000
3.000000	17.000000	10.000000	7.000000	3.000000
9.269091	8.968721	9.387039	10.410502	8.000000
9.967123	10.525258	10.980221	9.831305	8.000000
12.000000	6.000000	13.000000	14.000000	9.000000
18.000000	3.000000	2.000000	10.000000	10.000000
4.000000	8.000000	12.000000	1.000000	7.000000
11.822495	10.547365	11.434695	11.024793	1.000000
9.797244	10.431989	8.444036	11.200625	5.000000
13.000000	8.000000	10.000000	12.000000	15.000000
10.319420	10.956145	11.072486	9.829112	16.000000
8.000000	10.000000	11.000000	9.000000	12.000000
12.000000	5.000000	11.000000	16.000000	5.000000
17.000000	12.000000	19.000000	12.000000	9.000000
12.000000	20.000000	2.000000	17.000000	2.000000
10.403042	9.126499	8.320111	9.274408	12.000000
4.000000	15.000000	14.000000	15.000000	7.000000
1.000000	2.000000	16.000000	11.000000	2.000000
19.000000	3.000000	6.000000	9.000000	10.000000
10.000000	18.000000	1.000000	1.000000	9.000000
1.000000	12.000000	20.000000	2.000000	20.000000
10.752081	12.168956	10.058640	9.643815	5.000000
11.000000	18.000000	19.000000	4.000000	12.000000
9.747279	9.188319	9.199542	9.300561	7.000000
6.000000	11.000000	1.000000	4.000000	19.000000
10.000000	5.000000	16.000000	10.000000	5.000000
16.000000	2.000000	8.000000	8.000000	3.000000
7.000000	9.000000	13.000000	6.000000	3.000000
7.529897	10.713305	11.076510	8.482967	11.000000
15.000000	11.000000	15.000000	19.000000	2.000000
13.000000	16.000000	12.000000	13.000000	19.000000
3.000000	2.000000	16.000000	10.000000	3.000000
20.000000	6.000000	4.000000	8.000000	5.000000
18.000000	14.000000	5.000000	10.000000	12.000000
7.000000	6.000000	19.000000	10.000000	12.000000
10.000000	4.000000	14.000000	16.000000	14.000000
7.000000	8.000000	9.000000	11.000000	20.000000
11.859305	9.301592	10.783619	8.309142	14.000000
15.000000	6.000000	11.000000	10.000000	5.000000
15.000000	7.000000	19.000000	19.000000	16.000000
2.000000	17.000000	13.000000	20.000000	6.000000
9.080225	8.815874	8.320674	9.686643	16.000000
14.000000	7.000000	15.000000	15.000000	9.000000
14.000000	6.000000	1.000000	18.000000	12.000000
7.000000	12.000000	17.000000	17.000000	1.000000
2.000000	12.000000	19.000000	12.000000	2.000000
6.000000	5.000000	19.000000	10.000000	4.000000
4.000000	5.000000	5.000000	5.000000	17.000000
20.000000	18.000000	16.000000	15.000000	4.000000
4.000000	20.000000	9.000000	17.000000	18.000000
20.000000	3.000000	1.000000	9.000000	11.000000
14.000000	2.000000	2.000000	12.000000	13.000000
8.169439	10.453303	9.463299	9.072495	7.000000
11.310529	10.937309	10.822745	10.496071	13.000000
20.000000	8.000000	3.000000	7.000000	14.000000
6.000000	11.000000	13.000000	15.000000	7.000000
2.000000	6.000000	1.000000	3.000000	14.000000
11.000000	16.000000	15.000000	5.000000	19.000000
7.000000	20.000000	16.000000	15.000000	13.000000
15.000000	7.000000	1.000000	18.000000	14.000000
6.000000	9.000000	1.000000	20.000000	16.000000
14.000000	5.000000	18.000000	19.000000	11.000000
4.000000	20.000000	17.000000	4.000000	14.000000
10.000000	6.000000	1.000000	5.000000	10.000000
20.000000	3.000000	9.000000	7.000000	10.000000
13.000000	1.000000	8.000000	6.000000	10.000000
9.865004	8.696630	9.436206	9.983622	10.000000
18.000000	19.000000	6.000000	15.000000	17.000000
9.831424	11.086397	9.887956	10.343375	5.000000
9.981148	10.474936	10.473172	8.425195	18.000000
20.000000	6.000000	13.000000	20.000000	4.000000
2.000000	13.000000	5.000000	9.000000	18.000000
6.000000	1.000000	20.000000	16.000000	6.000000
1.000000	13.000000	5.000000	6.000000	19.000000
13.000000	2.000000	8.000000	13.000000	6.000000
12.000000	7.000000	20.000000	14.000000	13.000000
17.000000	13.000000	10.000000	9.000000	12.000000
9.398751	9.468358	9.784236	7.294134	10.000000
5.000000	7.000000	3.000000	4.000000	14.000000
8.000000	4.000000	19.000000	4.000000	2.000000
9.789992	8.202757	10.560102	8.748635	1.000000
8.413483	8.520277	8.669224	10.490798	1.000000
11.000000	8.000000	5.000000	12.000000	9.000000
9.000000	17.000000	10.000000	4.000000	17.000000
12.000000	9.000000	15.000000	14.000000	4.000000
9.000000	13.000000	20.000000	7.000000	17.000000
8.006967	10.223867	10.111820	11.916576	19.000000
5.000000	15.000000	19.000000	4.000000	14.000000
19.000000	6.000000	14.000000	4.000000	18.000000
9.756060	9.423946	9.097757	9.667868	7.000000
14.000000	2.000000	7.000000	9.000000	7.000000
3.000000	9.000000	12.000000	2.000000	15.000000
8.000000	2.000000	9.000000	4.000000	16.000000
20.000000	8.000000	11.000000	18.000000	11.000000
9.988566	11.230645	9.911757	9.962855	3.000000
6.000000	2.000000	6.000000	3.000000	13.000000
5.000000	16.000000	6.000000	3.000000	16.000000
5.000000	5.000000	4.000000	16.000000	6.000000
10.000000	15.000000	7.000000	11.000000	18.000000
12.035668	10.916798	10.403642	10.989865	19.000000
8.000000	4.000000	6.000000	16.000000	5.000000
1.000000	13.000000	6.000000	6.000000	7.000000
18.000000	2.000000	14.000000	16.000000	5.000000
10.000000	20.000000	9.000000	5.000000	15.000000
7.000000	7.000000	1.000000	5.000000	17.000000
18.000000	19.000000	6.000000	14.000000	7.000000
9.316767	9.210360	10.104068	10.013228	20.000000
15.000000	13.000000	4.000000	20.000000	19.000000
10.587066	10.187544	9.549688	10.215399	17.000000
8.262478	11.339652	9.900432	11.483142	1.000000
9.203095	10.000079	9.290690	10.059779	19.000000
3.000000	11.000000	10.000000	20.000000	4.000000
16.000000	15.000000	17.000000	18.000000	8.000000
16.000000	12.000000	20.000000	20.000000	4.000000
10.000000	1.000000	5.000000	2.000000	16.000000
13.000000	9.000000	12.000000	8.000000	17.000000
13.000000	1.000000	11.000000	19.000000	14.000000
10.000000	14.000000	4.000000	19.000000	5.000000
7.000000	14.000000	20.000000	15.000000	4.000000
19.000000	3.000000	7.000000	10.000000	14.000000
10.753274	11.035053	10.508761	10.450233	5.000000
2.000000	18.000000	13.000000	13.000000	17.000000
10.915356	7.526474	10.909058	9.992199	16.000000
2.000000	1.000000	1.000000	5.000000	19.000000
5.000000	4.000000	5.000000	16.000000	10.000000
8.000000	14.000000	12.000000	14.000000	16.000000
17.000000	16.000000	7.000000	3.000000	13.000000
3.000000	4.000000	3.000000	7.000000	16.000000
11.000000	8.000000	13.000000	20.000000	20.000000
20.000000	13.000000	20.000000	20.000000	10.000000
9.880101	10.403005	9.298257	8.571090	20.000000
14.000000	14.000000	5.000000	18.000000	19.000000
12.000000	14.000000	6.000000	10.000000	16.000000
9.908581	8.060390	8.811780	10.070454	19.000000
7.000000	3.000000	6.000000	19.000000	14.000000
5.000000	18.000000	7.000000	17.000000	9.000000
16.000000	7.000000	12.000000	12.000000	13.000000
7.161034	9.944721	10.172458	9.903647	2.000000
16.000000	11.000000	8.000000	2.000000	13.000000
3.000000	12.000000	4.000000	14.000000	4.000000
2.000000	20.000000	18.000000	20.000000	10.000000
12.000000	4.000000	19.000000	10.000000	20.000000
8.921852	10.529419	10.229980	8.140724	8.000000
10.000000	13.000000	4.000000	7.000000	4.000000
18.000000	3.000000	6.000000	5.000000	16.000000
18.000000	19.000000	19.000000	2.000000	12.000000
2.000000	15.000000	3.000000	11.000000	14.000000
9.543121	8.703309	8.484591	8.395353	3.000000
1.000000	8.000000	11.000000	19.000000	18.000000
18.000000	20.000000	2.000000	14.000000	7.000000
8.517470	9.029953	6.013781	8.400770	15.000000
8.000000	20.000000	13.000000	6.000000	13.000000
17.000000	19.000000	7.000000	11.000000	1.000000
1.000000	15.000000	15.000000	2.000000	8.000000
9.000000	2.000000	16.000000	20.000000	12.000000
5.000000	9.000000	12.000000	18.000000	2.000000
10.909534	7.797779	10.146009	10.024727	3.000000
18.000000	9.000000	14.000000	3.000000	6.000000
6.000000	19.000000	4.000000	13.000000	1.000000
9.633019	10.197124	10.494238	10.393991	18.000000
9.858982	6.651218	10.049374	8.442146	10.000000
7.179166	6.999798	8.591378	6.895507	3.000000
4.000000	3.000000	16.000000	7.000000	4.000000
10.000000	17.000000	12.000000	4.000000	19.000000
17.000000	1.000000	9.000000	12.000000	5.000000
1.000000	7.000000	1.000000	8.000000	9.000000
18.000000	2.000000	19.000000	17.000000	11.000000
9.263895	9.832784	8.530006	10.950084	12.000000
8.713859	9.370984	8.956638	10.306931	3.000000
17.000000	6.000000	11.000000	8.000000	1.000000
8.192923	8.554627	9.894238	8.798532	19.000000
18.000000	9.000000	17.000000	19.000000	16.000000
17.000000	16.000000	9.000000	15.000000	4.000000
19.000000	6.000000	2.000000	18.000000	7.000000
13.000000	19.000000	2.000000	6.000000	15.000000
4.000000	2.000000	13.000000	14.000000	1.000000
10.807984	8.735456	10.780443	10.688573	14.000000
18.000000	16.000000	15.000000	7.000000	14.000000
2.000000	3.000000	1.000000	11.000000	10.000000
5.000000	1.000000	15.000000	6.000000	19.000000
1.000000	19.000000	17.000000	3.000000	16.000000
4.000000	18.000000	18.000000	16.000000	4.000000
10.000000	20.000000	9.000000	10.000000	18.000000
9.463145	7.937203	8.126829	10.057316	13.000000
18.000000	10.000000	16.000000	18.000000	20.000000
11.570386	11.540216	10.751836	9.879031	20.000000
19.000000	12.000000	18.000000	7.000000	6.000000
9.110762	8.506781	9.805221	10.399074	5.000000
10.653583	9.746135	10.308614	9.761178	13.000000
14.000000	9.000000	11.000000	18.000000	17.000000
4.000000	15.000000	6.000000	11.000000	12.000000
9.230142	10.259883	10.796146	9.765856	17.000000
5.000000	8.000000	20.000000	14.000000	6.000000
8.377444	9.715282	10.228756	9.865962	12.000000
12.000000	17.000000	7.000000	20.000000	15.000000
8.549780	7.887794	8.568645	9.728415	2.000000
3.000000	4.000000	8.000000	1.000000	14.000000
10.713292	10.827189	10.138079	9.028198	7.000000
9.000000	1.000000	6.000000	20.000000	6.000000
11.000000	5.000000	3.000000	18.000000	16.000000
6.000000	2.000000	4.000000	12.000000	13.000000
11.000000	2.000000	18.000000	5.000000	3.000000
19.000000	8.000000	6.000000	7.000000	8.000000
12.000000	18.000000	5.000000	15.000000	6.000000
3.000000	15.000000	18.000000	8.000000	15.000000
3.000000	10.000000	11.000000	17.000000	20.000000
6.000000	3.000000	1.000000	1.000000	6.000000
13.000000	11.000000	20.000000	2.000000	16.000000
9.890053	7.827107	11.444814	8.651989	19.000000
14.000000	10.000000	16.000000	10.000000	17.000000
13.000000	12.000000	11.000000	10.000000	19.000000
5.000000	12.000000	20.000000	15.000000	20.000000
19.000000	12.000000	2.000000	11.000000	5.000000
20.000000	4.000000	15.000000	19.000000	5.000000
2.000000	12.000000	17.000000	8.000000	10.000000
9.461282	9.044048	8.793012	8.828469	10.000000
8.000000	14.000000	1.000000	18.000000	15.000000
11.000000	3.000000	6.000000	11.000000	9.000000
6.000000	1.000000	13.000000	19.000000	12.000000
8.712567	11.355290	9.631107	11.585222	20.000000
3.000000	17.000000	11.000000	20.000000	4.000000
1.000000	6.000000	5.000000	4.000000	20.000000
14.000000	11.000000	5.000000	7.000000	8.000000
20.000000	9.000000	2.000000	17.000000	19.000000
3.000000	14.000000	12.000000	15.000000	5.000000
11.114855	11.085979	10.653032	10.583982	5.000000
6.000000	11.000000	1.000000	16.000000	2.000000
17.000000	8.000000	8.000000	1.000000	11.000000
19.000000	6.000000	13.000000	3.000000	4.000000
9.569555	10.751863	9.525678	6.749700	11.000000
3.000000	8.000000	16.000000	14.000000	14.000000
20.000000	8.000000	16.000000	6.000000	16.000000
13.000000	11.000000	7.000000	5.000000	18.000000
20.000000	1.000000	18.000000	7.000000	13.000000
8.000000	17.000000	11.000000	1.000000	20.000000
14.000000	13.000000	5.000000	18.000000	18.000000
15.000000	13.000000	18.000000	3.000000	18.000000
11.000000	2.000000	6.000000	19.000000	19.000000
10.224391	10.637179	10.735276	9.910973	7.000000
10.001824	11.279784	9.692697	12.343289	17.000000
12.000000	15.000000	14.000000	2.000000	7.000000
8.820454	7.997774	8.735659	8.601937	17.000000
1.000000	16.000000	9.000000	18.000000	18.000000
7.000000	20.000000	11.000000	12.000000	10.000000
10.000000	4.000000	12.000000	10.000000	3.000000
8.186634	11.526171	9.928641	10.593821	7.000000
9.000000	9.000000	14.000000	2.000000	3.000000
20.000000	18.000000	10.000000	11.000000	7.000000
6.000000	3.000000	2.000000	7.000000	12.000000
19.000000	13.000000	11.000000	9.000000	16.000000
13.000000	10.000000	19.000000	4.000000	12.000000
1.000000	14.000000	11.000000	13.000000	11.000000
18.000000	14.000000	12.000000	11.000000	7.000000
14.000000	2.000000	5.000000	15.000000	4.000000
11.000000	12.000000	6.000000	4.000000	18.000000
7.771859	8.939819	6.876948	6.666689	14.000000
9.000000	12.000000	4.000000	8.000000	15.000000
15.000000	20.000000	9.000000	17.000000	5.000000
11.000000	6.000000	18.000000	2.000000	8.000000
4.000000	7.000000	10.000000	8.000000	13.000000
13.000000	10.000000	17.000000	11.000000	5.000000
6.000000	7.000000	10.000000	8.000000	18.000000
4.000000	8.000000	9.000000	19.000000	15.000000
16.000000	5.000000	15.000000	4.000000	1.000000
19.000000	6.000000	7.000000	8.000000	20.000000
14.000000	11.000000	18.000000	15.000000	11.000000
9.557473	9.175541	8.855887	8.822545	10.000000
17.000000	12.000000	16.000000	18.000000	11.000000
10.356420	8.079653	7.983603	8.689777	19.000000
5.000000	9.000000	15.000000	11.000000	4.000000
8.503979	6.876348	7.256205	8.776226	8.000000
9.000000	7.000000	19.000000	18.000000	14.000000
1.000000	8.000000	1.000000	12.000000	6.000000
2.000000	20.000000	10.000000	17.000000	18.000000
20.000000	2.000000	10.000000	10.000000	8.000000
1.000000	15.000000	16.000000	15.000000	5.000000
20.000000	10.000000	6.000000	1.000000	3.000000
13.000000	1.000000	2.000000	3.000000	18.000000
7.699633	8.975478	9.169675	8.977062	7.000000
3.000000	20.000000	18.000000	12.000000	16.000000
15.000000	4.000000	10.000000	5.000000	5.000000
17.000000	5.000000	11.000000	4.000000	11.000000
16.000000	15.000000	1.000000	13.000000	15.000000
15.000000	17.000000	7.000000	8.000000	12.000000
5.000000	14.000000	14.000000	2.000000	12.000000
11.003201	10.128642	11.396132	12.433006	8.000000
11.242614	8.195265	9.275832	10.236570	20.000000
9.330510	9.465713	9.297486	8.298092	11.000000
7.000000	5.000000	6.000000	19.000000	9.000000
12.000000	13.000000	5.000000	19.000000	13.000000
16.000000	3.000000	6.000000	2.000000	16.000000
10.000000	13.000000	11.000000	20.000000	2.000000
10.000000	10.000000	18.000000	4.000000	9.000000
9.000000	11.000000	16.000000	5.000000	20.000000
7.000000	3.000000	4.000000	4.000000	1.000000
4.000000	7.000000	5.000000	8.000000	5.000000
8.920867	10.356299	9.216016	9.176283	9.000000
14.000000	4.000000	1.000000	17.000000	15.000000
15.000000	18.000000	5.000000	4.000000	2.000000
13.000000	12.000000	4.000000	1.000000	8.000000
3.000000	19.000000	10.000000	18.000000	2.000000
10.000000	1.000000	8.000000	15.000000	20.000000
5.000000	3.000000	15.000000	3.000000	17.000000
3.000000	9.000000	12.000000	16.000000	17.000000
7.000000	2.000000	6.000000	3.000000	5.000000
7.000000	15.000000	16.000000	10.000000	7.000000
16.000000	4.000000	5.000000	5.000000	1.000000
18.000000	7.000000	13.000000	18.000000	13.000000
13.000000	2.000000	15.000000	19.000000	16.000000
10.714731	8.896066	10.305423	8.059772	9.000000
12.000000	13.000000	2.000000	18.000000	15.000000
8.659827	9.113814	9.006138	9.672944	18.000000
20.000000	8.000000	1.000000	5.000000	5.000000
14.000000	2.000000	11.000000	6.000000	19.000000
7.630200	8.691284	7.686688	7.531671	9.000000
8.000000	12.000000	2.000000	3.000000	7.000000
2.000000	7.000000	11.000000	3.000000	16.000000
9.572794	9.268707	9.581679	9.609044	12.000000
20.000000	10.000000	20.000000	13.000000	6.000000
4.000000	6.000000	8.000000	14.000000	3.000000
18.000000	8.000000	13.000000	10.000000	4.000000
13.000000	17.000000	16.000000	14.000000	11.000000
14.000000	15.000000	17.000000	16.000000	17.000000
12.000000	5.000000	16.000000	15.000000	15.000000
7.000000	14.000000	17.000000	18.000000	6.000000
2.000000	13.000000	3.000000	9.000000	18.000000
18.000000	7.000000	5.000000	2.000000	8.000000
1.000000	14.000000	4.000000	8.000000	7.000000
14.000000	1.000000	13.000000	3.000000	8.000000
8.771297	8.517218	9.292454	9.825371	20.000000
19.000000	2.000000	6.000000	15.000000	12.000000
11.000000	9.000000	4.000000	6.000000	17.000000
2.000000	3.000000	15.000000	6.000000	4.000000
8.433573	9.243219	9.011952	9.474421	5.000000
15.000000	3.000000	17.000000	7.000000	5.000000
9.282149	8.832585	9.164922	7.657942	2.000000
2.000000	7.000000	15.000000	7.000000	14.000000
6.000000	9.000000	2.000000	10.000000	6.000000
10.000000	3.000000	8.000000	17.000000	20.000000
3.000000	10.000000	18.000000	11.000000	7.000000
2.000000	5.000000	1.000000	19.000000	3.000000
11.491234	8.979713	10.725165	10.770497	11.000000
2.000000	19.000000	9.000000	17.000000	5.000000
2.000000	14.000000	6.000000	15.000000	3.000000
11.000000	5.000000	17.000000	11.000000	1.000000
17.000000	5.000000	10.000000	14.000000	16.000000
8.000000	15.000000	20.000000	8.000000	13.000000
6.790765	9.366045	9.562488	9.329096	10.000000
9.000000	17.000000	8.000000	18.000000	13.000000
5.000000	11.000000	18.000000	2.000000	6.000000
13.000000	4.000000	10.000000	9.000000	6.000000
2.000000	5.000000	11.000000	11.000000	18.000000
8.981775	11.216504	9.570410	10.352742	18.000000
9.473329	10.226010	10.606673	10.273191	6.000000
11.000000	4.000000	2.000000	10.000000	13.000000
10.417123	9.846186	10.987959	9.139535	19.000000
1.000000	7.000000	3.000000	10.000000	16.000000
8.000000	3.000000	20.000000	10.000000	5.000000
10.000000	15.000000	3.000000	14.000000	4.000000
13.000000	2.000000	14.000000	14.000000	17.000000
11.000000	4.000000	1.000000	4.000000	5.000000
10.936892	8.892869	9.593414	9.161556	4.000000
1.000000	8.000000	10.000000	3.000000	9.000000
17.000000	3.000000	11.000000	17.000000	12.000000
16.000000	18.000000	19.000000	10.000000	11.000000
9.076059	7.071159	7.690456	9.131276	15.000000
9.000000	18.000000	10.000000	1.000000	1.000000
15.000000	13.000000	2.000000	17.000000	1.000000
8.672088	8.698668	9.207032	8.600912	12.000000
17.000000	7.000000	6.000000	19.000000	3.000000
9.000000	14.000000	12.000000	7.000000	4.000000
2.000000	8.000000	17.000000	5.000000	7.000000
12.000000	13.000000	4.000000	1.000000	13.000000
16.000000	7.000000	18.000000	9.000000	15.000000
18.000000	17.000000	4.000000	17.000000	7.000000
15.000000	5.000000	13.000000	12.000000	4.000000
6.973473	7.552701	8.492640	8.794227	7.000000
10.233006	10.190131	8.135931	12.168960	3.000000
12.000000	12.000000	8.000000	7.000000	12.000000
8.992124	9.183748	9.644885	8.830133	3.000000
5.000000	18.000000	12.000000	8.000000	15.000000
18.000000	14.000000	11.000000	10.000000	5.000000
14.000000	16.000000	5.000000	3.000000	13.000000
3.000000	6.000000	11.000000	8.000000	14.000000
5.808653	7.351652	8.887977	8.819398	18.000000
1.000000	16.000000	4.000000	11.000000	4.000000
19.000000	15.000000	14.000000	10.000000	15.000000
20.000000	7.000000	20.000000	10.000000	16.000000
5.000000	16.000000	3.000000	1.000000	18.000000
15.000000	3.000000	15.000000	17.000000	10.000000
1.000000	1.000000	13.000000	17.000000	5.000000
3.000000	17.000000	20.000000	6.000000	7.000000
10.225840	8.821877	11.171986	10.626108	13.000000
9.553699	9.934690	10.553959	9.510629	9.000000
9.186539	7.635348	10.493087	8.881425	15.000000
5.000000	14.000000	17.000000	19.000000	10.000000
19.000000	19.000000	3.000000	11.000000	16.000000
19.000000	5.000000	4.000000	10.000000	11.000000
11.000000	4.000000	6.000000	16.000000	16.000000
11.000000	15.000000	14.000000	1.000000	5.000000
14.000000	19.000000	20.000000	9.000000	18.000000
7.777288	9.994059	9.488759	10.526267	4.000000
5.000000	1.000000	2.000000	7.000000	3.000000
9.000000	17.000000	8.000000	13.000000	6.000000
10.000000	15.000000	2.000000	15.000000	10.000000
17.000000	17.000000	16.000000	10.000000	18.000000
9.593853	8.835351	7.816566	8.779938	4.000000
17.000000	13.000000	9.000000	20.000000	15.000000
10.542674	9.969855	9.531382	9.773810	15.000000
11.922585	12.008972	9.867331	10.592991	6.000000
8.996656	9.605536	9.445482	10.074304	4.000000
9.000000	6.000000	20.000000	16.000000	8.000000
8.995545	9.369855	9.208240	9.904608	14.000000
18.000000	5.000000	18.000000	6.000000	16.000000
4.000000	9.000000	12.000000	10.000000	14.000000
7.000000	18.000000	7.000000	18.000000	6.000000
4.000000	6.000000	14.000000	3.000000	16.000000
17.000000	3.000000	13.000000	9.000000	18.000000
12.000000	9.000000	12.000000	14.000000	5.000000
17.000000	4.000000	1.000000	6.000000	1.000000
8.687374	10.272370	9.479838	10.573227	18.000000
10.276533	8.063475	9.193798	7.358140	3.000000
13.000000	4.000000	8.000000	18.000000	18.000000
15.000000	15.000000	20.000000	8.000000	15.000000
9.000000	19.000000	3.000000	12.000000	5.000000
19.000000	1.000000	20.000000	19.000000	6.000000
20.000000	7.000000	15.000000	1.000000	14.000000
8.389507	9.471294	9.840442	9.780680	7.000000
13.000000	11.000000	2.000000	20.000000	9.000000
19.000000	7.000000	15.000000	10.000000	6.000000
1.000000	10.000000	4.000000	3.000000	2.000000
20.000000	14.000000	2.000000	11.000000	4.000000
7.000000	11.000000	10.000000	1.000000	3.000000
9.593644	10.298478	10.839048	9.930172	3.000000
16.000000	5.000000	6.000000	10.000000	17.000000
6.000000	8.000000	3.000000	12.000000	10.000000
8.000000	12.000000	19.000000	3.000000	6.000000
12.240589	11.439758	11.288030	9.227390	5.000000
3.000000	12.000000	7.000000	12.000000	4.000000
2.000000	7.000000	8.000000	11.000000	11.000000
11.000000	18.000000	16.000000	16.000000	7.000000
4.000000	13.000000	7.000000	6.000000	4.000000
8.000000	5.000000	15.000000	6.000000	7.000000
12.000000	10.000000	1.000000	11.000000	2.000000
18.000000	5.000000	5.000000	4.000000	16.000000
9.000000	5.000000	14.000000	16.000000	7.000000
5.000000	18.000000	5.000000	12.000000	5.000000
3.000000	15.000000	17.000000	1.000000	12.000000
20.000000	8.000000	16.000000	6.000000	6.000000
9.125599	11.145448	10.600073	11.475073	20.000000
8.000000	12.000000	4.000000	13.000000	7.000000
11.000000	13.000000	12.000000	5.000000	8.000000
8.358347	8.983537	8.653736	9.876953	12.000000
2.000000	17.000000	18.000000	19.000000	9.000000
9.000000	10.000000	17.000000	4.000000	16.000000
2.000000	17.000000	5.000000	8.000000	11.000000
4.000000	15.000000	14.000000	7.000000	19.000000
13.000000	17.000000	11.000000	16.000000	13.000000
19.000000	5.000000	5.000000	16.000000	19.000000
9.740872	9.446196	12.502087	9.587176	7.000000
15.000000	13.000000	17.000000	3.000000	8.000000
4.000000	16.000000	5.000000	20.000000	3.000000
7.000000	3.000000	18.000000	1.000000	1.000000
8.000000	13.000000	9.000000	19.000000	8.000000
2.000000	9.000000	4.000000	6.000000	4.000000
2.000000	14.000000	4.000000	20.000000	10.000000
11.000000	7.000000	3.000000	19.000000	9.000000
8.959551	10.010062	9.234203	9.175591	13.000000
19.000000	13.000000	7.000000	16.000000	5.000000
7.000000	4.000000	9.000000	15.000000	14.000000
10.520354	10.179049	9.533368	10.731731	6.000000
17.000000	13.000000	11.000000	20.000000	4.000000
11.294511	10.331277	9.967978	9.974669	20.000000
11.000000	4.000000	5.000000	7.000000	9.000000
17.000000	5.000000	13.000000	3.000000	13.000000
17.000000	1.000000	8.000000	5.000000	16.000000
1.000000	12.000000	15.000000	2.000000	3.000000
20.000000	10.000000	7.000000	10.000000	9.000000
10.000000	2.000000	11.000000	12.000000	3.000000
8.462904	9.920146	8.196830	11.194206	20.000000
19.000000	3.000000	16.000000	11.000000	18.000000
8.000000	8.000000	18.000000	7.000000	12.000000
5.000000	7.000000	4.000000	12.000000	20.000000
18.000000	11.000000	9.000000	4.000000	13.000000
10.000000	5.000000	14.000000	20.000000	8.000000
8.000000	1.000000	1.000000	18.000000	19.000000
12.000000	16.000000	14.000000	8.000000	6.000000
8.811740	11.723907	10.748323	10.167129	14.000000
17.000000	17.000000	12.000000	12.000000	8.000000
12.000000	9.000000	10.000000	12.000000	12.000000
2.000000	1.000000	8.000000	7.000000	12.000000
8.580631	8.445086	9.351950	8.284754	4.000000
3.000000	20.000000	19.000000	16.000000	19.000000
4.000000	18.000000	17.000000	9.000000	18.000000
8.617702	8.726172	8.435178	8.141599	16.000000
1.000000	17.000000	16.000000	10.000000	8.000000
19.000000	4.000000	1.000000	6.000000	2.000000
4.000000	1.000000	8.000000	8.000000	1.000000
11.000000	11.000000	20.000000	9.000000	18.000000
18.000000	5.000000	16.000000	14.000000	13.000000
13.000000	16.000000	9.000000	18.000000	1.000000
8.895735	8.593896	7.802536	10.028174	11.000000
16.000000	9.000000	6.000000	8.000000	6.000000
8.000000	12.000000	19.000000	15.000000	19.000000
19.000000	6.000000	1.000000	10.000000	6.000000
19.000000	19.000000	10.000000	14.000000	4.000000
14.000000	18.000000	19.000000	2.000000	7.000000
19.000000	9.000000	16.000000	7.000000	11.000000
18.000000	3.000000	11.000000	4.000000	10.000000
17.000000	11.000000	13.000000	15.000000	5.000000
12.000000	5.000000	2.000000	4.000000	14.000000
8.000000	2.000000	12.000000	9.000000	7.000000
9.674415	11.739168	9.871070	10.806462	16.000000
2.000000	16.000000	17.000000	9.000000	3.000000
7.000000	7.000000	17.000000	18.000000	10.000000
9.784487	10.258691	10.044921	7.444327	20.000000
16.000000	14.000000	16.000000	10.000000	17.000000
9.000000	9.000000	11.000000	12.000000	17.000000
9.150265	7.291423	8.560019	8.847590	3.000000
7.433382	9.102523	10.013897	9.678129	19.000000
13.000000	1.000000	5.000000	1.000000	18.000000
6.000000	18.000000	3.000000	17.000000	20.000000
14.000000	4.000000	13.000000	9.000000	13.000000
2.000000	17.000000	1.000000	12.000000	20.000000
10.000000	12.000000	18.000000	20.000000	8.000000
20.000000	18.000000	18.000000	10.000000	4.000000
16.000000	14.000000	5.000000	12.000000	14.000000
14.000000	9.000000	4.000000	17.000000	17.000000
15.000000	10.000000	20.000000	20.000000	11.000000
5.000000	1.000000	19.000000	5.000000	4.000000
19.000000	6.000000	15.000000	16.000000	6.000000
15.000000	7.000000	15.000000	12.000000	17.000000
19.000000	19.000000	2.000000	15.000000	2.000000
8.000000	8.000000	2.000000	3.000000	16.000000
18.000000	17.000000	18.000000	17.000000	16.000000
9.707383	9.774105	10.390831	10.563757	18.000000
19.000000	16.000000	3.000000	6.000000	3.000000
20.000000	20.000000	10.000000	7.000000	3.000000
18.000000	17.000000	1.000000	19.000000	11.000000
10.084250	8.541040	10.801127	10.639638	8.000000
8.993713	8.925184	7.307476	9.744648	20.000000
12.000000	14.000000	13.000000	20.000000	11.000000
10.000000	18.000000	19.000000	4.000000	15.000000
1.000000	16.000000	14.000000	10.000000	2.000000
16.000000	19.000000	18.000000	8.000000	18.000000
20.000000	1.000000	15.000000	9.000000	15.000000
15.000000	6.000000	18.000000	11.000000	12.000000
18.000000	14.000000	17.000000	10.000000	13.000000
20.000000	11.000000	3.000000	18.000000	6.000000
17.000000	10.000000	1.000000	3.000000	12.000000
14.000000	10.000000	10.000000	3.000000	10.000000
7.000000	2.000000	10.000000	14.000000	11.000000
17.000000	8.000000	8.000000	6.000000	10.000000
9.425590	8.787649	10.217311	10.876772	4.000000
8.000000	7.000000	6.000000	10.000000	16.000000
12.000000	18.000000	6.000000	4.000000	12.000000
9.000000	18.000000	2.000000	18.000000	12.000000
3.000000	17.000000	14.000000	12.000000	10.000000
16.000000	20.000000	9.000000	3.000000	18.000000
10.000000	6.000000	12.000000	4.000000	14.000000
16.000000	11.000000	12.000000	13.000000	12.000000
20.000000	16.000000	10.000000	17.000000	20.000000
1.000000	5.000000	9.000000	14.000000	2.000000
10.091491	10.415258	9.294541	9.367088	20.000000
19.000000	20.000000	11.000000	19.000000	15.000000
8.000000	8.000000	20.000000	20.000000	12.000000
5.000000	7.000000	14.000000	17.000000	19.000000
6.000000	8.000000	15.000000	15.000000	4.000000
6.000000	7.000000	20.000000	14.000000	13.000000
10.339376	10.700821	9.551568	8.983891	10.000000
9.536217	10.151576	10.703766	10.404468	20.000000
15.000000	9.000000	7.000000	15.000000	8.000000
10.000000	19.000000	14.000000	4.000000	7.000000
5.000000	9.000000	14.000000	19.000000	15.000000
9.000000	4.000000	1.000000	8.000000	9.000000
9.337520	9.492305	9.624472	10.789473	3.000000
6.000000	11.000000	15.000000	7.000000	12.000000
10.345542	10.497411	11.697928	8.870146	7.000000
8.000000	2.000000	6.000000	14.000000	5.000000
4.000000	18.000000	13.000000	18.000000	8.000000
19.000000	18.000000	3.000000	20.000000	18.000000
3.000000	4.000000	10.000000	7.000000	8.000000
10.800009	9.113350	10.018470	11.100547	11.000000
2.000000	12.000000	11.000000	14.000000	4.000000
18.000000	14.000000	5.000000	15.000000	19.000000
9.200756	9.907000	11.065931	9.262337	7.000000
15.000000	5.000000	5.000000	9.000000	16.000000
9.224375	11.001915	11.647076	9.918954	9.000000
19.000000	14.000000	13.000000	1.000000	11.000000
15.000000	14.000000	14.000000	6.000000	8.000000
17.000000	15.000000	1.000000	14.000000	9.000000
19.000000	7.000000	18.000000	6.000000	12.000000
8.202228	8.705993	8.235059	6.909461	20.000000
3.000000	14.000000	2.000000	14.000000	16.000000
2.000000	4.000000	1.000000	7.000000	4.000000
3.000000	13.000000	17.000000	17.000000	10.000000
4.000000	5.000000	4.000000	16.000000	10.000000
9.483875	8.442815	8.363064	7.740378	3.000000
8.000000	18.000000	14.000000	15.000000	10.000000
5.000000	18.000000	3.000000	18.000000	11.000000
10.000000	12.000000	14.000000	10.000000	10.000000
17.000000	12.000000	2.000000	5.000000	20.000000
12.000000	9.000000	5.000000	15.000000	16.000000
11.097444	10.853300	9.811608	11.009648	4.000000
9.226042	11.540028	10.718272	9.895159	3.000000
8.380257	8.168046	6.374447	7.164713	4.000000
2.000000	5.000000	7.000000	7.000000	6.000000
7.730808	7.535546	9.625918	8.661493	20.000000
9.329430	9.439147	10.170727	9.175905	15.000000
8.147742	9.273100	8.226341	8.954368	3.000000
20.000000	12.000000	3.000000	4.000000	1.000000
18.000000	17.000000	6.000000	9.000000	12.000000
1.000000	11.000000	8.000000	7.000000	9.000000
5.000000	2.000000	4.000000	13.000000	11.000000
11.812148	10.855280	10.680013	11.743050	9.000000
4.000000	4.000000	11.000000	12.000000	12.000000
5.000000	3.000000	3.000000	8.000000	6.000000
15.000000	5.000000	2.000000	20.000000	13.000000
5.000000	13.000000	15.000000	12.000000	19.000000
4.000000	16.000000	13.000000	7.000000	1.000000
8.780698	7.071115	8.118028	8.563839	10.000000
7.361645	9.648122	9.064687	9.066723	19.000000
8.000000	12.000000	2.000000	10.000000	19.000000
19.000000	16.000000	15.000000	1.000000	8.000000
8.000000	5.000000	20.000000	14.000000	9.000000
10.000000	17.000000	4.000000	2.000000	15.000000
10.530885	7.365473	10.657370	10.052291	8.000000
4.000000	6.000000	15.000000	1.000000	13.000000
10.289342	11.556776	8.120490	9.793623	10.000000
15.000000	5.000000	5.000000	9.000000	17.000000
8.581632	11.817991	10.277759	9.377367	2.000000
9.000000	13.000000	10.000000	5.000000	14.000000
17.000000	20.000000	10.000000	11.000000	12.000000
17.000000	7.000000	17.000000	11.000000	7.000000
1.000000	15.000000	6.000000	17.000000	1.000000
15.000000	11.000000	17.000000	12.000000	19.000000
13.000000	15.000000	19.000000	5.000000	18.000000
7.782442	8.320580	7.641657	7.445855	10.000000
3.000000	17.000000	9.000000	12.000000	8.000000
1.000000	20.000000	6.000000	9.000000	10.000000
4.000000	10.000000	5.000000	9.000000	6.000000
17.000000	16.000000	8.000000	5.000000	7.000000
18.000000	17.000000	1.000000	16.000000	1.000000
18.000000	15.000000	6.000000	19.000000	16.000000
15.000000	14.000000	12.000000	16.000000	17.000000
11.000000	16.000000	17.000000	16.000000	16.000000
6.000000	19.000000	17.000000	2.000000	20.000000
14.000000	10.000000	15.000000	1.000000	14.000000
13.000000	19.000000	2.000000	13.000000	14.000000
9.388275	9.964125	9.655072	9.302386	13.000000
8.869952	9.577852	10.816913	9.143227	10.000000
8.889333	11.290218	11.397206	10.400002	9.000000
12.000000	16.000000	20.000000	1.000000	10.000000
19.000000	14.000000	19.000000	5.000000	15.000000
5.000000	17.000000	13.000000	6.000000	1.000000
8.549401	10.587762	9.257739	10.394326	20.000000
9.488052	10.084196	9.148235	9.438791	8.000000
7.000000	19.000000	9.000000	3.000000	9.000000
9.000000	6.000000	17.000000	8.000000	6.000000
6.000000	18.000000	20.000000	16.000000	14.000000
6.000000	12.000000	10.000000	10.000000	18.000000
3.000000	7.000000	9.000000	9.000000	17.000000
20.000000	8.000000	13.000000	5.000000	13.000000
20.000000	11.000000	3.000000	20.000000	5.000000
12.000000	1.000000	3.000000	20.000000	20.000000
20.000000	17.000000	18.000000	11.000000	12.000000
11.000000	16.000000	4.000000	13.000000	5.000000
13.000000	7.000000	4.000000	1.000000	15.000000
20.000000	1.000000	3.000000	4.000000	17.000000
10.558802	8.536781	10.267369	8.703680	15.000000
16.000000	12.000000	15.000000	10.000000	11.000000
9.062176	10.508977	9.608194	9.848651	12.000000
11.000000	14.000000	8.000000	6.000000	18.000000
4.000000	18.000000	16.000000	7.000000	10.000000
11.000000	18.000000	2.000000	5.000000	2.000000
11.000000	11.000000	17.000000	10.000000	19.000000
11.000000	5.000000	11.000000	6.000000	15.000000
13.000000	12.000000	16.000000	20.000000	15.000000
7.000000	2.000000	20.000000	6.000000	7.000000
6.101741	8.147309	10.813023	8.871490	8.000000
17.000000	15.000000	18.000000	19.000000	19.000000
19.000000	9.000000	9.000000	7.000000	10.000000
9.053018	9.972649	8.877411	9.337318	14.000000
9.708312	8.880713	9.190695	8.985622	5.000000
11.059665	9.626495	9.615337	8.867554	11.000000
12.000000	20.000000	12.000000	19.000000	4.000000
20.000000	16.000000	19.000000	17.000000	14.000000
17.000000	7.000000	14.000000	18.000000	13.000000
15.000000	17.000000	1.000000	20.000000	10.000000
7.000000	12.000000	3.000000	3.000000	10.000000
20.000000	14.000000	15.000000	5.000000	4.000000
6.000000	9.000000	15.000000	17.000000	7.000000
18.000000	8.000000	2.000000	16.000000	16.000000
9.432193	9.782370	9.659558	7.916724	2.000000
6.000000	6.000000	10.000000	19.000000	18.000000
8.172249	9.190778	9.256724	9.822906	19.000000
18.000000	12.000000	12.000000	13.000000	17.000000
7.000000	10.000000	17.000000	1.000000	6.000000
3.000000	19.000000	14.000000	17.000000	6.000000
6.168054	9.713255	8.801200	7.243791	19.000000
3.000000	20.000000	4.000000	12.000000	18.000000
1.000000	10.000000	14.000000	1.000000	3.000000
5.000000	19.000000	6.000000	8.000000	3.000000
8.438655	8.365757	7.197905	6.578120	7.000000
7.783339	9.654047	7.986362	10.174267	1.000000
11.492594	10.129723	12.239630	10.148179	17.000000
13.000000	7.000000	8.000000	9.000000	10.000000
18.000000	1.000000	20.000000	11.000000	14.000000
14.000000	15.000000	12.000000	19.000000	3.000000
10.009355	10.398203	10.183241	8.184822	2.000000
7.000000	5.000000	6.000000	16.000000	19.000000
6.000000	10.000000	13.000000	13.000000	5.000000
1.000000	17.000000	3.000000	20.000000	5.000000
13.000000	17.000000	18.000000	4.000000	8.000000
11.000000	9.000000	14.000000	14.000000	19.000000
8.000000	11.000000	3.000000	8.000000	7.000000
10.553096	8.358607	8.868408	9.308791	2.000000
13.000000	8.000000	3.000000	17.000000	20.000000
19.000000	9.000000	16.000000	2.000000	9.000000
13.000000	6.000000	5.000000	2.000000	1.000000
4.000000	4.000000	1.000000	10.000000	9.000000
9.167000	10.233954	10.357047	8.588774	17.000000
9.632323	10.600979	7.736226	9.008472	19.000000
4.000000	4.000000	6.000000	18.000000	12.000000
10.925488	11.108524	10.266331	8.859826	1.000000
1.000000	9.000000	6.000000	5.000000	10.000000
18.000000	1.000000	13.000000	18.000000	10.000000
8.202389	10.372835	9.769666	8.332049	10.000000
14.000000	7.000000	19.000000	16.000000	5.000000
17.000000	11.000000	20.000000	15.000000	20.000000
8.893577	9.803411	9.370273	9.816396	7.000000
8.000000	4.000000	15.000000	6.000000	8.000000
16.000000	3.000000	20.000000	20.000000	1.000000
1.000000	12.000000	9.000000	19.000000	2.000000
10.000000	4.000000	8.000000	8.000000	20.000000
10.720349	8.576471	10.033504	10.223377	2.000000
9.652970	9.016903	10.624852	9.107127	10.000000
3.000000	8.000000	13.000000	10.000000	13.000000
13.000000	17.000000	8.000000	4.000000	17.000000
20.000000	5.000000	20.000000	8.000000	3.000000
14.000000	9.000000	6.000000	13.000000	8.000000
8.983868	6.742480	8.805107	9.044748	5.000000
17.000000	4.000000	11.000000	13.000000	4.000000
13.000000	7.000000	11.000000	17.000000	8.000000
10.224164	11.370264	10.491092	12.012448	5.000000
13.000000	14.000000	9.000000	4.000000	1.000000
3.000000	17.000000	1.000000	20.000000	10.000000
20.000000	9.000000	18.000000	14.000000	19.000000
2.000000	2.000000	2.000000	5.000000	6.000000
8.564961	8.138177	7.706564	7.278940	5.000000
12.000000	14.000000	6.000000	8.000000	8.000000
2.000000	20.000000	1.000000	10.000000	16.000000
13.000000	4.000000	12.000000	5.000000	3.000000
10.554260	9.275317	10.411830	10.832078	18.000000
1.000000	12.000000	19.000000	2.000000	16.000000
17.000000	18.000000	4.000000	1.000000	17.000000
1.000000	12.000000	10.000000	6.000000	12.000000
10.000000	7.000000	3.000000	10.000000	8.000000
18.000000	15.000000	3.000000	10.000000	19.000000
6.881880	6.820383	8.817721	7.431875	12.000000
12.000000	8.000000	4.000000	10.000000	2.000000
11.000000	18.000000	19.000000	7.000000	18.000000
15.000000	7.000000	2.000000	17.000000	4.000000
13.000000	6.000000	2.000000	15.000000	7.000000
9.831286	11.342773	9.088547	10.064796	14.000000
12.000000	19.000000	15.000000	6.000000	18.000000
7.000000	17.000000	6.000000	2.000000	18.000000
10.583270	9.402118	10.817550	11.320826	10.000000
9.777294	7.244279	8.312489	7.943307	12.000000
11.000000	18.000000	9.000000	4.000000	13.000000
10.399118	8.689701	8.511167	9.713202	18.000000
10.000000	11.000000	17.000000	4.000000	16.000000
14.000000	10.000000	12.000000	11.000000	11.000000
8.908919	10.531680	9.316337	8.995816	10.000000
8.554952	11.126622	10.191774	7.725091	14.000000
10.493847	9.883238	9.145160	11.811266	18.000000
16.000000	10.000000	13.000000	4.000000	9.000000
10.430769	11.250706	10.906091	9.218275	8.000000
9.192892	9.495017	8.132640	9.000983	7.000000
20.000000	10.000000	7.000000	6.000000	5.000000
16.000000	10.000000	5.000000	20.000000	13.000000
7.969680	9.050758	6.850495	9.922158	10.000000
15.000000	1.000000	12.000000	8.000000	4.000000
7.918255	8.055873	9.526366	7.232529	20.000000
9.240710	8.302419	7.241823	7.919005	9.000000
9.000000	4.000000	10.000000	8.000000	9.000000
14.000000	3.000000	10.000000	11.000000	15.000000
2.000000	1.000000	1.000000	20.000000	6.000000
11.000000	6.000000	6.000000	14.000000	13.000000
1.000000	5.000000	14.000000	8.000000	7.000000
13.000000	2.000000	19.000000	8.000000	6.000000
19.000000	8.000000	1.000000	8.000000	15.000000
9.000000	13.000000	10.000000	11.000000	3.000000
4.000000	4.000000	15.000000	4.000000	3.000000
20.000000	6.000000	9.000000	5.000000	19.000000
13.000000	5.000000	4.000000	19.000000	4.000000
9.286781	11.441455	9.610946	9.373995	2.000000
3.000000	18.000000	10.000000	3.000000	5.000000
16.000000	3.000000	10.000000	17.000000	13.000000
12.000000	20.000000	17.000000	7.000000	16.000000
11.000000	18.000000	13.000000	11.000000	3.000000
12.000000	16.000000	19.000000	7.000000	6.000000
15.000000	20.000000	8.000000	20.000000	20.000000
2.000000	2.000000	9.000000	3.000000	16.000000
6.000000	18.000000	18.000000	15.000000	15.000000
3.000000	18.000000	6.000000	11.000000	16.000000
13.000000	13.000000	14.000000	18.000000	4.000000
8.000000	9.000000	11.000000	18.000000	7.000000
16.000000	12.000000	6.000000	15.000000	3.000000
17.000000	16.000000	16.000000	18.000000	18.000000
11.000000	3.000000	8.000000	1.000000	9.000000
14.000000	3.000000	6.000000	11.000000	13.000000
14.000000	16.000000	5.000000	19.000000	13.000000
20.000000	6.000000	13.000000	10.000000	15.000000
11.000000	17.000000	7.000000	8.000000	4.000000
9.000000	5.000000	11.000000	17.000000	14.000000
8.338821	9.461568	11.245211	9.437466	7.000000
16.000000	13.000000	1.000000	13.000000	15.000000
5.000000	18.000000	10.000000	10.000000	16.000000
14.000000	1.000000	13.000000	6.000000	3.000000
9.425145	8.108224	10.180621	6.445157	16.000000
14.000000	14.000000	12.000000	5.000000	10.000000
9.739132	9.402425	8.705603	6.876634	4.000000
9.220151	10.552829	8.724875	7.464429	11.000000
10.613276	9.836305	10.871876	9.158556	13.000000
4.000000	17.000000	14.000000	17.000000	15.000000
16.000000	16.000000	2.000000	6.000000	1.000000
17.000000	20.000000	14.000000	8.000000	16.000000
8.660722	9.329947	9.212327	9.539770	15.000000
15.000000	2.000000	13.000000	2.000000	1.000000
9.846410	11.796728	9.300740	9.166663	18.000000
17.000000	19.000000	15.000000	2.000000	7.000000
1.000000	17.000000	2.000000	2.000000	15.000000
2.000000	11.000000	6.000000	8.000000	18.000000
1.000000	3.000000	2.000000	12.000000	10.000000
8.000000	6.000000	11.000000	1.000000	19.000000
12.000000	8.000000	13.000000	16.000000	11.000000
11.000000	12.000000	1.000000	17.000000	14.000000
8.000000	17.000000	2.000000	9.000000	18.000000
8.000000	11.000000	8.000000	5.000000	18.000000
18.000000	5.000000	12.000000	11.000000	8.000000
1.000000	18.000000	13.000000	3.000000	10.000000
7.949913	9.130483	9.938934	9.293438	1.000000
11.284052	9.047526	8.539104	10.815950	2.000000
10.000000	7.000000	10.000000	3.000000	15.000000
9.625292	8.974413	9.415458	7.510776	7.000000
14.000000	4.000000	12.000000	17.000000	14.000000
19.000000	17.000000	3.000000	4.000000	20.000000
13.000000	18.000000	5.000000	1.000000	13.000000
18.000000	20.000000	10.000000	14.000000	19.000000
3.000000	3.000000	5.000000	12.000000	17.000000
11.000000	11.000000	19.000000	8.000000	17.000000
6.000000	13.000000	20.000000	9.000000	10.000000
5.000000	7.000000	18.000000	7.000000	2.000000
7.965278	6.971035	7.107296	8.415100	12.000000
4.000000	3.000000	11.000000	6.000000	16.000000
1.000000	8.000000	10.000000	5.000000	20.000000
6.000000	7.000000	10.000000	17.000000	14.000000
18.000000	2.000000	19.000000	9.000000	10.000000
8.000000	13.000000	8.000000	17.000000	11.000000
9.600737	8.051220	8.396568	8.396711	11.000000
9.911544	11.065555	9.293207	10.572847	1.000000
12.000000	7.000000	1.000000	1.000000	3.000000
12.000000	18.000000	9.000000	13.000000	14.000000
11.183498	10.088954	12.087616	11.826731	18.000000
16.000000	12.000000	2.000000	4.000000	8.000000
4.000000	17.000000	5.000000	5.000000	9.000000
15.000000	1.000000	16.000000	19.000000	7.000000
9.000000	10.000000	13.000000	9.000000	2.000000
15.000000	12.000000	20.000000	16.000000	4.000000
5.000000	10.000000	13.000000	12.000000	14.000000
9.859813	11.377696	7.853840	9.154952	2.000000
4.000000	18.000000	18.000000	9.000000	15.000000
18.000000	15.000000	15.000000	14.000000	14.000000
14.000000	2.000000	15.000000	6.000000	2.000000
9.000000	13.000000	13.000000	20.000000	8.000000
16.000000	4.000000	17.000000	20.000000	15.000000
2.000000	13.000000	14.000000	18.000000	7.000000
7.000000	1.000000	16.000000	17.000000	1.000000
11.248869	12.489376	12.434192	10.935798	7.000000
9.825384	9.559366	9.451100	9.187456	15.000000
8.989429	8.993004	10.111302	8.772152	14.000000
6.000000	20.000000	10.000000	14.000000	19.000000
16.000000	15.000000	3.000000	1.000000	12.000000
9.000000	8.000000	5.000000	5.000000	4.000000
5.000000	6.000000	9.000000	12.000000	2.000000
8.000000	4.000000	3.000000	7.000000	11.000000
10.000000	20.000000	17.000000	8.000000	4.000000
3.000000	14.000000	4.000000	12.000000	19.000000
14.000000	7.000000	14.000000	9.000000	8.000000
8.918054	9.355003	7.855216	9.890894	13.000000
2.000000	6.000000	11.000000	10.000000	9.000000
4.000000	9.000000	13.000000	7.000000	16.000000
15.000000	8.000000	7.000000	3.000000	15.000000
10.000000	5.000000	20.000000	5.000000	16.000000
19.000000	11.000000	15.000000	4.000000	19.000000
14.000000	8.000000	7.000000	20.000000	1.000000
10.134637	9.526585	9.612630	10.342037	2.000000
6.000000	17.000000	11.000000	10.000000	3.000000
18.000000	4.000000	2.000000	16.000000	7.000000
17.000000	5.000000	3.000000	8.000000	2.000000
11.000000	6.000000	4.000000	5.000000	9.000000
2.000000	10.000000	9.000000	20.000000	9.000000
9.713027	8.789520	10.047302	10.816992	4.000000
14.000000	3.000000	1.000000	16.000000	13.000000
9.685047	9.688591	8.521337	8.215492	20.000000
6.000000	5.000000	17.000000	9.000000	12.000000
10.000000	19.000000	10.000000	13.000000	15.000000
9.227415	9.604266	9.026905	7.889170	13.000000
4.000000	18.000000	16.000000	16.000000	15.000000
8.062327	8.368235	9.645606	9.929762	17.000000
2.000000	6.000000	13.000000	9.000000	14.000000
13.000000	15.000000	18.000000	1.000000	15.000000
7.504731	8.956755	7.495293	7.858002	2.000000
7.000000	20.000000	7.000000	10.000000	9.000000
11.000000	13.000000	19.000000	6.000000	8.000000
9.207108	9.339457	9.220880	8.356033	7.000000
16.000000	15.000000	4.000000	9.000000	16.000000
8.942960	10.118725	9.505919	8.927656	13.000000
16.000000	19.000000	14.000000	8.000000	8.000000
15.000000	6.000000	7.000000	1.000000	15.000000
8.000000	3.000000	19.000000	6.000000	9.000000
18.000000	10.000000	5.000000	17.000000	4.000000
3.000000	13.000000	18.000000	19.000000	13.000000
10.637705	9.252839	11.385021	9.209186	5.000000
9.000000	1.000000	3.000000	2.000000	8.000000
2.000000	8.000000	5.000000	1.000000	20.000000
19.000000	8.000000	2.000000	9.000000	13.000000
2.000000	18.000000	14.000000	6.000000	15.000000
17.000000	1.000000	19.000000	7.000000	11.000000
11.000000	11.000000	17.000000	7.000000	17.000000
10.628428	9.415125	9.785076	8.669297	8.000000
8.403700	9.240297	9.878464	8.832851	17.000000
6.000000	12.000000	16.000000	19.000000	20.000000
12.091500	10.294140	9.568983	11.457934	18.000000
4.000000	2.000000	18.000000	2.000000	8.000000
8.000000	4.000000	18.000000	17.000000	10.000000
14.000000	9.000000	16.000000	3.000000	16.000000
15.000000	19.000000	12.000000	1.000000	11.000000
20.000000	18.000000	2.000000	15.000000	16.000000
14.000000	14.000000	16.000000	3.000000	18.000000
14.000000	18.000000	19.000000	3.000000	19.000000
10.147768	10.027436	8.191465	10.903233	19.000000
15.000000	1.000000	19.000000	2.000000	3.000000
14.000000	8.000000	13.000000	5.000000	8.000000
11.546309	11.774829	10.817071	11.314252	10.000000
10.541967	10.305350	9.010584	9.250360	4.000000
13.000000	5.000000	1.000000	11.000000	19.000000
11.000000	9.000000	1.000000	4.000000	4.000000
11.000000	10.000000	4.000000	10.000000	11.000000
11.441118	10.474541	10.068093	10.545148	20.000000
17.000000	6.000000	15.000000	5.000000	3.000000
17.000000	9.000000	4.000000	11.000000	20.000000
20.000000	15.000000	16.000000	12.000000	18.000000
7.255489	9.088840	8.007717	7.704463	18.000000
9.764073	10.059094	11.490016	11.326900	10.000000
10.000000	14.000000	13.000000	20.000000	5.000000
4.000000	16.000000	10.000000	18.000000	1.000000
4.000000	6.000000	1.000000	20.000000	17.000000
20.000000	11.000000	3.000000	7.000000	2.000000
9.365685	9.348366	8.463609	10.652054	10.000000
6.000000	9.000000	19.000000	5.000000	13.000000
8.000000	14.000000	18.000000	12.000000	13.000000
8.704413	7.271334	9.046617	8.212193	5.000000
8.155816	9.614510	7.646088	9.657933	18.000000
10.643916	10.823245	11.399116	10.734406	10.000000
10.082211	11.469687	11.038700	11.067795	1.000000
11.000000	2.000000	9.000000	1.000000	6.000000
8.397254	9.206107	10.305841	9.003185	4.000000
16.000000	4.000000	10.000000	16.000000	7.000000
9.933509	9.552751	10.525349	8.767307	12.000000
15.000000	13.000000	15.000000	15.000000	5.000000
9.465355	9.800589	7.912186	9.485948	12.000000
10.362632	10.109501	11.478800	10.855168	11.000000
3.000000	2.000000	2.000000	14.000000	12.000000
5.000000	2.000000	15.000000	15.000000	9.000000
10.281833	9.130254	9.948284	11.638859	15.000000
10.474803	10.190237	9.730216	9.842296	19.000000
12.000000	2.000000	14.000000	20.000000	18.000000
18.000000	8.000000	8.000000	3.000000	17.000000
8.347514	8.845572	9.809426	9.506667	11.000000
10.626192	9.539776	9.098621	9.044942	2.000000
20.000000	20.000000	2.000000	8.000000	10.000000
8.000000	20.000000	15.000000	15.000000	18.000000
13.000000	19.000000	19.000000	19.000000	18.000000
7.436977	10.006217	8.700629	10.943878	10.000000
6.000000	6.000000	14.000000	3.000000	9.000000
16.000000	3.000000	4.000000	7.000000	9.000000
18.000000	19.000000	9.000000	11.000000	18.000000
18.000000	18.000000	17.000000	4.000000	5.000000
14.000000	17.000000	3.000000	5.000000	7.000000
12.000000	13.000000	2.000000	1.000000	20.000000
11.000000	6.000000	17.000000	16.000000	20.000000
5.000000	4.000000	2.000000	1.000000	2.000000
3.000000	18.000000	20.000000	3.000000	20.000000
18.000000	12.000000	17.000000	6.000000	16.000000
7.652604	11.051242	9.750122	7.868619	16.000000
10.000000	19.000000	8.000000	3.000000	11.000000
7.000000	5.000000	17.000000	16.000000	12.000000
16.000000	20.000000	15.000000	10.000000	12.000000
