17.000000	4.000000	1.000000	16.000000	6.000000
20.000000	5.000000	17.000000	9.000000	11.000000
9.414224	8.540027	8.875391	9.602373	8.000000
11.355138	12.428452	11.291581	7.808359	10.000000
20.000000	14.000000	14.000000	16.000000	9.000000
6.000000	4.000000	1.000000	12.000000	5.000000
12.000000	8.000000	8.000000	13.000000	16.000000
10.017965	11.718704	11.400097	11.617144	20.000000
9.916208	9.640923	9.088459	10.944160	15.000000
20.000000	11.000000	3.000000	9.000000	6.000000
11.733006	9.822861	9.482306	10.634527	16.000000
8.000000	15.000000	11.000000	8.000000	6.000000
15.000000	12.000000	6.000000	14.000000	4.000000
1.000000	10.000000	7.000000	12.000000	2.000000
7.000000	14.000000	10.000000	11.000000	16.000000
9.328880	9.100818	9.260025	9.988618	10.000000
4.000000	2.000000	17.000000	3.000000	3.000000
4.000000	3.000000	17.000000	14.000000	2.000000
15.000000	20.000000	13.000000	12.000000	13.000000
8.000000	12.000000	2.000000	15.000000	3.000000
16.000000	13.000000	8.000000	5.000000	3.000000
9.741065	9.873452	10.571707	9.570357	19.000000
13.000000	17.000000	13.000000	1.000000	12.000000
9.771506	8.939306	8.367195	8.607973	18.000000
19.000000	10.000000	18.000000	12.000000	1.000000
2.000000	11.000000	4.000000	4.000000	5.000000
18.000000	19.000000	17.000000	6.000000	15.000000
19.000000	1.000000	16.000000	2.000000	6.000000
9.230541	8.012693	9.352927	8.620007	7.000000
5.000000	17.000000	11.000000	2.000000	20.000000
8.000000	1.000000	1.000000	17.000000	4.000000
1.000000	19.000000	14.000000	4.000000	14.000000
19.000000	1.000000	4.000000	7.000000	18.000000
18.000000	18.000000	18.000000	5.000000	11.000000
3.000000	11.000000	17.000000	17.000000	12.000000
3.000000	13.000000	8.000000	5.000000	15.000000
19.000000	12.000000	7.000000	19.000000	1.000000
9.228761	9.733488	10.073321	11.089585	6.000000
4.000000	13.000000	7.000000	7.000000	12.000000
16.000000	16.000000	9.000000	14.000000	1.000000
19.000000	8.000000	3.000000	15.000000	16.000000
9.000926	9.298025	8.676097	9.938337	13.000000
15.000000	20.000000	17.000000	13.000000	11.000000
17.000000	2.000000	1.000000	7.000000	16.000000
19.000000	10.000000	1.000000	17.000000	8.000000
4.000000	12.000000	3.000000	12.000000	5.000000
3.000000	2.000000	5.000000	5.000000	9.000000
20.000000	19.000000	17.000000	20.000000	12.000000
10.000000	6.000000	3.000000	18.000000	18.000000
5.000000	14.000000	11.000000	18.000000	12.000000
19.000000	16.000000	13.000000	11.000000	12.000000
20.000000	14.000000	3.000000	2.000000	5.000000
9.966757	8.339582	8.756182	11.692183	1.000000
9.688599	8.617572	10.166369	10.211371	7.000000
2.000000	4.000000	12.000000	17.000000	1.000000
10.000000	1.000000	6.000000	12.000000	18.000000
17.000000	10.000000	13.000000	9.000000	20.000000
4.000000	8.000000	13.000000	19.000000	1.000000
9.000000	18.000000	5.000000	7.000000	13.000000
18.000000	12.000000	7.000000	8.000000	6.000000
13.000000	2.000000	9.000000	17.000000	18.000000
1.000000	6.000000	18.000000	6.000000	17.000000
8.000000	14.000000	19.000000	20.000000	14.000000
18.000000	16.000000	1.000000	3.000000	14.000000
14.000000	11.000000	11.000000	10.000000	9.000000
3.000000	7.000000	1.000000	1.000000	15.000000
10.018671	10.437550	8.022335	8.806727	2.000000
5.000000	7.000000	19.000000	14.000000	13.000000
10.714595	11.786138	11.436439	9.981165	1.000000
8.878657	10.919958	10.197390	9.183258	17.000000
9.000000	17.000000	19.000000	11.000000	7.000000
8.000000	5.000000	13.000000	20.000000	5.000000
19.000000	17.000000	2.000000	6.000000	3.000000
15.000000	2.000000	2.000000	5.000000	16.000000
14.000000	12.000000	16.000000	11.000000	8.000000
8.000000	14.000000	2.000000	15.000000	18.000000
10.000000	15.000000	14.000000	9.000000	17.000000
8.526567	9.492441	7.980890	11.318337	7.000000
18.000000	3.000000	15.000000	11.000000	9.000000
10.000000	6.000000	2.000000	11.000000	10.000000
7.857006	10.349184	9.424670	8.656856	6.000000
9.446290	7.955192	8.317453	9.165512	11.000000
9.000000	4.000000	17.000000	2.000000	12.000000
14.000000	14.000000	11.000000	14.000000	18.000000
17.000000	3.000000	20.000000	3.000000	14.000000
20.000000	12.000000	11.000000	2.000000	2.000000
10.645003	10.889634	9.826417	11.942486	14.000000
3.000000	5.000000	10.000000	14.000000	6.000000
20.000000	2.000000	1.000000	16.000000	15.000000
11.808084	10.339890	10.768360	8.452030	15.000000
5.000000	10.000000	9.000000	17.000000	13.000000
2.000000	16.000000	4.000000	12.000000	9.000000
18.000000	4.000000	19.000000	14.000000	8.000000
4.000000	8.000000	12.000000	13.000000	13.000000
12.574492	12.040558	9.159622	9.951327	12.000000
1.000000	13.000000	12.000000	8.000000	15.000000
18.000000	13.000000	16.000000	19.000000	9.000000
20.000000	20.000000	16.000000	16.000000	4.000000
5.000000	13.000000	19.000000	15.000000	6.000000
10.696211	10.835047	10.129942	10.865012	15.000000
18.000000	17.000000	18.000000	4.000000	6.000000
1.000000	4.000000	19.000000	5.000000	3.000000
5.000000	2.000000	7.000000	12.000000	20.000000
7.000000	12.000000	12.000000	3.000000	7.000000
7.000000	19.000000	11.000000	5.000000	5.000000
8.000000	2.000000	14.000000	13.000000	10.000000
8.705077	10.634607	9.225967	9.065143	6.000000
12.000000	18.000000	1.000000	2.000000	2.000000
8.948771	9.866227	10.503328	10.899018	17.000000
9.816203	9.762959	10.142711	9.003000	10.000000
8.584046	10.227903	9.709402	9.707004	12.000000
4.000000	8.000000	13.000000	18.000000	12.000000
2.000000	17.000000	14.000000	8.000000	14.000000
11.000000	11.000000	4.000000	11.000000	12.000000
5.000000	6.000000	17.000000	12.000000	7.000000
5.000000	19.000000	14.000000	5.000000	8.000000
4.000000	14.000000	16.000000	15.000000	2.000000
7.000000	19.000000	1.000000	12.000000	8.000000
12.000000	13.000000	4.000000	18.000000	12.000000
18.000000	8.000000	2.000000	1.000000	11.000000
10.530624	11.590209	11.018242	11.443234	1.000000
14.000000	18.000000	11.000000	7.000000	2.000000
10.531389	8.501365	9.612233	11.228804	17.000000
8.000000	4.000000	7.000000	20.000000	15.000000
14.000000	12.000000	7.000000	17.000000	9.000000
19.000000	6.000000	8.000000	12.000000	18.000000
10.000000	5.000000	15.000000	17.000000	17.000000
15.000000	10.000000	14.000000	17.000000	9.000000
7.000000	6.000000	2.000000	14.000000	11.000000
10.000000	13.000000	14.000000	16.000000	13.000000
9.761615	9.255350	11.745039	8.971411	10.000000
4.000000	16.000000	15.000000	3.000000	8.000000
13.000000	13.000000	4.000000	19.000000	9.000000
9.391581	9.729723	7.771403	8.665570	1.000000
11.000000	12.000000	6.000000	12.000000	17.000000
8.000000	14.000000	10.000000	1.000000	1.000000
2.000000	20.000000	2.000000	17.000000	18.000000
9.421479	10.236096	10.258010	9.364050	14.000000
20.000000	9.000000	18.000000	3.000000	7.000000
7.000000	15.000000	11.000000	9.000000	20.000000
3.000000	19.000000	3.000000	9.000000	10.000000
20.000000	16.000000	15.000000	1.000000	9.000000
9.103434	10.479217	7.456416	9.018394	18.000000
17.000000	19.000000	1.000000	10.000000	15.000000
14.000000	1.000000	16.000000	4.000000	16.000000
2.000000	10.000000	10.000000	5.000000	18.000000
1.000000	7.000000	8.000000	15.000000	7.000000
8.348245	7.861335	7.969254	9.459172	6.000000
11.000000	19.000000	7.000000	10.000000	15.000000
16.000000	7.000000	5.000000	8.000000	8.000000
8.559104	6.646299	7.768477	8.839780	17.000000
3.000000	20.000000	18.000000	4.000000	16.000000
15.000000	16.000000	2.000000	14.000000	11.000000
1.000000	2.000000	16.000000	3.000000	13.000000
14.000000	5.000000	3.000000	12.000000	6.000000
17.000000	20.000000	4.000000	13.000000	7.000000
9.010587	10.701611	9.572170	10.170229	9.000000
16.000000	13.000000	8.000000	13.000000	9.000000
3.000000	19.000000	4.000000	17.000000	12.000000
8.631554	9.991404	8.894691	10.175493	11.000000
8.936414	9.673500	9.958068	7.572142	18.000000
7.241523	7.717495	7.680294	6.797760	14.000000
4.000000	2.000000	17.000000	15.000000	12.000000
17.000000	11.000000	17.000000	5.000000	15.000000
5.000000	19.000000	6.000000	8.000000	7.000000
17.000000	14.000000	15.000000	2.000000	7.000000
17.000000	12.000000	13.000000	15.000000	4.000000
7.732144	10.518613	9.919671	9.339083	18.000000
10.125219	8.861093	10.270479	10.963957	16.000000
3.000000	10.000000	18.000000	19.000000	6.000000
9.002594	9.321117	9.494687	7.767899	2.000000
15.000000	6.000000	7.000000	9.000000	8.000000
13.000000	18.000000	11.000000	5.000000	12.000000
14.000000	15.000000	10.000000	17.000000	13.000000
19.000000	14.000000	14.000000	18.000000	18.000000
9.000000	12.000000	7.000000	7.000000	10.000000
11.118032	9.841957	10.410266	10.686688	8.000000
17.000000	6.000000	13.000000	16.000000	14.000000
12.000000	8.000000	11.000000	2.000000	13.000000
15.000000	7.000000	19.000000	4.000000	4.000000
11.000000	3.000000	17.000000	4.000000	12.000000
14.000000	12.000000	15.000000	13.000000	10.000000
4.000000	8.000000	20.000000	19.000000	19.000000
7.696469	9.764181	8.762525	11.176724	2.000000
10.000000	15.000000	2.000000	12.000000	9.000000
8.769058	10.786028	8.343013	9.437911	10.000000
10.000000	2.000000	4.000000	6.000000	17.000000
9.618612	11.038090	11.534774	8.511320	4.000000
10.105820	9.699704	9.766371	11.699956	6.000000
2.000000	20.000000	12.000000	5.000000	3.000000
6.000000	14.000000	9.000000	7.000000	6.000000
10.890591	9.963480	9.988016	10.270188	15.000000
12.000000	13.000000	16.000000	7.000000	11.000000
8.288369	9.745656	8.591825	9.461816	13.000000
17.000000	12.000000	20.000000	19.000000	13.000000
8.795481	9.183599	10.556142	8.657115	17.000000
6.000000	14.000000	10.000000	14.000000	12.000000
7.098602	8.639698	10.213031	8.250002	6.000000
17.000000	1.000000	10.000000	4.000000	20.000000
20.000000	7.000000	12.000000	13.000000	1.000000
17.000000	1.000000	13.000000	16.000000	12.000000
17.000000	13.000000	11.000000	20.000000	1.000000
7.000000	5.000000	6.000000	9.000000	18.000000
17.000000	7.000000	20.000000	11.000000	16.000000
17.000000	19.000000	9.000000	7.000000	2.000000
8.000000	18.000000	20.000000	19.000000	11.000000
20.000000	7.000000	3.000000	4.000000	3.000000
14.000000	12.000000	7.000000	17.000000	3.000000
9.599965	9.642025	8.900266	10.021223	3.000000
17.000000	20.000000	10.000000	8.000000	10.000000
5.000000	5.000000	8.000000	13.000000	3.000000
1.000000	12.000000	20.000000	12.000000	11.000000
2.000000	3.000000	17.000000	5.000000	7.000000
11.000000	18.000000	10.000000	17.000000	14.000000
13.000000	15.000000	9.000000	11.000000	18.000000
7.812632	8.422011	8.320813	7.228029	19.000000
6.000000	9.000000	3.000000	5.000000	1.000000
5.000000	17.000000	13.000000	16.000000	8.000000
15.000000	18.000000	11.000000	3.000000	2.000000
8.815145	7.882082	9.742010	9.092672	14.000000
17.000000	2.000000	1.000000	5.000000	5.000000
18.000000	7.000000	15.000000	15.000000	19.000000
13.000000	12.000000	7.000000	7.000000	17.000000
19.000000	3.000000	5.000000	3.000000	19.000000
13.000000	9.000000	8.000000	15.000000	4.000000
9.220360	9.624120	7.482943	9.654932	12.000000
14.000000	7.000000	6.000000	14.000000	11.000000
2.000000	12.000000	10.000000	16.000000	18.000000
8.000000	1.000000	9.000000	6.000000	7.000000
7.881290	8.836925	8.180823	8.787839	11.000000
20.000000	6.000000	19.000000	7.000000	20.000000
2.000000	7.000000	2.000000	2.000000	17.000000
5.000000	8.000000	4.000000	10.000000	1.000000
6.000000	3.000000	4.000000	15.000000	11.000000
1.000000	14.000000	11.000000	10.000000	19.000000
17.000000	6.000000	7.000000	18.000000	19.000000
17.000000	17.000000	4.000000	15.000000	15.000000
3.000000	9.000000	1.000000	16.000000	10.000000
11.010993	9.854577	10.499898	10.667636	2.000000
8.916517	10.118451	10.352176	9.659110	13.000000
15.000000	14.000000	6.000000	17.000000	15.000000
8.907907	10.051768	8.154520	9.243258	3.000000
11.000000	19.000000	11.000000	6.000000	5.000000
6.000000	9.000000	13.000000	6.000000	16.000000
15.000000	3.000000	16.000000	3.000000	15.000000
10.512319	11.079028	11.165587	12.028480	17.000000
17.000000	12.000000	2.000000	14.000000	8.000000
8.000000	10.000000	12.000000	19.000000	4.000000
14.000000	1.000000	2.000000	5.000000	7.000000
19.000000	10.000000	7.000000	11.000000	7.000000
2.000000	17.000000	10.000000	10.000000	12.000000
16.000000	19.000000	15.000000	20.000000	4.000000
3.000000	16.000000	15.000000	16.000000	2.000000
14.000000	3.000000	11.000000	5.000000	2.000000
15.000000	19.000000	2.000000	8.000000	15.000000
7.084239	8.522407	7.535317	8.698546	9.000000
2.000000	8.000000	17.000000	3.000000	17.000000
8.000000	19.000000	7.000000	3.000000	10.000000
10.000000	17.000000	18.000000	16.000000	13.000000
19.000000	9.000000	15.000000	9.000000	5.000000
16.000000	15.000000	15.000000	10.000000	3.000000
9.000000	9.000000	20.000000	4.000000	15.000000
8.000000	18.000000	14.000000	5.000000	20.000000
2.000000	4.000000	10.000000	8.000000	18.000000
20.000000	17.000000	15.000000	9.000000	4.000000
7.000000	7.000000	4.000000	13.000000	7.000000
9.783632	8.735000	8.423848	10.270055	10.000000
16.000000	11.000000	10.000000	15.000000	7.000000
10.290245	6.876693	8.073358	8.152750	11.000000
15.000000	10.000000	14.000000	5.000000	17.000000
8.094375	7.591440	9.551265	8.557989	4.000000
8.000000	16.000000	10.000000	3.000000	8.000000
16.000000	11.000000	8.000000	9.000000	13.000000
9.000000	16.000000	15.000000	19.000000	3.000000
13.000000	14.000000	17.000000	8.000000	3.000000
7.000000	3.000000	12.000000	12.000000	7.000000
1.000000	3.000000	2.000000	5.000000	12.000000
5.000000	5.000000	7.000000	6.000000	7.000000
7.525848	8.505903	9.373088	8.515068	2.000000
1.000000	15.000000	9.000000	8.000000	5.000000
11.000000	20.000000	10.000000	7.000000	8.000000
12.000000	5.000000	2.000000	16.000000	9.000000
8.000000	8.000000	11.000000	1.000000	12.000000
15.000000	17.000000	8.000000	1.000000	2.000000
15.000000	7.000000	14.000000	3.000000	13.000000
11.446288	10.782129	11.372317	12.442199	11.000000
10.377228	9.816380	9.894541	9.842697	5.000000
7.861380	10.240821	8.450317	9.396846	3.000000
9.000000	9.000000	10.000000	12.000000	1.000000
13.000000	6.000000	17.000000	1.000000	18.000000
18.000000	7.000000	5.000000	4.000000	9.000000
17.000000	10.000000	4.000000	15.000000	17.000000
6.000000	17.000000	15.000000	8.000000	8.000000
11.000000	8.000000	3.000000	3.000000	2.000000
5.000000	12.000000	10.000000	6.000000	15.000000
3.000000	19.000000	12.000000	19.000000	11.000000
10.569344	9.017313	10.420882	10.441300	4.000000
17.000000	1.000000	5.000000	1.000000	7.000000
2.000000	6.000000	3.000000	8.000000	5.000000
11.000000	18.000000	5.000000	5.000000	20.000000
6.000000	2.000000	3.000000	7.000000	7.000000
9.000000	9.000000	5.000000	20.000000	20.000000
7.000000	1.000000	20.000000	3.000000	17.000000
3.000000	20.000000	18.000000	19.000000	12.000000
16.000000	12.000000	17.000000	19.000000	19.000000
14.000000	1.000000	16.000000	18.000000	5.000000
16.000000	3.000000	6.000000	10.000000	1.000000
5.000000	19.000000	10.000000	1.000000	18.000000
1.000000	8.000000	10.000000	20.000000	10.000000
8.065146	9.833396	8.161214	9.558915	4.000000
12.000000	11.000000	16.000000	1.000000	1.000000
8.362397	10.032235	8.104178	8.870454	11.000000
18.000000	17.000000	5.000000	3.000000	18.000000
5.000000	19.000000	16.000000	6.000000	20.000000
8.568483	9.426394	8.438837	8.991235	9.000000
16.000000	13.000000	14.000000	9.000000	8.000000
18.000000	20.000000	11.000000	13.000000	20.000000
9.344707	9.033227	9.032896	9.226607	7.000000
15.000000	1.000000	15.000000	11.000000	15.000000
13.000000	8.000000	14.000000	20.000000	13.000000
13.000000	5.000000	3.000000	19.000000	12.000000
11.000000	6.000000	4.000000	5.000000	6.000000
4.000000	2.000000	6.000000	14.000000	6.000000
17.000000	16.000000	3.000000	10.000000	19.000000
2.000000	16.000000	11.000000	8.000000	7.000000
18.000000	20.000000	6.000000	11.000000	20.000000
10.000000	15.000000	16.000000	12.000000	5.000000
7.000000	3.000000	2.000000	11.000000	7.000000
8.000000	14.000000	20.000000	13.000000	19.000000
10.098889	8.585172	9.199601	11.074028	10.000000
17.000000	20.000000	18.000000	7.000000	8.000000
16.000000	4.000000	7.000000	1.000000	6.000000
18.000000	10.000000	20.000000	14.000000	2.000000
9.814966	9.067324	8.462864	10.633362	2.000000
2.000000	13.000000	7.000000	1.000000	17.000000
9.562555	9.271592	9.667208	8.567617	3.000000
7.000000	7.000000	15.000000	4.000000	5.000000
2.000000	19.000000	9.000000	20.000000	11.000000
14.000000	18.000000	20.000000	6.000000	3.000000
1.000000	9.000000	14.000000	16.000000	6.000000
8.000000	17.000000	10.000000	14.000000	9.000000
9.685425	10.945945	10.909204	9.132501	1.000000
8.000000	1.000000	19.000000	2.000000	16.000000
3.000000	3.000000	6.000000	3.000000	14.000000
16.000000	9.000000	3.000000	15.000000	14.000000
17.000000	8.000000	14.000000	11.000000	3.000000
20.000000	10.000000	12.000000	1.000000	3.000000
9.886183	7.716230	8.259462	10.149305	13.000000
5.000000	4.000000	13.000000	15.000000	5.000000
8.000000	10.000000	19.000000	5.000000	12.000000
4.000000	20.000000	20.000000	7.000000	6.000000
5.000000	3.000000	13.000000	19.000000	5.000000
9.379063	9.753294	8.190716	11.171908	2.000000
9.305202	10.132559	10.004455	9.026935	14.000000
12.000000	10.000000	17.000000	16.000000	4.000000
9.497425	9.170792	8.043731	9.788893	19.000000
17.000000	7.000000	18.000000	8.000000	13.000000
4.000000	13.000000	7.000000	8.000000	3.000000
12.000000	15.000000	4.000000	5.000000	5.000000
5.000000	5.000000	15.000000	5.000000	18.000000
8.000000	8.000000	7.000000	17.000000	4.000000
9.026523	10.383961	9.507226	11.603585	4.000000
17.000000	11.000000	2.000000	6.000000	10.000000
6.000000	9.000000	14.000000	12.000000	9.000000
16.000000	3.000000	3.000000	11.000000	20.000000
9.687187	8.459141	8.843315	8.995692	12.000000
13.000000	1.000000	19.000000	19.000000	9.000000
2.000000	9.000000	18.000000	12.000000	15.000000
8.868169	8.622499	8.542063	8.371985	13.000000
6.000000	19.000000	14.000000	20.000000	2.000000
2.000000	7.000000	17.000000	16.000000	18.000000
16.000000	15.000000	5.000000	11.000000	8.000000
16.000000	4.000000	9.000000	14.000000	2.000000
17.000000	8.000000	2.000000	6.000000	19.000000
8.000000	10.000000	18.000000	4.000000	3.000000
2.000000	2.000000	13.000000	7.000000	13.000000
6.854150	10.982949	7.770391	8.477229	16.000000
11.951575	11.056911	11.686219	10.211541	12.000000
18.000000	19.000000	15.000000	6.000000	5.000000
6.698113	9.060716	10.697448	10.723793	12.000000
2.000000	10.000000	1.000000	11.000000	5.000000
16.000000	12.000000	6.000000	20.000000	19.000000
18.000000	6.000000	18.000000	9.000000	20.000000
13.000000	8.000000	9.000000	3.000000	20.000000
7.817132	9.217794	8.327461	7.868854	17.000000
14.000000	7.000000	2.000000	17.000000	9.000000
5.000000	18.000000	10.000000	6.000000	8.000000
6.000000	13.000000	12.000000	4.000000	12.000000
10.000000	1.000000	10.000000	19.000000	1.000000
9.000000	12.000000	9.000000	10.000000	6.000000
20.000000	10.000000	17.000000	9.000000	8.000000
5.000000	3.000000	15.000000	18.000000	19.000000
9.737189	8.241390	11.952658	11.129801	8.000000
9.728129	10.928516	10.688571	9.963566	4.000000
7.904481	9.408731	10.283301	9.346551	19.000000
17.000000	13.000000	2.000000	17.000000	2.000000
7.000000	16.000000	3.000000	15.000000	5.000000
10.000000	19.000000	19.000000	16.000000	16.000000
17.000000	10.000000	18.000000	17.000000	5.000000
17.000000	5.000000	18.000000	8.000000	3.000000
1.000000	3.000000	15.000000	9.000000	6.000000
10.016438	8.645272	8.010020	7.639951	14.000000
3.000000	12.000000	10.000000	5.000000	18.000000
6.000000	7.000000	16.000000	4.000000	14.000000
3.000000	20.000000	4.000000	13.000000	9.000000
20.000000	1.000000	13.000000	17.000000	9.000000
10.393852	9.022229	7.330586	7.467965	18.000000
8.000000	5.000000	15.000000	18.000000	10.000000
10.454188	9.809639	10.424063	9.913492	17.000000
10.158993	12.458538	10.011965	9.298750	18.000000
9.256612	10.423225	9.504411	8.892981	4.000000
17.000000	15.000000	4.000000	9.000000	3.000000
10.755148	11.042192	11.739648	10.506927	20.000000
2.000000	14.000000	5.000000	8.000000	3.000000
6.000000	16.000000	14.000000	19.000000	17.000000
2.000000	20.000000	11.000000	16.000000	17.000000
20.000000	16.000000	8.000000	9.000000	10.000000
11.000000	17.000000	4.000000	6.000000	18.000000
7.000000	10.000000	5.000000	10.000000	15.000000
4.000000	3.000000	20.000000	20.000000	11.000000
9.545372	10.104385	9.216854	8.005301	16.000000
9.606304	9.275103	9.059297	9.444036	5.000000
3.000000	17.000000	12.000000	10.000000	5.000000
1.000000	12.000000	13.000000	17.000000	10.000000
10.000000	15.000000	19.000000	14.000000	16.000000
13.000000	10.000000	19.000000	13.000000	9.000000
9.000000	6.000000	6.000000	18.000000	13.000000
11.365687	10.176698	10.912797	9.653515	9.000000
6.000000	10.000000	17.000000	17.000000	12.000000
13.000000	9.000000	15.000000	5.000000	5.000000
4.000000	15.000000	19.000000	14.000000	20.000000
15.000000	7.000000	9.000000	13.000000	11.000000
18.000000	13.000000	8.000000	3.000000	10.000000
7.922068	9.434978	10.281829	8.265794	3.000000
14.000000	7.000000	4.000000	10.000000	15.000000
7.000000	14.000000	3.000000	14.000000	18.000000
8.000000	17.000000	4.000000	18.000000	11.000000
12.882787	11.761560	12.752811	10.218331	16.000000
11.000000	1.000000	20.000000	10.000000	16.000000
2.000000	10.000000	11.000000	7.000000	11.000000
5.000000	20.000000	9.000000	20.000000	1.000000
3.000000	7.000000	14.000000	18.000000	20.000000
3.000000	5.000000	8.000000	7.000000	14.000000
10.000000	2.000000	18.000000	10.000000	5.000000
5.000000	12.000000	6.000000	5.000000	2.000000
13.000000	18.000000	11.000000	3.000000	4.000000
14.000000	19.000000	3.000000	14.000000	18.000000
15.000000	17.000000	4.000000	20.000000	6.000000
15.000000	2.000000	2.000000	15.000000	20.000000
8.541504	10.306445	12.439669	10.339437	6.000000
18.000000	17.000000	9.000000	15.000000	13.000000
10.000000	7.000000	10.000000	13.000000	1.000000
8.898174	8.244041	7.614760	10.099294	11.000000
16.000000	1.000000	19.000000	20.000000	20.000000
4.000000	6.000000	13.000000	5.000000	20.000000
5.000000	20.000000	8.000000	17.000000	3.000000
13.000000	6.000000	11.000000	13.000000	20.000000
3.000000	3.000000	18.000000	12.000000	7.000000
18.000000	16.000000	4.000000	16.000000	2.000000
9.557017	11.257968	10.756102	8.745322	3.000000
13.000000	8.000000	8.000000	18.000000	13.000000
20.000000	2.000000	4.000000	7.000000	10.000000
18.000000	11.000000	8.000000	9.000000	3.000000
19.000000	11.000000	17.000000	17.000000	15.000000
3.000000	14.000000	10.000000	18.000000	2.000000
12.000000	4.000000	13.000000	5.000000	8.000000
7.000000	18.000000	15.000000	6.000000	15.000000
10.410243	9.325209	8.899599	10.406734	3.000000
9.000000	20.000000	5.000000	16.000000	8.000000
20.000000	7.000000	10.000000	8.000000	3.000000
9.260034	11.122152	8.539222	8.776073	20.000000
9.000000	5.000000	3.000000	13.000000	1.000000
9.469296	9.905457	9.112337	8.442607	5.000000
4.000000	15.000000	1.000000	3.000000	9.000000
16.000000	12.000000	20.000000	12.000000	19.000000
19.000000	11.000000	5.000000	8.000000	11.000000
19.000000	12.000000	13.000000	19.000000	17.000000
4.000000	7.000000	13.000000	19.000000	12.000000
13.000000	20.000000	10.000000	11.000000	16.000000
9.608346	7.327085	8.714821	9.477212	1.000000
11.000000	14.000000	4.000000	10.000000	5.000000
2.000000	8.000000	8.000000	19.000000	7.000000
18.000000	9.000000	18.000000	2.000000	7.000000
6.000000	17.000000	6.000000	18.000000	15.000000
17.000000	11.000000	15.000000	18.000000	13.000000
2.000000	4.000000	10.000000	4.000000	10.000000
10.000000	14.000000	15.000000	13.000000	15.000000
8.958279	9.710255	9.741591	10.336617	5.000000
1.000000	15.000000	5.000000	10.000000	8.000000
12.000000	16.000000	5.000000	9.000000	13.000000
19.000000	5.000000	15.000000	5.000000	2.000000
9.505348	9.368786	10.356424	8.336666	2.000000
6.000000	18.000000	8.000000	20.000000	11.000000
2.000000	11.000000	17.000000	16.000000	8.000000
9.149025	8.311124	8.494177	8.605536	5.000000
2.000000	20.000000	12.000000	18.000000	8.000000
5.000000	9.000000	12.000000	19.000000	13.000000
6.000000	18.000000	11.000000	2.000000	6.000000
5.000000	8.000000	3.000000	12.000000	19.000000
5.000000	5.000000	9.000000	1.000000	20.000000
9.000000	13.000000	7.000000	3.000000	2.000000
8.956403	7.789174	9.728493	9.326328	14.000000
1.000000	11.000000	2.000000	4.000000	10.000000
6.000000	1.000000	19.000000	9.000000	3.000000
16.000000	13.000000	10.000000	18.000000	4.000000
20.000000	3.000000	8.000000	1.000000	15.000000
20.000000	9.000000	20.000000	18.000000	3.000000
13.000000	1.000000	10.000000	5.000000	8.000000
15.000000	5.000000	18.000000	8.000000	1.000000
19.000000	14.000000	1.000000	17.000000	2.000000
3.000000	4.000000	6.000000	4.000000	2.000000
1.000000	16.000000	16.000000	20.000000	16.000000
8.274283	9.043271	8.680451	9.317169	9.000000
18.000000	5.000000	1.000000	19.000000	10.000000
8.000000	14.000000	6.000000	6.000000	1.000000
8.753304	11.421163	8.908735	10.211904	13.000000
19.000000	1.000000	16.000000	4.000000	17.000000
9.000000	4.000000	12.000000	16.000000	4.000000
7.866285	9.298185	10.592027	9.535443	2.000000
8.347739	8.046735	9.903873	9.876935	1.000000
16.000000	2.000000	14.000000	1.000000	19.000000
7.000000	7.000000	15.000000	12.000000	5.000000
7.000000	11.000000	17.000000	14.000000	14.000000
13.000000	15.000000	10.000000	16.000000	2.000000
5.000000	14.000000	11.000000	10.000000	7.000000
13.000000	4.000000	9.000000	19.000000	18.000000
10.000000	6.000000	11.000000	15.000000	6.000000
10.000000	1.000000	4.000000	4.000000	13.000000
20.000000	2.000000	3.000000	9.000000	7.000000
8.000000	13.000000	1.000000	17.000000	9.000000
15.000000	1.000000	2.000000	17.000000	11.000000
1.000000	9.000000	6.000000	9.000000	19.000000
3.000000	10.000000	16.000000	13.000000	5.000000
2.000000	14.000000	17.000000	17.000000	17.000000
9.000000	17.000000	18.000000	3.000000	17.000000
10.092557	12.305834	9.391272	11.101831	19.000000
17.000000	3.000000	12.000000	11.000000	20.000000
14.000000	11.000000	20.000000	11.000000	11.000000
11.000000	13.000000	13.000000	6.000000	17.000000
7.936420	8.601498	9.792874	8.805359	16.000000
10.160396	8.334888	10.228750	9.058308	20.000000
20.000000	5.000000	2.000000	8.000000	13.000000
13.000000	17.000000	8.000000	16.000000	19.000000
19.000000	1.000000	1.000000	18.000000	11.000000
11.000000	20.000000	15.000000	3.000000	6.000000
3.000000	3.000000	4.000000	5.000000	8.000000
11.000000	4.000000	13.000000	14.000000	4.000000
4.000000	5.000000	20.000000	6.000000	13.000000
12.000000	18.000000	1.000000	11.000000	5.000000
19.000000	9.000000	5.000000	19.000000	7.000000
15.000000	1.000000	18.000000	9.000000	16.000000
3.000000	11.000000	18.000000	19.000000	16.000000
5.000000	1.000000	11.000000	9.000000	15.000000
8.924091	8.417064	9.428417	8.956018	10.000000
3.000000	8.000000	7.000000	15.000000	19.000000
11.000000	13.000000	7.000000	15.000000	11.000000
5.000000	1.000000	4.000000	3.000000	9.000000
19.000000	17.000000	11.000000	16.000000	7.000000
18.000000	13.000000	8.000000	20.000000	1.000000
14.000000	5.000000	5.000000	4.000000	1.000000
14.000000	7.000000	9.000000	12.000000	13.000000
19.000000	2.000000	6.000000	5.000000	8.000000
8.000000	2.000000	20.000000	11.000000	16.000000
10.208544	7.535311	10.474678	11.159332	17.000000
11.000000	20.000000	9.000000	10.000000	12.000000
1.000000	3.000000	8.000000	6.000000	6.000000
9.000000	19.000000	4.000000	9.000000	11.000000
17.000000	7.000000	4.000000	2.000000	3.000000
4.000000	1.000000	4.000000	15.000000	12.000000
9.255580	8.718461	11.348946	10.208960	17.000000
11.154789	10.646516	9.093849	8.293201	6.000000
19.000000	17.000000	8.000000	7.000000	14.000000
5.000000	7.000000	12.000000	9.000000	7.000000
14.000000	5.000000	13.000000	10.000000	18.000000
7.000000	5.000000	10.000000	3.000000	19.000000
11.185708	10.369884	10.467519	11.024772	19.000000
9.000000	12.000000	15.000000	9.000000	8.000000
8.853692	10.826244	9.649419	10.196449	5.000000
9.000000	4.000000	3.000000	12.000000	12.000000
9.000000	18.000000	8.000000	13.000000	7.000000
17.000000	20.000000	11.000000	6.000000	2.000000
9.000000	19.000000	14.000000	14.000000	3.000000
9.804695	10.146271	10.990671	7.988467	2.000000
1.000000	19.000000	1.000000	8.000000	17.000000
5.000000	8.000000	20.000000	20.000000	20.000000
8.969580	10.729467	8.326263	7.719857	13.000000
15.000000	18.000000	12.000000	17.000000	4.000000
8.188421	11.076229	10.518272	8.556115	10.000000
16.000000	2.000000	16.000000	9.000000	1.000000
17.000000	2.000000	19.000000	17.000000	9.000000
7.000000	14.000000	9.000000	19.000000	13.000000
8.000000	1.000000	12.000000	8.000000	3.000000
8.711778	6.939788	8.092681	7.785104	10.000000
15.000000	19.000000	18.000000	8.000000	9.000000
8.000000	3.000000	10.000000	15.000000	4.000000
10.000000	3.000000	5.000000	20.000000	12.000000
5.000000	7.000000	5.000000	13.000000	17.000000
10.103724	8.446868	10.894604	9.847369	19.000000
19.000000	8.000000	12.000000	11.000000	14.000000
1.000000	5.000000	5.000000	19.000000	5.000000
13.000000	18.000000	19.000000	2.000000	12.000000
2.000000	4.000000	6.000000	6.000000	3.000000
17.000000	11.000000	1.000000	1.000000	3.000000
9.549152	11.647779	9.757765	10.133402	13.000000
9.199628	11.775052	9.040561	9.765030	6.000000
5.149074	7.471431	8.455120	6.829096	19.000000
7.000000	13.000000	16.000000	5.000000	15.000000
9.186397	10.163179	8.976966	9.268328	12.000000
9.006890	9.686221	8.263331	8.304408	14.000000
7.396848	9.972870	8.775823	8.107478	18.000000
10.000000	19.000000	14.000000	1.000000	7.000000
19.000000	18.000000	16.000000	1.000000	6.000000
14.000000	7.000000	19.000000	2.000000	4.000000
5.000000	12.000000	10.000000	14.000000	8.000000
10.709972	10.988191	9.532374	8.958862	13.000000
14.000000	15.000000	18.000000	19.000000	9.000000
7.000000	1.000000	19.000000	12.000000	1.000000
6.000000	3.000000	18.000000	13.000000	15.000000
16.000000	18.000000	14.000000	6.000000	11.000000
17.000000	2.000000	3.000000	6.000000	7.000000
7.844344	7.275643	7.289231	7.852768	4.000000
8.328329	8.115208	10.622576	9.051175	6.000000
18.000000	15.000000	6.000000	17.000000	7.000000
6.000000	14.000000	9.000000	16.000000	18.000000
3.000000	11.000000	7.000000	8.000000	16.000000
18.000000	4.000000	17.000000	12.000000	9.000000
9.130288	9.965530	11.147686	8.182753	15.000000
2.000000	8.000000	9.000000	12.000000	4.000000
10.429847	10.010986	8.957452	11.131498	17.000000
17.000000	17.000000	2.000000	17.000000	12.000000
9.366673	8.813135	10.762965	9.803720	19.000000
1.000000	7.000000	2.000000	9.000000	10.000000
11.000000	3.000000	2.000000	9.000000	11.000000
16.000000	10.000000	19.000000	5.000000	13.000000
14.000000	10.000000	2.000000	4.000000	1.000000
10.000000	20.000000	17.000000	12.000000	16.000000
20.000000	2.000000	7.000000	5.000000	11.000000
7.345973	7.631775	8.141474	8.432923	13.000000
18.000000	8.000000	15.000000	12.000000	8.000000
17.000000	7.000000	10.000000	15.000000	3.000000
2.000000	1.000000	13.000000	15.000000	4.000000
5.000000	5.000000	16.000000	1.000000	16.000000
11.000000	12.000000	9.000000	9.000000	16.000000
12.000000	5.000000	12.000000	12.000000	3.000000
4.000000	10.000000	2.000000	10.000000	1.000000
10.000000	18.000000	19.000000	19.000000	5.000000
2.000000	12.000000	5.000000	6.000000	7.000000
8.000000	10.000000	11.000000	3.000000	2.000000
18.000000	6.000000	5.000000	18.000000	14.000000
8.020253	10.221291	9.562999	9.692418	1.000000
8.864532	9.874591	9.210803	10.003826	7.000000
9.383595	9.763132	9.155796	8.387764	13.000000
8.000000	5.000000	5.000000	4.000000	10.000000
3.000000	12.000000	11.000000	13.000000	6.000000
4.000000	2.000000	3.000000	8.000000	19.000000
10.867273	9.198757	9.483950	10.029738	13.000000
9.071887	10.031430	9.570274	10.264950	4.000000
16.000000	6.000000	7.000000	12.000000	9.000000
11.000000	19.000000	14.000000	15.000000	3.000000
15.000000	9.000000	6.000000	18.000000	1.000000
3.000000	1.000000	2.000000	18.000000	1.000000
13.000000	6.000000	11.000000	12.000000	4.000000
4.000000	3.000000	14.000000	13.000000	7.000000
17.000000	1.000000	4.000000	15.000000	12.000000
12.000000	6.000000	2.000000	17.000000	12.000000
16.000000	4.000000	1.000000	13.000000	1.000000
13.000000	16.000000	13.000000	7.000000	5.000000
5.000000	19.000000	10.000000	16.000000	10.000000
5.000000	11.000000	4.000000	18.000000	15.000000
7.762513	9.065949	8.646654	9.238578	13.000000
6.000000	8.000000	10.000000	20.000000	17.000000
8.199587	10.075991	10.926042	9.562469	8.000000
12.000000	18.000000	15.000000	4.000000	4.000000
19.000000	1.000000	2.000000	8.000000	8.000000
3.000000	4.000000	18.000000	18.000000	1.000000
12.000000	19.000000	18.000000	19.000000	3.000000
2.000000	16.000000	2.000000	3.000000	15.000000
18.000000	16.000000	10.000000	17.000000	20.000000
17.000000	20.000000	17.000000	3.000000	16.000000
11.288322	8.282262	9.666633	8.069587	20.000000
3.000000	19.000000	3.000000	12.000000	16.000000
15.000000	15.000000	14.000000	4.000000	13.000000
6.599145	9.249295	9.303480	9.237869	8.000000
8.987217	7.450022	10.519113	9.253856	16.000000
9.852066	10.871558	11.425502	10.441528	14.000000
2.000000	15.000000	14.000000	17.000000	19.000000
13.000000	11.000000	18.000000	15.000000	2.000000
5.000000	9.000000	17.000000	19.000000	5.000000
9.000000	18.000000	10.000000	9.000000	19.000000
9.000000	4.000000	6.000000	12.000000	7.000000
13.000000	18.000000	19.000000	19.000000	8.000000
4.000000	1.000000	14.000000	18.000000	9.000000
13.000000	2.000000	12.000000	2.000000	9.000000
11.815799	9.626179	10.121472	10.508455	16.000000
13.000000	2.000000	14.000000	14.000000	10.000000
8.831179	7.300379	8.182291	9.086361	6.000000
12.000000	13.000000	3.000000	2.000000	4.000000
2.000000	5.000000	16.000000	16.000000	14.000000
4.000000	8.000000	8.000000	15.000000	1.000000
7.030424	8.282492	8.151367	8.086181	20.000000
2.000000	1.000000	13.000000	7.000000	14.000000
15.000000	10.000000	16.000000	19.000000	11.000000
1.000000	2.000000	3.000000	3.000000	3.000000
9.031770	7.906732	8.616960	6.959927	20.000000
9.332816	8.920134	9.715449	9.338559	3.000000
11.820972	9.467480	10.656966	11.663548	7.000000
6.000000	9.000000	7.000000	18.000000	15.000000
20.000000	12.000000	17.000000	8.000000	3.000000
7.000000	8.000000	4.000000	1.000000	3.000000
9.557345	9.280714	10.148769	10.275727	19.000000
10.000000	14.000000	7.000000	20.000000	18.000000
2.000000	18.000000	8.000000	7.000000	5.000000
6.000000	12.000000	14.000000	4.000000	2.000000
20.000000	16.000000	5.000000	16.000000	3.000000
7.000000	14.000000	2.000000	11.000000	15.000000
16.000000	9.000000	13.000000	14.000000	18.000000
8.038349	9.251263	10.822004	9.200779	2.000000
20.000000	15.000000	11.000000	20.000000	1.000000
16.000000	5.000000	5.000000	1.000000	9.000000
6.000000	20.000000	4.000000	2.000000	8.000000
18.000000	9.000000	1.000000	19.000000	11.000000
8.496428	9.099734	9.359300	7.607796	20.000000
8.079977	9.869617	9.451176	7.988057	7.000000
16.000000	14.000000	1.000000	19.000000	13.000000
11.685493	9.499508	8.847330	10.134898	6.000000
9.000000	2.000000	5.000000	4.000000	4.000000
4.000000	13.000000	4.000000	5.000000	12.000000
9.778683	7.975987	9.360364	8.770996	14.000000
9.000000	7.000000	7.000000	3.000000	20.000000
13.000000	11.000000	5.000000	5.000000	9.000000
8.438137	8.072288	10.659475	8.718128	2.000000
19.000000	18.000000	15.000000	15.000000	14.000000
18.000000	19.000000	6.000000	13.000000	15.000000
9.000000	10.000000	17.000000	18.000000	17.000000
10.000000	7.000000	15.000000	8.000000	9.000000
9.299770	8.765802	8.710638	8.650518	16.000000
8.947010	10.068411	10.282501	8.554959	9.000000
14.000000	2.000000	18.000000	20.000000	17.000000
11.000000	10.000000	7.000000	17.000000	2.000000
1.000000	5.000000	12.000000	17.000000	3.000000
8.000000	19.000000	9.000000	15.000000	6.000000
9.656570	9.561189	9.294913	8.884148	11.000000
5.000000	18.000000	2.000000	17.000000	2.000000
10.000000	2.000000	3.000000	8.000000	2.000000
8.911863	9.812570	10.799960	10.180575	6.000000
4.000000	17.000000	3.000000	15.000000	6.000000
5.000000	15.000000	4.000000	5.000000	9.000000
1.000000	5.000000	9.000000	10.000000	4.000000
19.000000	15.000000	2.000000	1.000000	11.000000
9.126660	9.482013	8.618511	10.751475	1.000000
6.000000	8.000000	11.000000	8.000000	16.000000
8.000000	11.000000	5.000000	10.000000	6.000000
10.000000	6.000000	12.000000	5.000000	2.000000
9.880545	9.251261	9.773483	11.883609	15.000000
10.000000	10.000000	1.000000	3.000000	2.000000
3.000000	17.000000	4.000000	7.000000	6.000000
16.000000	12.000000	5.000000	18.000000	19.000000
20.000000	6.000000	2.000000	4.000000	7.000000
7.000000	5.000000	13.000000	18.000000	9.000000
8.494806	8.775527	9.126637	7.765008	8.000000
20.000000	2.000000	9.000000	12.000000	16.000000
11.000000	14.000000	5.000000	6.000000	1.000000
10.000000	1.000000	4.000000	14.000000	19.000000
15.000000	5.000000	16.000000	16.000000	9.000000
9.769311	10.148222	8.961946	9.097363	3.000000
14.000000	20.000000	11.000000	19.000000	11.000000
10.000000	10.000000	4.000000	10.000000	1.000000
9.279461	9.977386	8.362358	9.181827	5.000000
8.833099	8.851508	9.836995	9.973599	10.000000
16.000000	16.000000	14.000000	3.000000	3.000000
8.408428	9.304076	9.161149	9.257072	10.000000
10.000000	4.000000	9.000000	12.000000	2.000000
11.000000	1.000000	3.000000	7.000000	2.000000
9.645223	8.888206	10.405627	9.161246	13.000000
8.672937	9.140827	9.289983	8.338362	7.000000
9.200807	10.767836	9.360182	10.987007	16.000000
16.000000	17.000000	20.000000	3.000000	7.000000
10.459291	11.386442	11.368028	10.606101	3.000000
7.106159	9.469263	9.253725	12.498225	5.000000
16.000000	19.000000	2.000000	9.000000	6.000000
14.000000	7.000000	3.000000	2.000000	13.000000
10.618269	9.142627	9.885686	10.822037	2.000000
2.000000	9.000000	18.000000	13.000000	3.000000
7.144908	10.192327	9.943676	9.545123	9.000000
9.484510	9.413306	9.309163	8.215886	11.000000
4.000000	18.000000	9.000000	18.000000	6.000000
6.000000	11.000000	4.000000	9.000000	5.000000
9.000000	9.000000	3.000000	7.000000	15.000000
16.000000	8.000000	3.000000	13.000000	1.000000
18.000000	8.000000	13.000000	11.000000	12.000000
2.000000	19.000000	18.000000	1.000000	20.000000
20.000000	16.000000	9.000000	8.000000	13.000000
7.000000	6.000000	16.000000	2.000000	6.000000
12.000000	10.000000	6.000000	14.000000	16.000000
20.000000	10.000000	16.000000	3.000000	14.000000
8.000000	20.000000	14.000000	12.000000	2.000000
11.377735	9.256492	9.728985	9.894565	5.000000
12.000000	14.000000	13.000000	12.000000	2.000000
17.000000	18.000000	7.000000	12.000000	20.000000
4.000000	3.000000	1.000000	9.000000	9.000000
9.000000	9.000000	10.000000	16.000000	3.000000
15.000000	15.000000	14.000000	8.000000	6.000000
15.000000	13.000000	11.000000	7.000000	19.000000
15.000000	10.000000	12.000000	19.000000	1.000000
13.000000	16.000000	11.000000	11.000000	19.000000
2.000000	14.000000	14.000000	2.000000	3.000000
14.000000	2.000000	3.000000	3.000000	17.000000
5.000000	9.000000	3.000000	18.000000	17.000000
9.000000	12.000000	1.000000	19.000000	10.000000
19.000000	5.000000	19.000000	10.000000	4.000000
12.000000	15.000000	19.000000	2.000000	17.000000
17.000000	3.000000	3.000000	2.000000	16.000000
5.000000	15.000000	10.000000	19.000000	17.000000
18.000000	3.000000	18.000000	1.000000	20.000000
14.000000	9.000000	3.000000	14.000000	7.000000
5.000000	4.000000	11.000000	3.000000	13.000000
10.545350	9.670501	9.936583	8.707079	7.000000
16.000000	13.000000	1.000000	18.000000	14.000000
9.000000	14.000000	9.000000	18.000000	12.000000
17.000000	15.000000	6.000000	14.000000	7.000000
8.191439	8.447235	8.107206	8.841121	4.000000
13.000000	3.000000	7.000000	16.000000	18.000000
10.680126	9.131225	8.910407	7.495903	17.000000
9.041346	9.577188	7.230687	8.337956	6.000000
10.414437	9.540407	11.352807	11.347210	19.000000
2.000000	11.000000	14.000000	7.000000	16.000000
12.000000	3.000000	7.000000	7.000000	2.000000
10.000000	11.000000	4.000000	9.000000	6.000000
7.863048	9.179812	8.077728	7.840899	1.000000
15.000000	5.000000	10.000000	3.000000	6.000000
8.574853	9.358056	10.275702	11.366859	2.000000
6.000000	7.000000	4.000000	19.000000	6.000000
11.000000	11.000000	8.000000	17.000000	9.000000
9.000000	7.000000	19.000000	5.000000	15.000000
17.000000	17.000000	6.000000	15.000000	20.000000
18.000000	9.000000	16.000000	19.000000	3.000000
2.000000	14.000000	10.000000	9.000000	11.000000
11.000000	14.000000	9.000000	6.000000	5.000000
14.000000	17.000000	7.000000	2.000000	13.000000
7.000000	2.000000	11.000000	17.000000	6.000000
5.000000	13.000000	15.000000	2.000000	7.000000
14.000000	12.000000	15.000000	2.000000	10.000000
8.895901	7.860660	9.374043	10.002391	15.000000
9.176871	9.669441	9.355394	9.512668	7.000000
4.000000	7.000000	15.000000	2.000000	20.000000
7.370543	9.286980	8.759468	8.786279	5.000000
11.000000	14.000000	9.000000	5.000000	8.000000
16.000000	11.000000	19.000000	2.000000	12.000000
8.000000	11.000000	6.000000	3.000000	1.000000
20.000000	19.000000	1.000000	19.000000	12.000000
19.000000	15.000000	11.000000	13.000000	16.000000
2.000000	12.000000	16.000000	15.000000	1.000000
12.000000	6.000000	6.000000	20.000000	2.000000
5.000000	7.000000	12.000000	3.000000	9.000000
8.169065	8.888861	9.088151	8.865730	5.000000
11.000000	19.000000	3.000000	11.000000	10.000000
7.000000	2.000000	16.000000	9.000000	6.000000
3.000000	10.000000	17.000000	18.000000	5.000000
9.000000	1.000000	2.000000	7.000000	13.000000
3.000000	11.000000	19.000000	7.000000	6.000000
9.194175	8.905348	7.931715	6.967351	9.000000
9.656967	10.016157	9.956012	9.050982	2.000000
20.000000	4.000000	15.000000	15.000000	12.000000
20.000000	18.000000	14.000000	9.000000	7.000000
10.258875	10.223144	9.954510	10.131752	15.000000
20.000000	5.000000	6.000000	10.000000	11.000000
11.000000	9.000000	12.000000	10.000000	17.000000
12.000000	13.000000	8.000000	2.000000	10.000000
9.000000	2.000000	6.000000	3.000000	8.000000
9.000000	14.000000	17.000000	14.000000	2.000000
4.000000	3.000000	11.000000	3.000000	5.000000
9.892405	9.122433	8.878432	8.511834	3.000000
4.000000	12.000000	11.000000	15.000000	13.000000
8.000000	18.000000	5.000000	15.000000	20.000000
7.000000	15.000000	13.000000	4.000000	9.000000
12.000000	4.000000	14.000000	9.000000	18.000000
16.000000	12.000000	20.000000	6.000000	14.000000
17.000000	2.000000	7.000000	18.000000	4.000000
1.000000	1.000000	7.000000	12.000000	16.000000
10.748816	12.841764	11.068761	11.244401	5.000000
9.001873	9.041483	9.115360	9.304667	17.000000
11.268328	8.412430	8.498734	9.445888	8.000000
18.000000	11.000000	11.000000	9.000000	16.000000
16.000000	5.000000	18.000000	14.000000	2.000000
1.000000	14.000000	15.000000	7.000000	5.000000
2.000000	18.000000	15.000000	6.000000	2.000000
11.000000	2.000000	15.000000	13.000000	9.000000
12.000000	3.000000	20.000000	4.000000	19.000000
7.000000	1.000000	9.000000	17.000000	1.000000
17.000000	12.000000	18.000000	6.000000	5.000000
8.103185	9.774757	9.011839	9.346816	4.000000
15.000000	6.000000	14.000000	10.000000	12.000000
15.000000	12.000000	13.000000	1.000000	5.000000
13.000000	4.000000	19.000000	13.000000	7.000000
17.000000	11.000000	19.000000	18.000000	8.000000
20.000000	14.000000	11.000000	17.000000	19.000000
8.000000	7.000000	16.000000	18.000000	12.000000
9.985286	10.012492	11.834305	11.533522	13.000000
20.000000	10.000000	17.000000	12.000000	3.000000
1.000000	5.000000	6.000000	19.000000	9.000000
13.000000	8.000000	19.000000	11.000000	5.000000
18.000000	2.000000	10.000000	9.000000	18.000000
8.000000	8.000000	17.000000	15.000000	17.000000
11.193988	10.516074	9.732183	9.384984	1.000000
5.000000	16.000000	2.000000	1.000000	19.000000
10.187900	9.446421	9.772093	10.874693	11.000000
3.000000	2.000000	10.000000	2.000000	4.000000
14.000000	19.000000	6.000000	3.000000	19.000000
10.202047	10.598195	11.010988	9.374198	16.000000
14.000000	10.000000	13.000000	6.000000	18.000000
8.930002	8.638957	9.484526	8.537077	2.000000
3.000000	10.000000	2.000000	18.000000	19.000000
4.000000	12.000000	12.000000	14.000000	5.000000
9.515728	8.183725	9.842845	11.894802	14.000000
6.000000	15.000000	15.000000	4.000000	17.000000
3.000000	9.000000	19.000000	7.000000	14.000000
7.965347	9.405884	9.259407	6.909768	16.000000
16.000000	14.000000	5.000000	9.000000	3.000000
9.294392	8.964811	9.442992	9.585238	10.000000
19.000000	9.000000	8.000000	14.000000	20.000000
13.000000	20.000000	14.000000	20.000000	15.000000
3.000000	2.000000	15.000000	1.000000	20.000000
1.000000	16.000000	10.000000	15.000000	7.000000
5.000000	3.000000	20.000000	10.000000	3.000000
8.398687	9.177903	10.609602	9.208636	18.000000
16.000000	19.000000	18.000000	4.000000	13.000000
17.000000	8.000000	4.000000	3.000000	7.000000
10.000000	5.000000	20.000000	4.000000	5.000000
19.000000	4.000000	12.000000	8.000000	19.000000
10.000000	13.000000	13.000000	9.000000	14.000000
15.000000	3.000000	17.000000	2.000000	3.000000
11.240732	10.298158	8.960750	11.537022	12.000000
10.442039	11.331999	8.936854	8.974254	14.000000
18.000000	18.000000	10.000000	18.000000	1.000000
11.885497	9.888916	11.234317	11.040431	4.000000
15.000000	6.000000	8.000000	19.000000	6.000000
13.000000	13.000000	1.000000	9.000000	6.000000
15.000000	7.000000	3.000000	16.000000	9.000000
6.000000	1.000000	20.000000	17.000000	1.000000
5.000000	7.000000	18.000000	14.000000	4.000000
11.000000	19.000000	11.000000	7.000000	15.000000
14.000000	13.000000	12.000000	13.000000	11.000000
10.123750	9.029332	9.770568	8.583481	18.000000
1.000000	16.000000	4.000000	15.000000	12.000000
12.000000	12.000000	4.000000	4.000000	1.000000
11.232549	9.415147	9.412778	10.499600	2.000000
10.226073	10.659689	9.394045	10.467034	2.000000
7.000000	6.000000	14.000000	10.000000	10.000000
16.000000	19.000000	7.000000	11.000000	20.000000
4.000000	11.000000	16.000000	7.000000	5.000000
8.652245	9.659939	9.972227	11.745302	13.000000
16.000000	6.000000	1.000000	14.000000	20.000000
14.000000	3.000000	15.000000	13.000000	15.000000
17.000000	11.000000	12.000000	10.000000	1.000000
7.705420	9.110116	9.146460	8.260651	8.000000
9.899139	10.043183	11.521060	9.607667	12.000000
14.000000	16.000000	14.000000	1.000000	9.000000
6.000000	9.000000	7.000000	18.000000	2.000000
6.000000	3.000000	17.000000	12.000000	8.000000
11.000000	8.000000	18.000000	14.000000	10.000000
10.346063	9.698490	10.396182	10.673511	9.000000
14.000000	11.000000	14.000000	3.000000	8.000000
6.000000	16.000000	15.000000	11.000000	16.000000
9.184125	9.322003	8.887529	10.563421	6.000000
7.888678	9.337188	9.622677	8.666911	18.000000
10.858050	10.337547	9.328635	10.583807	9.000000
10.885234	11.519258	10.195905	10.277662	14.000000
14.000000	5.000000	4.000000	20.000000	7.000000
9.285190	9.673803	10.072571	9.242085	7.000000
10.000000	20.000000	14.000000	5.000000	20.000000
10.118799	10.598442	9.352983	10.185176	15.000000
7.000000	17.000000	10.000000	15.000000	1.000000
9.988956	8.522949	8.923340	7.700428	12.000000
9.747169	8.037878	12.080929	10.353590	12.000000
15.000000	6.000000	8.000000	9.000000	3.000000
14.000000	10.000000	14.000000	20.000000	6.000000
10.367505	9.642653	9.521289	10.938061	20.000000
10.627499	11.311448	10.029937	11.799719	7.000000
1.000000	17.000000	7.000000	7.000000	4.000000
10.000000	7.000000	9.000000	18.000000	2.000000
5.241958	8.097058	8.492362	6.177742	5.000000
8.066551	9.167251	8.740089	8.861084	16.000000
11.000000	7.000000	6.000000	18.000000	20.000000
17.000000	4.000000	12.000000	5.000000	19.000000
10.000000	18.000000	7.000000	16.000000	4.000000
7.755989	10.457070	9.204182	9.469370	7.000000
3.000000	2.000000	11.000000	2.000000	13.000000
7.000000	10.000000	18.000000	12.000000	4.000000
5.000000	2.000000	2.000000	10.000000	12.000000
13.000000	19.000000	7.000000	16.000000	15.000000
5.000000	5.000000	12.000000	11.000000	12.000000
16.000000	13.000000	9.000000	9.000000	15.000000
15.000000	12.000000	17.000000	17.000000	5.000000
9.000000	3.000000	14.000000	18.000000	14.000000
9.000000	3.000000	7.000000	10.000000	4.000000
10.000000	15.000000	2.000000	16.000000	10.000000
8.797559	8.412969	9.775229	9.721871	15.000000
18.000000	15.000000	19.000000	6.000000	4.000000
14.000000	12.000000	7.000000	10.000000	8.000000
11.000000	10.000000	2.000000	16.000000	20.000000
