7.000000	5.000000	14.000000	6.000000	6.000000
9.000000	15.000000	20.000000	3.000000	11.000000
9.807290	8.162956	8.963390	8.568782	10.000000
10.608311	10.911090	9.495559	8.963822	11.000000
12.000000	20.000000	14.000000	10.000000	1.000000
14.000000	20.000000	10.000000	15.000000	7.000000
1.000000	2.000000	3.000000	6.000000	7.000000
8.975935	11.265880	12.348235	11.325764	9.000000
9.199651	7.819351	7.867601	9.320824	20.000000
20.000000	12.000000	5.000000	16.000000	18.000000
9.688659	10.815771	11.730734	10.737785	8.000000
17.000000	13.000000	19.000000	19.000000	20.000000
6.000000	11.000000	13.000000	20.000000	9.000000
11.000000	20.000000	15.000000	3.000000	20.000000
3.000000	6.000000	12.000000	13.000000	2.000000
10.023852	7.913155	7.182417	8.031843	20.000000
15.000000	14.000000	18.000000	3.000000	13.000000
18.000000	12.000000	18.000000	16.000000	2.000000
17.000000	1.000000	4.000000	9.000000	13.000000
12.000000	19.000000	12.000000	6.000000	13.000000
3.000000	20.000000	18.000000	7.000000	4.000000
10.146128	9.966728	9.408788	9.315354	17.000000
19.000000	14.000000	10.000000	16.000000	16.000000
9.343049	9.506934	7.461641	8.688122	1.000000
20.000000	11.000000	13.000000	16.000000	11.000000
5.000000	7.000000	9.000000	17.000000	5.000000
2.000000	19.000000	4.000000	11.000000	17.000000
20.000000	14.000000	6.000000	7.000000	1.000000
8.224696	8.730021	7.979721	8.214337	12.000000
1.000000	9.000000	17.000000	12.000000	11.000000
17.000000	3.000000	2.000000	9.000000	18.000000
12.000000	6.000000	5.000000	13.000000	2.000000
1.000000	6.000000	12.000000	4.000000	8.000000
9.000000	15.000000	1.000000	6.000000	1.000000
13.000000	8.000000	5.000000	18.000000	2.000000
9.000000	11.000000	10.000000	5.000000	2.000000
13.000000	13.000000	4.000000	6.000000	13.000000
9.395896	10.093336	10.732285	10.641509	1.000000
11.000000	18.000000	18.000000	3.000000	13.000000
6.000000	3.000000	8.000000	6.000000	8.000000
20.000000	11.000000	7.000000	17.000000	8.000000
8.727115	8.114581	10.221435	8.524986	1.000000
11.000000	2.000000	13.000000	7.000000	7.000000
5.000000	20.000000	16.000000	3.000000	9.000000
8.000000	13.000000	18.000000	6.000000	7.000000
2.000000	3.000000	9.000000	9.000000	8.000000
9.000000	1.000000	10.000000	15.000000	17.000000
18.000000	15.000000	1.000000	19.000000	17.000000
1.000000	2.000000	10.000000	5.000000	8.000000
9.000000	9.000000	19.000000	4.000000	11.000000
19.000000	3.000000	16.000000	16.000000	20.000000
2.000000	17.000000	2.000000	3.000000	18.000000
8.742480	9.498777	10.614550	8.525827	17.000000
10.805074	10.274981	8.399130	8.874225	19.000000
20.000000	18.000000	20.000000	1.000000	2.000000
19.000000	9.000000	2.000000	17.000000	4.000000
5.000000	15.000000	7.000000	20.000000	2.000000
6.000000	13.000000	18.000000	8.000000	15.000000
15.000000	9.000000	17.000000	4.000000	11.000000
6.000000	9.000000	11.000000	9.000000	6.000000
9.000000	20.000000	3.000000	20.000000	20.000000
16.000000	18.000000	9.000000	10.000000	6.000000
4.000000	14.000000	12.000000	10.000000	5.000000
13.000000	8.000000	17.000000	10.000000	7.000000
4.000000	17.000000	7.000000	20.000000	20.000000
17.000000	5.000000	1.000000	7.000000	5.000000
9.450767	9.327105	10.592809	9.504849	6.000000
8.000000	8.000000	15.000000	8.000000	17.000000
11.139537	12.198338	10.472089	10.151886	1.000000
10.070712	9.185703	7.439962	8.347551	5.000000
6.000000	18.000000	1.000000	12.000000	17.000000
12.000000	8.000000	14.000000	12.000000	7.000000
10.000000	18.000000	5.000000	6.000000	18.000000
11.000000	5.000000	17.000000	17.000000	12.000000
14.000000	17.000000	2.000000	15.000000	7.000000
14.000000	1.000000	2.000000	5.000000	15.000000
6.000000	10.000000	12.000000	18.000000	13.000000
9.014433	9.965949	10.058720	7.656383	13.000000
19.000000	15.000000	2.000000	15.000000	12.000000
11.000000	17.000000	16.000000	7.000000	14.000000
8.212439	10.891853	9.903670	9.492361	7.000000
9.384728	9.259821	8.715240	9.020871	10.000000
5.000000	6.000000	20.000000	8.000000	3.000000
4.000000	7.000000	16.000000	16.000000	12.000000
8.000000	6.000000	6.000000	1.000000	1.000000
9.000000	11.000000	17.000000	4.000000	9.000000
10.410204	10.069670	11.902775	9.735345	13.000000
19.000000	19.000000	18.000000	17.000000	7.000000
8.000000	13.000000	5.000000	19.000000	20.000000
9.245127	9.794519	7.731021	9.017924	10.000000
9.000000	1.000000	15.000000	6.000000	13.000000
15.000000	14.000000	3.000000	4.000000	17.000000
4.000000	13.000000	10.000000	4.000000	4.000000
3.000000	2.000000	2.000000	20.000000	10.000000
11.527452	9.704422	11.816483	9.779812	9.000000
1.000000	3.000000	3.000000	18.000000	16.000000
12.000000	7.000000	9.000000	6.000000	12.000000
1.000000	13.000000	6.000000	16.000000	16.000000
14.000000	19.000000	8.000000	16.000000	14.000000
9.426001	11.797916	9.181952	10.241649	9.000000
4.000000	4.000000	20.000000	17.000000	7.000000
8.000000	17.000000	1.000000	10.000000	14.000000
17.000000	1.000000	12.000000	5.000000	7.000000
4.000000	17.000000	11.000000	1.000000	12.000000
6.000000	14.000000	10.000000	5.000000	9.000000
3.000000	8.000000	18.000000	9.000000	3.000000
8.760905	11.589832	9.828655	9.254375	20.000000
17.000000	5.000000	8.000000	17.000000	15.000000
9.306730	9.736742	10.193452	10.148495	9.000000
9.485732	8.605195	8.746363	11.028623	20.000000
10.842576	9.887396	7.515817	9.276551	5.000000
14.000000	13.000000	4.000000	12.000000	2.000000
6.000000	10.000000	17.000000	4.000000	7.000000
9.000000	20.000000	11.000000	16.000000	8.000000
5.000000	1.000000	1.000000	12.000000	6.000000
1.000000	16.000000	5.000000	6.000000	19.000000
5.000000	3.000000	10.000000	10.000000	13.000000
14.000000	15.000000	5.000000	9.000000	6.000000
18.000000	15.000000	7.000000	15.000000	10.000000
13.000000	3.000000	1.000000	4.000000	10.000000
9.238123	10.150263	10.953688	8.968407	11.000000
8.000000	1.000000	7.000000	4.000000	6.000000
12.130495	9.891150	9.546825	8.543663	9.000000
12.000000	12.000000	16.000000	9.000000	20.000000
1.000000	6.000000	14.000000	8.000000	12.000000
15.000000	12.000000	14.000000	15.000000	15.000000
16.000000	15.000000	15.000000	6.000000	14.000000
5.000000	5.000000	14.000000	3.000000	8.000000
20.000000	19.000000	8.000000	11.000000	5.000000
8.000000	3.000000	8.000000	3.000000	3.000000
9.994236	10.356066	9.985928	10.740154	15.000000
20.000000	7.000000	6.000000	5.000000	14.000000
13.000000	12.000000	8.000000	7.000000	17.000000
10.466075	10.322491	8.319990	9.140664	18.000000
1.000000	18.000000	16.000000	20.000000	8.000000
12.000000	7.000000	2.000000	19.000000	2.000000
4.000000	18.000000	17.000000	4.000000	10.000000
10.355196	8.474207	9.851137	8.081085	19.000000
13.000000	12.000000	11.000000	20.000000	10.000000
19.000000	13.000000	13.000000	12.000000	19.000000
2.000000	4.000000	8.000000	17.000000	3.000000
15.000000	1.000000	1.000000	9.000000	11.000000
8.103982	8.330961	8.989095	9.109119	15.000000
9.000000	4.000000	9.000000	9.000000	4.000000
20.000000	1.000000	15.000000	10.000000	13.000000
5.000000	20.000000	5.000000	9.000000	3.000000
15.000000	10.000000	6.000000	2.000000	18.000000
7.161280	7.387606	7.945614	8.445929	16.000000
9.000000	6.000000	20.000000	8.000000	8.000000
6.000000	17.000000	3.000000	7.000000	5.000000
8.502630	7.033825	7.403776	9.040386	7.000000
9.000000	17.000000	6.000000	13.000000	17.000000
9.000000	19.000000	6.000000	6.000000	12.000000
3.000000	6.000000	20.000000	13.000000	10.000000
7.000000	1.000000	15.000000	18.000000	20.000000
14.000000	4.000000	8.000000	9.000000	10.000000
9.848158	9.395444	10.913140	10.475221	18.000000
13.000000	9.000000	6.000000	18.000000	2.000000
2.000000	18.000000	12.000000	19.000000	4.000000
9.535480	10.725801	10.352390	8.253242	6.000000
7.516214	8.489764	7.462229	7.994414	11.000000
6.586171	8.466773	7.825494	7.082004	10.000000
7.000000	8.000000	15.000000	13.000000	8.000000
5.000000	5.000000	17.000000	10.000000	14.000000
10.000000	4.000000	12.000000	1.000000	2.000000
7.000000	16.000000	15.000000	19.000000	2.000000
20.000000	20.000000	15.000000	17.000000	7.000000
8.415495	10.276461	8.815987	9.466068	10.000000
9.123474	8.235761	9.105057	10.493187	12.000000
5.000000	12.000000	8.000000	13.000000	1.000000
9.027726	9.967205	8.752413	7.556816	14.000000
18.000000	2.000000	10.000000	12.000000	20.000000
11.000000	12.000000	19.000000	17.000000	8.000000
6.000000	5.000000	13.000000	5.000000	18.000000
2.000000	6.000000	17.000000	19.000000	1.000000
20.000000	15.000000	12.000000	7.000000	7.000000
10.876949	10.608189	9.540907	8.709958	15.000000
13.000000	17.000000	17.000000	14.000000	20.000000
8.000000	17.000000	11.000000	7.000000	13.000000
11.000000	4.000000	18.000000	15.000000	20.000000
7.000000	17.000000	5.000000	4.000000	7.000000
17.000000	15.000000	13.000000	20.000000	14.000000
11.000000	16.000000	5.000000	10.000000	7.000000
10.279888	9.424747	8.053114	9.137358	8.000000
14.000000	3.000000	4.000000	5.000000	1.000000
9.713702	9.803760	11.150037	11.098029	1.000000
7.000000	12.000000	9.000000	4.000000	7.000000
8.791103	9.515536	8.853853	9.364564	12.000000
10.623396	9.625654	9.435007	11.205196	18.000000
5.000000	9.000000	12.000000	19.000000	15.000000
19.000000	12.000000	9.000000	2.000000	8.000000
11.583669	10.128460	8.391901	9.028563	6.000000
7.000000	15.000000	17.000000	7.000000	18.000000
7.839085	10.024553	9.310276	9.722106	12.000000
12.000000	1.000000	13.000000	10.000000	10.000000
6.883248	9.365261	7.988359	8.851050	4.000000
5.000000	3.000000	8.000000	13.000000	16.000000
8.363845	9.754113	7.876893	8.516891	1.000000
2.000000	19.000000	15.000000	18.000000	5.000000
12.000000	12.000000	18.000000	1.000000	18.000000
2.000000	4.000000	18.000000	14.000000	14.000000
20.000000	15.000000	11.000000	9.000000	20.000000
15.000000	5.000000	2.000000	2.000000	18.000000
18.000000	8.000000	3.000000	14.000000	8.000000
3.000000	15.000000	18.000000	18.000000	4.000000
3.000000	1.000000	7.000000	12.000000	13.000000
4.000000	13.000000	17.000000	14.000000	6.000000
2.000000	13.000000	13.000000	12.000000	13.000000
8.508095	8.487329	9.890367	9.756875	11.000000
15.000000	14.000000	19.000000	9.000000	7.000000
18.000000	11.000000	13.000000	16.000000	20.000000
8.000000	10.000000	1.000000	14.000000	1.000000
5.000000	18.000000	14.000000	1.000000	11.000000
11.000000	14.000000	15.000000	15.000000	6.000000
7.000000	6.000000	3.000000	4.000000	11.000000
7.845925	8.512081	10.824196	8.824041	18.000000
3.000000	1.000000	1.000000	7.000000	8.000000
20.000000	15.000000	17.000000	12.000000	20.000000
18.000000	17.000000	17.000000	3.000000	9.000000
10.352202	9.409729	11.536999	7.838953	20.000000
8.000000	20.000000	17.000000	2.000000	15.000000
19.000000	7.000000	5.000000	15.000000	2.000000
14.000000	9.000000	3.000000	14.000000	15.000000
2.000000	6.000000	1.000000	19.000000	17.000000
1.000000	8.000000	13.000000	9.000000	10.000000
9.177215	10.394501	10.655724	9.558895	12.000000
5.000000	15.000000	3.000000	14.000000	8.000000
10.000000	12.000000	7.000000	6.000000	6.000000
8.000000	19.000000	6.000000	10.000000	5.000000
8.609158	9.256062	10.185992	8.340081	2.000000
6.000000	5.000000	1.000000	11.000000	6.000000
2.000000	4.000000	5.000000	7.000000	11.000000
8.000000	4.000000	5.000000	3.000000	17.000000
4.000000	12.000000	20.000000	10.000000	17.000000
18.000000	18.000000	7.000000	3.000000	19.000000
11.000000	15.000000	2.000000	20.000000	8.000000
15.000000	6.000000	4.000000	15.000000	8.000000
9.000000	16.000000	3.000000	5.000000	15.000000
11.541177	10.905825	9.719995	10.585807	7.000000
8.284204	10.862975	10.167175	9.332697	14.000000
6.000000	2.000000	3.000000	4.000000	5.000000
9.048179	9.545609	9.636265	8.295041	6.000000
18.000000	1.000000	3.000000	14.000000	16.000000
10.000000	14.000000	3.000000	12.000000	19.000000
17.000000	16.000000	15.000000	6.000000	16.000000
9.902127	11.251507	9.160238	10.820481	16.000000
13.000000	7.000000	9.000000	15.000000	10.000000
13.000000	7.000000	16.000000	4.000000	13.000000
2.000000	13.000000	14.000000	4.000000	18.000000
1.000000	14.000000	12.000000	15.000000	17.000000
2.000000	4.000000	5.000000	16.000000	9.000000
20.000000	16.000000	12.000000	19.000000	17.000000
19.000000	3.000000	3.000000	7.000000	17.000000
4.000000	12.000000	16.000000	20.000000	7.000000
20.000000	1.000000	11.000000	5.000000	4.000000
7.350718	7.442137	9.498388	8.097532	12.000000
6.000000	5.000000	7.000000	10.000000	20.000000
15.000000	9.000000	7.000000	18.000000	8.000000
3.000000	8.000000	10.000000	17.000000	7.000000
19.000000	20.000000	10.000000	6.000000	19.000000
8.000000	17.000000	19.000000	18.000000	2.000000
3.000000	18.000000	18.000000	11.000000	9.000000
1.000000	8.000000	13.000000	7.000000	17.000000
4.000000	14.000000	18.000000	10.000000	11.000000
17.000000	4.000000	11.000000	18.000000	12.000000
17.000000	8.000000	4.000000	6.000000	13.000000
9.981244	9.169495	8.670682	10.255713	2.000000
3.000000	7.000000	20.000000	12.000000	9.000000
7.966667	8.990765	8.996988	7.670399	11.000000
13.000000	8.000000	4.000000	2.000000	10.000000
7.563461	9.526630	6.920269	6.372851	16.000000
17.000000	13.000000	3.000000	20.000000	10.000000
8.000000	13.000000	14.000000	9.000000	5.000000
15.000000	3.000000	3.000000	14.000000	14.000000
12.000000	6.000000	18.000000	8.000000	10.000000
9.000000	12.000000	17.000000	12.000000	6.000000
6.000000	18.000000	3.000000	11.000000	6.000000
18.000000	19.000000	18.000000	1.000000	10.000000
7.631486	7.479840	8.158072	8.151858	8.000000
19.000000	7.000000	10.000000	13.000000	12.000000
3.000000	4.000000	17.000000	13.000000	3.000000
6.000000	1.000000	7.000000	3.000000	12.000000
12.000000	20.000000	2.000000	14.000000	2.000000
7.000000	4.000000	12.000000	17.000000	16.000000
1.000000	7.000000	15.000000	15.000000	19.000000
11.955315	10.256104	12.459630	10.814056	9.000000
9.630231	8.494517	9.293571	9.083715	9.000000
9.217870	8.312537	6.830993	9.090838	16.000000
5.000000	8.000000	8.000000	6.000000	14.000000
9.000000	4.000000	17.000000	13.000000	12.000000
4.000000	5.000000	19.000000	18.000000	19.000000
9.000000	11.000000	15.000000	5.000000	5.000000
4.000000	12.000000	1.000000	8.000000	8.000000
2.000000	6.000000	2.000000	2.000000	3.000000
9.000000	6.000000	10.000000	16.000000	3.000000
15.000000	17.000000	7.000000	11.000000	9.000000
11.708542	9.561543	10.157218	9.784899	3.000000
4.000000	8.000000	5.000000	10.000000	12.000000
1.000000	5.000000	16.000000	2.000000	12.000000
15.000000	3.000000	10.000000	16.000000	16.000000
4.000000	5.000000	2.000000	13.000000	12.000000
4.000000	8.000000	8.000000	2.000000	10.000000
16.000000	12.000000	16.000000	1.000000	11.000000
10.000000	16.000000	19.000000	7.000000	5.000000
2.000000	7.000000	10.000000	17.000000	20.000000
13.000000	4.000000	14.000000	2.000000	19.000000
10.000000	17.000000	15.000000	11.000000	10.000000
19.000000	6.000000	9.000000	6.000000	8.000000
10.000000	14.000000	19.000000	17.000000	14.000000
9.744879	8.439852	11.583771	10.325775	17.000000
5.000000	13.000000	15.000000	14.000000	9.000000
10.086161	10.308896	8.504144	8.348887	20.000000
3.000000	9.000000	17.000000	9.000000	11.000000
18.000000	7.000000	17.000000	18.000000	5.000000
9.225991	10.426780	8.409956	8.258031	8.000000
3.000000	6.000000	6.000000	3.000000	17.000000
14.000000	7.000000	9.000000	8.000000	13.000000
8.987085	9.138601	9.306853	8.733910	2.000000
10.000000	15.000000	2.000000	18.000000	15.000000
13.000000	7.000000	2.000000	1.000000	4.000000
6.000000	16.000000	15.000000	15.000000	1.000000
2.000000	17.000000	18.000000	19.000000	11.000000
14.000000	12.000000	17.000000	14.000000	19.000000
9.000000	3.000000	5.000000	19.000000	15.000000
6.000000	1.000000	1.000000	19.000000	18.000000
15.000000	3.000000	5.000000	8.000000	3.000000
20.000000	5.000000	18.000000	14.000000	19.000000
10.000000	7.000000	7.000000	8.000000	5.000000
17.000000	13.000000	16.000000	6.000000	19.000000
9.278643	9.101006	10.977506	9.393562	17.000000
7.000000	8.000000	17.000000	7.000000	18.000000
14.000000	13.000000	1.000000	10.000000	1.000000
3.000000	10.000000	17.000000	13.000000	15.000000
8.943819	9.305876	10.112564	8.598279	13.000000
18.000000	3.000000	6.000000	6.000000	20.000000
8.442654	8.503359	9.362636	7.988536	14.000000
1.000000	2.000000	13.000000	9.000000	20.000000
10.000000	3.000000	12.000000	2.000000	4.000000
4.000000	5.000000	5.000000	1.000000	9.000000
20.000000	20.000000	2.000000	13.000000	5.000000
15.000000	10.000000	19.000000	12.000000	15.000000
9.527130	11.167011	9.400058	9.561668	14.000000
3.000000	7.000000	7.000000	15.000000	8.000000
6.000000	17.000000	2.000000	9.000000	18.000000
5.000000	13.000000	14.000000	10.000000	5.000000
14.000000	1.000000	16.000000	16.000000	13.000000
20.000000	2.000000	2.000000	19.000000	5.000000
10.291586	8.176738	8.798206	7.287062	14.000000
8.000000	9.000000	13.000000	14.000000	15.000000
20.000000	11.000000	3.000000	1.000000	19.000000
13.000000	17.000000	3.000000	18.000000	6.000000
7.000000	12.000000	6.000000	2.000000	19.000000
7.947991	10.510962	9.135160	10.346614	4.000000
10.370327	9.663435	10.674352	10.566610	17.000000
9.000000	9.000000	17.000000	13.000000	2.000000
9.203896	9.140429	10.582752	9.104228	4.000000
2.000000	18.000000	12.000000	5.000000	16.000000
18.000000	3.000000	7.000000	15.000000	17.000000
17.000000	5.000000	10.000000	8.000000	8.000000
5.000000	15.000000	19.000000	7.000000	4.000000
7.000000	15.000000	12.000000	16.000000	7.000000
10.649017	9.775270	7.301246	9.606174	4.000000
5.000000	9.000000	14.000000	17.000000	5.000000
1.000000	6.000000	20.000000	7.000000	12.000000
16.000000	15.000000	16.000000	17.000000	2.000000
8.050526	8.815825	7.403573	8.027465	19.000000
11.000000	4.000000	6.000000	2.000000	19.000000
4.000000	18.000000	9.000000	6.000000	5.000000
9.931448	8.614445	10.428988	7.965296	10.000000
2.000000	17.000000	15.000000	1.000000	15.000000
19.000000	8.000000	9.000000	6.000000	16.000000
10.000000	1.000000	8.000000	5.000000	17.000000
18.000000	15.000000	20.000000	3.000000	8.000000
10.000000	19.000000	5.000000	18.000000	16.000000
1.000000	2.000000	17.000000	18.000000	10.000000
7.000000	19.000000	7.000000	13.000000	11.000000
7.087769	6.788374	8.217360	7.338923	17.000000
8.830038	11.827133	10.315019	10.275093	8.000000
5.000000	9.000000	2.000000	17.000000	4.000000
9.387437	8.663704	9.533209	11.335962	16.000000
9.000000	19.000000	9.000000	5.000000	16.000000
18.000000	3.000000	6.000000	4.000000	16.000000
16.000000	17.000000	18.000000	13.000000	18.000000
14.000000	17.000000	20.000000	14.000000	8.000000
8.461040	9.068836	9.624004	8.374270	7.000000
11.000000	2.000000	4.000000	4.000000	19.000000
19.000000	12.000000	9.000000	19.000000	17.000000
16.000000	17.000000	11.000000	13.000000	12.000000
6.000000	8.000000	20.000000	16.000000	12.000000
17.000000	1.000000	20.000000	17.000000	15.000000
19.000000	3.000000	5.000000	7.000000	15.000000
11.000000	17.000000	16.000000	14.000000	13.000000
9.978765	8.821573	10.937195	9.088713	3.000000
9.587211	10.726913	10.095448	10.975931	7.000000
8.804400	9.255246	8.507879	10.055546	15.000000
18.000000	11.000000	16.000000	18.000000	19.000000
2.000000	16.000000	13.000000	6.000000	2.000000
8.000000	8.000000	11.000000	3.000000	1.000000
3.000000	1.000000	17.000000	6.000000	8.000000
12.000000	10.000000	14.000000	2.000000	12.000000
20.000000	16.000000	11.000000	14.000000	2.000000
8.677283	9.310878	10.552479	8.316895	1.000000
2.000000	14.000000	8.000000	14.000000	11.000000
2.000000	1.000000	18.000000	12.000000	16.000000
10.000000	6.000000	8.000000	19.000000	3.000000
7.000000	10.000000	12.000000	20.000000	3.000000
7.801166	9.699273	7.581480	8.701827	5.000000
12.000000	3.000000	8.000000	15.000000	7.000000
10.487639	10.443333	10.863853	11.947464	9.000000
9.217613	10.642280	9.581530	10.919058	20.000000
9.856236	8.765453	10.456790	7.680606	18.000000
19.000000	3.000000	7.000000	11.000000	14.000000
8.970732	11.210514	9.322529	9.502542	10.000000
10.000000	15.000000	4.000000	17.000000	1.000000
10.000000	17.000000	16.000000	1.000000	16.000000
16.000000	2.000000	4.000000	9.000000	12.000000
15.000000	17.000000	12.000000	11.000000	5.000000
9.000000	9.000000	19.000000	8.000000	11.000000
12.000000	1.000000	16.000000	17.000000	4.000000
17.000000	6.000000	10.000000	1.000000	14.000000
7.175642	9.614937	9.633317	8.442856	3.000000
6.761423	7.559673	7.977877	8.578899	1.000000
8.000000	6.000000	9.000000	19.000000	16.000000
13.000000	19.000000	17.000000	3.000000	18.000000
19.000000	15.000000	18.000000	14.000000	3.000000
1.000000	3.000000	8.000000	10.000000	15.000000
1.000000	19.000000	16.000000	3.000000	15.000000
10.881516	10.276819	10.603391	9.433627	11.000000
11.000000	1.000000	16.000000	19.000000	11.000000
4.000000	4.000000	9.000000	12.000000	6.000000
7.000000	10.000000	12.000000	4.000000	16.000000
14.000000	17.000000	18.000000	13.000000	6.000000
12.000000	14.000000	17.000000	7.000000	8.000000
7.053775	9.111683	10.135441	10.683517	10.000000
16.000000	11.000000	10.000000	4.000000	2.000000
20.000000	7.000000	5.000000	20.000000	18.000000
2.000000	6.000000	19.000000	6.000000	2.000000
9.848579	11.424524	11.100270	11.333691	4.000000
15.000000	14.000000	9.000000	3.000000	13.000000
16.000000	6.000000	9.000000	1.000000	6.000000
10.000000	9.000000	9.000000	19.000000	4.000000
10.000000	10.000000	2.000000	14.000000	1.000000
11.000000	7.000000	19.000000	9.000000	12.000000
20.000000	3.000000	3.000000	9.000000	5.000000
6.000000	15.000000	11.000000	14.000000	18.000000
15.000000	1.000000	3.000000	15.000000	13.000000
20.000000	4.000000	13.000000	8.000000	14.000000
16.000000	17.000000	15.000000	17.000000	2.000000
15.000000	7.000000	9.000000	13.000000	8.000000
10.619768	10.108653	10.261062	9.787429	12.000000
6.000000	11.000000	7.000000	8.000000	16.000000
16.000000	2.000000	16.000000	18.000000	16.000000
9.291831	8.812021	9.158454	8.263078	5.000000
4.000000	17.000000	13.000000	18.000000	5.000000
15.000000	5.000000	4.000000	3.000000	17.000000
11.000000	14.000000	13.000000	12.000000	20.000000
4.000000	17.000000	10.000000	2.000000	17.000000
18.000000	17.000000	10.000000	13.000000	6.000000
18.000000	1.000000	15.000000	8.000000	14.000000
10.158462	9.341254	8.719514	10.963327	13.000000
6.000000	17.000000	17.000000	9.000000	11.000000
6.000000	11.000000	17.000000	18.000000	2.000000
8.000000	13.000000	11.000000	9.000000	7.000000
7.000000	6.000000	15.000000	16.000000	19.000000
1.000000	13.000000	11.000000	15.000000	13.000000
4.000000	5.000000	16.000000	5.000000	19.000000
8.000000	3.000000	8.000000	17.000000	3.000000
9.755045	8.781381	7.752863	9.455588	19.000000
15.000000	5.000000	11.000000	17.000000	14.000000
17.000000	3.000000	11.000000	12.000000	11.000000
8.915979	10.132156	9.527245	9.670683	10.000000
19.000000	7.000000	6.000000	14.000000	4.000000
8.473953	10.035891	8.293739	9.179931	10.000000
8.000000	1.000000	11.000000	13.000000	10.000000
1.000000	8.000000	15.000000	11.000000	16.000000
20.000000	20.000000	11.000000	10.000000	3.000000
1.000000	11.000000	18.000000	7.000000	14.000000
7.000000	6.000000	20.000000	12.000000	11.000000
3.000000	7.000000	4.000000	20.000000	18.000000
8.902528	8.275088	8.210117	8.158814	20.000000
19.000000	15.000000	19.000000	5.000000	6.000000
7.000000	4.000000	17.000000	17.000000	6.000000
11.000000	9.000000	8.000000	8.000000	15.000000
1.000000	6.000000	12.000000	12.000000	17.000000
3.000000	7.000000	15.000000	18.000000	6.000000
4.000000	11.000000	5.000000	13.000000	5.000000
17.000000	4.000000	20.000000	7.000000	8.000000
8.156767	11.111742	11.218402	9.505163	9.000000
1.000000	15.000000	9.000000	8.000000	14.000000
16.000000	20.000000	19.000000	7.000000	11.000000
7.000000	1.000000	9.000000	1.000000	19.000000
9.081395	8.527529	9.129188	10.898807	9.000000
17.000000	19.000000	4.000000	8.000000	6.000000
12.000000	4.000000	10.000000	7.000000	20.000000
9.019375	7.609838	8.193308	8.926553	6.000000
19.000000	14.000000	5.000000	9.000000	13.000000
7.000000	15.000000	5.000000	16.000000	8.000000
3.000000	2.000000	4.000000	15.000000	4.000000
4.000000	12.000000	3.000000	8.000000	19.000000
20.000000	11.000000	15.000000	1.000000	17.000000
14.000000	11.000000	15.000000	12.000000	2.000000
8.392602	9.442910	8.120652	8.154226	19.000000
11.000000	2.000000	5.000000	16.000000	17.000000
4.000000	10.000000	10.000000	7.000000	5.000000
14.000000	11.000000	8.000000	8.000000	18.000000
18.000000	7.000000	20.000000	12.000000	19.000000
16.000000	18.000000	10.000000	2.000000	9.000000
3.000000	1.000000	10.000000	1.000000	16.000000
20.000000	12.000000	9.000000	5.000000	19.000000
18.000000	20.000000	8.000000	7.000000	19.000000
4.000000	12.000000	9.000000	11.000000	11.000000
18.000000	9.000000	17.000000	17.000000	12.000000
9.716217	11.561644	10.560418	9.720050	5.000000
9.000000	11.000000	17.000000	19.000000	3.000000
4.000000	10.000000	14.000000	4.000000	14.000000
10.024133	9.714904	10.222862	9.581721	20.000000
4.000000	15.000000	3.000000	4.000000	6.000000
14.000000	13.000000	6.000000	2.000000	1.000000
10.161123	9.838633	7.854787	8.393783	17.000000
8.129014	7.857605	9.874799	7.582603	16.000000
2.000000	11.000000	6.000000	15.000000	14.000000
11.000000	19.000000	7.000000	16.000000	2.000000
6.000000	19.000000	16.000000	8.000000	2.000000
13.000000	13.000000	14.000000	10.000000	15.000000
14.000000	7.000000	3.000000	9.000000	4.000000
20.000000	20.000000	1.000000	18.000000	7.000000
9.000000	11.000000	17.000000	14.000000	6.000000
3.000000	16.000000	16.000000	9.000000	12.000000
9.000000	6.000000	2.000000	16.000000	5.000000
16.000000	9.000000	18.000000	1.000000	10.000000
12.000000	7.000000	16.000000	6.000000	7.000000
11.000000	5.000000	7.000000	12.000000	15.000000
13.000000	12.000000	5.000000	2.000000	5.000000
2.000000	4.000000	12.000000	9.000000	4.000000
3.000000	9.000000	1.000000	17.000000	5.000000
12.180693	10.460571	10.558356	10.923490	4.000000
14.000000	5.000000	10.000000	2.000000	11.000000
17.000000	12.000000	7.000000	3.000000	15.000000
13.000000	7.000000	6.000000	10.000000	8.000000
9.332103	10.378803	8.862754	10.813271	4.000000
10.442242	7.418983	9.013541	9.107684	4.000000
16.000000	3.000000	7.000000	20.000000	16.000000
3.000000	14.000000	13.000000	12.000000	15.000000
3.000000	20.000000	18.000000	1.000000	14.000000
13.000000	6.000000	13.000000	10.000000	15.000000
12.000000	12.000000	9.000000	15.000000	5.000000
12.000000	4.000000	12.000000	4.000000	2.000000
8.000000	19.000000	16.000000	6.000000	11.000000
11.000000	8.000000	16.000000	15.000000	12.000000
2.000000	9.000000	3.000000	19.000000	10.000000
9.000000	3.000000	7.000000	1.000000	13.000000
1.000000	12.000000	4.000000	9.000000	18.000000
20.000000	13.000000	2.000000	3.000000	16.000000
8.671140	8.841711	9.149851	11.196891	8.000000
8.000000	20.000000	7.000000	3.000000	7.000000
10.000000	4.000000	15.000000	13.000000	15.000000
4.000000	13.000000	17.000000	10.000000	13.000000
9.000000	2.000000	16.000000	4.000000	3.000000
14.000000	3.000000	15.000000	15.000000	6.000000
2.000000	9.000000	7.000000	19.000000	18.000000
14.000000	7.000000	9.000000	1.000000	1.000000
15.000000	10.000000	17.000000	10.000000	14.000000
11.000000	5.000000	6.000000	7.000000	7.000000
8.996642	7.947077	9.809683	10.416003	19.000000
2.000000	19.000000	14.000000	8.000000	5.000000
19.000000	1.000000	5.000000	5.000000	12.000000
14.000000	19.000000	10.000000	14.000000	11.000000
10.000000	1.000000	12.000000	6.000000	10.000000
18.000000	16.000000	6.000000	3.000000	15.000000
9.035641	8.670576	9.243752	8.609243	10.000000
9.385634	10.782821	10.415213	10.677053	5.000000
16.000000	3.000000	5.000000	20.000000	8.000000
8.000000	5.000000	18.000000	17.000000	18.000000
20.000000	7.000000	18.000000	11.000000	4.000000
19.000000	8.000000	12.000000	17.000000	3.000000
10.957406	9.624646	10.897486	10.664442	3.000000
16.000000	18.000000	8.000000	15.000000	3.000000
10.484401	9.500469	9.709164	11.534948	1.000000
16.000000	8.000000	5.000000	13.000000	4.000000
14.000000	4.000000	2.000000	12.000000	7.000000
6.000000	2.000000	6.000000	17.000000	18.000000
8.000000	14.000000	18.000000	6.000000	20.000000
8.421593	9.764457	9.399974	9.387912	7.000000
3.000000	2.000000	8.000000	20.000000	2.000000
8.000000	15.000000	9.000000	4.000000	20.000000
9.116151	9.718514	9.957172	8.485176	1.000000
9.000000	11.000000	14.000000	15.000000	19.000000
9.203388	11.282088	9.282376	8.569694	20.000000
11.000000	20.000000	12.000000	11.000000	19.000000
19.000000	14.000000	12.000000	6.000000	13.000000
13.000000	6.000000	7.000000	13.000000	1.000000
6.000000	17.000000	10.000000	9.000000	2.000000
8.533271	7.660346	7.645713	6.040365	3.000000
2.000000	19.000000	9.000000	13.000000	19.000000
8.000000	15.000000	10.000000	19.000000	5.000000
20.000000	17.000000	18.000000	12.000000	15.000000
2.000000	16.000000	12.000000	9.000000	9.000000
9.527889	8.488944	9.179158	9.080303	6.000000
10.000000	19.000000	15.000000	13.000000	6.000000
9.000000	6.000000	4.000000	17.000000	10.000000
14.000000	16.000000	16.000000	4.000000	15.000000
20.000000	3.000000	3.000000	10.000000	14.000000
9.000000	11.000000	2.000000	12.000000	11.000000
10.298170	10.000972	11.512192	11.646439	13.000000
10.231750	9.205126	11.080248	10.051006	11.000000
8.056808	7.762986	7.537643	5.987968	17.000000
17.000000	6.000000	13.000000	12.000000	1.000000
9.073102	9.467240	8.513650	8.695558	4.000000
8.976153	9.087489	9.110259	8.584986	5.000000
7.789945	9.666943	9.435839	7.764237	20.000000
4.000000	19.000000	18.000000	15.000000	18.000000
8.000000	3.000000	6.000000	7.000000	14.000000
15.000000	15.000000	19.000000	7.000000	18.000000
19.000000	17.000000	20.000000	14.000000	9.000000
10.519453	10.291203	9.246668	9.791973	15.000000
7.000000	6.000000	5.000000	10.000000	11.000000
16.000000	14.000000	1.000000	13.000000	20.000000
18.000000	12.000000	2.000000	16.000000	18.000000
15.000000	10.000000	12.000000	6.000000	8.000000
9.000000	4.000000	4.000000	20.000000	9.000000
9.182609	8.125981	7.641701	8.614199	16.000000
8.366380	9.839481	9.445121	10.036112	5.000000
4.000000	7.000000	10.000000	16.000000	19.000000
9.000000	13.000000	10.000000	2.000000	8.000000
19.000000	9.000000	9.000000	2.000000	14.000000
16.000000	2.000000	9.000000	11.000000	2.000000
6.971585	9.568461	9.517918	9.393053	4.000000
4.000000	7.000000	19.000000	17.000000	18.000000
8.921307	9.622910	9.728601	11.020186	7.000000
15.000000	5.000000	19.000000	5.000000	19.000000
10.062325	10.168609	9.218301	8.652616	17.000000
12.000000	15.000000	18.000000	20.000000	5.000000
11.000000	17.000000	3.000000	11.000000	8.000000
6.000000	14.000000	14.000000	16.000000	10.000000
11.000000	3.000000	1.000000	7.000000	19.000000
7.000000	2.000000	3.000000	17.000000	18.000000
13.000000	15.000000	12.000000	11.000000	2.000000
8.217393	7.224389	9.503665	7.511146	2.000000
12.000000	20.000000	10.000000	15.000000	10.000000
9.000000	12.000000	15.000000	2.000000	8.000000
4.000000	5.000000	10.000000	16.000000	11.000000
8.000000	14.000000	4.000000	2.000000	11.000000
13.000000	7.000000	5.000000	17.000000	17.000000
18.000000	16.000000	19.000000	13.000000	5.000000
12.000000	17.000000	17.000000	13.000000	11.000000
18.000000	2.000000	2.000000	13.000000	15.000000
1.000000	8.000000	19.000000	2.000000	16.000000
2.000000	1.000000	9.000000	17.000000	3.000000
19.000000	10.000000	1.000000	4.000000	6.000000
8.439922	9.410219	9.417330	9.490644	6.000000
10.175620	9.459043	8.720330	7.890323	3.000000
9.305135	9.390573	9.560961	9.182512	19.000000
10.000000	10.000000	19.000000	1.000000	11.000000
14.000000	14.000000	12.000000	2.000000	10.000000
6.000000	1.000000	11.000000	6.000000	16.000000
7.336662	8.740625	10.015018	10.256588	1.000000
9.881729	10.185853	10.930947	8.445074	19.000000
4.000000	1.000000	5.000000	19.000000	10.000000
16.000000	1.000000	19.000000	14.000000	1.000000
1.000000	19.000000	6.000000	12.000000	20.000000
7.000000	9.000000	12.000000	10.000000	6.000000
19.000000	17.000000	20.000000	19.000000	1.000000
20.000000	3.000000	14.000000	1.000000	1.000000
12.000000	5.000000	13.000000	9.000000	3.000000
2.000000	4.000000	15.000000	20.000000	9.000000
7.000000	1.000000	7.000000	12.000000	4.000000
18.000000	19.000000	5.000000	2.000000	20.000000
10.000000	12.000000	8.000000	9.000000	10.000000
9.000000	8.000000	13.000000	2.000000	9.000000
8.996137	9.360766	8.927245	10.856565	14.000000
7.000000	19.000000	9.000000	14.000000	10.000000
9.783888	8.819323	10.986378	8.903872	12.000000
6.000000	16.000000	2.000000	2.000000	9.000000
1.000000	11.000000	1.000000	8.000000	20.000000
2.000000	8.000000	19.000000	14.000000	10.000000
19.000000	18.000000	15.000000	3.000000	15.000000
20.000000	2.000000	5.000000	20.000000	15.000000
14.000000	20.000000	6.000000	16.000000	6.000000
17.000000	13.000000	13.000000	10.000000	14.000000
8.727516	9.252534	9.123803	9.559450	2.000000
15.000000	15.000000	9.000000	6.000000	9.000000
18.000000	16.000000	18.000000	4.000000	19.000000
9.143832	9.138881	8.574554	9.389525	6.000000
9.279102	10.305503	8.898892	10.362370	17.000000
10.867286	10.157104	8.733736	8.971560	13.000000
14.000000	8.000000	15.000000	9.000000	1.000000
16.000000	16.000000	15.000000	4.000000	1.000000
15.000000	14.000000	16.000000	5.000000	9.000000
6.000000	8.000000	16.000000	9.000000	8.000000
1.000000	18.000000	9.000000	18.000000	13.000000
17.000000	11.000000	4.000000	17.000000	17.000000
16.000000	2.000000	16.000000	2.000000	2.000000
16.000000	17.000000	17.000000	3.000000	13.000000
9.125878	9.029998	10.266420	9.006614	13.000000
18.000000	2.000000	1.000000	13.000000	11.000000
8.241720	9.597070	8.975957	9.152456	15.000000
12.000000	16.000000	17.000000	7.000000	4.000000
14.000000	3.000000	5.000000	1.000000	16.000000
18.000000	9.000000	13.000000	15.000000	11.000000
10.183102	8.041904	8.791115	7.903287	19.000000
12.000000	3.000000	1.000000	4.000000	16.000000
3.000000	3.000000	13.000000	2.000000	2.000000
7.000000	14.000000	17.000000	15.000000	20.000000
8.580315	9.147481	8.825331	7.733180	1.000000
9.243049	9.810471	9.455750	10.059464	19.000000
11.827600	11.117109	10.855985	9.617175	7.000000
20.000000	12.000000	9.000000	20.000000	7.000000
16.000000	14.000000	9.000000	20.000000	16.000000
2.000000	18.000000	1.000000	10.000000	13.000000
8.974544	9.948236	10.880070	9.922702	16.000000
4.000000	7.000000	1.000000	12.000000	12.000000
19.000000	2.000000	5.000000	12.000000	11.000000
11.000000	12.000000	14.000000	11.000000	3.000000
1.000000	19.000000	9.000000	1.000000	18.000000
4.000000	3.000000	16.000000	16.000000	12.000000
8.000000	7.000000	13.000000	11.000000	4.000000
9.213590	9.045440	8.669289	9.224424	6.000000
5.000000	3.000000	20.000000	9.000000	14.000000
2.000000	11.000000	17.000000	15.000000	14.000000
12.000000	15.000000	12.000000	20.000000	16.000000
1.000000	15.000000	10.000000	16.000000	2.000000
9.341090	10.118979	11.225894	7.184117	6.000000
9.509316	8.458567	11.314426	8.414214	20.000000
17.000000	14.000000	14.000000	8.000000	14.000000
10.385786	11.242610	10.262725	9.587155	16.000000
10.000000	19.000000	10.000000	13.000000	10.000000
17.000000	13.000000	16.000000	18.000000	9.000000
8.383907	7.799914	7.012710	8.961731	7.000000
20.000000	4.000000	15.000000	11.000000	12.000000
7.000000	20.000000	5.000000	12.000000	19.000000
9.118486	10.381359	9.683517	7.880166	19.000000
3.000000	8.000000	9.000000	4.000000	20.000000
11.000000	1.000000	4.000000	18.000000	10.000000
12.000000	7.000000	20.000000	19.000000	15.000000
19.000000	18.000000	18.000000	13.000000	1.000000
10.399028	10.161148	8.284476	7.603684	3.000000
7.154018	8.659030	8.865163	9.026814	14.000000
3.000000	3.000000	1.000000	12.000000	7.000000
12.000000	14.000000	19.000000	15.000000	11.000000
8.000000	19.000000	17.000000	8.000000	17.000000
11.000000	6.000000	6.000000	20.000000	10.000000
8.271294	9.275046	7.833342	8.716823	18.000000
15.000000	19.000000	13.000000	19.000000	19.000000
6.000000	14.000000	2.000000	18.000000	5.000000
9.635321	11.862295	11.201208	9.659464	3.000000
8.000000	5.000000	1.000000	17.000000	4.000000
17.000000	19.000000	1.000000	3.000000	11.000000
3.000000	20.000000	11.000000	15.000000	9.000000
8.000000	1.000000	19.000000	12.000000	11.000000
6.437851	9.851953	9.837070	8.738359	18.000000
20.000000	9.000000	6.000000	9.000000	6.000000
20.000000	9.000000	3.000000	13.000000	5.000000
18.000000	9.000000	3.000000	11.000000	3.000000
8.977257	9.085713	9.009281	9.422089	19.000000
15.000000	14.000000	11.000000	5.000000	17.000000
13.000000	13.000000	5.000000	17.000000	3.000000
2.000000	16.000000	11.000000	19.000000	17.000000
9.000000	19.000000	5.000000	11.000000	3.000000
9.000000	20.000000	3.000000	3.000000	10.000000
7.661263	6.423680	7.227085	8.438718	14.000000
4.000000	6.000000	8.000000	14.000000	2.000000
4.000000	7.000000	14.000000	1.000000	15.000000
16.000000	14.000000	2.000000	19.000000	5.000000
18.000000	7.000000	15.000000	2.000000	9.000000
9.761723	7.950245	10.738523	7.705490	17.000000
10.000000	16.000000	4.000000	15.000000	7.000000
17.000000	19.000000	4.000000	16.000000	4.000000
9.237605	10.737366	10.928909	9.211380	12.000000
8.285051	8.488635	9.610492	9.013713	16.000000
1.000000	7.000000	2.000000	15.000000	1.000000
9.798663	8.490348	9.827524	8.586143	2.000000
10.000000	3.000000	17.000000	5.000000	9.000000
16.000000	14.000000	7.000000	11.000000	9.000000
7.920535	10.290737	8.588638	10.197761	6.000000
9.510389	7.044317	8.234525	7.976082	1.000000
11.249407	9.099609	9.926168	10.752441	19.000000
11.000000	14.000000	1.000000	5.000000	7.000000
9.720634	9.628402	9.174563	9.306717	11.000000
8.525541	11.137979	10.207404	10.652885	16.000000
12.000000	2.000000	3.000000	4.000000	17.000000
8.000000	18.000000	8.000000	11.000000	9.000000
8.958461	9.731805	9.259220	9.697104	20.000000
19.000000	1.000000	5.000000	11.000000	17.000000
9.489563	8.877187	7.747673	7.924225	15.000000
7.793490	8.973535	9.081047	8.878811	15.000000
7.000000	19.000000	16.000000	10.000000	14.000000
4.000000	9.000000	12.000000	12.000000	11.000000
20.000000	3.000000	11.000000	12.000000	13.000000
3.000000	10.000000	6.000000	7.000000	13.000000
2.000000	2.000000	17.000000	16.000000	16.000000
11.000000	8.000000	3.000000	2.000000	15.000000
17.000000	8.000000	6.000000	4.000000	9.000000
11.000000	8.000000	10.000000	2.000000	11.000000
12.000000	2.000000	5.000000	3.000000	13.000000
18.000000	5.000000	15.000000	15.000000	3.000000
19.000000	8.000000	4.000000	15.000000	4.000000
9.457138	8.194617	9.806204	10.695338	6.000000
18.000000	3.000000	5.000000	15.000000	6.000000
14.000000	5.000000	13.000000	15.000000	7.000000
15.000000	6.000000	20.000000	20.000000	8.000000
4.000000	9.000000	4.000000	10.000000	3.000000
7.000000	8.000000	10.000000	2.000000	2.000000
13.000000	5.000000	6.000000	16.000000	19.000000
3.000000	5.000000	1.000000	8.000000	19.000000
18.000000	1.000000	3.000000	3.000000	7.000000
1.000000	17.000000	12.000000	12.000000	16.000000
12.000000	16.000000	16.000000	15.000000	17.000000
18.000000	13.000000	5.000000	20.000000	7.000000
18.000000	4.000000	11.000000	16.000000	19.000000
1.000000	18.000000	15.000000	13.000000	5.000000
13.000000	11.000000	17.000000	8.000000	13.000000
3.000000	8.000000	1.000000	7.000000	20.000000
9.000000	18.000000	7.000000	4.000000	4.000000
3.000000	14.000000	9.000000	19.000000	13.000000
15.000000	17.000000	8.000000	17.000000	4.000000
19.000000	18.000000	1.000000	13.000000	2.000000
9.924348	10.764355	9.192971	8.020932	5.000000
16.000000	17.000000	12.000000	17.000000	15.000000
3.000000	17.000000	12.000000	1.000000	20.000000
7.000000	4.000000	5.000000	15.000000	14.000000
8.689321	9.293733	8.195403	9.630607	18.000000
5.000000	15.000000	7.000000	6.000000	7.000000
9.015368	9.243528	9.559727	9.045787	16.000000
9.668526	9.509894	8.906513	8.777527	15.000000
9.093195	12.331155	10.172778	9.496529	7.000000
3.000000	8.000000	2.000000	7.000000	2.000000
15.000000	16.000000	3.000000	9.000000	12.000000
12.000000	13.000000	6.000000	18.000000	10.000000
7.942634	8.379915	8.801535	8.213511	8.000000
20.000000	7.000000	15.000000	3.000000	10.000000
9.095322	9.398602	10.492810	9.444225	13.000000
2.000000	14.000000	20.000000	3.000000	12.000000
2.000000	9.000000	7.000000	16.000000	9.000000
18.000000	7.000000	14.000000	15.000000	16.000000
3.000000	19.000000	12.000000	7.000000	18.000000
20.000000	18.000000	16.000000	6.000000	20.000000
6.000000	6.000000	12.000000	1.000000	9.000000
5.000000	14.000000	2.000000	16.000000	8.000000
14.000000	9.000000	8.000000	12.000000	4.000000
17.000000	10.000000	2.000000	10.000000	16.000000
9.000000	4.000000	6.000000	1.000000	10.000000
15.000000	20.000000	19.000000	11.000000	5.000000
9.302408	8.911761	8.964615	7.587486	20.000000
9.420568	9.208727	7.220212	10.910976	14.000000
20.000000	17.000000	2.000000	19.000000	1.000000
8.653471	10.273146	8.109259	9.022690	16.000000
17.000000	20.000000	20.000000	3.000000	20.000000
1.000000	9.000000	11.000000	20.000000	11.000000
7.000000	10.000000	18.000000	8.000000	3.000000
17.000000	18.000000	13.000000	1.000000	2.000000
6.000000	12.000000	10.000000	19.000000	11.000000
10.000000	8.000000	17.000000	11.000000	11.000000
13.000000	20.000000	10.000000	12.000000	14.000000
1.000000	4.000000	2.000000	3.000000	3.000000
8.311163	7.706591	9.632683	9.368675	8.000000
7.000000	19.000000	6.000000	11.000000	19.000000
19.000000	16.000000	3.000000	8.000000	6.000000
13.000000	10.000000	6.000000	9.000000	12.000000
16.000000	1.000000	11.000000	17.000000	4.000000
4.000000	9.000000	8.000000	18.000000	11.000000
9.400678	8.786083	7.934446	8.787516	11.000000
9.352820	9.271766	11.072107	9.805428	6.000000
12.000000	13.000000	13.000000	14.000000	1.000000
10.000000	6.000000	2.000000	15.000000	6.000000
10.424350	10.544358	11.933609	10.328076	18.000000
2.000000	19.000000	6.000000	1.000000	16.000000
8.000000	15.000000	17.000000	18.000000	12.000000
20.000000	8.000000	7.000000	20.000000	2.000000
4.000000	11.000000	7.000000	16.000000	4.000000
7.000000	5.000000	1.000000	20.000000	12.000000
7.000000	12.000000	13.000000	5.000000	7.000000
10.390975	8.204494	10.110566	10.033894	11.000000
13.000000	20.000000	5.000000	2.000000	9.000000
8.000000	1.000000	16.000000	6.000000	20.000000
10.000000	9.000000	3.000000	16.000000	4.000000
18.000000	14.000000	20.000000	19.000000	13.000000
3.000000	17.000000	16.000000	16.000000	13.000000
3.000000	10.000000	10.000000	20.000000	9.000000
12.000000	4.000000	8.000000	16.000000	5.000000
9.999334	12.020004	10.782539	9.818079	20.000000
7.395716	8.487768	8.154118	8.774723	8.000000
8.934315	8.264979	9.781989	9.398791	18.000000
5.000000	17.000000	14.000000	1.000000	4.000000
18.000000	15.000000	13.000000	20.000000	14.000000
14.000000	11.000000	9.000000	13.000000	19.000000
6.000000	9.000000	13.000000	2.000000	5.000000
13.000000	10.000000	17.000000	20.000000	12.000000
17.000000	3.000000	20.000000	9.000000	9.000000
9.000000	14.000000	5.000000	15.000000	6.000000
9.000000	12.000000	20.000000	13.000000	11.000000
10.593258	10.966709	8.610235	11.101048	11.000000
12.000000	18.000000	11.000000	4.000000	12.000000
15.000000	16.000000	13.000000	4.000000	16.000000
5.000000	20.000000	10.000000	16.000000	20.000000
18.000000	4.000000	13.000000	14.000000	18.000000
10.000000	14.000000	10.000000	9.000000	7.000000
12.000000	13.000000	4.000000	5.000000	18.000000
10.892280	10.005524	10.719270	10.399645	20.000000
10.000000	19.000000	15.000000	3.000000	2.000000
2.000000	7.000000	13.000000	3.000000	2.000000
13.000000	12.000000	5.000000	17.000000	6.000000
3.000000	19.000000	19.000000	4.000000	7.000000
17.000000	15.000000	12.000000	1.000000	20.000000
10.727162	10.519075	11.784066	11.741361	10.000000
6.000000	17.000000	1.000000	13.000000	11.000000
8.326758	9.893332	8.343222	8.893230	9.000000
10.000000	3.000000	12.000000	14.000000	11.000000
17.000000	8.000000	9.000000	8.000000	3.000000
9.065932	9.628567	9.261896	9.010622	8.000000
9.000000	19.000000	14.000000	7.000000	17.000000
10.179190	8.581758	10.249754	9.304214	17.000000
15.000000	13.000000	2.000000	3.000000	11.000000
10.000000	12.000000	13.000000	2.000000	18.000000
8.000957	9.094997	9.226415	9.490254	9.000000
20.000000	19.000000	5.000000	9.000000	9.000000
4.000000	9.000000	7.000000	9.000000	15.000000
9.483788	8.912241	7.567054	9.136271	2.000000
15.000000	6.000000	14.000000	17.000000	9.000000
9.980528	7.625759	11.119970	10.175963	19.000000
9.000000	11.000000	1.000000	6.000000	14.000000
1.000000	17.000000	4.000000	17.000000	5.000000
12.000000	1.000000	5.000000	10.000000	9.000000
19.000000	4.000000	4.000000	18.000000	15.000000
6.000000	12.000000	13.000000	19.000000	8.000000
10.100775	8.806129	8.877030	8.673233	10.000000
16.000000	5.000000	12.000000	8.000000	2.000000
5.000000	9.000000	10.000000	20.000000	5.000000
6.000000	11.000000	17.000000	10.000000	12.000000
6.000000	20.000000	8.000000	1.000000	17.000000
14.000000	6.000000	1.000000	6.000000	5.000000
20.000000	10.000000	19.000000	17.000000	6.000000
7.813489	8.545833	8.106094	10.823396	12.000000
9.220016	8.552149	9.633169	7.373466	8.000000
17.000000	9.000000	18.000000	13.000000	18.000000
10.843273	10.063078	9.408485	10.300306	11.000000
6.000000	10.000000	8.000000	18.000000	8.000000
4.000000	9.000000	17.000000	2.000000	6.000000
14.000000	2.000000	10.000000	15.000000	13.000000
1.000000	9.000000	20.000000	13.000000	12.000000
19.000000	1.000000	12.000000	17.000000	5.000000
1.000000	18.000000	15.000000	10.000000	6.000000
17.000000	7.000000	7.000000	16.000000	4.000000
9.553685	8.827886	9.121549	9.021632	13.000000
9.000000	8.000000	14.000000	18.000000	3.000000
18.000000	11.000000	3.000000	10.000000	3.000000
11.676610	10.675250	9.937243	10.963861	16.000000
8.954476	10.435183	10.649609	10.381204	20.000000
10.000000	1.000000	6.000000	9.000000	9.000000
1.000000	14.000000	8.000000	12.000000	8.000000
20.000000	13.000000	16.000000	6.000000	10.000000
10.531104	10.149353	10.475664	9.654763	4.000000
6.000000	18.000000	4.000000	20.000000	8.000000
19.000000	19.000000	18.000000	16.000000	3.000000
17.000000	5.000000	16.000000	2.000000	5.000000
8.063156	7.203615	8.022565	8.844784	5.000000
9.919959	9.391469	11.039519	11.317163	19.000000
19.000000	2.000000	14.000000	10.000000	14.000000
17.000000	16.000000	3.000000	20.000000	7.000000
10.000000	11.000000	5.000000	7.000000	6.000000
20.000000	3.000000	2.000000	15.000000	16.000000
11.432199	10.246816	9.850710	11.099720	12.000000
14.000000	2.000000	5.000000	2.000000	7.000000
16.000000	20.000000	8.000000	9.000000	2.000000
10.285698	6.894443	8.713330	8.309243	9.000000
8.819804	10.095655	9.085189	7.964554	12.000000
11.002552	9.427835	11.535108	11.496653	5.000000
7.612698	10.882956	10.788737	8.758083	3.000000
17.000000	3.000000	17.000000	13.000000	17.000000
8.836336	9.598248	8.882766	8.232344	8.000000
9.000000	3.000000	5.000000	9.000000	6.000000
7.856164	10.222863	11.651263	7.875332	15.000000
13.000000	10.000000	5.000000	19.000000	10.000000
7.658916	9.610939	7.657650	8.614178	9.000000
9.768626	10.582372	9.907956	10.672820	18.000000
20.000000	17.000000	6.000000	7.000000	7.000000
13.000000	8.000000	9.000000	9.000000	16.000000
10.348763	11.453076	9.466355	9.276474	7.000000
10.820298	8.731708	9.790089	9.407827	10.000000
6.000000	1.000000	9.000000	14.000000	18.000000
17.000000	12.000000	3.000000	12.000000	7.000000
9.338305	8.388075	7.461245	7.493315	10.000000
9.842360	7.551301	10.150698	8.468302	11.000000
12.000000	10.000000	3.000000	3.000000	17.000000
10.000000	7.000000	8.000000	17.000000	8.000000
17.000000	14.000000	20.000000	5.000000	7.000000
7.758820	7.462062	9.300374	8.172510	17.000000
17.000000	12.000000	7.000000	3.000000	9.000000
8.000000	16.000000	11.000000	4.000000	8.000000
13.000000	16.000000	10.000000	15.000000	10.000000
6.000000	16.000000	16.000000	5.000000	13.000000
15.000000	1.000000	18.000000	15.000000	17.000000
5.000000	16.000000	1.000000	15.000000	7.000000
9.000000	11.000000	11.000000	8.000000	13.000000
19.000000	15.000000	20.000000	1.000000	19.000000
20.000000	13.000000	6.000000	9.000000	20.000000
15.000000	6.000000	15.000000	2.000000	10.000000
7.870495	9.430079	6.700040	9.088544	3.000000
18.000000	1.000000	18.000000	10.000000	15.000000
16.000000	19.000000	17.000000	6.000000	6.000000
9.000000	17.000000	20.000000	1.000000	17.000000
