5.221282	4.875239	5.141214	5.335497	4.453046	4.587537	4.142118	5.795313	5.59151	5.123808
6.240848	4.970226	4.932848	5.040197	4.815026	4.899878	5.841147	4.533837	5.078515	4.908446
5.032836	4.553792	4.458723	5.039086	4.46084	4.041839	5.031244	5.001668	5.283161	4.281182
4.326972	4.536314	4.990989	5.37149	5.641719	5.180147	4.316164	5.357463	5.366184	3.890138
4.990516	4.996989	4.959611	5.802932	5.548741	4.926641	5.137522	5.060236	5.188734	4.610799
4.762083	4.555072	5.089851	5.655159	4.892639	5.344562	4.875592	4.958566	6.023049	5.278706
4.51399	5.177217	5.139839	4.121447	5.605283	5.106869	5.696868	4.098649	4.621977	5.09317
5.362706	5.021533	4.520591	4.472967	4.312639	4.481088	4.676419	5.351434	5.840348	4.739595
5.37389	5.939695	5.065045	4.892074	4.246161	5.504927	5.896816	4.876189	5.665443	4.775922
4.564579	5.295208	5.215994	5.788421	4.858324	4.261616	5.828103	4.840788	4.891689	4.200133
4.89752	3.851651	5.383471	4.679599	5.009372	4.310553	4.945196	4.363997	5.373454	5.086739
4.986305	5.166631	4.701264	4.311279	4.032622	5.109301	5.026217	4.962082	4.875582	4.679955
4.631045	5.067084	5.506441	5.925908	5.606839	5.37897	5.056614	4.953501	5.50583	5.40746
5.545493	5.175458	4.561971	5.452243	4.83763	5.244693	4.952933	6.019015	5.543277	4.49436
3.988511	4.917933	5.031693	5.654459	4.519921	5.73776	4.183623	4.518281	5.349782	4.770467
4.510931	5.02993	5.522589	4.739017	5.737862	3.54055	5.077484	4.87724	5.285799	5.499438
5.50579	5.564087	4.337547	4.889976	5.392346	4.427638	5.624111	5.269255	5.032468	4.928482
5.087877	6.058803	4.747765	4.853589	5.410839	4.467027	4.353391	4.576708	4.519649	5.381773
5.061961	6.191922	4.261877	5.56696	4.261695	5.684659	4.531456	5.158812	4.736224	4.853312
5.91263	5.419787	4.440313	4.955261	4.840732	4.798599	5.221428	3.763321	6.027216	4.919135
5.320334	4.951892	4.914514	4.496683	4.683084	4.881544	5.051964	5.769679	5.329575	3.722322
4.781535	5.059831	4.934507	5.15692	4.265705	5.728761	4.66179	5.243536	5.67952	4.649996
4.739593	4.950064	4.912686	4.566485	4.694791	4.879716	5.19132	4.956693	4.436779	4.057544
5.644616	4.383233	4.860164	4.712717	3.896882	5.636492	4.812228	4.834392	5.483229	4.91155
4.760405	5.146459	4.477294	5.663094	5.141321	5.511563	4.211729	4.764429	4.082239	3.746299
4.558782	4.966771	5.045943	5.274543	4.528069	5.969812	4.796305	5.156674	6.225484	5.573039
4.366319	5.43925	4.990298	5.129762	4.282531	4.717234	4.92487	5.218997	4.988964	5.19032
5.275098	5.049535	5.012157	4.405739	5.573667	4.979187	5.505542	5.574731	4.565214	5.579342
4.63048	5.011382	4.974004	4.918015	4.680568	4.941034	4.664521	4.790229	4.907307	5.738118
5.229188	5.268415	5.804474	5.199234	4.522914	5.151399	4.372615	4.842917	4.494963	4.556239
4.602946	4.204309	5.146007	5.006755	5.316629	5.005539	4.025271	5.044403	4.913129	5.177473
4.455269	5.374442	5.022077	4.614713	5.557236	5.331384	5.908566	6.24567	4.273943	5.555623
5.265545	5.092501	5.344705	4.645432	5.21761	4.037297	5.650129	5.254145	5.228619	4.636505
4.837852	4.727818	4.552676	5.146909	5.015298	5.213701	4.262615	4.437878	5.776074	4.803267
4.215566	4.46319	5.483573	5.767035	6.096208	5.229977	4.884413	6.189469	6.416163	4.458793
5.471874	3.515014	5.01056	4.894218	4.326622	4.729828	4.658844	5.556497	4.96762	5.185818
4.926872	4.8641	5.347239	5.404102	5.011549	4.789725	4.330256	5.774648	4.829369	5.436677
4.650876	5.147596	3.809769	5.513632	4.967994	4.542216	6.198545	4.244731	4.478897	4.233855
4.560139	4.860576	6.06691	5.492408	5.313589	4.668033	5.536633	5.554034	4.49881	5.756324
4.306446	4.404767	5.380076	4.212302	5.338392	4.80431	3.60967	5.38416	4.95922	5.110979
4.628378	5.759802	4.597858	4.318139	3.791708	5.164839	4.416552	5.470196	4.842217	5.778625
4.919904	4.313992	5.488482	4.754875	4.822354	5.476659	5.395863	5.206611	4.974312	5.001314
5.354214	4.239096	5.29307	5.684451	4.788251	3.945458	5.312079	5.22379	5.0423	5.332712
4.684045	5.170386	5.133008	5.785584	4.76265	5.100038	5.053396	4.945528	4.523844	4.810678
4.728718	5.043854	5.006475	5.233307	5.511374	4.973505	4.527935	5.872103	4.979909	4.917481
5.454667	4.780082	5.765808	3.951147	4.89198	4.49994	5.286688	4.319803	4.929079	4.161593
5.820425	5.436984	5.546019	5.272262	4.503334	4.763327	4.244567	5.563781	4.103707	4.324312
4.681252	3.875034	5.309746	5.178292	4.683528	4.725595	5.751868	4.511722	5.256386	5.541851
5.491061	4.850626	4.861547	5.530734	4.699924	4.86652	4.86949	4.58936	4.072492	4.952058
5.121578	5.327483	4.968736	5.372687	5.180852	3.97928	4.968002	5.478932	4.822303	4.843535
5.868587	4.868727	4.292593	5.046152	4.843755	4.801481	5.916585	6.262605	5.177626	4.606617
5.33288	5.057365	5.156747	4.797422	5.438961	3.916257	5.222443	3.993503	5.116544	3.544814
4.778716	4.979486	5.027561	4.549909	4.467594	5.658851	4.386987	4.230435	5.080506	4.390528
4.500391	5.189236	5.819553	4.37738	4.822526	6.24907	5.355463	5.619678	3.876485	4.862384
4.927306	4.857434	4.611392	5.231486	5.200444	4.092022	4.622142	4.37564	5.58711	4.486814
4.333482	5.362527	5.079966	5.104382	4.983563	5.560331	4.483873	3.989408	5.210865	5.487472
5.420422	5.675835	4.903551	4.655891	4.339437	5.805328	4.513691	5.796639	5.948984	4.678653
5.563339	4.759131	5.523511	5.59238	3.954811	5.262181	4.994205	4.80871	4.674277	5.010579
4.839592	3.976377	4.396762	5.175116	5.663065	4.352233	4.316957	5.416242	5.026817	4.76959
4.25524	4.589578	5.474679	5.744706	5.099232	5.314817	4.7514	5.324355	5.573141	5.301871
5.281648	5.099158	5.426797	5.463218	4.176515	5.145371	5.601166	5.289322	4.261382	4.729312
4.944301	4.487475	4.821547	5.09526	4.875286	5.174852	5.115897	4.176042	5.098513	4.802118
5.4985	5.128149	5.090771	4.489186	5.241628	5.057801	4.916541	5.043541	5.450278	4.967499
4.133967	4.728155	5.409875	5.249384	3.369868	4.047248	5.246372	5.215163	4.646211	4.209431
5.184937	4.723826	4.851904	5.232148	4.698031	3.924586	4.520941	4.480639	5.208382	4.816877
5.439796	5.290414	4.328548	4.987596	3.920726	5.205109	4.188891	4.792222	4.374604	4.21645
4.303107	5.105889	5.068511	4.158039	5.364001	5.035541	5.201888	5.61142	4.185708	4.538061
5.173502	4.986859	4.949481	4.950407	4.723104	4.916511	5.78086	5.540636	3.717506	5.818776
4.270738	4.544729	4.436434	3.653892	5.00861	5.260659	4.927725	4.592602	4.854585	4.879377
4.890411	5.093607	5.056229	5.200339	4.413129	5.023259	5.092946	5.393584	5.323174	4.973277
4.611337	5.250603	5.185848	4.636129	5.306892	4.992406	4.966167	6.031613	4.483843	5.363529
4.826852	5.602358	5.124931	5.276816	5.030301	5.724292	5.613081	3.49699	5.761415	5.124529
5.404865	4.796214	4.936544	4.474597	5.032413	5.918953	4.411959	5.464535	3.753177	5.1832
4.261928	4.825388	4.88456	4.888268	4.782081	5.331463	5.283852	4.376714	5.456931	4.663939
4.832451	6.225358	5.121112	5.21111	5.867996	5.17502	5.53849	4.644712	5.065237	5.538012
4.466696	4.71762	5.392801	4.496628	4.958199	5.45125	5.408514	5.017445	4.716709	4.007881
5.173485	5.884324	5.209303	4.84356	5.707435	5.159662	4.654208	3.985806	4.788276	5.132046
4.589008	4.881053	4.843675	4.356344	4.46745	4.810705	5.365272	5.254764	4.11236	4.689616
5.382404	4.994464	5.531912	5.448511	5.087089	5.08013	4.239792	4.872844	5.791092	5.086173
5.822285	5.302208	5.010968	5.02562	4.601703	4.770897	5.128778	4.590391	5.442592	5.16501
5.41173	4.453281	5.272259	4.962665	5.860651	5.96954	5.059379	5.004292	4.168093	5.732235
4.87008	5.698307	3.673235	5.703674	5.857134	5.203244	4.069184	4.551603	5.303125	5.536467
4.731369	4.276329	4.945694	4.364646	5.020864	4.583818	4.939006	5.052936	5.478457	4.75279
5.119949	4.68493	4.080232	5.426177	4.61576	4.765965	4.753628	5.183035	5.624055	5.174941
5.344665	4.758221	4.526108	6.001175	4.939677	6.045002	4.083606	4.12624	6.227707	5.560645
6.20548	5.088894	6.706561	4.025419	5.37101	4.79969	4.834785	4.534815	5.089254	5.269909
5.19909	4.823636	4.731834	4.414454	4.759673	5.501165	5.06889	4.454854	4.426383	4.744687
5.105097	4.773629	4.060443	3.740687	4.247328	4.80936	5.249755	4.375977	5.245121	5.865442
6.876738	5.372824	5.242347	4.383821	4.352901	4.716758	5.329138	5.403794	4.435925	6.161745
4.267015	5.15358	4.908699	4.865227	5.966855	5.637769	4.934824	5.82875	5.592652	5.243065
5.490112	5.402061	4.844106	5.313534	4.698928	4.411274	5.658065	4.18779	5.077923	4.404948
5.797238	5.20304	4.182824	4.637683	4.849132	3.73439	4.901671	5.519475	3.609829	5.028481
5.725639	4.881726	4.673662	4.408968	4.625097	4.997029	4.753013	5.26092	4.656826	5.43728
5.053792	4.901949	4.245876	5.430772	4.869401	5.212034	5.055367	5.186984	5.3834	4.481091
5.756142	5.176834	5.120811	4.610282	5.014128	4.890038	3.754144	4.194457	5.410935	5.250383
4.946887	5.725769	4.989827	5.735799	4.787036	5.206946	5.183084	4.348259	5.732336	4.153723
4.711476	5.06284	5.031845	4.674198	3.885397	4.282041	4.700864	5.267534	5.347797	5.69497
4.456029	5.767776	4.756246	4.978197	3.959071	4.780468	4.324116	5.035905	4.8954	4.055363
5.202353	4.810215	5.417363	3.978849	4.89713	4.548782	4.189342	4.53083	5.290926	4.796618
4.669332	4.844697	4.612634	5.591184	4.483007	4.162272	5.20359	5.129172	5.337676	5.65913
3.969279	5.208393	5.618617	4.794126	4.960031	5.038201	4.33035	5.015254	4.479267	3.980534
5.715491	5.254293	5.106703	5.194413	4.896606	5.134562	4.910136	4.746331	5.898224	5.913261
5.559708	5.329636	4.574954	5.305198	3.666621	5.177719	5.072075	5.29119	4.844056	4.442185
5.513278	4.294021	4.721682	4.972403	4.193705	5.666037	5.026755	3.832684	4.962523	5.298847
4.923004	4.44389	5.390242	4.885099	5.76647	4.683051	5.023058	4.83496	4.986011	5.569426
5.827846	4.949663	4.644165	5.369852	5.107379	4.123088	4.960712	5.476172	6.038121	5.058079
5.706486	4.430705	4.230871	5.290287	4.681182	4.399735	4.488212	5.278903	5.158624	5.433641
5.171549	4.104165	5.083395	5.508652	5.170412	6.920407	5.310289	5.529096	4.523816	5.327438
4.612648	5.128037	5.090659	4.754694	5.822814	5.057689	5.276427	5.654117	5.578794	5.627722
4.412966	5.070351	5.032972	5.645819	5.544088	5.000002	5.485941	6.23666	4.862403	6.177884
5.748678	4.744211	4.648573	4.811362	4.415939	5.184864	5.315178	4.106912	6.138666	5.420139
4.404108	5.391461	4.715014	4.813958	4.356628	5.123611	3.874988	4.981976	4.753176	4.461868
5.24389	4.895797	4.454216	4.505377	4.838758	4.570974	4.794974	3.992023	5.133378	5.325075
4.886793	5.154355	5.116976	4.43219	5.412761	5.084006	4.452461	4.64679	5.536992	6.009323
4.643384	5.074386	5.037007	4.071919	4.031122	5.004037	5.21273	5.38563	5.393167	4.802731
5.468033	5.152788	5.115409	5.056077	5.011251	5.082439	4.542463	5.358092	5.113241	5.280645
5.212777	4.894649	5.781614	5.209464	5.999267	4.602313	4.958588	5.343017	4.390382	4.564928
5.402162	4.92689	5.614613	5.307815	5.018779	5.064871	5.327521	5.262161	5.163574	5.241172
6.358519	5.4378	4.795886	5.022135	5.497747	5.422783	6.021919	5.002264	5.990766	5.129716
5.146576	5.030198	5.433886	4.092895	5.66526	5.277599	4.862417	4.126501	4.576271	4.942056
4.502408	4.259356	5.162211	5.222227	4.828126	6.315648	5.661905	5.155832	4.198797	3.982348
5.667554	5.025228	4.987849	4.967746	5.179169	4.954879	5.206663	4.421745	5.612637	4.757936
4.797342	5.675117	4.375962	5.35743	5.064508	5.772013	4.920421	4.726085	5.738364	4.585614
5.928454	5.491651	3.971354	5.923408	5.435958	5.042337	5.548586	4.990573	5.54241	5.363289
4.70225	5.072523	5.093852	5.699315	5.525091	5.371198	4.475129	5.252053	5.825925	4.816907
4.490819	5.653282	4.99233	4.90189	5.774805	4.578282	5.53368	5.060628	4.337687	6.106534
5.109131	5.761316	4.764062	4.295055	5.247815	5.550355	5.224602	4.773489	4.311419	4.026132
4.377254	4.765803	5.366123	5.033697	5.832294	5.424882	6.363587	5.07887	4.431608	4.823742
5.012153	5.520437	6.992268	4.051136	4.37604	5.532663	6.260287	4.721138	4.181557	4.997336
4.487707	4.945342	4.709221	5.081411	5.087859	4.78767	4.958145	4.75411	4.330407	3.979819
5.331327	6.028261	4.315521	5.167478	4.227332	4.630199	4.889713	4.388191	5.793497	5.24828
4.129284	4.06649	4.25207	5.103758	4.70059	4.758733	5.535046	5.024881	5.336673	4.433699
4.621678	5.316673	5.187348	5.093595	4.70393	4.425231	4.665295	5.284826	5.111589	5.07103
5.043519	4.954148	4.997169	4.053815	4.663373	4.875674	5.258843	3.927519	4.84332	4.932712
4.516366	4.727891	4.470087	5.197187	5.369931	5.211912	4.424707	4.915654	5.33531	3.999887
4.925983	5.447795	4.811898	4.151552	4.731905	5.072557	4.360865	5.11051	5.325587	5.573101
5.304262	4.786867	4.320076	5.699226	4.929211	4.678254	4.940197	6.041322	4.972307	4.92143
4.691795	5.243584	5.163211	5.559719	4.939558	4.358151	4.879166	5.35292	5.644874	5.686284
5.113657	5.472401	5.293835	5.098461	5.729694	5.512612	4.779952	5.934886	6.112428	4.574132
5.024907	4.89529	5.07266	5.095277	5.181451	4.041674	5.409528	5.666288	5.28321	4.860378
5.539694	4.960387	4.923008	4.094984	5.025308	4.890038	4.823618	3.215645	4.200899	4.931956
3.995789	5.68137	4.288712	5.310452	5.529775	4.632723	5.574162	4.001113	5.273342	5.325306
4.819045	4.7669	4.729521	5.57144	4.756269	4.696551	5.489974	5.311098	6.013778	5.316975
4.838152	5.064806	4.492609	4.053004	4.458817	4.805794	5.68304	5.198781	5.242244	5.51102
6.076463	3.770386	5.295307	5.522158	4.271864	4.675061	5.330438	4.170172	5.136952	6.748714
4.375177	4.354649	5.820894	5.103571	5.117856	4.428141	4.759782	5.991939	5.834276	5.046427
4.292215	5.41364	5.421262	5.265174	4.653296	5.730692	5.127674	4.405776	4.99284	4.715951
4.678207	4.278723	4.995688	5.467893	3.97037	4.854258	5.448133	5.440059	3.989573	4.424857
5.187391	5.828356	4.643029	5.148896	5.73823	4.653547	5.419656	5.696857	5.497357	4.784942
4.583003	4.481994	5.156953	5.119191	4.729453	4.30708	4.908493	5.102289	5.273364	5.353418
5.436248	4.81689	5.221756	5.89133	4.960567	4.891945	5.039326	5.088938	4.410549	5.838941
4.814433	5.417518	5.557894	5.194074	5.189281	4.64852	5.301634	4.679121	4.234986	5.122887
4.735194	5.22586	6.278999	4.659785	4.348616	4.928454	4.778497	4.611619	3.816334	5.035031
5.089725	5.405694	3.803948	4.961339	4.883169	5.277471	4.914506	5.460705	5.401062	4.495365
4.948076	5.595836	5.313383	4.344846	5.091505	4.812081	4.757586	4.041285	5.15858	5.330383
5.358325	5.084103	5.046725	5.412243	4.827357	5.013755	6.268541	4.200665	5.9298	5.712479
4.816915	4.58016	5.462989	4.752669	4.322482	4.179212	4.966319	5.023562	4.80823	5.895703
6.189009	4.940834	5.653898	4.528	5.783856	4.722725	4.780982	4.863652	6.784913	4.91141
5.460001	4.593982	4.337114	4.174016	4.038771	4.622952	3.849211	5.092947	5.113663	4.901563
4.408487	4.548976	5.330347	5.333625	4.969031	5.163703	5.186987	4.600754	3.887805	5.547036
5.364262	4.526522	5.217066	4.415837	3.706938	4.993207	5.065275	5.888719	5.398665	5.814829
4.176072	4.903931	5.413936	5.075618	4.624918	4.76028	5.23913	5.11995	4.943223	5.654714
3.247334	4.307245	4.735608	5.02044	4.856986	5.065598	5.597601	5.808563	5.677146	4.611722
5.216763	4.110559	6.162313	5.118417	4.692503	4.296814	4.543501	5.208031	6.534427	4.33116
5.613401	5.051477	4.901367	4.652605	4.947625	4.866317	5.558547	6.152896	4.931189	4.242187
6.215502	5.042007	4.825572	4.426386	5.37992	4.967673	5.227351	5.219196	4.668791	5.30565
5.83793	4.741035	4.990342	4.943638	5.199166	5.74984	4.686747	4.538922	4.35403	4.579885
5.141767	4.951583	4.616097	5.502915	4.490296	5.506913	5.383392	4.545156	4.957385	4.732991
5.393354	4.825081	4.600956	4.652487	5.252201	5.252741	5.28481	5.171478	4.973449	5.653057
5.337401	6.309738	5.534459	5.954298	5.253773	5.114779	4.667978	5.132505	5.578228	4.595573
4.762442	5.092436	4.416538	5.353631	4.367512	4.94263	4.70321	5.687539	4.133985	3.769315
5.40476	5.144843	5.107465	5.580444	4.180771	5.074495	4.402881	5.501662	5.207442	4.981035
5.284324	5.615464	4.575061	4.611657	4.641206	5.309406	4.59064	5.400697	5.445777	4.414155
5.201205	5.112978	4.807571	4.932814	5.978786	4.895592	5.033504	5.017391	4.829029	4.550536
4.508614	5.829906	5.244214	5.957456	4.766958	6.150392	5.219028	5.385812	5.141917	5.183273
5.050801	4.537773	4.742843	4.720147	4.009318	5.043139	4.99544	4.854989	5.6818	5.420932
4.804235	4.404566	5.25532	4.875768	5.076173	4.806087	3.975486	5.129631	5.309981	4.742712
4.63527	5.002107	4.964728	4.123918	4.482008	4.931758	5.304026	5.452867	5.138258	4.73651
4.704203	4.908105	4.870727	4.584654	5.385048	4.837757	4.660071	5.569449	5.221546	5.215066
5.559263	4.899344	5.29671	4.665359	5.329452	5.185262	5.20891	4.085627	5.435736	4.82263
4.31524	5.706631	4.835344	4.829637	4.929764	5.304639	4.733755	5.749076	4.419665	5.176643
4.746458	4.646412	5.042374	5.746506	5.072807	4.221662	5.282398	5.252545	5.966497	6.059486
5.265964	4.704853	5.850957	4.193794	4.772975	5.026841	4.24307	3.998817	4.447756	5.101945
4.71601	4.646896	5.845664	5.083354	5.226686	4.372457	3.95542	5.958805	5.466666	5.583427
5.891733	6.208759	4.811471	5.600613	5.290628	5.053361	5.271381	5.194627	4.224851	3.999665
3.527977	4.810121	5.346391	6.063502	4.891814	4.874084	4.074443	4.484408	5.440419	5.077435
4.323879	5.328728	4.90026	5.045544	5.087617	4.885778	5.645037	4.591477	5.604235	4.403537
5.709628	4.752697	5.156466	5.743474	4.738762	4.985743	4.626491	4.836639	4.585185	5.142349
4.527868	3.847614	5.436458	5.488992	4.642798	4.739159	4.788792	3.558743	5.042091	4.616342
5.552322	5.619981	5.188079	5.469479	4.743635	4.057278	4.422091	5.38475	4.631923	4.991546
4.877176	5.085468	5.04809	4.229256	5.894984	5.01512	5.611223	5.50147	3.863241	4.872551
3.500612	5.139616	4.4799	5.302659	4.673227	4.593776	4.821785	4.655343	5.989539	5.698638
5.255028	5.016167	4.978789	4.452799	6.337815	4.945819	4.053776	4.631704	4.563378	6.059547
5.125186	4.810578	5.044234	5.446479	5.103002	4.471837	3.931743	4.134091	4.25501	4.395007
5.765314	5.355724	4.70766	5.12412	5.26242	4.748021	4.31163	4.900925	5.301388	5.478235
3.773482	3.513588	4.736846	5.845465	4.562785	6.039072	5.60874	4.756812	4.812224	5.109895
5.286883	4.997662	4.960284	4.834874	4.688492	4.927314	5.682484	5.082622	4.349421	5.284965
5.82483	4.334447	5.914604	4.546664	5.277699	5.23875	4.595088	5.414502	5.518876	5.256845
5.945996	5.078072	5.040694	5.730837	5.658264	5.007724	5.267066	5.184053	4.445426	5.21877
4.692896	4.986305	6.008264	5.438122	4.092456	4.277934	4.605841	4.455353	5.211531	4.736949
