5.79318	5.634733	5.329359	4.438106	5.330201	5.32333	5.289651	4.845355	5.425261	4.644779
5.191439	5.185036	3.854246	3.440395	5.614011	4.714722	5.076492	5.192753	5.22906	4.310928
5.451243	5.591564	3.746176	4.385606	4.098452	5.180144	5.79225	5.852092	5.161022	3.886239
4.713209	4.97138	5.038557	5.10255	5.845077	5.340391	4.796624	4.367708	3.644286	5.353507
5.069197	4.284031	4.298839	5.278583	6.170809	5.009971	5.21412	4.580422	4.283125	5.293596
5.496934	4.867171	5.356523	4.856619	5.089314	5.6683	4.759313	4.166349	5.398356	6.266196
4.853301	4.884068	4.735469	5.480758	4.726711	5.045556	4.666274	5.584688	4.696815	3.742174
5.299234	4.460666	5.201176	5.19459	5.27079	4.371387	5.183996	4.816537	5.315027	4.366387
5.241995	4.469376	5.026657	5.6848	5.122979	4.686069	4.699566	5.747818	5.804809	5.784072
5.116746	4.772226	5.477178	4.735751	5.382412	5.590536	4.529885	6.163044	5.243718	4.206793
3.894095	5.809746	5.389812	5.071766	5.397936	5.514787	3.805822	5.17246	4.626559	4.107935
5.296977	4.581522	5.532075	3.528603	4.890881	5.445215	5.045916	4.506271	5.126894	4.50164
4.615087	5.31913	4.942012	5.213211	5.485976	4.834937	4.294147	5.419052	5.562847	4.825139
4.583127	4.467074	4.436591	5.615625	5.449571	5.362552	5.284519	5.375241	5.411432	5.588803
4.117736	5.570143	4.537349	4.340661	5.722838	5.891626	5.754092	4.082891	4.926506	4.365516
4.61359	3.5445	5.437214	5.129097	6.382706	5.400049	4.915684	5.883667	3.950391	5.0583
4.795568	4.680167	4.118283	5.011337	5.053375	5.174945	4.442283	4.348331	5.0162	5.279244
4.568507	5.018264	5.223225	4.16779	5.325915	5.348513	6.110514	4.455028	4.555753	4.544232
4.408558	5.549064	5.358681	4.685917	5.681423	4.867669	4.6544	5.032128	5.407908	4.813836
5.241102	4.799172	3.674474	5.023571	5.065609	5.772808	4.223776	4.438261	5.028433	5.066282
4.365851	5.734502	4.951357	4.870051	5.532187	4.497343	4.146555	4.920652	5.73105	5.014837
4.658136	3.228549	4.705709	4.943716	4.720443	5.302741	5.367792	4.900898	5.423995	4.427235
5.226312	4.992682	5.732617	4.587147	5.559407	5.396199	5.604399	6.118753	4.755378	5.027047
4.807736	4.091725	4.690884	3.619765	4.88555	4.062016	5.118104	5.161806	4.468957	5.761285
5.358874	4.429053	5.840974	4.795208	4.742578	4.791769	5.561064	5.192853	4.520062	5.185359
5.730738	5.285471	4.913067	5.195843	4.424904	5.431557	4.57086	4.360427	5.405121	5.312493
5.642506	5.192059	4.937214	5.424176	4.375909	5.338409	6.007042	4.928681	4.865239	4.651179
4.800339	6.023907	5.113264	4.407833	5.07651	4.750142	5.654975	4.952174	5.475801	5.166009
4.19685	4.346092	5.741239	4.510325	5.183113	4.750904	6.065919	4.629952	5.639431	5.129433
5.508708	5.511362	5.832161	4.984331	5.026369	5.039683	5.457636	4.726153	4.989194	4.815482
5.642722	5.404846	5.616036	4.643265	5.252006	4.3863	5.500642	5.029013	5.314413	5.191669
4.757687	3.832606	4.369434	5.063831	5.312286	5.259773	5.99589	4.597069	4.76794	4.549097
5.763393	4.430136	4.626719	3.810919	4.461192	4.897387	4.221013	5.185055	4.073268	4.802662
5.327155	4.755568	5.201262	5.17823	4.56428	5.449813	5.465673	4.43426	4.248882	4.425667
4.955071	6.148845	5.333307	4.891555	4.933593	4.832906	5.388087	5.217403	4.896418	5.851506
6.069664	5.078552	4.078694	4.823425	5.328569	4.736771	6.609428	4.094314	5.215225	5.245954
4.918254	5.019521	5.620195	5.331463	5.212167	5.371529	4.549191	5.138673	4.762467	5.70386
5.215309	5.01406	4.696555	4.777939	4.736289	4.576207	4.808401	5.103556	5.482131	4.280202
4.646903	4.864194	5.60209	4.988809	5.030847	4.619331	4.602094	4.174975	4.993672	5.169481
4.548025	4.249681	5.493625	4.893293	4.935331	4.527411	5.157182	5.198939	4.898156	4.977617
5.151148	5.757308	5.594792	5.743061	5.089358	5.038028	5.676741	4.534757	4.767244	4.916518
5.524622	5.355613	5.396461	4.554402	5.019519	4.886072	5.702884	4.095712	5.124507	5.025282
5.326614	4.899225	5.807445	5.433913	4.537893	5.024921	6.317198	5.565195	4.796149	4.530098
4.858283	5.000833	4.266665	4.99859	4.988285	6.273006	5.067144	4.592499	4.357698	5.176901
4.77956	4.701852	4.909821	4.979769	5.093869	5.265268	4.404389	5.700779	5.181609	5.113479
4.336888	5.023173	3.355065	5.378595	4.819316	4.915159	3.922774	4.397451	4.992491	4.935354
5.410523	4.441852	5.448575	4.643867	4.728008	4.865477	4.689929	5.611801	5.130482	4.372019
4.356104	5.104978	4.728122	5.030101	5.072139	5.14555	3.496393	4.599653	5.034964	5.808202
5.154289	5.13837	5.593688	4.90778	4.507	5.199338	4.992157	4.811194	4.394028	3.69617
4.556782	4.366755	4.983578	3.72437	5.032941	4.842566	4.325089	5.065735	4.763856	5.349676
5.565543	4.234704	5.833549	4.150896	4.377919	5.36283	5.684234	5.470267	4.858949	5.204093
5.724387	4.674005	3.828093	4.460637	5.368938	5.907822	4.210234	5.306473	4.782205	5.260466
4.830935	4.728181	4.509368	5.453273	5.405043	6.265587	4.5152	5.071713	4.841687	5.85258
4.956953	5.214515	5.335003	4.894323	4.936361	5.58546	6.113316	4.678926	4.899186	5.509395
4.748377	4.811118	4.982095	5.115891	5.9332	3.884809	4.846363	4.308609	5.198533	5.163646
4.669175	4.705564	5.06734	4.59231	4.974893	5.342287	4.662589	3.850666	4.714123	5.028076
3.988807	5.310633	5.754837	5.845345	5.360585	4.532969	4.193864	5.142104	4.910025	4.960408
5.282815	5.023617	4.571961	5.088382	5.13042	4.082253	5.833332	4.242214	5.093245	5.447663
5.260003	5.522713	4.684399	5.374529	4.191236	5.409725	4.483914	4.628391	4.974711	5.543435
4.943796	5.932581	4.289793	4.5564	4.645308	5.139231	5.08474	4.610577	5.473412	5.542691
4.571987	4.797008	4.329705	5.684301	4.363527	4.991504	4.47129	5.456051	5.318671	5.33003
4.600108	5.458171	5.179644	5.081411	5.707995	5.886476	6.222529	4.84979	4.475972	4.811107
5.015953	4.889592	3.951815	4.398129	5.115394	4.679681	4.539247	4.924605	5.812479	4.543969
3.979511	4.705858	4.93397	4.988086	4.388552	4.161265	5.259775	5.670657	4.880024	4.451399
5.53286	5.03321	4.758926	4.731021	4.284624	3.771387	5.296865	5.076359	5.529816	5.616797
6.017408	5.229766	6.299046	5.113188	5.57871	5.132555	4.509081	6.150987	5.472164	6.032375
6.059663	4.317066	4.330434	4.416025	4.863394	5.748044	5.104517	4.628632	4.890766	4.588151
4.487109	5.389377	3.946495	5.000202	4.804416	4.534341	5.366332	5.121577	5.199719	4.916395
5.795764	4.737265	4.775331	5.294279	4.575468	4.971136	5.500974	5.790163	5.697053	5.74182
4.572857	5.240426	4.29612	5.06222	4.739522	5.132262	4.765088	4.774501	4.868866	4.935756
4.652884	5.480586	4.941627	4.695713	5.471658	5.033403	4.742039	5.28723	5.595059	6.268597
5.978934	5.573871	5.369234	5.78858	4.580012	4.906125	4.565479	5.029692	5.020158	5.469466
5.641297	5.272139	4.100476	5.407033	4.457275	5.268793	5.219416	5.048676	5.183872	5.026909
5.103353	4.935344	4.820032	4.558714	5.032295	4.519839	4.12886	4.596337	4.946638	4.651582
5.060559	4.903106	5.198682	4.982511	5.024549	5.305732	5.95629	5.54627	4.987373	5.356934
4.598893	4.975589	4.894588	5.254347	5.221146	4.029561	5.062647	4.493238	5.265406	3.925652
5.156807	5.42782	4.517642	5.612004	4.936914	4.961715	5.525409	5.179254	4.783588	4.915944
4.169843	4.81923	4.24288	4.539791	5.501055	4.715041	5.237126	4.98101	5.745133	6.21412
5.509872	4.771889	5.189368	4.513238	4.356886	5.791834	5.561373	5.213537	5.182343	4.447354
5.195147	5.595951	5.148961	5.043699	5.269228	5.46526	4.05552	4.834131	5.551668	4.308857
4.306793	5.056435	5.055504	4.959766	4.981458	4.744709	4.740294	4.137984	4.974495	4.792084
5.087586	5.048995	4.894171	5.441429	5.105608	4.71708	6.046976	5.475287	4.564311	6.044239
4.156122	4.458423	5.687548	5.437799	5.094145	5.114236	5.187985	4.560787	4.793479	4.680041
5.743763	5.0255	5.480441	5.37699	3.817812	4.860669	4.639142	5.245278	5.12657	4.658473
4.149449	5.23533	5.232639	5.155687	5.724995	4.808462	5.750012	3.516018	4.808594	5.564514
5.148012	4.668218	3.901737	4.387327	4.96939	4.921578	4.336792	4.445034	5.080111	4.607524
5.274915	5.220768	5.021526	4.551185	3.941056	5.117662	4.738112	5.090933	5.133667	4.600894
5.808589	5.053005	4.507423	4.182249	5.372423	6.09244	4.821329	5.14818	5.223917	4.546844
4.697268	3.93396	4.55821	4.923298	4.965336	5.163108	5.082248	5.316078	4.928161	5.186285
4.151818	4.952023	5.630387	4.215349	5.373284	5.323812	5.090153	4.50921	5.128104	5.149776
5.458159	4.632736	4.973257	4.518028	4.664914	5.386367	5.978726	5.307933	5.56913	5.343048
4.35528	4.318083	5.414755	4.353	5.557914	4.349408	5.254704	5.220087	5.049766	5.646233
3.870672	5.032024	4.082737	4.827506	4.869544	4.663735	4.152938	5.1888	4.832368	5.494941
4.498114	4.818098	5.040262	4.803806	5.466384	6.032948	4.662812	4.706665	5.645056	5.292154
4.821843	4.744359	5.570243	4.912825	4.683907	4.937365	5.151482	4.667999	4.81263	5.029524
5.585155	4.24972	4.191367	4.588808	4.754058	4.952741	4.63104	5.437187	5.939971	4.212191
4.469599	4.517466	5.709907	4.691456	4.635789	5.837427	5.231928	4.610406	5.408507	5.449359
4.576771	3.746999	5.922491	5.500768	4.601852	4.853159	5.102228	5.229528	5.010167	6.035889
5.231324	5.724864	4.767352	4.944965	6.189686	4.035015	5.335213	5.47926	5.311707	5.860934
4.765982	4.523429	4.903147	4.711101	5.124227	4.511446	4.910859	5.113963	4.995117	5.339264
4.490528	4.924847	4.819462	4.910725	4.952763	4.892266	4.477821	5.704634	4.915588	5.467954
4.436435	4.726154	5.328584	4.008674	5.228639	4.943707	4.727364	4.864589	5.608971	4.062622
5.054331	5.548948	5.142387	4.205271	5.140481	4.477706	4.676886	5.007493	6.085442	4.764697
4.831396	4.797056	4.648127	5.291149	5.763397	3.953245	5.067844	4.846003	5.881358	5.066371
5.467073	5.79407	5.204784	4.96456	5.256844	4.859173	5.115249	5.580668	4.137124	4.494509
3.912873	5.764775	4.840034	4.929353	4.971391	4.225201	5.203876	5.270034	4.934216	5.025879
5.622066	4.525835	4.890289	5.697504	4.80452	5.241085	5.010262	5.520319	4.704167	4.012627
4.504602	4.59362	5.177183	5.579881	5.914363	4.155879	4.947299	4.753213	4.976991	4.472718
5.73925	5.772148	3.685511	4.670786	4.803072	4.498221	4.947558	4.960737	4.902447	4.825522
4.740807	5.459387	5.883048	5.040129	5.541072	6.173577	5.411854	4.685194	5.190862	5.112603
4.869495	5.041309	5.591424	4.794436	4.085857	4.40905	5.610916	5.367409	4.317358	4.926325
5.214962	4.836845	4.547253	4.623698	4.342507	4.720528	5.261178	5.452432	5.02972	5.138721
5.408014	5.050673	3.85958	5.027694	5.069732	5.077681	3.840901	5.379147	5.032557	4.577079
4.79646	4.323243	4.447902	4.268121	4.675101	6.028975	5.482891	4.206478	4.739072	5.152728
5.140256	4.71478	4.21523	3.340746	5.450188	3.921459	5.343625	5.087779	5.133105	5.922017
4.24941	5.16325	4.903927	5.228511	4.52454	4.908781	4.383865	5.191902	5.43424	5.429948
5.628086	3.751708	5.481344	4.942424	5.465446	4.99551	5.244611	5.813066	4.986388	4.617436
4.302583	4.801973	5.007788	4.300369	4.66622	4.630775	5.416841	6.111101	4.394436	6.500356
5.300904	5.027535	4.949605	5.803531	5.383237	5.01279	4.639879	5.456291	4.442273	4.807593
4.535805	3.955801	5.732184	5.180162	4.344836	4.971201	4.380233	4.172763	5.973396	3.997077
4.422341	4.392398	5.41356	4.729959	4.310232	4.429163	5.521596	4.836718	5.148314	5.050485
5.171306	4.566732	5.518762	4.800304	5.899676	4.656363	5.54068	5.254788	5.802762	5.296804
6.3438	5.82344	5.399445	4.89361	5.279846	5.284844	5.096559	4.640175	4.683906	4.721552
4.533024	5.458295	4.953078	5.117392	4.446619	5.691611	5.235517	5.393356	5.319897	5.274117
4.230028	4.641621	3.935671	4.747907	5.103125	3.924916	4.981711	5.304047	4.787482	4.357835
5.645466	5.157648	5.729578	4.716556	5.313252	4.290371	4.92811	4.68186	4.318169	4.558962
3.872469	5.053977	4.784218	4.950808	4.992846	5.113156	4.179163	4.953721	4.955671	4.972269
4.369277	5.032937	4.302162	5.320139	4.836015	4.729317	4.787388	4.453353	5.001071	4.405215
6.146374	5.315436	5.217034	4.890919	5.763811	4.578417	4.314117	5.206488	5.141661	5.122065
4.947594	5.658847	4.634019	5.395957	5.517501	5.743724	5.483154	6.035566	5.975841	4.576171
5.126252	5.604436	5.558643	4.488507	3.764351	4.653071	5.273612	4.420148	4.775002	4.859459
4.845307	4.782554	5.275315	4.767401	4.122106	4.459363	4.826995	4.884928	4.848057	5.282547
5.240337	4.908732	4.396483	4.916558	4.958596	5.761096	5.432648	4.487626	4.921421	5.308248
4.569293	4.828006	4.895669	5.291227	4.999326	4.812034	5.702734	4.167115	5.668762	4.764741
4.406548	5.219586	5.245657	5.877779	3.809157	4.853015	4.849624	4.514135	4.892507	5.467398
5.452409	5.428444	5.663246	5.169271	4.331131	4.922209	5.039468	4.90659	4.693365	5.531796
4.98091	4.926478	5.201488	5.013105	5.055143	4.940839	5.415853	5.013431	5.017968	5.004217
5.323616	5.392862	4.775079	5.246763	4.805922	5.05311	4.804908	5.237009	5.749521	4.240833
4.609984	5.642457	4.760003	4.411746	5.741581	5.027841	4.882671	5.933209	5.421639	4.523651
4.208021	5.983008	5.445106	4.647868	5.608806	4.945021	4.789454	5.178076	5.617241	5.161794
3.964412	4.153196	4.72861	4.219273	4.474547	5.730565	5.376792	4.075814	4.331057	4.894419
5.455379	4.420319	5.310012	4.76054	4.963912	4.385197	4.850274	4.948912	4.577662	3.987638
5.544677	4.403393	4.929108	5.747837	5.150654	5.414042	6.167239	5.989267	4.64778	4.903059
4.604644	6.089351	5.147141	4.692288	5.296433	4.927873	4.75683	4.800161	4.267179	4.44412
5.663928	5.532068	5.649567	4.244446	5.757456	5.045	4.935311	5.411164	5.008403	4.491323
5.063111	5.726926	5.009513	3.93683	4.63737	4.289576	5.406745	4.302704	4.959089	5.254826
4.291574	4.850533	3.997182	5.395298	4.558989	5.517926	4.651714	5.872432	4.780052	4.831052
4.46576	4.827299	5.065439	5.816657	3.854282	4.914728	4.478745	3.927143	5.297489	5.20541
5.679793	5.358224	5.197743	5.474566	4.598505	4.835012	4.117279	5.467898	4.717985	4.883149
5.015559	5.058352	5.430515	5.01199	4.801968	4.703049	4.568512	4.752206	4.494288	5.062953
5.477727	4.51622	5.691669	4.919609	4.961647	5.191689	4.927782	4.777812	4.924471	4.440433
4.72528	5.008536	4.906905	4.668509	5.830788	4.973199	5.076224	5.193332	4.547567	4.981174
4.359239	4.929342	5.281201	5.567048	4.848785	5.854775	5.711926	5.652485	4.947102	5.084827
4.634675	4.728582	4.472162	4.941543	5.301884	5.674862	4.316667	4.376412	4.559185	4.436199
5.100122	5.26075	3.877278	5.02741	5.069448	5.13104	5.555331	5.224283	5.032272	4.083425
4.439923	3.883671	4.979521	4.19586	4.436925	5.371014	4.664802	5.732794	4.613537	5.250739
5.020684	4.328043	4.527105	5.01193	5.25311	5.762991	5.226845	4.898807	5.348475	5.941967
4.361427	5.401294	5.038487	5.851681	5.51026	4.809642	5.412233	5.122745	4.054882	4.440967
5.580682	5.245893	5.502453	6.411146	6.039412	4.983822	5.307199	4.234994	5.072989	5.426758
5.115884	4.561432	4.790009	4.796824	4.633132	4.337865	4.454298	4.645905	4.9017	5.364572
4.734114	5.518439	5.968357	4.974247	5.016284	5.002268	5.869991	5.079538	4.979109	4.9827
5.011127	4.910191	4.589878	4.649681	5.94281	4.527877	4.458064	5.178499	4.839762	4.852027
5.021989	5.130374	4.557263	4.654918	5.522491	4.89247	4.644162	4.365551	5.057663	5.257091
5.381305	5.048145	5.558108	5.048747	5.090785	4.16482	5.028702	4.69479	5.05361	4.623084
4.780198	5.834401	4.482762	5.314053	4.30446	4.309432	4.669959	4.754971	4.640893	4.138183
5.510259	4.802891	4.950055	5.184761	5.247301	5.10234	4.950523	4.33826	5.668997	5.785394
4.727701	5.380834	3.988442	5.258202	5.563115	4.392623	5.22436	5.280351	5.921271	4.744039
5.454055	4.807856	5.116872	4.872503	4.914541	5.655496	4.841971	4.649027	4.877366	4.890768
5.043367	4.284238	4.720506	5.069764	5.111802	4.684165	4.739638	4.678944	5.074627	4.676537
4.525105	5.361395	5.735785	5.390742	4.949372	5.302174	4.156257	5.398095	3.728706	4.313287
4.967506	5.567023	4.258201	5.360788	5.328404	4.098584	4.555462	5.902189	4.939257	3.903829
5.675202	5.122752	4.949823	4.637621	4.587977	5.174259	5.141304	5.493392	5.330346	4.887156
6.001082	5.689503	4.913717	5.366229	5.495877	5.194815	4.826446	4.498618	5.140315	4.265727
4.730233	4.836157	5.12149	5.604445	5.186285	5.19312	4.397457	5.395131	4.790623	4.647867
4.904795	4.51379	4.697774	4.559158	5.09746	5.78424	5.110653	4.810984	5.316073	5.591808
5.391378	5.07829	4.662942	4.887287	5.337338	5.142529	5.002429	3.979936	5.027616	5.063479
4.928649	4.289611	4.557849	5.114791	4.462761	5.094467	4.140259	5.440023	4.848607	5.526953
4.775319	5.384939	4.755876	6.333237	4.794437	5.033184	4.609323	5.32805	4.980904	5.849886
4.688484	4.942329	5.857196	4.708754	4.67245	5.481507	6.615829	5.477346	5.512409	4.106339
5.037051	4.878609	4.390508	5.71407	5.014203	5.635586	4.787446	4.159393	5.798748	4.89795
5.724004	5.530132	5.2301	4.915362	4.9574	5.34932	4.993673	5.335257	4.920225	5.236136
5.457499	4.954877	6.006552	4.930459	4.972497	5.555988	4.643063	5.269928	4.935322	5.119102
5.938996	4.96865	5.659004	4.904931	4.946969	5.043886	5.12715	5.865931	4.909794	4.908099
5.08446	3.720294	4.74013	5.390907	6.412316	4.676533	6.008917	4.690472	4.5807	4.271991
5.1832	4.845862	4.901769	4.79171	4.628777	5.002288	4.865432	3.956921	4.398397	4.954176
5.291	4.462548	4.652486	5.471313	4.554787	5.060652	5.156132	4.886032	5.235986	5.731305
3.588916	5.403519	4.899104	4.003	4.613015	5.578994	5.240941	5.124461	4.462532	5.947825
4.847639	4.416394	4.531667	4.99625	5.038288	4.474558	4.309642	5.146002	5.001112	5.863667
4.672016	5.478508	5.571158	4.564875	5.152173	4.863626	5.534374	4.873593	5.760245	5.622752
5.191612	5.021744	4.950629	5.046074	5.088112	5.028208	5.38566	4.86821	5.050937	5.554982
4.848775	4.199968	4.788561	4.499905	4.849735	6.118328	4.608277	4.97528	5.223434	4.716418
4.330703	4.538202	5.033101	5.267356	4.742739	4.514032	4.347105	5.097761	5.504471	5.029511
4.808113	4.463977	4.792364	4.651161	5.455741	4.937303	5.046638	4.99385	4.482955	5.169981
5.087986	5.375968	5.229457	5.044777	5.086815	5.008123	4.682384	5.160246	5.04964	4.342041
5.136867	5.707286	3.924022	5.174396	4.194067	4.458501	4.566187	4.474383	5.581728	4.609044
4.175211	4.9705	5.100751	4.524481	5.895979	4.517111	5.94632	4.674128	5.451945	5.493261
4.519507	4.661143	4.689556	6.800542	5.307591	4.162036	5.196055	4.699038	4.877298	4.962336
4.400589	4.897395	4.788612	5.087908	4.157387	5.270773	4.548512	4.854689	6.150836	5.020906
4.934469	4.868439	5.438365	5.879778	5.152714	5.493461	4.797692	3.931491	5.783105	4.678677
4.90597	4.828029	4.529111	4.17732	4.810719	5.585299	5.156078	5.388462	4.318674	5.710649
