5.880993	4.770278	5.630271	4.321846	5.354741	4.713923	5.534088	5.315787	5.68857	5.314899
4.914176	4.927726	4.890348	4.575328	5.426963	4.857378	4.295601	4.317295	5.234163	6.362772
5.272882	6.111333	5.17217	5.188715	4.97151	4.698429	4.877445	4.863277	4.23837	5.085793
4.259486	4.329325	5.041462	5.595787	5.286745	5.559942	4.928855	5.671836	5.333926	6.728127
5.221023	4.954489	4.917111	4.977535	4.008662	4.884141	4.716339	5.021666	4.611988	4.758529
5.53784	5.289536	4.455653	4.726206	5.2966	5.514906	5.110115	5.124633	4.210915	4.374365
5.088536	5.134717	5.097339	5.155552	5.735768	5.064369	4.430151	4.37228	4.543338	4.753345
4.397716	4.748111	5.029504	4.143404	4.841569	3.536689	5.058613	4.336002	5.70412	4.684917
4.932737	4.707452	5.493007	4.731529	5.19045	5.514199	4.267128	4.677214	3.856586	4.789201
3.834167	4.661808	5.909773	5.018803	5.383522	4.321115	4.53037	5.563797	5.595888	5.112193
5.030392	4.44519	5.58541	3.528598	4.737684	3.98993	4.705251	5.730222	5.400787	5.23611
5.446924	3.970515	4.990509	4.370805	4.694834	4.800432	5.192188	4.746911	4.24175	4.452361
4.66116	5.180235	5.696061	5.315687	5.204876	5.565369	4.874094	4.056515	5.58388	5.047347
4.497941	4.661345	5.338195	5.45363	4.648716	4.081172	4.214087	5.584865	5.462462	5.418077
5.05792	5.047462	5.85344	5.705219	4.81062	5.295202	4.243939	4.810065	3.96751	3.879891
5.303386	4.764885	4.23906	4.375792	5.142184	3.58906	3.861376	6.135187	4.621707	4.509065
6.047795	3.872766	4.472217	5.115575	4.462458	4.034719	5.820827	5.280381	4.835798	4.653419
5.513011	4.331486	4.684987	5.475823	5.49081	4.261153	3.871919	5.228431	5.271977	4.934161
5.262958	5.112849	4.744704	5.281368	5.57216	4.819164	5.264516	5.050518	5.073591	6.011129
6.021472	5.712436	4.858161	4.427631	4.943687	5.014416	5.844178	5.002952	4.631479	5.178045
5.606244	4.909392	4.872014	4.965362	3.869773	4.839044	5.024789	5.189333	4.901263	5.044054
4.535789	5.073072	5.0012	4.640963	4.998785	4.885835	4.247971	5.457837	4.247806	4.958
5.200341	4.907564	4.870186	4.407562	5.217022	4.837216	4.889486	5.860349	5.097341	5.426181
4.943649	4.183059	4.275779	4.509496	6.166906	5.939928	5.280154	4.053709	5.445018	5.340447
5.618927	5.411556	4.52974	3.885746	5.126028	4.242265	5.414564	5.057785	6.011316	5.454523
4.604564	4.83764	5.758848	4.843728	5.343482	6.030472	5.056669	5.427888	5.45877	4.488086
4.417339	4.667988	5.03244	5.12725	5.424691	5.71814	4.886351	4.565967	4.967961	5.404356
4.767235	5.007035	4.969657	4.884015	5.136641	4.936687	4.871693	5.023224	5.175151	5.623955
5.288308	4.968882	4.931504	5.046292	5.246679	4.898534	4.692478	5.16938	4.984044	3.66691
5.059437	5.189358	5.690544	4.836916	5.344689	4.754019	5.229156	4.927155	4.172221	5.745765
5.058348	5.05562	4.427557	5.139714	4.695265	4.46797	4.966027	5.298939	5.994031	6.357989
4.714635	5.954021	4.178763	4.37618	4.469527	5.323303	4.936569	5.239474	5.247136	6.306154
5.113484	4.468935	4.792959	4.590519	4.984219	4.878752	5.006512	4.951367	5.346479	6.36941
4.774405	5.01732	6.063274	4.921929	5.663497	5.17456	4.883075	4.736798	4.901906	5.185349
5.623841	5.619659	5.419618	4.898823	5.4114	5.009836	5.610404	4.691871	4.939967	4.085325
4.826017	5.53882	5.623479	5.026185	5.068299	4.801816	4.624435	5.371752	5.259464	5.700641
5.197288	4.539393	5.639915	5.002041	5.081506	5.262823	5.60245	4.828223	5.066031	4.936081
5.458649	4.285449	5.664536	4.972973	5.309184	5.259559	5.231873	4.830369	3.941199	5.803358
5.373376	4.658937	4.79263	6.17785	5.352447	4.695533	4.813157	4.840681	5.136407	5.098067
5.467253	4.408679	5.266705	5.506488	4.009935	5.362187	6.220403	5.533256	5.383934	4.235231
3.818845	6.16495	4.258604	4.545547	4.63022	5.010226	5.194543	5.431242	4.97106	4.794822
5.18508	5.54487	4.415236	4.122988	5.824479	5.085342	3.622901	4.81789	4.706343	5.118068
5.140676	5.233749	6.275778	5.577873	5.492163	5.848046	4.198022	5.08095	6.104305	4.843169
6.407497	5.127886	5.090508	5.133022	5.835313	5.057538	5.035358	6.004984	4.251735	4.096192
5.080382	5.001354	4.963975	5.158756	5.438758	4.931005	6.417745	4.762341	5.627152	5.023259
4.754494	4.106103	4.402794	4.468976	5.372445	5.010218	5.302174	5.313017	4.46531	4.491533
5.139611	5.524055	5.266238	6.119735	5.002752	4.418318	5.007691	5.126576	5.21659	5.450121
4.762591	5.232924	5.538201	5.153573	5.248908	4.813753	4.973714	5.270458	5.908431	5.536222
4.632965	4.163338	4.674001	3.896089	4.514442	5.210407	4.756697	4.306513	5.448956	4.730196
5.284064	3.958141	4.34258	5.488476	5.395045	4.57541	5.052968	5.965909	4.807779	5.479935
5.45972	5.339478	4.546689	5.393057	5.298758	5.075389	5.791249	5.138814	5.347898	4.77158
5.038642	5.086528	5.61425	4.60489	5.208786	5.494084	5.391942	4.613017	5.33506	4.68466
4.895622	5.66753	4.756367	4.218041	5.069363	6.062595	3.954843	4.413273	5.246784	4.93993
4.958818	5.418011	5.018595	4.750201	4.456313	4.632169	4.001774	5.077971	4.691571	4.448099
5.517365	5.781323	4.825746	4.820667	4.996639	4.141747	4.436422	5.491914	6.185849	5.148
4.795736	4.318687	5.343614	5.322145	4.599134	4.031749	4.552719	4.787997	4.738871	4.817462
4.57603	5.924033	4.502665	4.748145	5.455406	5.312453	4.488557	5.428034	4.851848	4.970318
4.764143	5.06144	5.816688	6.077057	5.545364	5.426196	5.283178	4.784435	3.688002	5.435727
4.205133	4.412469	4.227642	5.101624	3.818132	4.684542	5.573817	5.120178	4.3662	4.879237
4.698153	4.774816	5.31063	4.604816	5.812822	4.072289	4.868669	5.314247	5.670161	5.414633
4.711292	5.499401	6.049688	5.24704	5.611767	4.264596	5.390252	4.426131	5.105391	5.008812
4.334656	5.079418	4.210333	5.11312	5.330665	5.024398	5.060031	5.113623	5.66691	4.6509
5.24375	5.085649	5.048271	4.346039	5.539524	5.015301	5.52252	4.979005	5.321653	4.728156
4.49644	5.235735	4.862948	4.423691	5.014555	5.302236	4.679338	5.155212	5.884245	4.167769
4.626863	4.316866	5.400131	5.262527	5.462378	5.240183	4.494573	4.745585	4.642694	5.457988
5.534103	5.022258	5.674465	4.256725	5.663638	4.992666	4.759495	4.99546	4.592695	4.689744
4.716929	5.063389	5.026011	5.489293	5.073155	4.993041	5.527065	4.730124	4.181636	4.706842
5.708513	4.944359	4.906981	5.154355	4.642768	4.874011	4.938001	4.435767	4.42346	4.520035
5.45707	4.458159	5.004668	4.283319	5.248485	4.437066	4.709942	4.999262	4.581128	5.988319
5.408379	5.051107	5.013729	5.279726	5.36262	4.980759	6.295949	5.309366	5.601545	5.378037
5.471571	4.938551	6.142966	4.907346	4.068506	5.202616	4.998292	4.741473	4.383644	6.436159
4.111237	5.195155	5.353377	5.207726	5.213688	5.862654	4.691779	4.514476	4.513176	4.478678
4.605023	5.360285	5.295304	4.597034	5.424018	4.499439	5.135442	4.008987	5.559371	5.012612
4.998598	5.527694	5.12259	5.375387	5.163826	5.097233	4.910314	4.274699	5.009855	4.260975
4.792444	5.075931	4.813043	5.2771	4.527141	4.86202	5.432145	5.792747	4.231732	5.371576
4.9538	4.701235	5.157923	5.241953	4.756606	5.435073	4.522948	5.253249	4.411616	5.002609
4.43419	4.47172	5.621461	4.753191	5.479792	3.701769	4.955732	5.234998	4.804189	4.541714
5.0005	4.838553	4.801175	4.814606	4.321537	4.768205	5.196786	4.938814	6.694892	4.776807
5.726272	3.918284	4.314982	4.507421	4.990113	4.485245	5.776242	5.462296	5.263131	5.314443
4.642959	4.90788	4.777403	5.737945	5.901787	4.63638	5.885465	5.368675	5.704436	4.968307
4.12798	4.203111	4.199067	5.24187	4.587776	5.106138	4.441675	5.926363	6.052139	4.918268
4.62388	4.906686	5.221691	4.719004	4.587252	5.191604	4.609043	4.732982	5.021089	4.668561
5.328803	4.210674	4.233351	4.632153	4.644743	5.472107	5.185848	4.198778	5.002056	5.282706
4.50691	4.475273	5.198638	5.009251	5.456264	5.542399	4.953042	5.548206	5.388431	5.817877
5.493887	5.170848	5.677889	3.712544	5.08892	5.319686	4.427378	5.253682	4.175176	5.272746
5.532547	4.941319	4.517029	4.436019	4.778355	4.37296	5.082201	5.75609	5.583669	4.508759
4.601611	5.54729	4.882248	4.727774	5.323703	4.006932	4.302988	5.818819	4.438915	5.130826
4.731812	4.574913	6.313718	4.877908	4.369647	4.645755	5.288363	4.141028	5.225683	6.461176
4.880724	5.051836	4.937037	4.600867	5.12576	5.827911	4.32636	3.786393	5.629441	5.000517
4.409525	4.622111	4.723945	4.797572	5.138705	5.466821	3.716779	4.09686	4.859387	4.331128
5.012419	4.404192	5.126287	5.57325	5.87009	4.92362	4.563197	4.854408	4.827956	5.784742
4.468134	5.093291	4.241398	4.889802	4.951442	6.379068	5.480169	5.505966	3.789776	5.004529
4.941064	5.20961	4.371752	5.492372	4.256857	5.104709	3.960318	5.001806	3.779262	4.578856
4.689716	5.304071	4.572879	4.261471	5.642965	5.16567	5.16393	4.810567	5.464577	5.244564
4.680634	5.68088	5.635883	5.653529	5.256772	4.70099	5.172768	5.324208	4.340064	4.757884
4.695503	4.989054	3.853145	4.811055	5.230162	5.204082	4.673264	5.126401	4.213171	4.642102
5.088442	5.315454	4.945393	4.952664	4.149524	4.545671	6.231289	5.379617	4.877364	6.156327
5.106769	4.536185	4.309971	4.343825	4.987832	5.951744	5.509748	4.667816	3.995996	4.08085
5.228938	3.871835	4.753179	4.011514	5.29355	5.553931	5.035986	5.949278	5.10852	4.815641
5.792991	5.138046	4.367862	4.147635	4.875677	4.450878	4.749249	4.223442	4.629048	5.264126
5.413191	4.788138	4.600924	4.664606	5.61602	5.758063	4.646215	5.362052	5.272356	5.628072
5.310272	5.409719	5.221683	5.654273	5.324625	4.737488	5.049316	5.167827	4.842549	4.817452
4.882961	4.745594	5.792266	4.238588	5.325899	5.157038	5.386424	5.929943	4.337043	5.88916
5.126873	4.123537	4.675213	3.844099	5.45449	5.421516	5.066101	5.324788	4.210266	4.369394
5.39336	5.708088	4.829002	5.589986	5.191022	5.155885	5.070551	4.260457	4.319716	5.368317
4.416599	4.861139	4.429363	5.536018	5.152825	4.342315	4.001767	4.894264	4.59436	4.204314
4.642326	5.483179	4.700055	5.768506	4.245701	5.286082	4.459198	4.601614	6.346216	4.175535
4.90688	4.374372	5.413426	4.9093	5.572606	4.590024	4.835322	4.986566	4.546791	4.935081
4.508595	5.085537	5.048159	5.229145	5.172093	5.015189	3.782044	4.735025	4.70469	5.133852
4.69953	5.027851	4.990472	4.4365	4.250917	4.957502	4.886637	4.898739	4.760371	4.426517
5.126815	4.480565	4.69983	5.451892	5.046023	4.817905	4.306171	5.125186	4.024507	5.331497
4.625814	4.725798	4.768484	5.958611	4.424511	4.248517	4.22436	4.712535	5.52943	4.870128
5.670728	4.804075	5.559954	4.198228	6.007894	5.077086	4.892733	4.846717	4.835462	4.829137
5.573452	5.111855	5.074476	5.154873	5.143726	5.041506	5.425836	5.159508	4.595191	4.92961
5.115214	5.031886	4.994507	5.339668	5.000296	4.961537	5.091505	4.923478	4.78637	5.205981
4.039589	5.110288	5.072909	6.301007	5.074006	5.039939	4.824725	5.114789	4.776347	4.827575
3.995844	5.173341	4.126943	4.893245	4.789103	5.814759	4.643005	5.175706	5.557213	4.820756
5.340042	5.665781	4.387475	4.493814	4.870619	5.134943	4.670617	4.545521	5.978775	5.115883
5.208801	5.241575	5.427291	5.365398	4.983888	5.344723	5.552701	4.164595	5.904734	6.307148
5.700116	4.567553	5.566562	4.858539	4.749847	4.571941	6.054676	4.51629	5.288059	5.176455
5.003243	4.75562	5.815276	3.165427	4.095538	4.928636	5.086402	4.819574	5.430646	4.03897
5.573576	4.982728	4.945349	5.68914	5.19792	4.912379	4.793338	5.485177	4.380439	5.135371
3.796465	5.401484	5.68109	5.346359	4.960938	5.534573	4.722213	4.61653	5.214771	4.994958
4.3104	5.7012	4.310038	5.615095	4.971849	5.718898	5.123029	4.946023	5.562692	4.656552
4.204931	3.877372	5.301333	5.686774	4.067107	5.263797	4.774733	5.178786	3.798644	4.273055
4.775128	4.981283	3.955097	4.473866	4.727031	4.551335	3.887872	4.370888	5.691346	5.506587
4.742726	5.276743	5.632676	4.229537	4.47893	5.572786	5.141696	4.719971	4.900419	3.938112
3.841888	5.649263	5.961421	4.610946	5.926774	4.653321	5.136787	5.373184	4.546038	5.384624
4.210255	5.027076	5.167749	5.784115	4.939792	5.695006	5.607829	4.650829	4.816016	5.464296
5.398664	4.841445	5.087009	5.068262	5.336374	5.177784	4.946398	5.670907	5.227135	5.497035
5.747941	4.878324	4.720108	3.778276	5.408834	4.947453	4.904994	3.784005	5.229543	5.107079
4.850746	4.821403	4.581866	5.509862	4.932549	4.589393	4.503219	5.429776	4.724545	4.906978
4.660515	5.128908	5.347857	6.326037	5.86452	4.696958	5.244627	5.413907	5.336889	5.162004
5.647908	4.841491	5.595754	4.418902	4.051085	5.670463	5.258912	4.420676	5.127278	4.628182
5.131061	5.54504	4.609608	4.154739	5.902932	5.561341	5.041768	5.479381	4.903096	5.328385
5.699407	5.29731	4.997859	5.177649	4.811974	4.154396	4.369577	5.256991	4.688471	4.948689
5.472129	4.518447	5.793628	5.089691	6.047601	5.24515	4.633725	4.346789	5.220136	5.505598
4.836427	5.375406	4.805006	4.617637	4.378129	4.951399	4.915066	5.602657	6.15006	3.957805
5.772511	5.168796	4.595	5.460862	4.741428	4.971676	4.81152	5.055969	5.216627	4.79291
5.925822	5.380362	4.023623	4.569197	4.155145	4.336682	4.875162	6.080425	3.8961	5.169954
4.880641	4.917887	4.880508	5.247175	5.113003	4.847538	5.579411	5.246109	4.984446	5.239757
5.670506	4.79857	4.210428	5.728496	4.072074	5.466317	5.001894	4.180073	5.907823	4.856011
4.985994	4.7244	4.687021	4.612681	4.375154	4.654051	4.112992	5.514513	4.282422	5.389409
4.448608	5.256835	4.497784	5.693636	4.96984	5.077648	4.735042	4.652138	5.655543	4.594964
4.31373	4.839198	5.200836	4.988924	5.925034	5.45364	5.689682	5.65898	5.908082	5.061207
5.2851	4.667803	5.293396	4.351419	5.002253	5.396763	4.286339	4.235322	5.153069	4.792252
5.23084	5.196533	5.447762	5.088867	5.332712	5.006721	4.238469	5.255664	4.634511	5.024867
5.064572	5.008268	5.045147	4.843998	4.499239	4.489447	4.630198	4.479535	4.876703	5.131483
5.323092	4.952975	5.689842	4.983343	4.931128	5.259643	4.577945	5.007666	4.655087	4.844769
4.303075	4.987278	5.084315	5.355615	3.938036	4.66943	6.077561	4.412745	3.678622	5.122479
5.313251	5.549404	4.546707	5.014596	4.53473	5.231772	5.884912	5.174041	6.166768	5.337412
5.045901	4.951135	5.632089	5.258347	5.534165	5.201167	4.880244	5.135176	3.783273	4.787372
5.599553	5.625021	4.534397	4.039976	5.876602	3.975715	4.634808	5.057992	5.121389	5.069528
4.196187	5.744468	5.455598	4.459278	6.694291	5.579072	4.47052	5.230108	4.819818	5.09514
4.373254	4.671321	4.806363	5.776366	4.830256	5.165442	5.003673	4.533982	4.342453	5.111287
4.972537	5.041603	5.004225	5.057117	5.469393	4.971255	5.866975	5.282809	4.289814	5.304008
5.281917	4.40001	5.429458	6.587852	5.00401	4.851163	5.645041	4.032787	3.995462	5.316016
5.265021	5.059732	5.450412	4.657108	4.795949	4.772261	6.090584	5.449781	5.106633	4.283679
5.16714	5.29548	4.361832	5.629469	4.835823	5.197282	4.37774	4.898737	5.153831	4.32605
5.219842	4.896852	4.774569	5.110561	4.540049	4.770875	4.218626	5.329109	4.845793	4.520965
5.511459	4.823341	5.548316	5.480939	5.633479	5.336496	6.614694	4.796467	5.711259	5.317732
4.133818	4.461889	4.732163	5.617045	4.537438	5.356092	4.742544	5.114889	5.456546	4.952746
5.475267	5.015882	5.094552	4.732934	4.474217	5.257092	4.675818	5.573788	4.941031	5.015863
4.549469	5.323121	5.438966	4.928652	4.865896	4.441012	4.960674	4.988404	4.705674	6.081913
5.323573	4.619431	4.696768	4.426653	4.714283	5.686418	4.638707	5.002907	5.564838	5.018261
5.28811	5.998763	4.847477	4.229016	5.620996	3.961591	4.143969	4.842442	5.812624	3.585491
5.239149	5.282768	5.557063	4.940056	5.223155	5.45775	5.023055	4.664727	5.815844	5.627247
4.810687	4.182338	6.019826	5.90894	5.489178	5.061268	5.275072	5.037511	4.67416	4.07732
4.581767	5.546528	4.093084	4.602608	3.805558	5.303655	4.833948	4.743947	5.002707	4.886534
4.334411	4.985226	5.280219	5.285726	5.190765	5.215865	4.739461	3.910285	6.490468	5.000958
6.150223	4.748405	5.255006	5.122984	4.732171	5.598694	5.230346	5.249129	4.581196	5.189663
4.712481	5.102343	5.064965	4.805542	4.517626	5.031995	3.821542	4.680917	5.601285	4.541782
5.244323	5.281823	4.877686	3.973669	5.000556	5.347547	5.638089	5.688316	4.603264	4.344938
5.060561	5.625591	5.598769	4.605236	4.549784	5.382635	4.110781	4.897275	5.280098	4.619643
4.808825	6.018508	4.819382	4.174226	5.337885	4.893533	4.65809	5.702713	4.77009	5.188065
4.266628	4.865298	5.721029	4.852233	5.569498	5.275736	4.789143	5.207067	4.584841	4.427738
5.30595	4.322272	4.823533	5.209505	5.173481	3.780222	5.161242	4.859586	6.056537	5.473133
5.402919	4.959607	4.922228	4.060996	5.577993	4.889258	4.324941	5.133693	5.648244	5.239538
5.015096	4.865605	4.828227	3.899306	4.93342	4.795257	5.182853	5.465845	4.365719	5.610739
4.899356	5.848026	4.344738	5.172535	4.410154	5.488277	5.656994	4.882279	4.844	4.729618
5.182722	5.291388	4.082109	4.25878	4.968527	4.725915	5.844469	4.315219	5.088081	5.114936
4.555661	5.102817	4.541274	4.527713	5.19645	5.054586	5.174139	4.684255	4.741611	4.997197
3.681957	5.02645	5.093122	5.975	5.504388	5.837905	5.212104	4.716738	5.659516	5.036044
4.821189	5.120005	5.076042	5.07322	5.516657	4.837793	5.201328	4.585051	5.130972	4.140788
4.401891	4.871828	4.592931	5.418729	5.978464	4.704349	4.315843	3.986523	5.344952	4.962917
5.489207	4.494524	4.471938	5.22161	4.959406	4.553834	4.572587	5.5197	5.022448	4.537
4.970862	4.70279	4.180786	5.046466	5.405121	4.380723	4.26455	5.169646	4.677702	5.601816
5.053284	4.515811	5.735649	4.317924	4.341114	5.076316	4.651313	6.351329	5.521441	5.105459
5.52139	5.773724	5.910805	4.887858	4.525495	5.425167	4.857199	5.722255	4.969832	4.793562
4.782613	4.719481	5.157242	4.932176	4.727843	5.376379	5.442973	4.476968	4.722569	6.556295
4.747139	5.042968	5.00559	6.169033	5.534007	4.97262	4.866895	5.579853	4.699959	5.434396
4.311978	5.001959	5.079488	4.902832	5.101394	5.484618	5.833508	5.805628	5.673043	4.897769
4.993165	4.973667	4.936289	5.154637	6.205246	4.903319	4.815294	4.660737	4.362632	5.000903
4.503484	5.464756	4.390271	4.613599	4.523942	3.637257	4.554895	4.269015	6.145447	4.990447
4.264076	4.57933	5.39764	4.768002	4.847763	5.513791	5.000619	5.280528	3.991395	3.88305
5.118565	6.258838	5.467177	5.854703	4.617018	5.07827	5.034941	5.120725	5.683379	4.26045
4.894575	4.955162	4.917784	6.277742	4.535021	4.884814	5.7028	4.979499	4.758271	4.529318
4.901786	4.824939	4.62872	5.100144	5.865596	5.302469	5.232305	5.224285	4.788183	4.885015
4.880687	5.035572	4.998194	4.9278	3.956641	4.965224	4.941809	5.228855	4.748183	5.513237
5.757956	4.271592	6.241873	4.039956	6.270351	4.575262	5.562165	4.928868	4.804615	4.698769
