5.6109	5.16689	5.612177	5.778414	4.477689	4.698304	5.014431	4.104029	5.234769	4.810588
5.72905	3.935425	5.470421	4.406224	5.704323	5.439475	5.477392	5.86109	4.876611	4.721397
5.800189	4.339003	4.366992	4.558725	4.884571	5.599433	5.352363	4.709422	4.938575	4.610216
6.304991	5.408422	5.408205	4.264192	5.14673	6.044343	5.561125	5.29553	5.991848	5.927983
5.482139	4.230897	4.526325	3.903118	5.086298	4.223996	4.653538	4.300493	5.299258	4.31886
4.443907	4.455623	5.792517	4.764358	5.989693	5.318763	4.385496	5.002393	5.883351	5.919684
4.822512	5.33422	5.682583	5.996984	4.23803	4.865818	4.201852	4.973391	5.37966	5.106669
5.433067	5.045084	4.530312	6.226035	3.922162	4.430107	5.938116	5.849802	5.345155	4.057013
5.641137	5.38497	3.977137	5.346978	6.06245	5.263851	3.840376	5.234361	5.231475	5.608729
4.470571	4.812428	5.546837	4.681043	4.615614	5.537381	5.394858	5.435961	5.354995	5.041135
4.733284	5.127345	5.241593	4.291928	4.475882	5.360891	4.788625	4.472946	4.719925	4.473344
5.27713	4.481571	5.618155	4.609836	4.960941	4.580387	5.965372	5.706036	4.8834	4.203253
4.461432	5.307665	4.610563	4.540447	4.940537	4.376967	5.035486	4.2384	5.238518	4.283693
5.099606	4.701628	6.283322	3.816757	5.628213	5.059918	4.434638	4.375813	5.035618	5.010143
4.696756	5.241953	4.993874	4.632319	5.374279	4.368199	4.897661	4.774283	4.384347	5.314446
5.587457	4.60455	4.655986	4.515292	4.896704	5.316279	4.998827	4.764416	4.354208	4.251737
5.230979	5.618937	5.010955	4.990226	5.032264	5.358542	4.987328	4.155845	4.995089	4.467041
5.569133	5.335035	4.831877	5.1839	5.088462	5.010176	5.545629	5.842938	5.200593	5.175884
5.995504	4.417621	4.301152	5.49576	5.447976	5.359454	5.159174	4.751189	4.722111	4.098205
5.687097	5.127975	4.627993	5.00246	5.044497	4.544873	4.888645	4.538055	5.007322	4.735763
5.241137	3.306473	4.286827	6.227002	4.87602	4.612489	5.498402	5.147708	5.158951	5.807693
5.248047	4.748887	4.27244	4.399779	4.996675	5.0944	4.648584	3.849369	5.930836	5.850467
4.972704	4.259005	5.590331	4.579194	3.224199	4.815436	4.739751	4.991582	4.696878	4.428567
4.495356	5.704714	3.862035	4.697045	6.107096	5.092515	5.163209	5.439497	5.439952	4.778148
4.315972	5.643915	4.571694	3.910639	5.447137	4.71784	5.666823	5.399096	4.588598	4.860733
5.153832	4.913561	4.839016	4.044579	4.69662	4.133444	5.156029	4.565623	4.338156	4.380316
4.356955	5.776956	4.575495	5.375525	4.43206	5.48271	4.835505	5.524793	4.819467	4.644937
5.929803	5.381436	4.887887	5.251661	4.733181	5.227835	5.137346	3.902072	4.268738	4.997805
4.867856	4.739252	5.391893	5.745255	4.055778	5.155175	5.868466	5.852926	4.022376	5.024248
5.400995	4.269732	4.391211	4.96322	5.005258	5.113343	5.079001	5.685895	4.968083	4.851593
6.194621	6.129725	5.386472	5.235812	5.730847	5.385889	4.69134	4.761602	4.609593	5.845959
5.17739	4.879966	4.715071	4.947943	5.033072	4.729655	5.166644	5.793555	5.23644	5.286148
4.967952	4.324912	4.746938	4.139348	5.506422	4.45941	5.515535	5.16247	4.713761	4.265226
6.075203	5.40625	6.000889	4.675381	5.095263	4.345353	5.952168	5.773178	5.528595	4.938991
4.473833	4.308729	4.166657	4.870444	4.912482	4.365569	4.868326	5.193354	4.875307	5.195002
4.651213	4.987477	4.390757	4.977415	5.019006	4.904009	5.032158	4.50961	4.565864	5.064817
6.136928	4.488943	5.014225	5.35762	4.958945	5.518736	5.486223	5.159297	5.61402	4.649029
5.58815	4.682704	5.451352	5.618565	4.155227	5.4317	5.393673	5.251937	5.801801	4.77496
5.007102	4.385205	4.665488	4.967698	5.009736	4.514634	5.74402	5.337971	4.972561	5.586337
4.975037	4.991461	5.105951	4.872182	4.91422	4.903938	4.513129	5.466432	4.877045	4.225366
5.027048	4.721674	5.423936	5.344371	4.288126	5.634472	5.43372	4.344876	5.079174	4.817915
4.807302	5.146499	3.987609	4.610652	5.34383	5.19244	3.955256	5.196179	4.258607	4.687136
5.330154	4.475655	4.95914	4.672647	4.489497	4.710229	5.449461	4.850993	4.635739	5.24319
5.728534	5.368295	5.47009	4.818731	5.18967	5.133399	4.500648	4.177989	4.786715	4.610785
5.710514	5.385552	5.357291	4.908439	4.235571	4.337903	4.515199	5.137739	4.951379	3.54849
4.377696	5.062682	4.055822	5.276038	5.491798	4.699968	4.096589	3.707552	4.698579	5.508331
5.114144	5.016349	4.348367	5.602539	5.305285	5.612135	5.242542	4.855354	4.769289	5.430781
4.923996	5.412635	4.821846	5.00899	5.051028	5.135422	5.622597	4.532991	5.013853	5.181952
4.662608	4.760951	5.618121	4.547907	4.765137	4.322779	4.535613	5.801637	4.555702	4.577163
4.532938	5.126199	4.327652	5.148287	5.146231	4.364357	4.971651	4.61146	4.973107	5.589853
5.752545	5.255686	5.205642	4.82037	4.575875	4.43076	5.674798	4.529243	4.502999	5.625123
4.84612	5.939841	5.84887	4.895812	5.142529	4.233624	6.011276	4.171775	4.695472	4.915712
4.094543	5.058063	5.025071	4.926587	4.967576	5.553689	5.200496	5.470414	5.02757	4.838684
5.340601	4.630151	4.529082	4.873212	4.91525	5.108634	5.221559	4.245145	4.878075	5.207465
5.652488	4.920428	5.309231	3.6318	5.397825	5.725976	4.859047	4.920945	5.639362	5.113809
5.700653	4.444921	5.606214	3.978129	5.566445	5.180869	4.352037	4.988348	5.169842	4.442789
6.194567	4.55906	5.834662	4.869323	5.541488	4.997834	6.170039	4.054295	6.246731	5.300953
4.270585	4.906831	4.829868	5.067271	5.109309	5.419871	4.993163	4.414762	5.072134	5.829552
5.136367	5.248374	6.562183	5.33686	4.353273	4.53623	5.177557	5.138025	5.291356	5.642601
3.93377	5.592522	4.56099	4.311113	4.623835	4.651414	4.159733	5.153167	4.993877	5.158801
5.061676	4.638453	5.22393	4.220712	4.6108	4.245485	4.404319	5.641838	5.501069	4.938034
5.068888	4.953258	4.053802	5.099891	5.189571	5.091135	3.609535	5.695322	5.94482	5.651564
5.271591	5.562199	6.066285	5.670198	5.042911	5.980828	5.095451	5.689449	5.060469	5.103649
5.028197	4.865494	5.028465	5.010761	5.545358	4.414782	5.113659	4.834138	4.862687	4.120941
5.098299	4.157224	4.282442	5.373845	4.593608	4.148311	5.70823	4.920826	4.605506	4.67663
4.725874	5.142431	5.590052	4.700592	5.301622	5.112985	4.733594	5.166202	5.296664	4.484287
5.041226	4.340748	4.872621	5.021562	5.194101	4.392637	4.881546	4.660265	4.6437	4.840872
5.456991	5.196136	4.242427	5.649377	4.536948	5.344277	5.044873	4.67613	5.174822	4.198142
4.085144	5.578103	4.794227	5.640561	4.845184	4.93515	5.204082	5.102628	4.934501	4.360268
5.091155	4.685453	4.39702	5.038097	5.393321	4.7424	4.654129	5.47313	4.797464	4.720402
5.182837	4.55444	4.90414	4.384376	5.026237	5.17578	4.706134	5.012993	5.469394	5.835375
4.460018	5.20122	4.932466	4.825985	4.925051	5.705417	4.531198	5.696792	5.134369	5.280134
5.274663	4.234152	5.457343	4.698181	5.116358	5.131365	5.084766	5.622225	5.474401	4.403668
4.589522	4.761299	5.18895	5.307212	5.186226	5.410171	4.630486	5.112661	4.826942	4.650882
4.938051	4.918596	4.954047	4.9614	5.003438	5.664239	4.551835	4.867093	4.966262	5.420203
5.146175	5.644569	5.003191	5.021151	4.961357	5.091484	5.632517	5.033936	4.499731	5.5843
4.773643	5.443211	5.023148	4.40526	4.745559	5.270344	3.753757	5.735009	5.299671	4.85218
4.366125	3.851901	5.305272	5.394303	5.420716	5.585377	4.566953	4.904579	5.173404	5.136801
4.692602	4.832817	4.372214	4.892023	5.167429	4.610988	5.482007	4.884085	5.103515	5.295331
5.406043	4.948199	4.934814	4.655485	4.043164	4.983504	4.669689	4.700711	5.22829	5.872344
5.053972	4.557215	5.45322	4.226965	5.280367	4.84074	5.93867	6.293956	3.985965	4.831824
5.146978	5.60404	4.702799	4.878356	5.603369	5.032442	4.151371	5.345779	4.69879	4.663147
4.306731	5.059698	4.974863	5.46068	4.616016	5.950815	5.15426	4.994652	4.167465	5.826913
4.421295	4.962853	4.959183	5.533206	5.415977	4.317075	4.812535	4.352562	4.720116	5.272965
5.419118	4.296937	5.14384	6.326965	4.869082	5.082706	5.06049	4.697423	3.56968	5.310009
5.03588	5.202886	4.943031	5.551076	5.418064	4.659401	4.565516	4.748513	5.463195	5.495307
4.906883	5.496662	3.792257	4.083763	3.788588	5.234972	4.455877	4.669129	6.276095	4.82418
5.481816	4.000545	5.312189	5.746419	4.700098	5.375884	4.73626	5.656829	4.863657	4.742157
5.407313	4.776837	5.453216	4.902187	4.944225	4.979031	5.273909	4.301624	4.90705	5.361273
4.302901	5.111853	4.467936	3.445473	5.005856	5.142851	4.955164	5.417718	5.096161	6.42241
5.252036	5.597162	5.773271	5.546224	3.884612	4.868053	4.85279	4.681916	5.311997	4.938947
4.980468	3.777603	4.225489	5.525958	4.398231	5.290716	5.116066	4.990915	6.350657	5.020119
4.255843	5.494472	4.958711	4.806395	4.848433	4.614197	5.208897	5.730871	4.811257	4.740067
5.333627	5.519289	5.276868	4.981237	5.30037	4.770568	5.206238	5.190399	4.931324	5.232826
4.07652	5.333619	4.816614	5.395051	4.51328	5.525692	5.11228	4.513754	4.10494	3.908924
5.944534	4.721429	6.397503	5.700023	5.348324	4.27726	4.682697	5.07898	5.651238	4.860312
5.380201	4.70414	5.249079	5.438294	5.553469	5.126723	5.049661	4.770753	6.101332	5.08759
5.850585	4.652482	5.813308	4.751819	4.699002	5.693956	5.223299	6.015905	4.803375	4.764876
5.098021	5.205252	4.406863	5.311839	5.812692	3.876386	4.955151	4.551831	4.728946	4.661574
5.70192	4.342303	6.287756	4.524997	5.009178	4.281687	4.668476	5.630989	5.499547	5.811322
5.035964	5.640906	5.239959	4.889614	4.931652	5.25968	4.433414	4.599564	4.894477	4.173587
4.632785	6.425168	5.078766	6.247849	4.953744	4.384523	4.799561	5.15556	5.226601	5.104085
5.407472	4.996064	4.966027	4.845642	5.113625	4.922146	5.019134	4.453482	4.279113	5.092044
4.794951	4.310781	4.921641	4.177044	5.425301	4.030609	5.423021	4.363917	4.946575	5.548511
4.689702	5.478993	5.349953	4.591459	5.453666	4.974441	5.414018	4.715794	6.298018	5.393661
5.4984	4.685609	4.870378	4.908242	4.95028	4.567312	6.170278	5.234861	4.913105	5.227311
4.617396	4.643642	5.313829	5.937528	5.465874	5.202734	4.220175	5.712578	4.895777	4.614964
5.045821	4.345857	4.489727	5.324034	4.979063	4.753358	4.467373	5.703339	4.815208	5.605766
4.595854	5.239119	5.687506	4.595296	5.410769	4.546369	5.027603	5.65099	5.435595	6.062892
4.677669	5.705622	4.695467	5.411852	5.178017	4.900137	4.947196	5.188918	5.48547	4.490235
5.093501	4.995682	3.892523	5.192311	4.600429	5.345501	5.83908	5.61758	4.731169	5.634421
5.595853	5.028738	5.022674	5.973705	4.395891	6.189795	4.747673	5.570057	4.361205	4.678387
5.458227	4.003476	5.602246	5.006583	5.048621	4.425309	5.689601	4.627015	5.011446	5.347576
5.614556	4.818265	4.717713	4.701818	5.078685	5.111846	4.641272	5.986049	5.93328	4.858315
4.903133	5.420159	5.261692	5.347131	4.227003	4.977374	4.971334	5.437162	4.847189	5.482486
5.240914	4.927024	4.938191	6.169084	4.551406	5.897332	5.522723	5.747082	4.67373	5.639203
4.568161	4.950535	5.531836	5.325736	6.131123	5.209588	5.567017	5.408258	5.048632	5.104635
4.901428	4.991736	4.96864	5.001079	4.94623	4.596696	5.052319	5.408548	6.053653	5.015415
6.068587	5.518857	5.070606	5.544828	4.925381	4.478125	5.30089	4.701771	5.494346	4.740676
4.647011	5.117857	5.219428	5.04094	5.007534	4.888747	4.439022	4.760974	4.81469	4.763696
4.798038	5.724031	4.864775	4.867101	5.517621	5.682255	4.703651	4.763091	5.338907	5.121291
5.772862	4.471017	5.244004	5.23902	4.687509	5.395861	5.053173	5.020766	5.251493	4.592401
5.11424	4.782368	5.385401	5.07927	5.156454	5.027709	5.221279	6.005497	5.389407	5.05654
4.845706	6.255603	5.729881	5.172268	5.726788	5.392986	6.346083	5.296242	4.722354	4.815614
6.417408	4.855443	4.247604	4.873758	5.760402	4.054629	5.162097	4.945741	5.456718	4.163717
4.766791	3.898652	5.491097	4.025461	5.433947	5.417282	5.537476	3.94159	5.03251	5.419674
4.604434	5.96857	4.629488	4.929697	4.971735	4.872697	5.874478	4.505469	4.93456	5.568185
5.221893	4.48175	4.557456	5.381607	5.045671	4.246887	5.341054	5.163436	5.797065	4.659943
5.51061	3.648592	6.037927	5.792874	4.563273	5.554787	5.177478	4.281166	4.8191	4.886917
5.928378	5.092459	5.32652	4.19976	4.998883	5.041569	5.213466	4.88582	5.839003	5.613334
4.15989	4.567206	6.101683	4.412468	5.031545	5.402634	5.68664	5.160766	4.648038	4.443825
4.447096	5.454567	5.824449	5.178257	5.233538	5.257625	5.848984	4.455987	4.437445	4.993399
5.55607	4.534558	4.822505	4.895447	4.937485	5.733464	4.61953	5.247685	4.90031	3.80704
4.82769	6.022422	3.714744	5.241488	5.953623	4.817747	5.688889	3.9065	5.294607	4.639864
5.959355	5.261019	4.869658	4.735497	4.991784	4.230371	4.559212	4.562304	4.35119	5.59456
5.319588	4.643994	4.937238	5.46815	5.369028	4.287028	5.250811	4.534335	5.241369	4.549367
5.84145	5.290555	3.861254	4.991994	5.034032	5.177927	4.583532	4.813511	4.996857	4.900783
4.825648	3.921806	4.435184	5.27583	4.895217	4.343869	5.752635	5.267522	4.134886	4.575608
5.119953	5.284559	5.028854	5.485109	3.928927	5.473301	5.524202	3.729445	4.399996	4.858525
5.652598	5.085377	5.864945	4.949414	5.203052	5.560575	4.465444	4.282857	4.565932	5.522257
5.60181	5.427313	4.86944	5.078391	5.599245	4.297954	5.102656	5.966369	3.83231	5.00117
4.638088	4.800349	5.416005	5.236201	3.638771	4.881779	5.76541	5.296677	5.934114	5.387018
5.419176	5.54416	5.179047	5.702237	5.642826	4.917373	4.380405	5.267403	4.749874	4.398608
4.985244	4.339905	4.503047	4.834956	4.41227	4.978576	4.553531	5.097358	4.913351	5.490535
4.227042	4.629594	5.748877	4.99402	4.950009	4.201072	4.552994	4.427071	6.048215	5.873402
4.975444	4.786271	4.714051	5.818552	4.776584	5.419491	5.021913	6.057114	5.116473	5.549906
4.554839	4.266647	4.8342	4.823783	5.561043	4.843774	5.039741	4.255667	4.217577	5.813799
4.897779	5.33384	5.409215	4.935325	5.529081	5.404611	5.159371	4.642291	5.631941	4.636385
5.619023	5.417532	5.21037	4.659842	4.676432	4.703695	4.525496	5.232929	5.578476	5.105775
5.96971	6.017976	4.210565	5.041399	5.089374	4.190237	5.353192	4.474554	5.393118	4.792586
5.346467	4.695291	5.414512	4.898498	4.940536	5.614182	5.08511	5.35865	4.90336	3.971097
5.721064	4.688235	5.254582	5.13475	3.767511	5.564697	5.254755	5.020697	5.456541	4.464444
4.357842	6.225711	4.766887	4.489359	5.781984	5.279332	5.166447	5.769101	4.671882	4.628437
5.71007	5.50706	6.092361	5.808472	4.646214	4.904504	4.285943	5.176794	4.582024	4.007793
4.644375	4.740891	5.247338	5.006299	5.048337	5.181231	4.105167	4.843735	5.011161	4.564517
5.071167	4.888218	5.155066	4.857427	4.602479	5.463079	4.877136	4.83245	4.76825	6.352737
4.976686	4.72348	5.715705	4.800038	5.183883	4.666287	5.299485	5.424124	5.072834	5.002212
5.109084	3.925767	5.014658	4.745669	5.885467	4.580552	5.452086	3.522156	5.058852	4.900265
4.521273	3.929352	5.07889	4.740481	5.312456	4.971961	4.623145	5.417845	4.474391	4.597171
5.020253	4.361543	4.997523	5.011284	4.532452	4.423409	4.164252	5.321789	4.743454	5.458326
4.941008	5.293192	5.009175	4.953135	4.995173	4.545026	4.795194	6.072289	4.957998	5.25436
4.832146	4.331301	5.141145	5.314609	4.153302	6.198068	5.899276	4.863722	4.827602	4.269359
5.040369	5.381714	4.372363	3.761149	4.019194	5.795337	5.356799	4.635263	5.099885	5.307549
5.490591	4.420098	5.667199	5.027636	5.069674	4.348836	5.052741	5.142261	5.032499	5.011301
5.530722	5.662284	5.481154	5.061518	4.949255	4.558295	4.588965	4.903321	5.403982	4.573021
4.735684	4.930748	5.475874	5.581524	5.354118	5.656139	5.790188	5.201085	4.521248	5.178371
4.216256	4.61128	4.593741	5.661995	4.881716	5.324263	5.301825	4.9909	4.17379	5.078894
3.88914	5.674116	4.935104	4.851392	4.89343	5.083323	5.342389	5.53063	4.856255	3.913184
5.115843	4.971385	4.764505	5.048653	5.090691	4.531505	5.122151	5.941773	5.053516	5.470994
4.916458	4.630041	4.450198	4.194935	5.000931	5.908119	5.044755	4.617748	5.560896	4.929377
4.020551	6.105975	5.416214	4.813268	5.769384	4.792234	5.176109	4.33658	5.227223	5.121206
5.854737	4.652702	5.333378	5.202125	4.336029	4.668323	5.238631	5.709882	5.319186	5.522487
5.367439	4.484868	4.647546	4.726716	6.573552	4.723999	5.003932	4.014555	5.072011	4.80436
4.86487	4.355723	4.909143	5.166872	5.481435	4.765878	5.28	5.368135	5.388605	5.016282
4.74085	5.446281	4.515061	4.199293	5.542715	5.664299	4.530238	5.391107	5.557182	4.854623
4.486025	5.938382	5.18208	4.521485	4.961736	4.868249	5.341497	5.065162	4.373311	3.871487
3.98846	4.145689	5.78119	5.277271	4.383236	5.812649	5.399399	5.138321	4.865158	5.318294
4.832972	4.663086	5.437096	5.148827	6.131484	4.519888	4.883687	5.306719	4.555666	4.215858
5.297794	4.429499	4.78766	3.779654	5.625773	4.74986	4.453064	4.801869	5.032478	4.720533
5.076174	4.248793	5.231686	4.646037	4.961452	4.523952	5.12318	5.785336	5.329256	5.333429
4.810951	4.718047	5.16972	4.894251	4.936289	4.011448	5.120209	5.569615	4.899114	4.511047
5.463518	5.354562	4.38489	4.909348	4.951386	5.820786	4.435068	5.594539	4.914211	5.212508
5.472426	4.766264	4.734135	4.88382	4.925858	5.155935	5.137664	4.958923	4.888683	5.186244
3.802576	4.51837	4.635522	5.35099	5.409086	4.410837	4.947745	5.037074	5.489517	4.655155
4.648813	4.809656	5.626532	6.132607	4.664794	4.735482	4.369104	5.012069	5.288555	4.752681
4.453508	5.509162	5.042155	5.109098	5.222209	5.606077	5.35149	5.047329	4.309249	5.562243
4.66172	4.832324	5.78229	5.813723	5.78454	3.946918	4.745216	5.333313	5.576422	5.192734
4.088324	4.064703	6.01288	4.975139	5.017177	5.294691	4.327558	4.551266	4.980001	5.020438
4.38064	3.969793	4.874349	4.708345	5.707593	4.045101	4.097378	5.145309	4.82466	5.385821
5.294078	4.743556	4.880099	5.024963	5.067001	5.491123	5.326982	5.689057	5.029826	5.492593
4.989189	5.206884	6.256958	4.910722	4.280796	4.132959	5.040668	5.630524	5.782569	6.28196
4.715353	4.436354	5.615761	5.024467	4.744391	4.448032	5.744821	4.716897	5.103745	4.991951
5.526977	3.698017	5.069049	5.125221	5.318175	4.595693	5.424736	5.638381	5.08023	5.152792
6.360225	5.113172	5.493243	5.023666	5.065704	4.723083	5.02181	5.028843	5.028529	4.887191
4.509832	5.42309	4.657275	3.874713	4.837162	4.757588	4.284709	5.21848	4.808183	4.946117
4.972731	4.12721	4.905865	4.95517	4.594547	4.979955	5.39535	5.246837	5.02471	5.392791
5.710613	5.612009	4.831223	4.842722	4.598779	3.986767	5.280115	5.191287	4.270422	4.847983
3.798606	4.098867	5.468967	4.961191	4.62025	4.596284	4.316603	5.374725	5.271561	4.962155
4.855471	5.823415	5.82366	5.05278	5.538678	5.202114	4.448532	4.303944	4.799922	4.577785
5.329291	4.271194	5.187918	4.903557	5.279052	5.12719	4.372698	5.456651	5.202436	5.963495
