4.953473	4.995309	5.662745	5.43426	5.661478	5.387711	4.943727	4.95078	4.838581	4.697755
5.304984	4.431696	5.412329	5.038038	4.705412	4.705601	4.795617	6.254749	4.846824	5.162016
5.970903	5.371106	4.695106	4.512087	4.907585	5.042576	4.492152	4.310582	4.46056	5.547392
4.756845	5.441678	5.347793	5.680721	5.207097	5.62869	5.19358	4.062885	5.500425	4.275358
4.875371	5.211721	5.216213	5.342447	4.908837	5.87213	5.243945	4.309911	5.196592	5.084814
5.359735	4.817075	5.406468	5.512399	5.481547	5.048948	4.333358	5.112585	5.547428	4.709835
5.32105	4.472844	5.027236	4.389271	5.008456	5.117198	4.299441	5.154004	4.370575	5.079318
6.322612	4.882331	5.110358	4.81325	5.91831	5.70783	4.399784	4.292376	5.395578	5.274315
4.758749	5.856297	4.839282	4.011305	4.550237	4.68488	5.790499	4.865207	4.630264	4.761907
4.92552	5.549457	5.495111	4.942202	4.381891	5.367803	4.915775	4.922827	4.909467	5.166577
5.121069	4.563679	4.608928	4.898584	4.652979	4.355089	5.111324	5.118377	4.927684	4.641636
4.605069	3.4058	4.858683	6.211728	4.536661	5.552449	4.6645	5.000986	5.852605	5.0127
4.529033	5.016946	4.760734	4.431211	4.960601	4.842417	3.687992	4.397338	5.907298	4.01493
4.89994	4.13675	4.777927	4.729936	4.809095	4.780386	5.063165	4.903452	5.257354	5.204109
5.005691	4.130027	5.14216	5.865259	4.992105	5.059108	4.634422	4.666947	5.491165	4.606214
5.165642	5.080084	5.019641	4.988214	5.222392	4.785453	4.691856	4.755055	5.091655	4.620245
4.227087	5.134552	6.231457	5.396459	5.022896	4.690889	4.143009	4.384728	4.496861	4.943807
4.980646	5.573474	5.061069	4.149236	5.139917	4.984282	4.970901	4.977953	5.375455	4.205349
5.367977	5.298336	4.565996	4.595697	4.74928	6.497741	4.541691	4.484279	5.113743	4.815635
5.47821	5.205155	4.61492	5.133079	4.400758	4.081025	6.358599	5.339648	5.130589	4.683198
5.356087	3.965323	4.974997	5.627092	5.369247	5.305649	4.571444	4.444694	4.593261	5.158827
4.318902	6.151586	4.945172	4.15074	5.077981	5.257069	4.515076	4.334381	5.172338	4.16732
5.282732	4.757514	5.628687	5.966849	4.912548	5.209706	4.303185	5.127981	4.939825	5.890377
5.486574	4.595987	5.168939	5.788941	5.094323	5.529069	4.699919	4.734166	5.341251	4.54608
4.912216	4.917212	5.145316	4.767648	4.88152	4.485825	5.22042	5.548501	5.422617	4.206037
3.653801	4.383213	5.942382	5.543905	5.364167	4.907032	4.996451	5.065402	4.221808	5.401606
4.796385	4.461257	4.099947	4.801413	5.467935	5.170703	5.299928	5.418525	4.441876	5.90154
4.270539	5.701728	5.757553	4.580177	5.141129	4.722859	4.259305	5.295384	4.577431	4.706188
5.363836	5.80001	6.19481	5.844903	4.666249	4.073464	4.697278	5.137569	5.316925	4.656414
5.993906	4.92795	5.314157	4.35778	4.795083	5.13691	4.771595	5.817588	5.272414	4.083637
4.469749	4.354867	5.647532	4.306417	5.16316	4.90107	5.142114	4.670391	5.244662	5.825553
4.955415	5.27407	5.744518	4.630547	5.495969	4.346323	4.530443	4.534326	5.31921	5.169396
5.039651	5.430276	4.589661	5.060444	4.527241	5.086887	4.979736	5.6964	4.960415	5.20435
4.985893	3.973591	5.804593	4.167752	5.045381	5.031414	4.976148	4.983201	4.891546	4.837059
4.182972	5.674644	5.27165	4.956137	5.419736	4.957098	3.686926	5.491402	5.392747	5.196708
4.225493	5.984009	5.271079	5.602441	5.32519	4.362588	5.357439	5.998911	4.761453	5.031105
4.775798	5.050834	5.242883	4.775107	4.744432	4.866689	4.58387	5.94981	5.780982	4.925193
5.338576	5.288128	4.893383	5.093247	5.045655	4.527506	4.753652	5.412162	4.851031	5.464609
5.606215	5.073552	6.117547	5.382738	5.590055	5.246296	4.332463	5.221053	3.929293	4.8953
4.766242	4.980212	5.522244	5.010259	4.328098	4.436046	4.69738	5.104902	5.517177	4.907986
5.567459	4.295192	6.068338	4.487135	5.678724	5.151288	5.74932	5.597493	5.10631	5.456954
5.321221	4.611931	4.864715	4.723646	5.030191	5.528838	5.353658	4.59784	4.738962	4.788018
4.980658	4.74821	5.922135	5.882648	4.50796	4.663908	5.452682	5.541353	5.606637	5.000991
3.949133	4.367975	5.740655	3.876767	3.978642	4.789421	4.806436	5.177976	5.207174	4.92915
5.530292	5.000029	5.450299	3.824097	5.091913	5.729942	4.543106	4.418304	4.921865	4.43584
5.708168	5.043781	5.087468	5.780708	4.071525	4.588837	4.895517	5.268973	5.202173	3.585975
4.902028	4.838464	5.893321	5.374789	4.696815	4.08941	4.892283	4.899335	4.769223	5.175111
5.042656	4.988621	5.199398	5.32508	4.721177	6.164429	4.989985	4.814973	4.400292	4.881604
5.548441	4.938387	4.534772	3.977381	5.50739	5.85093	5.038113	5.049432	4.806617	4.876867
5.025028	5.264416	4.395995	4.223843	3.938603	4.747576	5.015283	5.022336	6.380881	5.302147
4.609218	5.12902	5.076597	5.031859	4.947937	4.861558	5.589821	6.232339	5.449691	4.505341
5.360653	5.390846	5.029834	5.043421	4.367717	5.119017	5.289206	5.318624	5.352191	4.797341
5.594092	4.471379	5.748423	5.065148	5.337158	5.425373	4.225095	5.30969	5.853592	6.152105
5.474933	5.235884	4.561116	5.48923	5.455185	5.943227	4.273158	4.687553	5.197221	6.459608
5.001547	5.133904	4.393345	4.87239	4.757486	5.369366	4.991802	4.998854	4.938152	6.756157
5.157807	4.846144	5.370515	4.219476	5.886107	5.597668	4.48629	5.894074	5.395333	5.195394
4.93683	3.945484	4.949827	5.277643	4.269231	5.451128	4.927085	4.934137	4.486037	4.015243
5.440825	5.096879	5.614425	5.222343	4.391504	5.180785	4.188411	4.91214	5.261312	5.720949
4.989038	4.016935	3.874133	5.293591	4.936952	5.491463	4.979292	4.986345	5.930378	4.864381
5.033568	4.660663	4.724288	5.793476	5.505106	4.853189	4.380218	4.71966	4.74587	4.740177
5.276989	5.849425	5.05414	4.37426	4.156099	5.211322	4.899062	5.463884	4.419455	5.607676
5.077038	5.253142	5.263646	4.691992	5.091353	5.274695	5.067293	5.074345	4.86371	5.019189
4.373963	4.052136	5.474318	5.016955	5.326426	5.681309	5.031508	5.366335	4.862103	5.817261
5.490452	4.452349	4.840461	5.748471	4.920903	5.050484	4.119263	6.095121	5.051065	4.396617
4.964897	5.25074	4.694879	4.472553	4.543429	4.966619	4.955152	4.962204	5.336129	4.164408
4.942374	5.525692	5.103886	5.211647	4.568811	4.497231	4.550371	5.306922	4.690761	4.600145
4.980988	5.298164	4.532566	4.802705	5.238335	5.373224	5.28845	4.553568	4.918508	4.883015
5.249228	4.748616	4.811975	4.987016	5.454767	5.889168	4.636586	4.553661	5.430023	5.398221
4.912798	5.075336	5.267904	5.298604	4.880397	5.527871	5.602911	5.42279	4.195723	4.846918
4.782447	5.175157	5.337852	6.009301	5.510852	5.417042	5.139872	5.598201	6.246234	4.370075
5.179783	4.829512	4.817153	5.055326	4.236176	4.345125	4.614929	4.60722	5.223222	4.939335
4.451787	4.475291	4.898374	5.79485	4.493815	5.113813	4.68551	4.524802	6.218876	4.888494
4.951236	4.998336	5.196036	4.761235	4.337023	3.870169	5.550137	5.228959	5.106546	4.850442
4.298268	5.920338	5.315331	4.694014	4.59043	3.570573	5.715823	5.101502	4.978381	4.340304
3.77859	5.595792	4.869583	5.192741	5.192397	5.248556	5.381562	4.462914	5.022687	4.289303
3.838056	5.204372	5.573875	6.158836	5.523294	4.394606	4.786091	5.763108	4.795794	5.371431
4.923692	5.123276	4.982249	5.076883	5.564589	4.99267	4.913947	4.921	4.986959	4.756465
5.077457	4.596486	5.460739	5.041796	4.835263	3.78174	5.026557	5.981877	5.107353	4.528059
4.947601	5.150919	4.401588	4.523142	5.253536	5.983478	5.375705	5.636002	4.890577	5.221705
4.44735	4.542307	5.521193	5.51366	5.397275	5.58686	5.613191	5.828871	5.027038	4.581774
4.756124	3.748159	4.882005	5.587474	5.196043	5.360483	5.327593	5.293917	4.484353	4.362848
5.401271	5.789588	4.669699	4.215292	5.089306	4.879862	4.342001	5.860215	5.088455	5.009027
4.869451	5.732949	4.981452	5.102355	4.440889	5.506878	4.669463	4.844406	4.601467	5.74197
5.776745	5.358477	5.017902	4.510455	5.257626	4.515982	5.134186	6.020434	5.399375	5.222573
5.476044	5.400094	4.874703	5.346047	5.140789	5.442851	5.213928	5.038682	4.622206	4.557279
4.376435	5.385208	5.805841	4.611909	5.598618	5.870077	4.100311	4.94737	4.923331	5.647741
4.933878	4.804535	3.842782	5.12738	4.914826	5.001686	4.976923	4.426866	5.085187	4.668467
4.569583	5.35323	4.737427	4.552288	5.43277	4.121349	4.749653	3.817289	4.500948	4.421427
4.197543	4.845252	5.784172	5.356304	5.865343	3.946464	5.516544	6.030591	5.138963	4.585497
4.845179	4.52088	4.131278	5.737934	5.541193	5.157478	4.764223	4.338339	4.079321	4.35376
4.947502	4.764841	5.607759	5.278181	4.647221	5.06647	4.546343	4.676257	4.873085	4.842432
5.001534	5.844315	4.589516	4.860541	5.056625	4.725556	5.417736	5.123287	3.658035	5.504206
4.290774	5.138564	5.614851	4.046096	5.106641	5.127537	4.280986	4.454355	4.943061	5.065948
5.037961	4.17011	4.86467	4.661576	5.685074	5.184244	4.377745	5.598677	4.407282	6.016631
5.027308	5.107686	5.262529	4.697766	5.254372	4.50305	5.017563	5.024616	4.214817	4.569086
4.371395	4.988216	4.902486	4.849981	4.466055	5.756888	4.337787	5.042288	5.01787	4.754585
6.123081	4.567104	5.523432	5.650294	4.974487	4.990761	6.011842	4.989052	4.452419	4.421759
5.914292	5.643729	4.021676	4.575364	5.748754	3.491942	4.798507	5.653092	5.212014	5.079874
3.797559	3.940577	5.103493	3.97212	5.356724	4.790539	5.411869	4.60271	5.362861	4.795089
4.10529	4.302477	5.3849	4.912608	4.489664	5.040895	5.761652	4.927965	4.187839	5.398453
4.766658	5.065633	5.698264	5.111179	5.664346	4.484768	4.811894	5.223432	4.580132	5.390035
5.143528	4.814321	5.538245	4.438179	5.493034	5.044804	5.133783	5.140836	5.12203	4.305252
5.952971	5.168973	4.715527	5.430382	5.026423	5.35448	4.891636	5.125957	5.746935	5.421955
4.811706	5.244336	3.401279	6.146915	5.391401	4.927929	5.098499	4.224291	4.004555	5.860742
6.432947	4.244656	5.122893	5.792838	5.109742	4.456842	4.93073	5.517209	5.594649	5.190541
5.330306	5.631111	4.372447	5.487941	5.413491	5.719056	5.28428	4.133711	4.687408	4.470887
5.603405	5.058741	4.992396	4.782646	4.829444	4.995397	4.467792	5.119215	5.36773	5.773093
5.466393	4.292512	4.708283	4.498056	5.477171	6.635803	3.908005	5.360927	4.653048	4.573217
4.387031	4.157991	5.380671	4.366376	5.198948	5.649838	4.367322	4.490041	5.651111	4.316834
5.035333	5.241428	4.50877	5.749618	4.557224	4.209869	5.88619	5.38157	5.579961	4.452189
4.607899	5.365708	5.058793	5.415421	4.907646	4.07496	5.74894	4.505733	4.994884	5.501893
5.533208	5.155355	4.150289	4.933127	4.371994	4.666395	4.460832	5.125294	6.21938	5.637017
5.729085	4.001914	5.422369	4.974896	4.360838	4.826585	5.061785	5.304672	5.441503	5.451435
5.359915	4.257877	4.728079	3.967297	5.68335	3.867789	4.542665	2.895438	5.653572	4.352647
3.899921	5.628431	5.296652	4.587469	5.092163	5.091607	4.148619	5.298733	4.789476	6.655133
5.698213	5.37935	4.816092	4.226011	4.63222	5.013287	5.210629	5.18291	3.864778	4.540591
4.907909	5.747457	5.287006	5.382105	5.590328	5.115704	5.414212	5.891226	5.364219	4.066261
5.410152	4.533134	5.27267	5.434987	4.697718	5.761814	3.826345	4.796604	4.871068	5.918076
4.146232	5.727702	5.576542	5.658556	5.173681	4.433434	5.78931	5.060189	4.913429	4.539811
5.01765	5.439026	4.413072	5.220591	4.983096	5.705935	5.007905	5.014957	4.638581	3.778058
5.116052	5.026479	5.196516	5.329123	5.184595	4.600721	5.106307	5.113359	5.655494	6.107781
5.141815	4.063355	4.517599	5.155955	4.370992	5.124369	5.258418	5.486197	5.17713	5.501649
5.039171	5.757991	5.427378	5.198451	5.892332	4.08428	5.029426	5.036479	4.417861	4.737038
5.075392	5.313698	5.499596	5.107644	4.11068	4.092943	5.065647	5.072699	5.22233	5.572931
4.676436	5.942512	5.603012	5.507721	5.467774	4.325267	5.198294	5.026553	4.391949	4.997155
4.957078	5.063921	4.403084	5.055909	5.154947	5.097773	4.271229	5.653659	5.033724	4.926491
5.430038	6.058131	5.30632	4.760901	5.509029	4.457697	5.684799	5.170589	4.412642	4.651587
5.270958	5.341733	4.915096	4.624592	5.48684	4.815515	5.084011	5.160892	4.294893	4.885031
4.277858	4.63272	5.343925	4.663664	4.284405	5.078081	3.855663	4.493153	4.417588	5.788043
4.747517	4.73385	5.702195	5.352575	4.839694	3.663245	5.229591	5.323876	5.672215	5.208956
4.448901	4.153481	5.519621	3.541144	4.228921	5.55095	4.512334	5.297582	4.329903	4.730438
5.095045	5.198766	4.557746	5.491028	5.501147	4.579167	5.085299	5.092352	5.092467	4.778453
5.076414	5.508526	4.668697	4.901308	4.976112	4.644704	5.330659	5.157711	4.965559	5.667803
5.549498	5.187061	4.777618	5.566313	5.667843	5.369151	5.46684	5.068328	5.113558	5.155398
5.556862	5.055504	5.109014	4.25296	4.779571	4.938909	4.939724	4.95861	4.605184	5.384683
6.385182	5.234331	5.351721	4.671972	4.802967	5.590454	4.928646	4.035943	5.092746	5.353404
4.016107	5.239905	5.063341	4.554581	4.620076	5.547007	5.279051	5.129267	5.055114	4.759885
4.470813	4.558722	4.759458	5.399602	4.105779	5.150612	5.564468	5.644123	5.520959	3.94414
5.701382	4.854534	5.04224	4.893435	5.310556	4.698664	4.71005	5.977267	4.564569	4.88753
4.923504	5.059688	4.737566	4.035861	4.71383	5.849595	4.913759	4.920811	5.118362	4.840126
5.011102	4.845815	5.119345	4.040357	5.159371	5.481893	5.269752	4.950283	5.26322	5.578639
5.460627	4.88127	5.586864	4.709568	5.155832	5.446862	5.32747	4.962612	5.399299	4.921196
4.975131	4.966426	4.433717	4.884683	4.555561	4.689704	4.814747	4.852106	4.452545	5.675681
4.787816	4.542928	5.065201	6.196765	5.368711	5.877441	5.392513	6.35757	5.539971	5.213592
4.700377	4.460219	4.946895	6.420251	5.268947	4.37135	5.07227	4.841252	5.696162	5.087497
3.203288	4.927985	4.744145	5.180165	4.851276	5.838968	4.529416	4.900694	6.379023	4.985325
4.973651	4.895174	5.320912	4.407964	5.026778	4.690262	4.963906	4.970959	5.391544	5.112034
4.823616	4.105337	4.268402	5.510066	4.140075	4.366338	4.807766	4.850594	4.343072	5.603526
5.255372	4.241391	4.942862	5.93858	4.645407	4.189923	4.673194	4.179578	4.438372	5.595327
5.236505	5.656385	5.096667	4.515332	3.869871	4.453457	5.583156	4.702267	5.237819	4.677094
4.629703	4.845904	4.686347	4.935142	5.611478	4.704877	4.327991	5.072321	4.933295	4.511111
4.611211	5.191676	5.58503	5.197531	4.48031	4.860382	4.85766	4.823787	5.605528	3.913102
5.69861	4.51066	5.518847	4.655234	3.755445	5.06959	5.513904	5.314887	4.746349	3.977833
5.032734	4.833695	5.662351	4.643615	4.79749	4.931032	5.022989	5.030041	5.752666	5.913027
5.183919	5.004273	5.369587	4.170914	4.830162	4.469524	5.204022	4.607261	5.498291	5.863158
4.623879	5.034491	4.613566	5.052128	5.368136	4.944107	5.065314	4.232694	4.245151	4.642233
4.548343	5.029818	4.47749	4.6451	5.435207	4.74866	5.120363	5.818756	5.003788	4.5836
4.6776	5.120189	4.718119	4.567023	5.128772	5.178271	5.658435	4.856527	4.87619	5.465147
4.938048	4.737213	4.534549	5.462501	3.97273	4.981971	4.928303	4.935356	5.219573	5.092316
5.014837	5.14244	5.161375	4.290615	5.238683	5.97769	5.005092	5.012145	4.670696	4.469612
5.026516	5.167147	5.002198	4.613373	4.917166	5.700484	5.307199	5.949508	4.373544	5.54321
5.456483	4.367212	4.794951	5.417515	4.55543	5.152128	5.183301	6.175558	4.823835	5.085033
5.332111	5.734549	5.568586	5.61654	4.72266	3.962158	4.83244	5.595825	4.396301	5.838645
5.653439	5.529648	4.640757	4.839805	4.620769	5.478155	4.802452	5.612323	4.661553	4.528354
5.015867	5.449604	4.644658	4.63702	5.298816	5.889037	5.006122	5.013175	5.298308	4.571705
4.403602	5.917593	4.657337	3.939114	5.445928	5.467636	5.034122	4.690899	4.250681	4.988662
5.083103	5.360631	3.894192	5.004401	5.91684	4.846795	3.854588	5.786221	5.198175	4.220383
4.685217	5.130139	4.756757	5.714162	4.224862	4.118838	5.463515	4.314545	4.716083	5.366632
5.604855	6.029865	4.152279	4.644415	5.359832	5.645471	5.241642	5.23799	5.11536	3.894599
4.855203	5.09514	4.823164	5.49695	5.975184	5.527006	5.276402	4.710518	4.039744	5.277
4.945152	4.768448	5.255604	5.067081	5.848225	5.208327	4.816929	3.932417	5.930763	5.071305
5.087908	4.936872	4.936211	4.919721	4.219716	4.592279	5.034268	5.098556	5.283497	4.470845
6.455989	5.329938	5.258261	5.828959	6.401751	5.348602	5.453384	5.368943	5.435081	4.651598
5.38456	5.407465	6.008577	5.375343	4.45412	3.938532	5.287564	3.778967	5.038282	5.792
5.002876	5.471559	5.243546	4.974516	4.89948	5.982236	4.993131	5.000183	5.09011	5.704692
4.948659	5.162043	5.837384	4.549336	5.625939	5.739007	4.938914	4.945966	4.715005	4.575825
4.476188	4.711247	4.814837	4.890181	4.551676	3.582916	4.069305	4.369848	5.586567	4.100123
5.319694	5.357914	4.622491	4.719492	4.616559	5.736166	4.850261	4.446559	5.00031	4.909678
4.254577	4.45489	5.744857	4.159106	4.555312	6.188997	5.212264	5.756499	4.283886	5.036613
5.270497	5.185588	4.481895	5.604172	5.792339	3.822643	5.012113	5.415748	4.819592	4.828285
5.208568	4.905097	6.204416	5.757854	5.394012	4.608192	5.554756	5.598576	5.052875	5.469961
4.366801	4.868598	4.663862	4.813159	4.853702	4.603682	6.090322	4.845992	4.946986	4.668801
6.177209	4.693995	5.707091	5.120635	5.590756	5.431593	4.592058	5.010328	5.888121	4.515531
4.764172	4.657177	4.661918	5.230416	5.374843	5.965577	4.577466	4.807807	3.32617	4.456615
5.009652	4.910962	5.19782	5.969606	5.590934	4.561098	4.999907	5.006959	4.870458	4.920907
4.906926	4.757107	5.358566	5.477556	5.746944	5.13974	5.285883	5.738764	4.546099	5.289624
4.718788	4.985238	4.135769	4.871966	4.731285	4.427269	6.143181	5.254783	5.826348	5.889767
5.967147	5.560936	4.447802	4.99855	4.807547	5.14142	4.644589	5.342142	5.030766	4.368393
4.972585	5.381136	5.300861	4.482781	5.806449	5.029979	4.96284	4.969893	4.975717	4.812586
4.818537	3.689617	5.097218	4.971963	5.152608	3.843946	4.523657	5.531083	5.716424	3.578821
5.516744	4.877065	4.227821	5.752404	4.650551	5.678932	5.178977	5.222789	5.908894	4.816675
4.745275	4.715599	5.773881	5.463601	5.09905	4.753488	4.320056	4.312475	5.02956	5.646809
3.984061	4.847703	3.799509	5.793714	4.31356	4.506273	5.24052	4.758486	4.558095	3.601865
4.880675	4.870871	5.205945	5.300416	5.690236	4.357943	4.807172	4.295595	4.84281	5.076021
5.233665	5.601554	4.80758	5.353455	6.030233	4.680176	6.229837	5.567104	5.500247	6.07238
5.376263	5.69731	4.890681	4.469045	4.556825	4.84793	4.67173	5.739381	4.747868	5.97004
4.852058	4.691128	5.257275	5.068234	5.55383	5.552272	4.926393	5.544422	4.381634	4.414505
5.09796	5.951119	4.344542	4.583345	5.367095	5.981246	4.850961	4.844431	5.904235	4.775157
5.184764	5.373971	5.197266	4.546457	5.145845	5.875717	4.364693	4.361656	4.844824	4.529452
4.421624	4.277999	4.399668	5.038482	3.880201	5.274073	5.000966	5.04565	5.934518	4.641871
