5.660198	4.250226	5.1665	5.214325	5.398778	5.340946	5.828322	5.513463	5.028026	5.587219
3.773823	5.143683	4.598786	4.51736	4.686711	4.585497	4.441051	5.084441	4.756986	4.077154
4.849899	4.453961	4.676323	4.753558	4.456061	4.763702	4.739637	5.873398	5.100815	5.386551
4.347883	4.373855	4.752849	4.46688	4.495109	6.276857	5.007466	4.811257	4.488748	4.173673
4.838817	4.891136	4.970582	5.179077	5.666151	4.574958	5.319773	4.982743	3.342271	5.463686
5.206649	5.465067	4.319188	5.250471	4.896479	4.71422	6.079248	4.229361	4.320806	4.728836
5.37597	3.677591	5.287201	4.074811	5.725081	4.608382	5.319946	4.35452	4.028732	6.015901
4.820839	4.203967	4.569654	3.710519	5.865811	4.895415	4.981349	4.838718	5.574022	5.9005
4.505132	5.231047	6.054949	4.869409	4.92082	4.271019	4.395793	4.884564	5.696144	5.190128
6.373178	5.381502	5.866778	5.064579	5.178908	4.493168	4.262084	3.53946	4.325731	5.57826
4.13287	5.812731	5.737953	6.141079	4.777391	4.598703	5.735571	5.771465	5.404281	5.21745
5.57192	5.072757	5.080831	4.354918	5.444095	4.859043	4.468115	5.477497	4.523668	5.694379
6.011037	5.563521	4.792229	4.910886	3.973405	4.714856	5.139396	4.209344	5.127696	5.316431
5.795443	4.738898	5.969016	4.890794	5.458578	4.511591	4.766179	4.474518	4.509791	6.189237
4.973482	4.257658	5.151374	3.975354	5.501163	5.196566	4.724998	4.970094	5.578733	4.560409
5.741293	4.826691	4.106602	4.917017	5.32779	4.852933	4.915815	4.940008	4.288548	5.270204
4.427279	4.88062	5.20119	4.954732	4.99677	4.841552	3.873356	4.673254	4.959595	4.446601
5.380155	5.685227	5.211661	4.718729	5.124365	5.432568	4.603961	5.612444	3.797451	4.648858
5.058034	4.876263	5.688353	5.431842	4.550255	5.469204	5.552765	5.630919	5.34996	5.644091
5.041415	3.973832	5.03133	4.966966	5.009004	5.144804	4.922178	4.639323	4.971828	5.063199
4.92387	5.804086	6.176898	5.266688	5.112285	4.818922	4.482602	5.487003	5.082108	4.866165
5.739688	5.744655	4.804332	5.283378	4.448733	5.602314	5.716529	4.732187	5.506381	5.415298
4.625206	4.740308	4.503139	5.27403	4.861485	4.619953	4.583611	3.900985	4.792764	4.794219
6.018087	4.484663	5.184686	4.280344	5.019559	4.414109	4.571177	4.803404	3.842106	5.098355
3.975562	5.428509	4.539449	4.696113	5.346895	5.086106	4.559134	4.50215	5.141696	5.461401
5.601879	5.812618	5.719886	5.950166	4.75288	5.641598	5.292694	4.609686	5.168144	5.2695
5.682116	4.378867	4.589119	5.46853	4.599484	4.853169	5.299804	4.575289	4.200305	3.721497
4.971828	4.949235	5.07312	5.156221	4.815336	5.967702	5.573018	5.119046	5.065704	4.864335
5.021821	4.098483	4.77704	4.475552	5.577371	5.315412	4.6153	5.327496	5.00914	4.796562
5.239214	4.519876	5.165497	4.927726	4.969764	5.419496	5.75089	5.213503	4.932589	5.209793
4.59324	4.771688	4.776458	5.34652	4.436969	5.347385	5.050231	5.648636	5.966921	6.109499
4.952177	5.157349	4.662549	4.714058	4.458233	5.256261	6.02999	4.992059	5.441332	4.789045
5.637769	3.721066	4.796786	6.226782	4.252958	4.601478	5.095026	4.257326	5.463707	6.285694
5.095947	4.399207	5.363177	4.439615	5.233433	5.388583	4.026847	4.817106	4.794736	4.805009
4.664579	4.592172	4.280193	4.83495	4.876988	5.041735	5.441246	4.915894	4.839813	4.20824
4.35142	4.749017	5.306912	5.164526	5.426743	5.529358	5.100616	4.067034	4.62638	4.591895
5.324562	5.293803	5.808218	3.59898	5.970112	4.281788	4.179278	4.633121	6.135598	4.569631
4.129877	5.568999	5.300492	4.54927	4.568244	4.706756	4.784132	4.494431	5.206043	5.369121
5.08489	4.862924	5.830578	4.932204	4.974242	5.110091	4.509566	6.984409	4.937067	4.82355
6.37942	4.467676	5.218077	4.836689	4.878726	4.298829	4.969381	4.553001	4.841551	4.955449
4.568371	5.171733	5.583868	4.563962	4.630497	5.72604	4.452775	3.99341	4.14669	5.17926
4.999906	4.918699	4.666056	4.711412	4.131567	4.797996	5.202936	4.628471	5.60953	5.159923
5.447493	4.90688	5.27224	4.123501	4.6352	5.227182	5.204002	3.631264	4.56741	5.950466
4.943008	4.000896	5.881819	5.23222	5.283688	6.179973	5.262838	5.098342	4.97602	4.485293
5.314905	5.443967	5.545179	4.428001	5.678245	4.562428	5.878596	4.749077	5.272951	4.476129
4.96623	4.895981	4.623574	5.497405	5.079581	4.864327	4.771748	5.121059	4.179369	5.229179
4.891372	4.612438	5.069225	5.107901	5.311606	5.428308	5.064422	5.369945	5.264773	3.921606
5.061965	4.153463	5.523671	4.973496	5.015534	3.245326	4.562941	4.998886	4.978359	4.366844
3.746932	4.649088	5.069795	4.222871	5.11675	4.608855	4.920991	4.364818	5.105528	5.500333
3.921565	4.620823	5.283096	5.064904	4.880765	4.914769	5.167678	4.858542	4.993155	4.867658
4.659129	5.178359	5.550642	4.854818	4.339864	5.928967	5.275365	4.899259	5.186343	4.58158
4.461264	5.363415	5.124765	5.307495	4.991208	6.283592	5.045379	6.308552	5.377615	3.586263
5.130955	4.428763	4.687805	4.262388	5.192496	4.885341	5.253791	4.976307	4.904625	4.939751
6.254837	5.289633	5.38901	4.837718	4.879756	4.275314	4.306529	4.738995	4.842581	5.951668
4.355849	4.529308	4.912726	4.404046	4.924888	5.749322	5.161502	4.34332	4.70266	5.292122
4.786452	5.468935	4.72944	5.961069	6.174163	3.99759	4.756751	5.196933	5.223761	5.148991
5.004572	5.588123	4.765379	5.387412	4.772324	5.055645	5.183326	5.455913	5.058607	5.142918
6.047029	5.293158	6.062935	5.031777	5.073815	4.94465	4.549867	5.345046	5.03664	4.471145
4.186608	4.804173	4.750134	5.260435	5.504208	4.931043	3.819437	4.409258	4.617479	5.610156
4.372203	3.621583	4.78453	4.393304	5.079656	5.247272	4.952856	5.251546	4.505412	5.66123
5.636195	5.115117	5.34535	5.979051	4.799667	5.641507	5.076163	5.402622	5.944231	4.681976
6.063295	5.041217	5.194198	4.674213	5.339354	4.665338	5.084215	4.783125	4.112555	4.358711
5.205237	4.772468	4.453742	5.273903	5.493169	4.773078	4.784511	4.862013	5.97873	5.367085
4.899441	4.889797	4.441447	5.611117	5.54372	5.329615	4.865404	5.197987	4.291036	4.254785
4.832591	4.797607	4.570089	5.562874	4.527557	5.839287	3.810225	4.460768	5.085958	5.045187
4.537619	5.539519	4.316385	5.806226	6.04365	3.682313	4.730979	4.822092	5.305153	4.706715
5.021266	5.09587	4.931968	5.569189	5.074452	5.122464	5.555799	4.211656	4.97571	4.613242
4.676034	4.71318	4.22301	5.123123	4.097471	5.284149	5.713746	4.221138	4.58091	4.569102
4.752768	5.305062	5.087183	4.932904	4.983685	5.439156	4.807263	5.386529	4.692636	5.583519
3.86962	4.194878	5.409423	5.281469	4.862358	4.749053	4.822398	5.614209	4.76219	5.735833
5.556644	4.967418	4.161394	4.109199	4.821663	4.612863	5.637318	4.748274	5.559381	4.982604
4.490402	4.730659	4.459221	5.463145	4.441857	4.332607	4.914815	4.770177	5.577164	4.730637
5.234008	5.981225	5.457509	5.690528	5.054474	5.592977	4.721826	4.625642	4.781878	4.134566
4.767608	5.328982	4.684828	5.088984	5.002229	5.247717	4.796685	4.786544	5.032832	5.329669
5.034564	5.366149	5.952955	4.925906	4.967944	5.100161	4.837294	4.278462	4.930768	4.153495
5.521779	4.701574	5.02777	4.57995	5.287034	4.861212	4.135368	4.414641	5.270783	5.447769
5.480249	6.109049	5.333259	5.192338	4.893548	4.806772	4.879785	4.642701	4.671762	5.899201
4.919814	5.10123	4.77307	4.683224	5.447278	4.584139	4.851575	4.511765	5.308291	4.78078
4.865314	4.63001	4.994663	4.910809	4.993279	6.093608	5.518159	5.152654	4.447717	5.533568
5.281542	5.105651	5.008024	4.585295	4.239933	5.227428	4.067866	4.28559	5.167283	5.057495
5.660439	5.040049	4.577605	4.743011	5.553156	5.175417	4.430444	4.061739	4.983816	5.434735
5.433268	5.285024	4.664876	4.434119	5.567957	4.630429	6.361671	4.809434	5.910849	5.360238
5.429707	4.298275	4.173109	4.945174	4.315886	5.351571	4.626365	5.964451	4.288975	5.534004
5.275521	5.004768	4.475682	5.62977	5.08052	5.548876	5.758442	5.139081	4.949034	5.139296
4.173318	4.85014	5.37152	4.83768	5.222214	5.597765	5.193794	5.221927	4.630138	4.571466
5.43028	4.997177	4.690052	4.942094	4.837416	4.244685	5.10176	5.787107	5.331657	4.05432
4.648592	4.848019	5.783917	5.31204	4.798873	5.444336	4.907339	4.752413	4.943115	5.200413
4.484004	4.717424	4.712228	5.231534	4.751542	5.052597	4.799138	5.515445	4.921522	5.036913
4.689957	5.607022	5.205287	4.866693	4.908731	5.456718	5.641956	4.601943	4.871556	5.228756
4.842451	4.836924	5.037144	4.860723	5.08601	4.28379	5.064188	5.391268	5.129998	4.425074
4.218702	5.144981	4.806775	5.573808	5.569482	4.484151	5.434955	4.452038	5.995538	5.072483
4.705106	6.277518	5.812035	5.084519	4.954258	6.137212	3.82144	4.664135	5.025927	4.06595
5.95715	4.466592	5.467345	4.770901	4.812939	5.542657	5.453352	5.224562	4.775764	6.313374
4.938334	5.664746	4.799844	4.238441	5.264371	5.511514	3.998977	4.62741	5.674423	5.503349
6.008083	4.989492	5.107722	4.161051	4.809445	4.576104	4.377188	5.041037	5.241198	5.150415
5.583162	4.503331	5.57674	4.271153	4.960897	5.51354	4.847557	5.259757	5.161547	4.893153
4.829086	5.134648	5.278884	5.73097	3.96101	6.174728	5.182073	5.069717	5.510929	5.475896
4.645636	5.172421	5.547215	3.955574	5.517298	5.059922	5.087341	4.32912	5.302573	5.818638
5.393428	4.55813	4.824918	3.944085	5.381748	5.350376	5.087504	4.276808	4.847663	5.64283
5.915994	4.93485	5.633374	5.205051	5.013943	5.04018	5.34091	5.814845	5.311067	5.618776
5.14185	6.416459	4.966835	4.85412	4.896158	4.771109	4.270078	4.667069	4.858983	4.953826
4.61137	4.746338	5.395018	4.100348	5.095518	5.919496	5.95971	3.902426	4.030112	4.107763
4.982677	4.734255	4.745512	4.378309	4.582571	5.921618	4.934642	6.184214	5.792945	5.379684
4.964871	5.158523	4.07165	5.124515	5.542886	4.997974	4.252778	5.077988	4.108834	5.73084
5.389397	4.93865	5.011654	4.873388	4.497541	5.755901	5.966959	5.312479	4.801504	5.637792
6.092229	5.269099	5.627694	4.872748	4.914786	4.294489	5.233189	4.592801	4.877611	5.145924
4.92906	4.587544	4.446599	3.48753	4.465744	4.736271	4.980686	4.950294	4.541152	5.016629
5.800314	5.631185	4.379366	4.385035	4.323502	5.143528	5.061633	5.075943	4.535554	4.88892
5.336005	4.281549	4.442648	5.36487	5.075543	4.297113	5.491735	4.799872	4.468483	5.999106
4.845303	3.963473	5.215269	4.92788	5.723569	5.13306	4.893045	4.399841	4.184127	4.969345
5.014816	4.48852	5.326266	5.894518	4.84395	5.416543	4.375733	5.505711	5.10427	4.626567
5.516808	4.686496	5.184558	4.324743	5.745331	5.025753	6.241074	4.862167	4.621628	4.49989
5.72013	5.129738	4.326735	4.971089	5.013127	4.737375	5.975947	5.055026	4.975952	5.351415
5.401594	5.473089	4.686301	4.623172	5.642715	4.530139	5.103708	4.685805	4.778141	4.923042
5.415874	4.864366	5.045043	5.268562	4.773287	5.342937	4.527389	4.876064	4.773133	4.626967
5.471813	5.365457	4.161089	5.024943	5.264207	4.989645	5.418829	4.105686	4.661554	5.076336
4.703116	5.002663	4.536343	3.899403	5.675344	5.417318	5.896069	4.4904	4.946541	5.070083
4.492285	4.373324	4.701037	5.20077	4.930236	5.420585	5.138542	5.682586	5.393229	4.605449
4.972239	4.920387	5.921209	5.067309	5.900803	4.857844	5.459453	4.711494	4.875378	5.048805
5.310371	4.726783	3.717552	4.657971	4.65787	5.646286	5.483233	5.393292	5.504574	5.464948
4.485507	4.348969	4.170873	6.025735	5.314293	4.719248	4.315052	4.86348	4.258543	5.943137
3.631225	4.981881	4.936661	5.101398	5.645049	5.051274	4.898623	5.474997	5.111317	5.117132
5.60221	5.319435	4.918598	5.258927	4.934183	4.788443	4.869484	5.238219	4.705448	4.946979
4.398054	4.189345	4.806211	5.191433	5.422765	5.433084	4.597874	3.968187	5.023427	5.449613
5.313427	5.215748	5.009321	5.16076	5.91846	5.960188	5.108357	4.772377	5.467379	5.253576
4.725888	4.540096	4.421586	4.752792	4.518051	4.992656	4.545487	6.393713	5.314331	4.885845
4.068284	5.66046	5.23324	4.894203	4.936241	4.986522	5.229007	5.723753	4.899066	5.946982
5.453947	4.841779	5.355429	4.595215	3.565796	5.076885	4.168721	4.976535	4.888804	4.88481
4.932121	5.659613	4.858978	4.383362	5.338991	5.168694	4.602489	5.722852	5.258857	4.834593
5.11728	4.786072	4.231977	5.629229	4.860825	5.619796	5.235259	5.25757	4.902709	4.525774
5.005756	5.085576	5.535429	4.675993	4.50724	5.626382	5.08383	3.568374	4.335524	5.48373
5.43122	6.01638	4.950052	4.589333	5.541572	5.4613	5.468687	4.699484	5.496856	4.93716
4.959324	3.862648	5.712162	4.859953	4.901991	5.133509	5.417026	4.438051	4.864816	5.235617
5.89277	4.563222	5.018723	4.540849	5.373361	5.791125	4.832372	4.644591	3.903438	3.998394
4.399072	4.286674	6.10772	5.613778	4.109886	5.122182	5.301281	4.812822	3.583546	4.811428
4.881421	5.393693	5.396529	4.519168	4.657533	6.226029	5.551832	5.418437	4.44698	4.111375
5.167103	5.524657	5.292632	4.9565	4.998538	5.135283	4.563495	4.396093	4.961363	5.676766
4.719978	5.925782	5.281123	5.607637	6.067722	5.342805	5.07874	4.674595	4.93176	5.295185
4.832878	5.168174	4.553782	5.118714	5.663174	5.405661	5.40993	5.655155	4.733481	5.58017
5.934639	5.127967	5.576385	5.246477	4.355101	4.44385	4.879139	4.734367	5.205287	4.985175
5.07511	5.417674	4.589166	4.927606	5.228431	3.949315	3.343006	4.309642	4.554539	5.135391
4.317771	5.159748	5.219725	5.725237	4.63158	5.754354	4.511585	4.160464	4.566288	5.5509
5.160252	5.25585	5.484471	5.590014	5.44946	5.28974	5.181096	4.841084	4.356423	4.909095
5.059165	5.681715	4.426612	4.230528	5.003957	5.739426	4.497717	6.011714	3.963001	4.922083
4.771785	4.389715	4.699121	4.757067	4.103083	4.730847	4.207929	4.394583	5.231303	3.672667
5.564149	4.348049	4.778657	4.23563	4.151175	6.022048	4.850029	4.455481	4.414822	4.803536
5.157329	4.750188	4.789513	4.372929	4.849658	4.075053	4.922683	4.89893	5.07493	4.458457
4.546278	3.879215	4.965408	4.319801	5.498017	4.461277	5.320156	4.665024	4.815168	5.425559
4.51767	5.570117	4.785109	4.649781	4.542008	4.47733	5.244644	4.374622	5.004465	6.025754
4.469689	5.893776	4.69485	5.444991	4.931345	4.614927	4.583895	5.297558	4.926078	5.050603
5.280815	4.669807	4.445237	4.863004	4.905042	5.266646	4.360673	5.332715	4.867867	4.552904
5.508059	5.520643	3.879317	5.242878	4.650208	5.66463	5.512725	4.123841	4.844417	5.195704
4.655858	5.780554	4.936895	4.994191	4.473724	4.995944	4.682944	4.692603	4.695121	5.869371
3.941207	4.007203	4.600829	5.553929	4.955379	5.311685	5.330559	4.681192	5.585088	5.148762
4.709542	4.680487	4.852143	4.970805	5.012843	5.291935	5.164701	4.203639	4.975667	5.122858
4.555516	4.324553	4.840954	4.932359	4.605127	4.959759	5.789557	4.673202	5.779391	4.969822
4.51282	3.969803	5.041751	5.056968	4.607202	3.849134	4.925886	4.952558	6.533762	4.948229
4.913167	5.903818	4.85318	5.313969	4.879634	5.73374	5.281396	3.92101	5.446989	5.81462
4.902387	5.422385	4.243326	5.911124	5.369573	4.950496	5.804298	4.884546	5.730818	5.220775
4.80511	4.990143	5.073229	5.218774	5.098361	5.963751	6.076996	5.252354	5.199321	6.599265
5.220451	5.321248	5.363819	4.917642	4.95968	5.089751	4.832176	4.103795	4.922504	4.656626
5.055336	5.553806	4.773635	5.617191	5.295306	5.312516	4.714887	5.252137	5.069191	4.971804
5.169888	3.909905	4.993114	4.428073	4.868917	5.326352	5.146037	5.106978	5.060702	5.952069
4.626006	5.214161	4.873153	4.992142	5.03418	4.995648	4.725325	5.224761	4.997005	5.36884
6.547496	4.53855	5.268801	4.483449	5.365011	5.309124	5.698623	4.283421	4.622725	4.967994
6.054093	4.596843	3.889013	5.704313	5.064936	4.243686	5.356213	5.148044	5.255543	5.138038
5.358774	5.747153	4.786299	3.976517	5.124418	5.102356	4.542971	4.847086	6.499699	4.938798
5.03055	5.294061	5.149662	4.815898	4.857936	5.371947	5.696813	4.792872	4.820761	5.671441
6.119029	5.500209	4.728879	5.013159	5.055197	5.673105	4.500459	4.52611	5.018022	5.753854
4.237522	5.485984	5.075526	6.586974	4.039841	4.405216	4.309346	5.658361	6.367213	4.584155
5.388034	5.477177	4.988595	5.413236	4.790071	4.970936	5.706264	4.842204	4.020665	5.276486
4.910244	5.029134	4.46425	5.10745	5.7118	4.566024	4.995161	4.886725	5.257941	4.857921
5.156148	5.382675	4.904334	5.447684	4.895298	5.024481	5.392617	4.704275	4.274802	5.095004
5.443394	4.871512	5.475476	4.64888	5.042922	5.158	4.08992	4.933006	4.254732	5.938736
4.022214	5.26932	4.752526	5.480457	4.574576	4.674165	4.758029	5.702067	4.943952	4.616187
4.557185	5.239979	5.131344	4.569926	5.445828	5.440651	5.08524	5.016777	4.452799	4.265936
5.468041	4.926541	5.668858	4.768219	4.996459	5.666569	6.245838	5.009249	4.649384	5.518295
5.452386	5.012183	5.192453	5.209198	5.540807	4.67542	4.748595	4.887352	5.018554	4.664561
5.255465	4.946654	4.0631	4.869503	4.862173	4.83237	3.94178	4.956807	5.513397	5.334293
5.413246	4.449521	5.648998	4.843355	4.231724	5.50621	4.483518	4.124998	4.95068	3.627941
5.244397	3.373677	4.299568	4.858757	4.900795	5.183484	6.118357	4.535994	4.86362	4.015271
5.298595	5.931571	6.141048	4.873854	4.915892	4.139558	4.986938	5.410643	4.878717	5.296107
4.010194	4.873821	5.600085	4.848326	4.890364	5.207263	5.15832	5.169325	4.853189	3.906207
4.963078	4.822333	5.280318	5.281117	5.060326	5.287647	4.584585	4.780133	5.236189	5.74654
5.544829	4.338915	4.107399	4.745778	4.458435	4.692327	5.268104	4.894042	5.92211	4.986892
4.472825	5.519745	5.671026	4.532994	4.95296	5.39833	4.527963	4.73982	4.916519	5.533556
5.410988	4.009476	5.294804	4.700466	4.999223	3.705977	5.080385	5.589622	5.17314	4.926326
5.228041	5.204594	3.922947	4.939645	4.981683	4.534337	6.067478	4.008111	4.944508	4.748232
4.183084	5.423956	5.248428	3.096393	4.084093	4.243991	5.316602	4.799736	4.687151	4.216464
4.661088	5.294917	5.81489	4.98947	5.031507	5.192728	4.736382	5.125735	4.994332	5.52213
4.903293	6.332992	4.904257	5.015026	5.235404	4.690196	4.65942	4.475306	5.445347	5.083796
4.618665	4.487518	5.372921	5.297513	3.872104	4.667425	5.048388	3.89279	5.073173	4.665525
4.848932	4.315065	5.398561	5.660834	4.994422	5.030643	5.362186	5.658186	4.842165	4.569294
5.047671	5.010661	4.909571	4.988173	5.03021	5.422396	4.812708	5.63721	4.993035	4.739433
5.382406	4.987466	5.564959	4.990158	4.0902	4.977581	4.267804	5.123255	4.5988	4.602325
4.211149	4.391559	5.01166	4.600691	3.721291	5.225564	4.946176	4.923468	4.82998	5.242815
4.534981	4.590895	5.220258	4.069166	5.112178	4.442392	5.284834	4.744905	5.762118	4.574498
4.441781	6.004777	4.718452	5.44298	5.318763	5.446669	4.773967	5.789634	5.190079	5.009766
5.042852	4.533834	4.212337	5.258385	5.072278	4.704557	5.035936	5.278422	3.98417	5.065531
6.225478	4.680985	5.765944	4.953712	5.464943	5.639614	4.467957	5.507418	4.55784	4.993113
