4.971104	4.479064	5.630145	4.620143	5.293373	4.728421	4.961359	4.968411	4.083308	4.516822
4.623028	5.422196	4.170353	4.729206	4.726566	5.229054	4.22233	4.420359	4.688819	5.515039
5.315043	4.881433	5.194978	4.496512	4.687953	5.259408	4.558569	4.582988	5.587343	5.736516
5.590998	4.364206	5.065913	4.734124	4.114708	3.26687	4.505209	4.451083	5.021656	5.434415
5.022084	4.272338	5.079352	4.632556	4.940979	4.52727	6.005906	6.36849	4.795298	4.666209
4.984465	5.478937	4.934444	4.75924	5.179191	4.162212	5.214314	4.573915	4.840743	5.385628
4.91793	5.06227	4.79917	4.913962	5.614946	6.065133	4.957621	4.975076	3.573561	5.823229
4.51209	5.638824	5.525538	5.430048	4.642609	5.434814	6.021079	4.682024	5.524778	5.56268
4.60518	5.639678	4.405792	5.894611	4.48634	4.424951	4.750114	5.155168	5.479992	4.729272
4.943151	4.641456	5.932357	6.470005	5.46434	5.783428	4.933406	4.940458	5.769679	5.888449
5.1387	5.754923	5.70408	5.593723	4.581506	4.825081	5.128955	5.136008	5.463011	4.129254
4.16679	4.825685	5.013434	5.276676	4.630136	5.167465	4.753561	3.964314	4.736998	4.555287
4.966243	4.387562	4.413379	5.072066	5.042261	4.201796	4.687375	5.761165	5.581271	3.926282
5.621504	5.347221	5.164366	4.55607	5.123419	4.938503	4.879354	4.816899	5.217181	4.878146
4.713489	5.045846	5.589605	5.113323	5.293469	4.956759	5.102329	4.774546	5.027088	6.070972
4.943264	4.379004	4.100495	6.486486	4.258777	3.945083	5.109588	5.734323	5.133127	5.33027
4.565787	5.68576	4.649522	5.634329	4.999232	6.094245	4.273344	4.698756	5.138742	4.709416
4.998277	4.652971	5.314906	4.988553	5.603079	5.352656	4.988532	4.995584	4.281877	5.243814
5.078782	5.387822	4.651619	5.36966	5.138599	6.129632	4.379432	5.158525	3.894641	5.379702
5.300744	5.493483	5.342169	3.817692	4.700612	4.480424	4.537588	5.026896	4.702952	5.076311
5.227956	4.81107	4.882367	4.725504	5.063245	5.399912	5.081837	5.441123	5.34542	4.59365
5.737158	4.295807	5.174947	5.343237	5.100267	4.82479	3.987637	5.185	4.4197	4.498583
5.304384	3.979151	4.830335	5.198024	4.744948	5.04355	4.189026	5.029101	4.421821	4.939946
6.034687	4.202886	5.029019	3.468917	4.184041	4.504464	4.496073	4.485558	4.571182	5.525452
4.927192	4.869816	4.259478	4.076373	5.645537	5.010549	4.21051	5.361312	3.613482	4.645315
5.463106	3.529458	4.591197	5.667353	5.1632	5.646703	4.8028	4.505387	4.387321	4.585949
4.564643	5.209833	4.493412	4.447887	5.529863	4.88669	5.216259	5.281565	4.847034	4.585921
5.288683	4.76124	4.954231	4.478637	4.89376	5.389211	4.282016	5.147752	5.21702	5.113159
4.875963	5.060159	4.43826	4.883813	4.434088	5.039429	4.739234	5.598556	5.509448	4.653381
4.587353	4.596888	6.126243	5.098685	4.240601	4.672814	5.146338	4.878121	5.213791	5.585098
4.060002	4.775955	5.824403	4.943877	6.06009	5.11867	4.834357	5.019107	5.830616	4.547389
5.419585	4.555094	4.386901	6.114017	3.924967	5.057275	5.333998	5.897844	4.381139	5.426932
5.458754	5.104895	4.979919	4.368594	4.443866	5.159543	5.261772	5.075883	5.188404	5.024283
5.003524	5.056291	5.472147	4.892771	5.508129	4.416821	4.993779	5.000832	5.318063	4.610309
4.88497	4.674274	4.799253	4.850164	4.94237	5.846132	5.128916	5.221294	4.874264	5.482038
5.773692	5.540601	4.718927	4.097813	4.793115	4.599231	4.94642	5.287369	6.056664	5.083849
4.952456	5.205137	4.5113	4.90996	4.5707	5.15847	4.62011	4.114946	4.826109	5.892179
5.528151	4.392806	4.591447	4.337129	5.995071	4.468172	4.798874	5.235703	4.853092	4.555554
4.875792	5.23206	5.365966	5.923948	6.252389	4.528771	5.300649	4.202061	4.818757	5.055691
4.908354	4.809684	4.019296	4.691905	4.852744	4.123585	4.46603	4.708647	4.86153	3.902332
5.281368	4.052614	3.700786	4.464809	4.405368	4.808541	4.285319	4.823847	5.185918	5.336119
5.018073	5.40498	4.689423	5.131281	4.224258	5.102643	5.758833	5.040579	5.974297	3.79206
5.664478	5.680685	3.716796	5.722149	4.700045	4.844032	4.965416	4.520796	4.328109	4.769118
6.055275	3.985907	4.891591	4.901207	5.444273	3.799287	4.939092	5.164283	5.183512	5.154701
5.722322	4.973336	5.657006	3.727004	5.292974	4.790492	5.322824	5.945439	5.390101	4.909966
4.837632	5.889304	4.936334	5.266354	4.735591	5.869541	5.533657	4.321763	4.927308	4.06667
4.919659	5.193114	4.617762	4.874361	6.140966	4.944324	4.909914	4.916966	5.395597	4.560533
4.012639	5.558549	5.096414	4.747756	5.74367	5.242308	5.400471	5.313668	4.580833	4.471491
4.86929	4.485047	4.379977	4.645449	4.838648	5.388202	5.082932	4.473526	4.088473	4.879479
5.042659	5.793974	4.548353	4.705539	5.392154	4.62983	5.032914	5.039967	4.769805	4.568377
5.098933	4.926992	4.562068	4.312228	5.11772	5.307435	5.516151	5.225938	5.250873	5.069924
4.370245	4.456942	5.155756	5.671339	4.787931	5.632632	5.30804	5.359478	5.857844	4.719582
4.376552	4.734049	5.339502	4.986644	3.998742	4.107323	4.904311	5.023555	4.774459	5.087015
4.933156	5.66537	5.066173	4.900842	5.007762	4.936077	5.162638	4.849864	4.074409	4.862031
5.019178	4.715704	4.069189	4.958641	4.827876	5.683017	5.009433	5.016485	4.492998	4.305845
4.90914	5.067986	5.217149	4.764973	3.31021	5.490386	5.512997	5.971934	5.314995	5.53698
4.954461	4.619698	5.427485	4.374282	4.94981	5.06465	4.944716	4.951768	6.154468	6.259553
5.548801	6.467524	5.351599	5.08163	4.339815	5.723851	5.181724	4.590321	4.922919	4.95881
5.006669	3.851024	3.654596	4.836558	5.346993	4.962111	4.996923	5.003976	3.520491	4.83704
5.289065	4.81547	4.599549	4.82285	5.562347	5.391374	4.285624	5.433916	4.594383	5.021724
4.940053	4.577857	5.45481	3.953306	4.497696	4.516394	4.372122	4.378834	4.165421	5.532625
5.094669	5.109705	5.302958	4.363092	5.386296	5.036261	5.084924	5.091976	4.128078	4.207258
5.396089	5.426854	5.197389	4.962817	5.004171	5.23906	5.277254	5.242723	5.170142	4.936302
4.610752	5.048994	4.765299	5.969989	4.816871	4.981756	5.119879	4.615366	5.748433	5.430121
4.982528	4.488661	5.574474	5.263797	5.085522	4.818168	4.972783	4.979835	6.287606	4.674243
5.804345	5.60183	3.97972	4.668943	5.10998	4.359657	5.84594	4.995682	4.191647	5.768862
4.982377	5.628531	5.092485	4.525045	4.256707	5.099607	4.610829	5.696056	5.5292	4.638539
4.940965	5.78369	4.909601	5.279307	4.933188	5.090088	4.888808	4.392737	4.720037	5.778761
5.287035	4.831689	5.372699	4.600025	4.320592	5.784366	5.938753	3.994107	5.208507	5.760907
4.968999	5.206143	5.404713	4.296525	5.150986	5.221216	5.350909	4.144586	4.871813	4.586442
5.248526	5.175696	5.063541	4.753215	4.982345	5.883762	5.714869	4.46536	5.826604	4.740371
3.838444	4.19024	4.725995	4.754599	3.379375	4.05894	5.026059	4.788297	4.25554	5.678333
4.648989	5.664098	5.173755	4.954631	5.954439	5.455905	4.424397	5.161584	4.637333	5.373825
4.342225	5.440725	4.62075	3.937602	4.388504	5.341784	4.989867	4.538966	5.206491	4.778622
5.478778	5.212011	5.142327	4.952717	4.693037	4.77552	4.079839	5.404172	4.850067	4.797554
5.097739	4.583026	5.382559	4.080993	5.094875	5.240145	4.841496	4.254345	3.764405	4.19097
4.941323	5.390864	5.542492	4.341831	5.24393	4.433	4.931578	4.938631	5.181725	4.705771
5.413136	4.952489	4.849303	4.908862	4.995619	4.697053	6.120006	4.883972	4.511208	5.065247
4.681571	4.582685	3.67257	4.811719	5.409637	4.951329	5.851146	5.067541	4.489722	5.002469
4.710114	4.510772	4.928056	4.758076	5.637969	6.434607	4.741366	4.596669	5.34454	5.187762
5.411011	4.911753	4.52212	4.865981	4.63368	4.993842	5.187323	5.28113	5.356771	5.758829
4.515758	5.042511	4.434614	5.518573	4.729104	4.794892	4.681576	5.185629	4.381119	3.754868
4.768474	4.572677	5.407102	4.491224	5.563635	4.656867	5.024351	4.614755	5.238128	4.503891
4.791751	4.892055	4.892241	5.41272	5.222573	5.008717	5.766601	4.176436	5.085635	4.639431
4.035611	4.995187	6.025884	6.063684	5.118477	4.882874	4.44089	4.783903	4.276648	4.245299
5.902431	4.37727	4.896945	5.051641	4.477788	5.305664	5.245873	5.642032	5.805227	4.629753
5.190431	5.491474	5.078502	5.38897	4.643951	5.469512	3.863662	6.199184	5.453661	5.479778
4.53615	5.470461	5.098054	4.465515	4.822904	5.690834	3.885192	5.421071	5.29987	4.898911
5.615602	5.661043	5.503472	4.62024	4.751416	4.281812	4.606146	4.872664	5.601531	4.184892
4.716591	4.835606	4.654197	4.090206	5.063064	5.421421	4.476802	5.205608	5.346069	5.352717
5.138043	5.014312	5.590337	4.562229	5.078907	4.438719	4.473831	5.509887	4.934731	4.11413
5.563626	4.221677	4.711809	4.412931	4.551334	5.356553	5.832155	4.899967	5.112295	5.146555
5.510217	5.303375	4.425772	5.689859	4.532574	5.617254	4.773176	4.310039	4.481887	5.427122
5.750806	5.298761	4.978392	5.171152	4.944899	5.391359	4.877376	5.994304	5.5277	3.900728
5.04494	4.241051	4.45183	4.64472	5.619672	4.321127	5.035194	5.042247	4.551107	6.132194
4.709123	4.4542	5.014456	5.732222	4.413672	4.597834	4.200531	4.821525	4.295558	5.417739
5.083626	4.745897	5.62522	5.033506	5.124103	5.096992	5.192517	5.198495	4.826489	6.043478
4.839664	5.549775	4.749817	5.659973	4.86482	5.01105	5.571311	4.317178	4.63917	4.730382
4.591279	4.456218	4.802836	4.952498	5.354222	5.2661	5.275146	4.893053	4.902829	4.516744
4.852596	4.550172	5.123982	4.272025	5.447782	6.045667	4.558958	5.78505	4.254455	4.485216
4.168126	4.22533	5.329738	4.981729	5.348302	4.794759	4.826972	5.199894	3.970399	5.00138
5.16116	4.929204	4.229766	5.482697	4.990187	5.601743	5.151414	5.158467	4.66538	4.296823
5.20297	5.31153	4.302451	4.14446	4.041012	5.286873	4.273448	4.411975	4.447832	4.703852
5.59686	5.287617	5.781152	5.244214	5.568153	4.770481	4.671252	5.764013	5.689764	4.628379
6.492255	5.495673	5.056036	5.477123	5.574586	5.246878	6.372736	5.786005	4.61073	4.067263
3.392082	3.99498	4.96139	4.21972	5.297441	4.900127	5.374169	5.551502	5.77313	5.783659
6.088125	5.175578	5.111549	4.595997	5.760258	4.643295	4.648808	5.260025	5.020205	5.238544
4.077691	4.409177	5.179845	5.051675	4.678577	4.517647	4.996057	5.574424	3.953628	5.088668
5.062337	4.526788	4.678374	5.342796	5.779092	4.711683	5.231024	4.628174	4.666898	4.004921
4.710848	4.552785	5.267999	4.531389	5.145029	5.344378	4.156493	4.693469	4.307195	3.860176
4.850068	5.748053	5.464111	4.985229	6.019378	5.26386	4.606197	4.712802	4.692828	4.754098
5.002677	5.356198	5.714714	4.416043	5.152134	5.475019	5.521562	4.646897	3.862677	4.958977
4.789635	5.488948	4.847947	4.401619	4.392848	4.771388	6.171054	4.985065	5.296449	5.493558
3.824131	4.265647	3.441517	5.405578	4.2238	4.506521	4.814521	4.02342	4.448057	5.110009
4.66931	5.086015	5.182487	5.157426	4.920254	5.302021	6.507845	4.817792	6.073522	5.031661
5.540409	5.601312	5.089962	4.592715	5.302227	4.441997	4.787617	4.588479	5.074983	5.256907
5.98256	5.733747	5.003426	5.098167	5.899024	4.944839	5.416699	4.330983	4.951733	5.656545
5.127903	4.013539	4.468735	5.059901	6.210079	5.116772	5.731656	4.127182	5.566668	5.74575
5.545782	5.149461	3.957342	5.090167	4.16209	4.762673	5.48263	4.132593	5.308884	5.589251
5.035281	6.153354	4.528137	4.710041	5.246572	4.86523	5.025536	5.032588	5.463969	4.584676
5.133683	4.945516	5.103794	5.394726	5.120299	5.824325	5.123938	5.13099	4.607738	4.630897
5.110273	4.26191	4.169727	5.345288	5.189934	5.21664	3.403502	5.147995	5.24429	4.355069
5.056802	5.359005	4.763324	5.233255	4.590139	5.736587	5.047057	5.05411	5.199368	5.44191
5.093023	4.734704	5.424413	3.885314	5.647152	5.197393	5.083278	5.09033	4.558004	5.368835
3.143087	4.075015	4.000058	4.697083	4.723558	4.393425	4.755159	4.443419	4.935083	5.954655
4.950628	4.876841	5.255195	5.148647	5.209432	4.771052	5.29187	4.900874	5.000465	4.279893
4.746461	4.571442	5.231874	5.818395	4.676445	4.139013	5.342054	4.469093	4.651114	4.381772
4.575076	5.496697	6.020892	4.310894	5.25423	5.337682	4.641815	3.722445	4.449429	4.32869
4.983589	5.177864	3.978877	4.476867	4.603164	4.647919	4.639647	6.539706	4.241717	5.0948
6.236442	4.251928	4.549188	5.348578	4.810087	5.134975	5.265717	5.136703	5.600582	5.450008
5.873922	5.75377	5.67967	5.165938	4.942769	4.552772	5.135259	4.861406	4.332921	5.95756
5.112676	4.833962	4.455752	5.162119	5.849949	5.94083	5.102931	5.109983	5.220012	5.307557
4.806568	4.192756	5.742155	5.626793	4.322173	5.405804	5.470114	4.641132	4.770796	4.917136
4.590937	5.144399	4.896675	4.53145	4.372293	5.28222	4.627044	4.885253	4.068404	4.728267
5.266091	5.465509	4.965988	5.859551	4.200945	5.566002	5.313663	5.307605	4.273787	4.809476
4.432435	4.754813	5.160756	5.056191	5.777773	5.918457	4.126492	5.585232	5.600057	4.976206
6.022811	5.325532	5.000399	4.983809	4.512072	4.634395	4.382343	5.691403	4.46324	5.510529
4.795305	5.685961	5.240959	5.083122	5.529478	4.778549	5.453563	5.158219	5.34426	5.402493
5.227659	4.77293	4.889427	4.069917	4.146616	4.791945	4.324309	5.617643	4.765191	4.393425
4.941135	4.474005	5.144553	4.959694	6.022395	5.154469	4.93139	4.938442	4.606158	5.306342
6.003584	5.691491	4.416772	6.697576	5.252772	5.605993	4.873171	3.467911	3.918126	4.309424
5.319854	5.50997	4.281996	4.257184	5.634952	4.359719	4.942212	4.433763	4.077028	4.406293
4.157777	5.748791	5.280955	5.639757	3.943216	5.274322	5.104609	5.551839	5.17099	4.946356
5.082081	4.718092	5.1433	5.888417	4.527907	4.606634	4.043863	6.661373	4.944494	4.453647
4.796451	5.600509	5.064154	4.921727	4.563856	5.544612	4.637002	5.054855	5.532434	5.244721
4.724979	5.024457	4.693731	5.448136	4.379814	5.325627	5.175801	5.048825	5.300971	5.304335
4.991282	4.442193	4.353455	5.255329	4.89761	5.271728	4.981537	4.98859	4.48109	4.584155
4.866527	5.301089	5.025395	5.889486	5.902864	5.241097	5.613877	4.953373	5.205561	5.418266
3.46014	5.135197	5.129093	5.193099	4.324357	4.977417	5.636109	4.874959	5.381647	4.98648
4.594422	5.269406	5.459442	6.484483	5.256515	4.903245	4.688389	4.683614	4.890446	4.782724
4.886581	4.804088	5.344036	4.878026	4.714974	4.524473	5.267186	5.196051	4.819242	5.304791
4.870114	5.408599	5.106995	4.753149	5.079672	5.665642	4.637008	4.386232	4.620077	4.574651
5.260537	3.897789	4.849399	5.740014	3.896775	4.301375	4.384981	4.869052	4.6359	4.697309
5.050365	4.506661	4.418521	5.685824	5.896915	5.263718	5.04062	5.047672	4.857401	5.326625
4.642394	5.018171	4.350885	5.291531	4.711976	4.5844	4.020685	4.652235	4.946229	4.946186
5.302992	4.645944	5.252468	4.261038	4.720098	5.558753	4.769381	3.902246	5.13949	4.598876
5.354273	4.313802	4.868766	4.434971	5.325488	4.84749	5.078689	4.404244	4.931195	5.46812
5.500172	5.747042	5.248194	4.40474	5.132386	4.819674	4.666348	4.629794	4.463464	5.821221
4.955679	5.591273	5.633325	5.550531	5.489073	5.269715	4.945934	4.952987	5.30896	4.725437
5.032468	4.454615	4.89874	4.983678	5.86347	4.629531	5.022723	5.029776	4.484699	4.988936
4.930779	5.371216	5.437647	5.168276	5.078932	4.188982	4.990236	5.213347	5.093651	5.128716
4.867712	4.610685	5.363013	5.780989	4.500806	5.964912	4.933323	2.940546	4.399917	5.075062
4.802176	5.433096	4.56388	4.666964	5.201476	4.798129	4.982133	4.66195	4.290622	3.640787
4.906215	5.454964	4.512715	4.834779	5.57613	4.683201	4.840869	4.880744	4.488849	5.467068
5.033498	5.132102	5.237478	5.081411	4.744021	5.667876	5.023753	5.030806	5.941053	4.096894
4.648848	5.227983	4.935299	5.125269	4.850241	3.967395	4.343282	4.754797	4.516062	4.623236
4.676795	5.034055	3.966952	5.001978	4.597533	5.639454	4.35424	5.767725	4.937964	4.680589
4.046651	5.420606	5.103868	5.051991	4.164893	5.499772	5.539858	5.521173	4.695722	4.322007
5.27036	4.455189	5.457893	5.530666	4.118326	5.496258	4.260835	5.536916	5.271492	5.273818
5.393308	4.556157	4.434155	5.846886	4.061913	6.019929	4.824781	4.919064	4.883516	4.577995
4.985743	5.074541	4.911223	5.334054	5.513564	3.441015	5.73056	5.526593	5.421953	5.478556
5.016582	5.322417	5.13344	4.948294	5.538969	4.814415	5.609	5.61378	5.099534	4.789541
4.868425	4.427066	4.84482	4.609766	4.136418	4.592249	5.489163	5.15673	4.951405	4.922683
4.517181	5.01054	5.485117	5.187892	5.793946	5.3626	4.008933	4.455669	4.920625	5.108639
5.020507	5.386241	4.502431	4.443272	5.162117	4.58952	5.010762	5.017814	4.734776	5.303504
4.96629	5.312867	4.214525	3.984647	4.820552	5.089014	4.956545	4.963597	5.850595	5.519941
4.011128	5.529074	4.918893	4.181487	5.478294	4.456748	5.671038	4.828096	5.463836	5.005167
4.810992	4.901266	3.759588	4.279658	5.408496	4.897121	4.595019	6.054549	5.457071	5.469856
5.324131	4.742225	4.691022	5.704945	5.515257	5.879702	4.847077	5.242495	4.969786	4.544467
5.888884	4.955206	4.398448	5.531748	4.719156	5.259153	6.072814	5.821322	4.015654	5.588297
4.869298	5.440715	5.761247	4.405138	4.389011	6.869135	5.207663	5.744362	5.133748	5.585253
4.378504	5.064149	5.309178	4.68453	4.842023	5.907473	4.110509	4.804642	4.916607	4.704106
5.878102	5.391649	3.850014	4.87575	5.465182	4.634602	3.516787	4.78112	3.837241	5.218613
4.72809	4.843953	4.654118	4.960732	4.605466	4.221769	5.067419	5.403141	3.090957	5.095482
5.027283	4.973367	4.721452	5.443228	5.394067	4.984189	5.017538	5.02459	4.463602	5.262086
5.050758	4.682356	4.771272	4.604259	5.347297	3.908113	5.535999	4.529315	5.346878	4.031468
4.789823	4.364638	4.851276	4.493227	4.099769	5.003697	4.586061	4.499561	4.940334	6.696595
4.233407	4.207067	5.284611	6.421259	4.946603	4.155373	4.789609	4.424067	5.067813	5.536705
4.990216	5.233891	4.882681	5.212835	5.346356	4.3995	4.980471	4.987524	5.005115	3.91791
5.066923	5.383297	5.171957	4.150275	4.584644	5.137901	5.564257	4.596453	5.632701	5.53367
4.536427	4.719727	3.933335	3.964455	4.17796	5.880786	4.925831	6.252682	5.515628	5.040791
5.353792	5.531002	5.133346	4.504077	3.81349	5.291672	4.068341	4.762697	4.827267	5.798743
5.798447	4.506715	5.157913	5.033728	5.532679	4.76138	4.967473	5.502749	5.146566	5.24336
5.605991	4.228954	5.021094	4.755256	4.55455	5.155069	4.928099	5.156275	5.951093	5.074647
5.071229	4.913425	5.038308	4.217128	6.635099	5.36918	5.076591	5.064099	5.464508	4.92461
5.191181	5.633122	5.15993	4.18454	4.14336	4.179385	5.663586	4.853899	4.566761	5.075772
4.790301	4.935955	5.629782	4.611525	4.779409	4.309095	5.283771	5.842414	4.587497	5.135973
4.164631	3.915078	5.486616	5.290539	4.496739	4.603963	4.056937	4.715567	5.926815	4.858414
5.717115	4.967935	5.202742	4.227291	5.048615	4.586476	4.307808	4.217605	4.580302	5.057829
4.759142	4.037829	5.962337	5.433425	5.576814	5.503124	4.920427	4.946453	4.688807	5.520098
