5.60088	4.886771	4.616181	3.885304	5.84331	5.739689	5.056201	4.535661	5.40602	4.420169
5.14208	4.562477	3.396787	5.144419	5.521962	5.033623	5.126933	5.082728	5.615711	5.968637
5.592631	5.450531	5.490559	3.942742	4.522153	5.361871	4.679704	4.862556	5.892558	4.967742
5.285395	5.31207	5.141152	5.661254	4.802469	4.974864	5.504214	4.643506	4.69176	4.867659
5.060805	5.534388	4.970033	4.10226	5.179235	5.641816	5.604237	5.270757	5.535375	4.696219
4.885981	4.819649	4.869731	4.69805	5.334505	4.646851	5.483525	4.390511	4.19859	4.82325
6.19765	6.549319	5.030145	5.656325	5.822563	5.595126	5.19159	5.716229	3.804819	4.82566
5.39091	5.549844	5.708521	4.764949	5.504117	4.826134	4.178989	5.702507	5.757462	5.798079
4.736658	5.055614	6.019153	5.822598	4.989635	5.002714	3.938761	6.362085	5.890827	5.222038
5.302789	5.06256	5.401541	5.204206	5.660751	4.33053	4.628818	4.859263	4.781204	3.846711
6.19235	5.036067	5.426221	4.376573	5.353406	5.207443	5.308317	4.473033	4.624121	4.333309
5.150361	4.892744	4.877162	4.630047	4.130385	4.791514	5.187933	4.810829	5.079527	5.202099
5.389298	5.25329	5.593462	5.04009	5.439266	4.779672	5.838989	4.86376	6.101224	5.385891
5.292661	5.063893	5.094338	4.374074	4.869907	4.854409	5.413263	5.628872	4.745314	5.33315
5.106217	4.988879	4.574497	4.012046	4.533407	5.337062	5.515009	5.647647	3.883226	5.370586
4.751675	5.335227	5.838887	6.462822	6.042167	4.007918	5.519916	4.422309	4.950852	4.049257
5.569301	4.644369	4.927662	5.073527	5.115565	5.330916	6.083263	5.242869	5.07839	4.949858
4.103599	5.484537	4.32948	3.844124	4.526807	4.265578	5.437335	4.275362	4.997926	5.199928
5.003865	4.300889	4.625075	4.338746	5.906483	4.914186	5.042218	6.252941	4.527992	4.752736
4.615613	5.14343	5.355448	5.085761	5.127799	5.031773	4.75609	4.821682	5.090623	4.458052
5.239141	4.175904	4.629163	5.364208	4.680967	4.597429	4.197849	5.164684	4.704361	5.490788
4.513911	4.65219	4.888864	3.877463	4.540438	5.489203	5.229736	4.384498	4.893719	3.466802
4.071109	4.904545	5.026544	4.792647	5.154544	4.669371	4.744365	5.40862	5.518489	4.241631
4.806994	5.852033	5.582639	4.713251	4.492979	4.916931	4.356273	4.892067	5.418203	5.694799
5.029061	5.580937	5.352637	4.588225	4.886414	5.065483	4.681256	4.004508	5.363127	5.156793
3.596201	4.626995	4.595171	5.584725	3.378246	4.753911	4.705071	5.110977	4.780553	3.731039
4.408612	5.644506	5.146271	4.862149	4.916589	4.859975	4.756508	5.537153	4.586146	4.288191
4.75419	4.646717	4.303263	5.088533	4.656844	4.218748	4.041416	4.467164	5.376408	5.44726
4.215878	5.586907	5.472836	4.953085	5.071091	6.162124	4.711658	4.991994	4.687936	5.891015
4.684198	5.496771	4.80283	5.046521	5.088559	4.898251	5.974957	5.45094	5.051384	4.90562
5.949393	5.600893	5.29976	5.425016	5.648662	4.828133	4.842114	4.670605	6.206092	4.807837
4.847381	5.208398	4.456183	5.236675	4.840189	5.66678	4.756985	5.007804	4.695023	5.95273
5.060395	3.721849	5.02745	6.01482	5.093245	5.104619	5.898636	5.270212	4.707843	4.579092
5.588696	4.916787	3.801239	5.202055	4.655499	5.674999	4.169594	4.078006	5.099429	4.898466
4.721142	5.091444	4.600649	4.953745	4.995783	5.56744	4.794717	5.436131	4.958608	3.998128
4.916279	5.824844	5.437099	3.865245	5.105063	4.29051	5.292927	3.840821	4.720069	4.254199
5.343214	4.320574	4.783102	5.590363	4.333852	5.563706	4.747046	4.973112	5.111525	5.021244
4.412566	4.994828	5.362991	4.619197	5.159406	4.859775	4.704703	5.131541	5.452528	4.176382
4.643732	5.274917	6.145676	5.050999	5.093037	4.052743	4.814507	5.128403	5.055862	5.14952
5.030689	5.78161	5.217401	4.955483	4.997521	4.796274	5.320105	5.348245	4.960346	5.091767
4.926928	4.574437	4.800279	5.245865	5.255486	4.064403	6.612479	5.477275	4.879234	5.453894
5.194317	5.133294	4.646559	5.121962	4.599326	5.911283	6.76369	4.675406	4.8497	5.254764
5.287369	4.56758	4.857695	4.832138	4.658048	4.324648	5.494181	4.600626	4.503823	4.560204
5.092713	4.46801	6.878567	4.566083	5.36285	5.604051	5.005053	5.687609	4.786935	5.757515
5.729217	4.780676	3.770882	3.450797	5.624343	5.153752	5.54058	5.082867	4.788458	4.297206
4.443824	4.832578	5.15984	5.902665	5.282751	4.813004	4.894806	4.318001	4.62884	5.415666
5.028089	5.229117	5.290602	5.860293	4.983145	5.223953	5.319389	5.505449	5.631822	4.186977
4.792939	4.980793	4.588074	5.092291	5.134329	5.129011	4.707864	4.645634	5.097154	5.020406
5.041873	5.264826	4.628929	5.011858	6.051311	6.275763	4.908476	5.176386	4.17847	4.167755
5.459262	4.854743	4.208413	4.579739	4.129664	5.75399	5.317914	4.850685	5.63704	4.91316
5.005135	4.549603	5.206135	4.417504	4.934739	4.330662	5.702983	4.578915	4.602047	4.481479
5.053335	5.4093	5.102208	5.783891	5.215173	5.027553	5.218793	4.858309	4.633879	5.31218
4.427203	6.208672	4.617328	5.22414	5.663019	5.166809	5.371389	4.756618	5.068772	4.491724
5.330618	4.729644	5.355316	4.956513	4.998551	5.736224	4.84865	4.712933	4.961376	5.008423
4.741254	4.866223	5.098229	5.169055	5.121838	6.108349	4.765232	5.738156	5.139376	4.703111
4.674506	5.294863	4.746212	4.98401	4.469447	6.709372	5.206153	5.332732	5.170839	4.640568
4.52084	5.056621	5.477178	4.847136	4.766177	5.030554	5.483165	5.238509	6.298687	3.576476
3.605091	4.572129	4.854134	5.150572	5.19261	4.398772	4.520404	4.53245	5.155435	6.076349
5.788628	5.07658	5.723349	4.872316	5.02992	3.62499	5.769447	4.504272	5.37055	4.849267
5.012894	5.27102	4.992195	4.847672	5.008357	5.213992	4.623696	5.898904	5.523046	4.701725
4.833246	5.079108	5.636388	5.595459	5.589849	4.503461	5.489601	5.386153	5.375627	4.870502
5.222932	4.768208	5.405773	4.977813	4.747846	5.58807	5.062527	6.057646	4.836366	4.836873
5.869049	4.77802	5.564111	4.886484	4.757866	5.29917	4.961707	5.645709	5.03442	5.114857
5.279095	5.737911	4.878414	5.355707	4.159075	5.098378	4.666142	4.002851	5.133269	5.710977
6.058981	4.242211	5.599712	5.209035	4.847091	4.070966	3.310923	5.777847	4.026272	4.937104
4.656808	4.525655	5.538394	5.508815	4.594232	5.030892	4.830078	6.114097	5.096656	4.966562
4.896152	5.042991	5.814892	5.137054	4.722436	6.264994	5.441048	5.31727	5.097959	5.34354
5.314125	5.795277	5.261924	4.520293	5.427515	5.467916	4.859446	5.124245	4.010692	4.158288
6.370494	4.673213	5.153795	5.07847	4.989936	4.652497	5.21088	5.410094	4.480716	4.774895
4.969092	4.783175	5.291285	5.540017	5.157541	5.242529	5.235431	5.830206	4.861941	4.926911
4.704063	5.103126	5.421999	4.198472	4.264	5.163615	5.064559	6.43545	5.184417	4.850374
5.424424	3.900869	5.177942	5.118987	4.458302	4.044572	5.675659	5.431845	4.77135	4.722141
5.154978	5.008302	5.860007	6.189447	4.770668	5.013649	4.932857	4.008654	4.951679	4.444364
5.087246	4.732643	4.583884	4.828834	5.643013	5.481358	5.565589	4.85685	4.506082	4.661145
5.177402	5.453968	5.109827	5.044701	5.086739	5.035347	5.139056	5.224229	5.049563	5.244507
5.766899	4.563663	4.430772	4.988636	4.993562	4.772298	4.867167	3.880021	5.080919	4.012698
4.852263	4.194442	5.579606	5.158963	5.000646	5.117297	5.428336	4.247256	5.25744	6.142704
4.808887	4.095293	4.955814	5.224446	4.748429	4.501442	4.550684	3.714854	5.530655	4.32268
4.851556	4.747745	3.531259	4.740015	4.264516	4.37975	5.78228	5.697273	5.350831	5.454784
4.87325	5.613957	5.221766	4.979527	4.260547	4.970217	5.674997	4.144682	4.932938	4.071233
5.710739	4.614119	4.986967	4.964189	4.184879	5.024591	3.763963	5.361048	5.148846	5.110246
4.292016	4.716124	5.347673	6.00634	4.944622	4.858969	5.231901	4.328514	4.959652	5.626327
5.742196	5.503097	4.932535	5.200794	3.790275	4.434034	4.607259	5.589637	5.173883	5.56573
5.237417	5.601717	5.903805	5.391987	5.242399	4.814986	5.547852	5.891493	5.229545	6.317567
4.623114	5.345005	5.529062	5.916824	4.77761	6.267025	4.830639	4.876532	5.116145	5.472838
6.014152	4.776047	6.277591	5.855883	4.914738	4.631546	5.227978	4.576415	4.710454	5.029849
5.863964	4.521103	5.248709	5.614524	4.559138	4.388692	6.05005	5.570411	5.206754	5.319407
4.769804	4.433602	5.128201	5.479903	4.843704	5.39616	5.460579	4.688381	4.009688	5.446478
4.89219	4.067208	4.994577	4.985488	5.027526	5.629551	5.086009	4.515168	4.990351	4.773938
5.248321	4.569308	4.449708	4.356974	5.119263	5.129493	5.204494	6.124555	4.236731	5.490441
5.17502	5.180627	5.063559	4.776543	4.545649	5.257003	5.22376	4.518764	5.176702	4.651056
5.764237	4.600218	4.436312	4.950996	5.029541	4.763986	3.988003	5.164001	4.901843	5.399493
5.739058	3.617388	4.800302	4.889696	4.931734	3.979054	5.288551	5.484777	4.894558	3.981059
4.893431	5.535341	4.892261	4.685733	5.263076	5.359881	5.267544	5.98306	4.937064	4.316913
4.611527	4.920475	5.217466	4.915342	4.817102	6.212423	5.848591	5.471636	5.673978	4.977859
4.760922	5.430739	4.948864	5.679723	5.36061	6.172673	4.542377	4.032651	4.670658	4.87036
4.931374	5.634689	5.53391	5.062222	5.123431	4.745462	4.727376	5.612481	4.801639	4.483613
4.790746	4.568856	5.299892	5.580604	5.496958	4.414147	4.783151	5.597354	5.695143	4.493615
5.22926	4.762674	5.236435	4.727648	4.4109	4.617403	5.053161	4.740162	4.969873	4.151248
5.445772	4.882672	5.134156	5.509267	5.579628	4.855817	5.062263	5.015046	5.039273	4.401497
4.861141	5.244642	5.553414	4.972915	5.014953	4.425776	4.391365	5.272652	4.977778	5.241596
4.956636	4.716105	6.466164	4.392145	4.963919	4.617122	5.567277	4.834857	4.327863	5.070726
5.270029	5.041896	4.87132	6.752329	5.019698	4.62442	4.554578	5.006802	5.284608	4.651897
4.120605	5.603456	5.218601	5.512815	5.031117	6.21169	5.732652	4.203841	4.793638	5.382658
4.354808	5.283128	5.071045	4.953442	4.925454	4.356049	5.307051	5.670469	5.172192	5.448346
4.552795	4.828629	5.707844	4.991543	5.033581	3.982685	5.506521	5.751414	4.996406	5.186978
4.891459	5.538755	4.018565	4.016199	5.116729	4.641732	4.253056	4.458189	4.9567	4.931308
4.789841	4.900866	5.175988	5.124786	5.119704	4.381415	5.632615	4.598044	5.009441	5.012428
5.566296	4.38214	4.513598	5.219612	3.757976	5.514465	4.491325	5.291401	5.230545	5.136341
4.682075	4.134236	4.472285	4.699391	5.203004	6.119768	5.009005	5.253559	4.886503	5.468297
5.178863	5.651191	4.818208	4.376715	4.541676	5.324324	5.168503	5.348507	4.115947	5.158472
6.204731	5.173556	4.145799	4.943153	4.555969	6.022278	4.30654	5.608968	4.898921	5.980645
4.155018	4.594326	4.604184	5.089884	5.131922	4.564285	4.92497	3.949066	5.094747	4.226493
3.912164	5.592015	4.843718	6.122818	5.539536	5.671035	4.789619	5.163172	5.090247	4.876772
5.608015	4.762314	4.976409	4.726904	4.66861	5.314362	4.298721	5.170547	4.983395	4.000629
5.065308	4.794166	5.278471	4.399967	4.645121	6.40171	4.40286	4.103213	5.234772	4.626218
4.789806	4.066168	4.999686	4.736338	5.436011	4.796059	4.264385	4.848815	5.223831	4.291815
6.005301	5.049982	4.871543	5.439232	4.779306	4.237943	4.990086	4.569004	4.82705	5.326434
4.941379	5.089528	4.98047	5.247648	5.117315	5.331815	4.723724	5.54314	4.348976	3.735009
5.862551	5.452541	3.748878	4.59493	4.326078	5.385077	5.744995	4.699088	3.993957	4.963579
5.033263	5.251767	4.861435	4.671534	4.18337	5.350071	5.181429	4.476419	4.592728	4.991872
4.432798	5.16993	4.859872	5.623954	4.445487	5.855875	5.35419	5.50387	5.825065	3.546535
5.392186	5.210883	5.648969	4.451628	4.590689	4.271772	4.770988	5.900059	5.191779	4.438544
4.699354	4.176118	4.417375	4.815971	5.314624	5.482129	4.094375	4.827773	4.708471	5.409611
5.175275	5.178138	3.934939	6.771384	4.580807	5.528051	4.501881	5.97894	4.964673	4.370888
4.758159	5.432415	4.810971	5.481077	4.583252	5.222816	5.480925	4.906164	4.887893	5.115967
5.696033	5.496168	5.117821	5.012998	5.055036	4.810222	5.048267	4.408576	5.017861	5.16799
4.419617	4.526155	4.54725	5.61712	4.802657	5.202511	6.243118	4.949519	4.260362	5.89676
5.954607	5.543986	4.976767	4.022252	4.740719	5.166218	5.521564	5.739022	4.030471	5.388463
4.941073	4.717443	4.909122	5.505264	5.177384	5.090844	4.579989	5.986956	4.470699	5.450482
5.078152	5.045516	5.49169	4.916799	5.51605	5.055006	4.863724	4.777149	4.743533	5.903489
5.008091	5.011596	5.462105	4.50718	3.87046	5.058298	5.707278	4.138553	4.209809	5.510643
5.58293	5.466821	4.548404	4.978748	5.020786	5.244517	5.841685	4.591451	4.983611	4.931063
5.439338	5.400249	4.09056	5.028555	5.104858	4.529864	4.676924	6.128683	6.249269	5.170356
5.260821	5.005788	4.740848	4.938817	4.672297	4.666029	5.85424	4.834252	5.051399	4.390441
4.096988	4.239935	5.014878	5.751581	4.746882	5.528483	4.986444	5.120636	4.570332	4.886665
5.276552	4.836724	4.855714	5.075295	5.117333	5.088428	5.172877	4.947	5.080158	5.957088
4.663399	3.859571	4.706502	4.473747	4.966185	5.309481	4.971882	5.491115	3.873659	5.083747
3.920182	5.68999	4.751539	5.56018	5.076151	5.433133	4.725251	4.847305	4.718208	4.636654
6.039284	4.925153	3.966357	5.007071	4.447502	4.846272	4.594677	5.288845	4.483018	5.012142
5.539774	5.281003	5.414744	4.991043	6.011808	4.564929	5.290701	4.369178	5.119742	4.620414
4.82178	5.131975	4.646987	5.235898	5.383454	5.703357	5.08021	4.409657	5.60137	5.615467
4.88997	5.593938	5.533579	4.928164	5.214484	5.219566	4.786434	3.938284	4.501603	5.283938
4.027366	5.09725	5.043454	5.027251	5.24395	5.41399	6.095129	4.255553	4.986471	5.130657
5.597702	4.54049	4.978362	5.158474	5.03063	5.076167	5.912434	4.996895	5.374532	5.235813
5.243404	5.771101	5.239861	4.525697	4.251713	4.151596	5.191229	4.339942	4.659493	4.897306
4.418775	5.746086	5.353574	5.35282	4.782733	4.484126	4.859911	4.867424	4.367701	4.605289
5.031204	4.42663	5.64713	4.881164	5.412188	4.323069	5.301696	4.919427	5.446272	3.657731
4.622652	5.813316	6.001638	4.794191	5.337359	4.678018	4.977412	5.155897	4.701824	5.22281
4.35036	4.520283	4.372732	5.159701	4.859995	3.495757	5.067092	4.921018	4.622891	5.547707
5.527185	5.484754	4.301128	4.981799	5.023837	5.064559	4.980586	4.99843	4.986661	5.67596
5.470068	4.748048	3.780528	4.862616	4.518175	5.392228	4.719253	5.789578	6.011612	4.593112
5.651109	5.08537	4.570181	3.941997	4.751224	5.481573	4.741767	4.351179	4.319672	5.350872
5.765836	4.937857	4.419344	4.438083	5.076429	4.510955	5.094402	5.383371	4.343978	5.021118
4.588408	3.557323	5.226109	5.0896	5.131638	4.505252	5.416469	5.463223	5.094462	4.411824
5.17278	4.597028	4.262153	5.99218	4.929569	4.761583	5.023091	5.34692	5.183986	4.27717
5.300788	4.837321	4.788975	5.279347	4.819431	4.532604	5.432163	4.115115	5.156127	5.356092
5.888257	5.721045	4.977203	5.466342	5.62737	4.794949	5.132145	4.387258	5.243346	5.991071
4.976346	5.3225	4.640422	5.766529	5.219747	5.466861	5.401703	5.012507	5.187434	4.282795
5.354814	4.218165	4.933983	5.616797	5.312222	4.692489	5.031657	4.242297	5.074043	4.686974
5.372153	4.863138	4.557877	5.036437	5.078475	5.854163	5.190637	6.135812	5.041299	5.653813
4.877296	5.386685	4.134344	5.371274	5.139781	3.346675	5.329053	4.270218	5.714598	5.229914
4.835863	4.918675	4.904992	4.448483	3.925982	4.288726	5.480002	5.294143	5.2721	4.676427
4.585657	4.661797	5.184859	5.110937	5.152975	4.60258	4.640745	5.31695	5.1158	5.513964
4.035026	4.088705	5.363146	4.253763	5.211366	4.917911	4.545899	4.318892	5.037158	4.461468
4.512876	4.974445	4.809955	4.46792	4.367964	4.054794	4.960901	4.39179	5.295957	5.178681
4.55331	5.166425	5.142131	4.272573	5.085755	5.114339	5.770408	4.774926	5.0385	3.946055
4.302387	5.267239	4.129067	4.934693	4.976731	6.218266	5.578546	5.455576	4.939556	4.149995
5.550988	5.678719	5.174322	5.131954	5.173992	5.391284	5.311248	4.846467	5.136817	5.688156
4.983702	5.557527	5.408147	4.437159	4.743479	5.765313	5.792388	4.844991	5.099521	6.023754
4.887764	6.003349	4.926273	4.930992	4.192654	5.393149	5.701632	4.449963	5.907039	5.889448
4.743599	4.91295	4.898949	5.170406	4.51666	4.920708	5.392278	4.488575	4.634486	5.135181
4.395212	5.310607	4.627005	4.003197	5.707869	5.250979	5.329383	4.913483	5.318275	4.530233
4.537229	4.931427	3.979579	4.626886	5.62444	5.405314	5.213378	4.849201	4.464903	5.257418
5.747952	4.917164	5.064202	5.618007	4.936129	4.679183	4.899404	6.081795	4.465895	4.484151
4.945501	5.439611	4.781712	4.974175	4.96502	6.307402	5.099496	5.375987	4.963303	5.64333
4.30099	4.843816	4.74337	4.843197	5.119897	5.391489	5.463296	5.157776	5.515952	5.207414
5.121848	4.859663	4.188856	4.596722	5.634187	4.8885	4.38322	5.668151	4.092921	4.239424
5.085213	5.364481	4.312072	4.936957	4.474595	4.949562	4.707673	4.977656	6.125983	5.813002
4.320739	4.966938	5.157805	5.56801	4.671848	4.803715	5.128451	5.465425	4.83892	4.536923
4.811512	5.407862	4.902009	4.977552	5.01959	4.922773	5.274702	4.521083	4.982415	5.053077
5.696952	4.88293	4.856554	4.992649	5.034687	4.566789	4.326443	4.803716	4.997512	5.810546
4.927435	4.01282	4.549879	4.967121	5.009159	4.576108	6.243746	4.785246	4.971984	5.31414
5.04575	5.832006	4.517836	3.97301	5.744514	4.233224	4.809391	5.541428	5.880824	4.567386
4.008377	5.142108	6.852313	4.733938	4.057644	5.388649	5.226798	5.605734	5.191597	4.314164
5.499916	4.901828	5.773035	4.09078	5.819311	4.477867	5.667757	4.321766	5.650745	4.919222
5.261623	4.903697	5.04594	4.959973	5.509429	4.302064	4.618498	4.836482	5.648338	5.575156
4.896356	4.593178	5.553339	5.05844	5.100478	5.585035	5.366321	4.196412	5.063303	4.960477
4.335745	4.625197	5.257327	5.035962	5.598298	5.323133	5.414099	4.668247	4.81495	4.5142
4.646548	4.544474	4.89854	5.108264	5.150302	5.319023	5.022034	5.142964	5.113127	5.614331
4.843554	4.308847	4.520132	4.775369	5.252404	4.582971	5.868258	3.603848	5.382105	5.212498
4.822843	4.092468	4.661784	5.015981	4.899788	5.201465	4.954661	5.434504	4.268649	4.193314
4.996196	4.834155	5.23627	6.173279	4.149768	4.659283	5.387858	5.462374	4.838146	4.239285
5.016859	4.095476	4.609917	5.106967	5.149005	5.767593	4.58743	5.523862	5.11183	5.664311
4.832916	5.227624	5.256991	5.008499	5.216053	5.647745	4.531386	4.542037	5.245991	5.866271
5.329917	5.582887	4.836388	5.016048	5.321224	4.812122	4.572294	5.690686	6.092227	3.999917
4.795147	4.844955	5.030176	6.081302	5.048469	5.320531	5.315073	5.327274	5.153786	6.553936
4.808743	5.515402	4.992703	5.305773	4.794666	5.78035	5.119475	4.612097	5.002295	4.374512
6.24526	5.939983	4.864442	5.434026	4.743913	6.027248	4.50534	5.056799	4.278977	4.774269
5.449522	5.209978	5.647501	5.205943	6.300823	4.552995	4.830094	4.921639	4.185898	5.055045
