5.200263	5.06356	4.129332	4.692894	4.712614	4.487763	4.915666	4.72241	5.141025	4.522714
5.354798	5.02636	4.85132	5.540563	5.360509	4.576588	5.772099	4.455367	4.026404	4.88354
4.549965	5.24332	3.787817	5.119504	5.020387	5.006828	4.565189	5.840301	4.999215	4.99484
5.001598	4.847057	5.780392	4.234667	5.143034	5.979618	4.774089	4.764091	5.984393	4.284055
4.875196	4.944673	4.32606	4.233307	4.905818	5.178104	5.119456	5.632442	4.468319	5.328267
5.162366	5.072803	3.991232	5.484197	4.646777	5.304203	5.781762	5.239044	5.213778	5.678272
5.236231	5.825741	5.633093	4.606898	5.227092	5.995337	4.877696	4.816053	5.339555	4.405032
4.740499	4.809338	4.472879	3.862722	4.190099	4.494072	5.119959	4.939514	5.476093	4.584308
5.397459	4.431791	4.091051	5.320931	4.585757	4.216307	4.949872	4.668594	5.324001	5.335393
4.867565	6.256188	5.227439	4.590746	5.953093	4.575248	4.172716	5.955275	4.924219	4.905553
5.03723	5.631891	5.552284	5.046771	5.294094	5.288606	5.206301	4.996836	5.665704	6.086521
4.904371	5.122657	4.88491	5.637493	4.833381	3.961046	4.557539	5.168212	5.845533	5.367723
5.340924	5.451783	4.681864	5.094276	4.336216	5.262855	6.07038	4.789218	5.003505	4.742599
5.380139	5.023597	4.665199	4.164891	5.497117	5.29424	4.284606	4.916209	4.607989	4.059722
4.943108	5.226696	4.777076	4.731829	4.875199	5.230752	5.176984	4.176674	5.088428	4.630312
5.180151	5.076829	4.330298	5.266098	5.278976	4.583968	5.020899	5.168572	5.792718	5.215295
4.331889	4.284054	4.89489	5.073245	5.115283	5.828194	5.141372	3.922527	5.078108	4.419767
4.283153	4.014534	5.660756	4.790835	3.436688	4.127518	4.287564	4.822956	4.000751	4.992035
6.26793	4.8501	5.099597	5.057857	5.201059	5.049453	4.677574	4.5997	5.016191	4.557818
5.664636	4.705834	5.488163	5.085479	5.127517	5.245844	4.350387	4.580433	5.090342	3.855593
4.613906	4.665976	4.771783	4.129974	5.426127	5.98526	5.034433	5.376603	5.061271	5.346334
3.814812	4.195922	5.146271	4.534676	4.86047	5.519324	4.736476	5.675177	4.948115	5.320042
5.484756	4.596402	5.775924	4.748617	4.642316	5.41229	5.009471	4.801525	5.574237	5.019849
4.946926	5.428055	4.915382	4.896092	5.542478	5.168496	4.196659	4.463803	5.771009	5.744108
4.980648	4.79972	5.198123	4.354568	4.621636	5.029747	4.728062	4.522318	5.62019	5.278997
4.773242	4.414285	5.02112	4.899447	5.083355	4.230432	5.329298	4.848558	5.281637	5.841489
5.447393	5.234193	4.488866	4.940449	4.53347	4.845834	5.123378	4.949237	5.940756	5.27071
4.515152	4.433921	5.419695	5.193954	4.173274	5.487977	4.554366	5.690283	5.274923	6.078807
4.906904	5.394907	5.125684	5.143915	4.975149	5.135553	4.90404	5.56663	5.316103	5.890838
5.178763	5.819385	4.917444	5.046239	5.088277	4.410066	4.678733	4.431945	5.051102	5.100703
6.149629	4.197903	5.511939	4.564538	5.250239	4.705811	4.891633	4.359539	3.764447	5.187623
4.797927	5.365428	6.302345	5.13078	3.887005	4.310236	4.694921	3.892817	5.563411	5.13137
4.950174	3.768954	4.103762	4.047629	4.453117	5.925744	4.811492	4.451089	4.679851	4.78191
4.726253	4.37751	5.124237	4.663337	4.789483	4.684402	4.384531	5.896801	5.034176	4.183681
4.813396	4.540734	4.109667	4.953463	4.995501	5.046583	4.882295	4.263028	4.958326	4.994348
4.024832	4.676428	5.390582	5.685289	5.495275	6.184501	5.012393	5.612375	5.479682	4.535521
5.4012	5.58098	4.778458	4.748052	5.337551	5.496112	5.651078	5.435528	4.915255	5.672008
4.807604	4.827859	4.693826	5.742261	5.419556	6.474216	4.685974	4.707015	5.542176	4.590834
5.114152	4.933062	5.403898	5.050717	5.092755	4.287485	5.145425	4.243207	5.05558	5.338097
4.575209	4.205422	4.873197	4.955202	4.99724	5.243571	4.339261	5.072961	4.960064	4.195101
5.387519	5.545546	5.19667	5.484898	4.442481	4.31462	5.689707	5.107855	5.051947	4.883182
5.464163	4.597155	4.903103	6.426517	5.64874	4.105521	5.644387	5.32695	4.886866	4.399177
5.47915	4.983175	4.880652	5.133461	5.894204	5.202495	5.527774	4.450153	5.645943	5.282601
4.908549	5.173967	4.590773	4.30601	5.05511	5.950486	5.644072	5.172884	5.041721	5.791261
5.379645	5.235306	4.890366	5.633134	5.207642	5.584165	5.116822	4.465721	3.474614	3.991306
4.169401	5.191639	5.985228	5.11229	5.37654	4.944963	5.411465	6.006379	4.965952	5.632905
4.92679	5.743716	5.451865	3.914786	6.138422	5.44366	4.706861	3.885804	4.865524	4.235267
4.953407	4.882365	5.257706	5.09201	5.134048	4.93978	3.774667	4.673204	5.096872	5.039287
4.765314	5.160493	5.012115	5.086281	5.364302	5.626957	5.600787	4.706329	5.276957	5.412935
4.744046	4.517355	4.704705	4.869241	4.073853	5.135401	4.740634	4.358994	4.980867	5.591054
6.256952	5.389158	5.305354	4.92468	5.730295	5.261539	5.609383	4.174922	6.32408	5.002573
4.409282	4.024586	5.433278	5.875368	4.442918	5.692965	4.797035	4.671206	4.895378	4.753536
6.382046	4.819814	6.113236	5.345036	4.481443	4.949512	5.622129	5.315669	4.417029	4.739171
4.399802	3.936225	4.262005	4.956231	4.998269	4.948729	5.244468	4.526117	4.961094	5.015681
5.52246	4.490322	6.10298	4.79267	4.579309	5.193014	4.038057	5.241193	4.503025	4.321057
5.063257	4.157747	4.884823	4.489891	5.480788	5.336733	4.716271	5.384967	5.584121	4.945703
4.334082	5.442111	5.223215	4.305141	5.18213	4.79107	5.600885	5.106988	4.950194	5.073596
5.143637	5.593819	5.506275	5.15029	5.192328	5.818722	5.568766	5.658079	5.155153	3.833567
4.817072	5.493434	5.110072	4.593964	4.525304	4.928178	4.810247	4.868464	4.753267	4.843504
6.009058	5.751908	4.963167	5.194281	4.415421	5.649354	4.765884	5.915432	4.652964	4.62955
4.930774	3.614747	5.116528	5.141407	4.681856	5.068638	4.083556	4.543221	4.501174	4.715738
4.281176	4.982757	5.300807	3.811905	4.640544	5.294114	5.13113	4.726395	6.182464	4.955536
4.46126	5.320595	5.979206	4.865273	4.987635	5.275696	5.490203	4.220658	4.978612	4.870857
5.145518	5.373967	5.003241	5.997289	5.316987	4.633135	4.917826	5.232906	6.2886	4.518191
5.619002	5.217571	4.171698	5.405067	5.38676	5.318051	5.205225	4.682871	5.075231	4.844587
4.786913	5.249407	4.767045	5.305013	5.651889	4.925741	4.279946	5.264039	5.124007	5.842901
5.366367	4.513706	4.825784	5.046122	5.431733	5.156885	4.522994	4.366665	3.553798	5.087098
4.774478	3.771612	4.137393	4.746492	5.468659	4.722839	4.726588	5.111942	5.791754	5.66176
6.314373	4.530407	5.850378	4.872766	5.118752	4.999115	5.142638	4.519675	5.283242	5.337486
5.318871	5.059495	4.951081	5.243711	5.462015	5.147552	5.226989	5.112411	4.746975	5.62333
5.953151	4.278403	5.603632	4.473124	4.985787	4.698431	4.781075	5.577423	4.994095	6.70821
4.046947	4.602518	4.848577	4.387605	5.188838	4.543152	5.702756	5.371329	4.270878	4.801885
4.120341	4.081833	4.653509	4.981688	5.569535	5.134821	4.761418	4.660235	4.850663	4.663855
4.922208	5.630592	4.784952	5.5312	5.360156	4.148841	4.21857	4.211166	5.37553	5.264105
5.282472	3.93538	6.245323	5.044419	5.086457	4.600484	4.802696	4.878647	5.049282	4.730262
5.315047	4.473204	4.262866	3.651515	5.040999	5.404239	5.340925	5.44688	4.621453	5.560979
4.474576	4.793917	5.151625	4.851055	4.754599	4.90961	5.158144	5.219714	4.71427	3.905128
5.299948	5.057145	5.414301	5.204069	4.765473	3.93217	5.054937	4.99388	5.338476	5.096826
5.30048	4.803525	4.844687	5.440455	5.128729	5.195536	5.881502	5.881657	5.472966	5.412988
4.742786	5.050894	5.288976	4.888523	4.997484	4.86414	5.106447	5.054833	4.727772	4.466106
4.528545	5.491498	4.182737	6.26985	4.949771	4.700134	4.985085	4.735339	4.94936	4.773151
4.787181	3.787079	4.931407	5.578431	4.495346	4.733858	4.774166	4.848502	4.713083	5.154343
5.749555	4.823872	5.977157	4.984004	4.185623	6.243279	5.779383	4.999173	4.586204	4.809328
5.870527	5.260469	4.102649	5.897414	4.156495	4.703341	4.240005	4.959304	4.692641	5.869809
5.334755	3.666902	5.356894	5.844796	4.487199	5.849808	5.478086	4.452677	5.344653	5.086907
4.746153	5.713019	4.94063	4.822844	4.33316	4.595157	5.643364	5.187991	5.023042	5.104415
5.988661	4.636752	4.822142	4.62797	4.683699	4.752231	5.017606	4.412509	2.885661	4.405971
5.382127	4.052546	4.467261	5.004332	5.900026	4.951776	5.598774	5.850162	5.420839	6.190333
5.529208	4.583782	5.313481	4.985207	5.027245	4.465509	5.898578	4.916816	4.990069	4.90148
5.468431	4.628589	5.340868	3.883667	6.012942	5.330698	4.035625	4.451672	5.148177	4.869489
5.0503	5.284051	6.291625	5.55872	5.779098	4.574778	4.603231	4.9417	4.818576	4.773414
4.545548	5.486182	4.748737	5.458676	4.663004	5.727189	4.825371	5.735222	5.327889	4.605439
5.187132	4.36701	4.844794	4.889414	4.931452	5.319929	5.346562	4.456914	4.894277	4.861979
4.669844	5.481674	5.003751	5.15903	4.774914	5.121789	4.893608	5.198185	4.386333	4.232302
4.743999	5.004249	5.020632	5.024442	6.295385	4.654371	4.796019	4.789121	4.510553	5.368898
5.190114	5.653412	5.13921	5.210231	5.519859	4.97066	4.63093	5.762052	5.254062	4.268895
5.216802	5.293795	4.443383	5.360667	3.627597	4.645097	5.138687	4.571377	5.206124	6.113757
5.615945	5.683999	4.35181	5.315978	5.018516	4.46018	4.698481	3.866068	4.481379	5.006467
5.368299	4.185832	4.536093	5.311939	5.366291	4.651087	5.732567	5.067965	4.800986	4.581947
5.358661	3.907345	5.066606	4.492818	5.300472	5.209333	5.233189	5.499371	4.941115	4.7443
5.061361	4.792185	4.946197	4.972633	5.014671	4.321383	5.007257	4.596413	4.977496	5.929286
4.572276	5.335531	5.354965	4.108199	4.429399	4.896235	5.967022	6.019481	4.770898	3.661985
5.146375	5.166471	4.946481	5.066666	4.509929	4.730633	3.751061	4.763171	4.082064	5.536917
5.324721	4.240303	6.393184	5.324804	4.43544	5.176085	5.397384	4.573915	5.249567	5.240063
4.808426	4.385691	5.623796	4.995703	4.897211	5.036719	3.813189	5.016579	4.38269	4.346479
4.879397	5.526579	4.508942	4.991261	5.033299	5.80013	4.867745	4.735447	4.996124	4.582055
6.377418	6.502817	5.770529	4.525163	4.573093	5.084043	4.348885	5.911885	4.664568	4.783951
5.225027	4.977592	5.032391	5.58233	5.628758	4.86944	4.187218	5.645205	5.302963	4.64471
5.053621	4.444454	6.049847	5.57373	5.144555	6.395837	4.976532	5.898452	4.922952	4.527638
5.815073	5.11207	4.794186	5.07872	5.182812	4.249733	4.72959	4.931148	4.562805	4.580102
4.67598	5.102393	4.604601	4.225184	4.613535	5.369468	5.438858	5.825812	5.474574	4.885775
4.857997	5.507081	5.495598	4.54748	4.957853	4.647723	4.929377	5.270393	4.260635	5.338161
5.643027	5.811307	6.108287	5.089602	5.13164	5.493155	5.194975	4.562584	5.094465	4.832284
5.236979	5.164507	4.778901	5.149804	5.23762	3.804826	5.518312	4.85547	6.001102	4.510212
6.309064	5.500995	4.648557	5.120841	4.670575	4.496656	4.838478	4.457611	4.233903	4.854635
4.798698	4.096991	5.292642	4.868784	4.869802	4.057786	6.582162	5.696285	4.946162	4.772601
5.239363	4.957365	4.669311	5.713552	4.841516	4.685137	5.016601	5.402993	5.221407	5.331806
5.261868	4.464581	4.38222	4.630434	4.846311	4.757872	5.044263	4.353097	5.333941	5.384494
5.884849	5.693274	5.042593	5.261463	5.781673	5.018447	5.523034	4.306056	5.566695	5.314457
4.713853	4.910303	4.91368	4.865583	4.722412	5.586348	4.368477	5.454442	3.65801	6.062417
4.626479	4.591126	4.519626	5.246528	4.050486	5.749392	5.003659	6.005105	6.144014	4.373343
4.357217	4.427175	6.022808	5.239434	4.999667	4.800137	5.237974	4.302327	4.29271	5.321497
4.235686	4.341973	4.19954	4.964762	4.070817	5.178113	5.230622	5.533146	5.854757	5.251283
5.303467	4.222461	4.93028	5.414042	5.215278	4.715935	4.745271	4.65896	6.004892	5.149971
5.184003	4.719152	5.340918	5.053405	4.700567	5.376453	5.582517	4.792269	4.863631	4.882841
4.639432	5.844619	3.771704	4.910995	4.769038	5.899084	4.897062	5.031855	5.490338	5.358025
4.857506	4.54638	4.879962	5.012716	5.054754	4.769677	6.127675	5.684439	5.017579	5.347696
5.071602	5.335293	5.245057	5.140397	6.434861	5.168947	4.782526	4.551455	5.101905	4.8024
5.215441	4.875296	4.697478	5.443399	5.143404	5.264219	5.570218	5.053647	5.763769	4.231979
4.370028	4.71614	5.676861	4.804407	5.342133	4.859065	4.132514	4.519539	4.714618	4.191897
4.868578	5.027216	4.241282	5.201463	4.251347	4.930887	4.953916	4.549262	4.968981	4.573509
4.694552	6.565265	5.586832	5.15134	4.347495	5.129909	5.840531	4.337343	4.823035	4.894077
4.769236	4.251045	4.773488	4.978466	5.020504	5.309134	5.376166	6.085943	4.983329	5.077322
4.555062	4.660012	3.987463	4.789784	5.578285	4.653881	4.651964	4.613439	4.777527	4.647534
6.417602	3.942044	4.821335	4.949527	5.436352	4.579968	5.611786	4.802344	4.291101	4.72207
5.020325	4.334191	4.566864	4.692114	4.794555	4.976153	4.992672	5.409831	5.083896	5.042054
5.284675	4.377755	5.831111	5.075013	5.117051	3.965829	4.558916	5.180351	5.079876	4.286303
4.814844	5.327748	4.301319	5.295589	5.184859	4.897762	4.779862	4.588426	4.85855	4.989642
4.990484	5.924541	5.020641	5.231841	4.958748	4.157864	5.216621	4.815166	4.888566	4.703691
6.677417	4.174289	4.955321	5.557461	4.888461	4.775237	4.747369	4.658484	3.947398	4.277989
5.212021	4.537565	4.618399	4.182327	5.345571	5.996676	5.617835	5.754685	5.078751	5.593156
4.910094	4.330017	5.836824	4.934322	4.488074	4.790617	4.798234	5.094878	5.791511	5.086373
5.376496	5.604348	5.036144	4.421533	5.613133	5.275181	4.814648	5.17098	4.854721	5.468827
5.112751	5.318243	6.10712	5.477728	6.383221	5.633122	5.819812	5.594451	6.141768	6.229389
4.9405	4.94998	5.292911	4.807651	4.43904	4.654049	5.665466	5.475349	4.738362	5.603717
4.159962	4.848563	4.225871	4.684022	5.868277	5.952293	4.924077	3.556647	4.710021	4.931604
5.073128	3.66579	5.319817	4.215315	4.821645	5.02966	5.481347	4.779514	5.252305	5.305484
4.599858	4.839486	5.035683	4.294959	4.982417	4.579193	5.120604	4.669746	4.50692	5.793038
4.606917	4.686369	4.813691	4.375414	5.062958	5.289259	4.06737	5.164286	5.185877	4.969397
5.287796	5.391579	5.202258	5.333742	6.111433	4.880269	4.139418	4.045331	4.343755	5.340384
5.624368	4.79456	5.212666	4.981517	5.023555	4.818601	6.318403	5.030188	4.98638	5.178699
4.522634	5.040311	3.982695	5.730562	5.228685	4.981524	5.297547	4.922328	5.028137	5.67568
5.533614	4.661026	3.364537	5.538293	5.975297	4.77226	4.884268	4.880246	5.010215	5.626939
5.289995	5.045943	4.405104	3.906171	5.812539	5.198282	3.8625	4.967489	5.217903	5.067989
4.382524	4.966326	4.607301	5.089318	5.131356	4.925278	4.296377	4.675643	5.094181	4.89378
4.860828	5.233625	4.487368	5.218818	4.729627	6.105986	4.821616	5.271326	4.984106	3.976001
4.833133	4.451674	5.23548	5.238077	4.73564	5.267514	5.013487	4.037426	5.0431	4.643082
4.65696	4.66232	5.175587	5.042751	5.278649	4.387263	4.965124	5.358348	5.57295	5.659859
4.473351	5.388821	5.559344	4.505817	5.295547	5.207226	5.485632	5.08609	4.573118	4.685742
5.55674	5.624424	5.445732	5.512873	3.756756	5.012934	5.102591	5.804482	4.086461	5.075786
4.279132	3.760096	5.215775	5.036155	5.078193	4.733681	6.210948	5.805685	5.041018	4.726837
4.878895	4.32591	4.989923	4.645001	4.153364	5.32675	5.090907	6.008788	5.388351	5.793973
5.367362	4.707154	5.492451	5.378271	5.075363	5.319559	4.164294	5.641424	4.864151	5.463947
5.01683	5.341774	5.199582	5.110655	5.152693	5.672841	5.096799	5.124475	5.115518	5.398935
4.163949	4.543132	3.941587	4.377915	5.201511	4.822458	5.321058	3.661812	5.414629	5.702559
5.554441	4.064555	5.652137	3.98124	5.27778	4.46307	4.485021	5.250707	5.875347	5.294021
5.049752	4.015289	4.595443	4.68377	5.623816	5.336697	4.27321	5.081671	5.535764	3.874904
6.1346	5.77353	4.710805	4.934411	4.976449	5.052624	5.053378	5.154363	4.939274	4.944676
5.199424	4.842803	4.842551	5.131672	5.17371	5.078212	4.894932	4.23344	5.136535	4.687926
5.966411	4.705475	5.890187	5.891747	4.236426	5.462865	4.631691	6.225484	4.943001	4.801271
5.075575	5.717107	4.679049	4.403161	4.750545	4.4839	5.525191	4.44231	4.799254	4.324302
4.744806	4.72644	5.589325	4.26108	5.471253	4.360616	4.730103	6.269408	5.310808	5.264112
5.280625	4.790742	5.268093	5.818534	4.192163	4.668592	4.722063	5.087879	4.736827	4.305352
6.303555	5.580642	6.362522	4.286195	4.971086	5.075424	4.771097	4.572937	4.709339	5.094697
4.760146	6.143184	5.41818	5.428734	5.433414	5.181931	5.600775	4.46918	5.58698	4.695978
4.090165	4.894599	5.163964	5.320553	5.389363	5.751441	4.958197	4.900485	5.621283	4.372862
4.210902	5.489805	4.72954	5.778224	4.33602	4.6828	4.490146	5.198455	5.256623	4.84851
4.717054	4.789777	4.379428	4.175056	6.474938	4.804201	5.696926	4.390826	4.861664	4.528715
5.149883	5.291578	5.83175	5.617375	4.755803	3.824204	5.523599	4.19187	4.74634	4.547138
5.305054	5.460021	5.489831	4.398903	4.808651	4.970163	5.68851	4.777073	4.471878	4.886843
4.683046	5.399168	5.249752	4.97727	5.019308	5.258813	4.447952	5.451807	4.982133	5.823791
5.030939	4.507771	4.985843	4.992367	5.034405	5.017878	4.960586	4.995435	4.99723	6.173544
5.48319	5.222534	4.759068	4.966839	5.008877	5.130045	4.909171	5.242155	4.971702	5.114513
5.1642	4.419832	4.695277	4.248081	4.98767	3.825894	4.332683	4.06839	5.026474	4.92801
4.181119	4.654318	4.290701	4.903885	4.677809	5.352618	5.174354	5.300742	4.617683	5.043399
4.799766	4.852851	4.370827	5.334067	4.163839	5.102839	5.03562	5.040178	5.622094	4.906902
5.524225	5.67566	4.843326	5.363206	4.494614	5.116946	4.765966	5.078846	4.570142	4.715697
4.563096	4.418513	5.304275	5.058158	5.100196	5.096377	5.062934	5.977588	5.063021	4.575233
6.43805	5.395124	3.763242	4.655474	4.585351	5.40537	4.319783	5.194918	5.2039	4.733228
5.040448	4.984288	5.565509	5.107983	5.150021	4.490177	4.906505	4.681737	5.112845	5.004893
4.527015	5.470377	4.121626	4.997206	5.409237	4.862544	5.039999	5.384757	4.907004	4.250465
4.026899	5.80795	4.769382	4.45525	4.593621	4.54299	4.237667	4.454986	5.315277	5.360868
5.022101	5.145554	5.39753	5.660471	4.942585	4.850708	4.580277	5.113238	5.849531	4.709562
5.815815	5.660741	4.328524	5.106686	5.148724	5.473396	4.145571	4.201897	5.111548	4.850935
4.546724	4.057342	4.600923	4.807777	5.023892	5.285831	6.167264	5.417562	5.105931	5.809194
5.495604	5.403316	4.379304	6.46465	4.860902	4.925004	4.645626	4.54479	4.942429	6.002497
5.380851	5.212457	5.197118	4.642987	3.986792	3.828043	5.64221	5.409213	5.008875	4.356372
4.716816	4.684218	3.969521	4.553044	3.937729	5.233295	5.469913	5.680397	4.375013	5.963774
4.455933	5.365148	5.565546	4.677834	4.832112	5.350065	5.036244	4.930211	4.365257	4.660389
5.382998	4.673801	4.116506	4.553532	4.581507	5.091978	4.325958	4.316553	5.353755	4.714437
