4.990254	3.99234	4.847495	5.117878	5.39133	4.789308	4.980509	4.987562	4.786721	5.116186
4.692326	4.988124	4.851131	5.926755	4.668744	5.849468	4.697724	4.975782	5.199044	4.978634
4.714028	5.567127	6.299856	5.457842	4.586426	5.601666	5.541964	5.525146	5.431602	4.658393
4.902614	4.082132	4.311971	4.68982	5.524183	4.468674	5.108907	5.479107	5.00608	4.981111
4.626067	4.393013	4.690709	4.955632	5.313826	4.996609	5.118424	5.257507	5.614643	4.861469
3.88075	5.037755	4.388712	5.115164	5.898477	5.571964	5.95242	6.135184	5.14606	4.23592
4.945306	4.287605	5.201685	4.403884	4.467387	5.014533	4.359587	5.584314	4.959271	4.509067
5.767923	5.330974	4.951072	4.843741	5.066742	4.972938	4.709074	5.043858	4.847716	5.652995
5.242667	5.26975	4.649171	5.308002	5.014569	5.693639	5.171522	4.928256	4.257382	5.301663
4.962302	5.499655	4.902531	5.807652	5.462489	5.881079	4.952557	4.959609	5.755476	5.114722
5.157851	5.652666	4.76706	5.040812	5.15499	4.94686	5.148106	5.155159	5.333557	4.076854
5.471061	5.6201	5.309335	5.067598	5.15779	5.633441	4.523729	4.98535	3.885196	4.781806
5.01449	4.422214	4.845956	5.082918	4.554339	4.958221	5.31805	5.449128	5.612428	4.821805
4.167171	3.89946	5.185053	6.287731	4.76445	3.467664	4.312044	5.644702	5.283999	5.676748
5.295898	5.214258	5.225062	3.97052	5.535437	5.854955	5.603057	5.240554	4.82021	6.014091
6.276434	5.63114	5.412702	4.722169	5.395828	4.284781	4.807751	4.798306	5.004776	5.064434
5.073291	4.87291	4.26455	4.865632	4.923553	5.364973	4.905452	5.366521	5.581424	4.799957
5.017427	4.889338	3.964707	5.304099	5.550783	5.405488	5.007682	5.014735	5.827749	5.863423
5.104625	5.286862	4.003652	5.661729	3.886394	4.477396	5.906014	5.358314	4.919705	6.416653
4.598344	5.4836	4.57404	5.616642	4.948499	4.600023	4.146204	5.073508	5.482411	4.991556
5.043885	5.207777	5.357243	4.45579	6.161415	4.546673	5.12453	3.871112	4.590316	5.366041
4.846908	5.138386	5.068421	5.532663	4.27894	5.715005	4.631421	4.567224	4.953357	4.995347
5.364953	5.837615	5.002585	4.9365	4.626541	5.404043	4.230224	5.965594	5.100287	4.353399
5.861724	4.626154	4.989464	4.708733	5.020519	4.483695	4.465167	4.416395	6.069256	4.593934
4.925186	4.954665	5.199242	4.474543	5.204546	3.958215	4.794186	4.716352	4.293064	4.548978
5.096675	4.428782	5.17202	5.241641	3.880468	4.552433	5.09091	4.768895	3.976776	5.127655
4.889907	5.273223	3.940535	4.732345	5.372892	5.256118	4.108502	5.052689	5.169466	5.343446
4.294039	4.947455	4.789888	5.694436	4.671444	4.904367	5.116154	4.507617	4.458036	5.333734
5.350088	4.763171	5.906551	5.321496	5.494162	4.480306	4.570727	5.064759	5.505288	5.822437
4.668638	4.955735	5.866988	4.954375	4.961729	5.152934	4.538549	5.277337	4.589145	5.492124
5.765447	5.320705	4.226552	5.733633	4.563884	5.32991	6.095678	5.251322	6.225868	5.576452
5.937935	4.989626	4.632152	4.239126	4.94571	4.382404	4.664298	5.329599	4.764174	4.965435
4.836138	4.584853	4.569952	5.725189	4.775617	4.771307	4.964845	4.597678	5.452672	5.302767
5.022675	4.334115	4.051641	4.593573	4.443068	5.05724	5.01293	5.019982	4.998796	5.053477
4.948051	4.426867	4.174996	4.816888	4.382565	5.083281	5.198464	4.680928	4.056041	5.263595
5.452366	4.453553	5.484692	5.273948	4.968818	4.795455	4.639066	5.43999	4.532689	5.764015
4.781393	5.256089	4.596741	6.195557	5.100419	5.436169	4.150884	5.412361	4.501027	5.785364
5.044799	6.044253	5.273747	5.190292	5.809671	5.3403	4.944748	5.020349	4.437937	5.37597
3.781982	6.014789	4.692025	4.979491	5.708135	4.279652	5.431931	6.108696	4.75025	4.409901
4.146249	4.757424	4.946239	5.035688	4.550939	5.764792	5.247748	5.447942	5.567981	4.724977
5.283651	5.494004	5.044079	4.64997	5.216149	5.178933	4.616062	5.057703	4.513822	5.511377
4.550601	5.477951	4.80682	5.095861	5.275536	5.170498	5.168562	5.091356	5.931182	6.173316
4.482308	4.477502	5.64895	4.834063	4.406141	4.563828	4.750225	5.079007	4.68051	4.616013
5.065934	4.29139	4.855579	5.389974	5.317288	4.785383	5.212085	4.541602	5.685102	5.363605
5.398198	4.9644	5.30162	5.447215	4.475987	4.274348	6.385342	4.49125	5.422796	5.413681
5.271997	5.76716	5.552533	4.903237	5.613508	4.543716	4.588576	5.219136	4.783948	4.779996
4.93881	4.788465	5.43959	4.84126	5.409015	5.297624	4.929065	4.936117	4.433987	5.026781
4.942933	5.050487	4.508302	4.749377	4.340322	5.690836	5.390499	3.619773	4.411518	4.57092
5.215137	5.660462	5.446982	4.611882	4.660208	5.151418	4.609202	4.824347	5.360984	5.048104
5.06181	5.228447	5.114954	4.339759	5.627365	4.465633	5.052065	5.059117	5.805535	3.27654
5.016603	4.281859	5.51878	5.285378	5.754939	5.55165	4.548355	5.031483	4.225931	5.446638
4.979623	4.627342	5.521806	4.699539	5.4202	4.316091	4.00786	4.835371	6.124843	5.035619
5.285398	5.097417	5.156316	5.47543	5.470604	4.608644	5.771215	4.978522	4.898724	4.132782
5.262785	4.469059	5.001629	4.973923	6.108593	4.673182	4.661464	4.973927	4.925311	4.38876
5.038329	5.758834	4.831133	5.725599	5.902176	5.392327	5.028584	5.035636	4.846578	5.05155
5.260973	5.478158	5.539581	5.926122	5.175696	5.664199	5.70364	5.177889	4.792335	4.69545
4.973612	5.572445	4.467609	5.303285	4.218031	4.578942	4.963867	4.970919	5.563707	4.798565
5.043589	4.108393	5.170597	5.362904	4.870858	4.363481	4.819907	5.286246	5.352511	4.845901
5.025819	5.323818	5.049229	5.128584	4.920889	6.096538	5.016074	5.023127	4.367209	4.951483
5.293331	4.23349	4.308241	4.086953	4.745689	5.679653	5.905963	4.701469	5.692653	5.466794
4.601706	6.017218	5.332624	5.849502	4.809997	4.767365	5.531981	4.524074	5.865555	5.012227
5.11382	5.423676	5.143732	4.883967	5.095566	5.557712	5.104074	5.111127	4.632969	4.810916
4.129441	4.556306	4.656241	5.231962	4.700803	5.147618	4.912639	5.679208	4.606463	5.350119
4.591242	5.000334	5.032514	5.599492	4.962737	3.82566	5.790507	5.355456	4.607522	4.376799
5.001678	6.110347	4.86421	5.607232	5.109184	4.689112	4.991933	4.998986	4.867962	5.405094
5.609686	4.168001	5.303822	5.918278	5.903388	4.620858	5.047995	4.788578	4.832158	4.77325
5.008295	4.659108	4.610305	5.484732	4.54094	5.707252	5.93013	5.697265	5.253491	5.027629
4.953002	4.834938	4.823192	5.710333	5.57721	4.996674	5.816996	4.122984	4.602802	5.19793
5.291511	4.628111	4.668097	5.506127	4.000741	5.054678	4.162275	4.949051	4.917589	5.747807
4.649884	5.816129	4.329814	4.292723	5.017767	5.691666	4.808383	4.562131	4.96569	6.074621
4.36005	4.205878	4.998411	4.441436	5.350621	4.815526	4.874845	5.792349	5.060402	4.825201
4.810392	5.03273	4.635852	5.383183	4.408355	5.051942	4.388749	4.338554	6.069606	4.937363
4.141655	4.269332	3.685112	4.822951	5.329158	5.196915	5.013923	5.656417	4.081425	4.089746
4.934054	5.475558	5.408714	5.070358	6.371215	5.448629	4.364857	5.004844	4.871303	3.991755
4.648273	5.706729	4.406707	4.547312	5.406399	6.221069	5.531767	3.795377	5.35516	4.826331
4.556	3.775179	4.663525	4.672144	4.588716	5.473597	4.037515	5.251477	5.028137	5.079073
4.960474	4.951389	4.915222	4.769877	4.625319	5.249532	4.950729	4.957781	5.242744	5.937848
4.372737	4.826943	5.554904	4.890792	5.28483	4.867613	4.079071	4.358366	4.571068	5.708546
5.228506	4.877261	5.837348	3.887645	5.217676	3.167794	5.042542	6.006877	5.689	4.551568
5.224839	4.312665	5.04831	4.423228	5.113608	4.895479	4.413551	5.039629	5.236499	6.188679
5.147979	6.151716	5.196773	4.350589	5.315545	4.442424	5.572805	5.21568	4.494788	4.314187
4.639441	5.505698	5.591502	5.108652	5.828239	4.987501	5.486759	4.978277	5.292323	4.459939
5.822799	4.743455	4.974642	4.601756	5.299662	4.228276	4.88376	4.855677	5.227679	4.847087
4.897238	5.108093	4.543877	4.930338	6.012969	4.108088	4.053144	4.955874	5.189384	5.492137
6.205154	5.363334	5.309396	4.481324	5.200977	5.590442	4.88974	4.422363	5.344122	4.560872
4.715125	4.878249	5.227591	4.131795	4.386581	4.403644	4.373874	5.204826	5.666291	5.423095
4.96006	4.886401	4.7496	5.114227	5.445391	4.995812	4.016542	5.377055	4.521698	4.431417
5.685516	5.68168	5.115849	5.573885	4.290316	4.575906	4.298779	5.091614	4.690643	4.479853
5.930173	4.9326	4.877598	5.637898	4.086897	5.183025	4.842613	4.664476	4.970444	5.312984
4.024576	4.322397	4.61084	5.567741	5.235915	4.928493	3.895397	4.236975	4.463421	5.824689
5.165144	4.571334	5.131707	5.107066	5.239313	5.583334	4.067551	4.705428	4.053166	5.45655
5.201609	4.516255	3.85933	5.594989	4.877868	5.237698	6.095752	5.300332	5.231844	5.306246
5.173669	4.165989	5.162487	4.544974	5.379398	5.67423	5.185991	5.03026	4.672748	5.003695
5.426528	5.24353	5.57931	4.065932	4.8341	5.375551	5.531527	4.780744	5.881842	4.995216
5.06409	5.197202	5.299381	4.931777	5.305851	5.697	5.054345	5.061398	5.696948	4.667058
3.714977	5.276989	5.545917	4.656789	4.965848	4.914582	5.268187	4.245439	5.862037	4.555664
5.785419	5.708221	5.234977	4.86408	5.367894	5.454493	4.733645	4.313612	4.173371	5.529792
5.120546	4.951481	4.905237	6.183503	4.746171	5.391168	4.647104	5.234011	3.7489	4.921756
4.600004	4.029527	4.8176	4.92767	5.060849	5.012815	5.185731	4.352482	4.393813	4.353499
6.020962	5.838763	4.753821	5.695305	4.29447	4.878583	5.021895	5.130936	5.275215	3.95523
5.08291	5.059979	5.053489	5.297776	4.893304	4.403695	5.281754	4.403905	4.981291	4.653143
5.18031	4.873404	5.305559	4.639247	5.394469	4.262379	5.170565	5.177618	4.499055	4.984791
4.864773	5.031704	4.58413	5.088746	4.558262	5.278194	5.576433	4.999106	4.650242	5.226904
4.694206	4.381629	5.13793	4.939693	4.051298	5.651625	6.171212	6.39652	4.647924	4.36658
4.523099	5.81881	5.215378	4.323459	5.607848	4.389917	5.078857	4.760637	5.399757	5.521623
5.313114	4.763513	3.956671	5.036438	5.28833	5.11554	5.423332	5.565044	5.041027	4.689045
5.501585	5.312262	4.474411	5.027599	4.3614	4.808391	4.732053	4.882079	5.052904	4.627377
5.686651	5.780213	4.278398	4.695421	5.44361	5.785903	4.678079	4.873826	4.692298	4.816458
4.92908	5.971636	5.672057	4.61641	5.565977	4.459373	5.658185	4.2779	5.893463	4.278138
4.865813	4.817079	5.200391	5.754905	4.913714	4.398094	4.737572	4.885636	4.773851	3.757174
5.597493	4.460504	5.294835	5.596845	5.83827	5.120512	4.858109	4.158655	6.016427	4.347328
4.459347	5.484299	4.98389	5.914944	5.139904	5.094539	4.972139	5.665521	4.727642	5.125315
3.979237	4.389082	5.034552	4.417634	4.819933	4.293958	5.27653	4.21578	4.828575	5.911753
4.849281	5.025597	5.554493	4.465977	4.235354	4.639308	4.273933	3.771047	5.953896	5.237537
4.523578	5.019543	5.345902	4.905532	4.672307	4.528017	5.889541	4.861942	4.664497	5.525854
5.029836	5.351066	5.342065	4.851361	5.88333	5.049351	5.458524	5.333729	4.726791	4.726844
5.882	5.171213	4.855348	4.374276	4.950454	4.437422	4.342309	4.275479	4.438417	5.111414
4.723279	4.468238	4.930441	5.440927	5.293065	5.45872	4.118696	4.949642	4.807148	5.324629
4.073731	4.764303	5.232695	3.773201	4.01767	4.109547	4.065747	4.557505	5.169856	5.49232
5.054432	5.778709	6.064892	4.443168	4.4762	4.939191	5.044687	5.051739	5.125629	4.4296
5.152833	4.563437	4.679323	5.841814	5.077466	5.167059	5.143088	5.150141	5.410329	4.444328
5.515564	5.43965	4.504082	5.785572	5.500408	4.75682	4.808453	5.144549	4.950629	4.383259
5.075953	4.542706	5.190495	5.41806	5.455587	5.358493	5.066208	5.07326	4.561902	5.779645
5.112174	5.09877	5.017255	5.26803	5.110909	4.279903	5.102428	5.109481	5.467934	4.76368
5.111112	4.218642	4.868024	4.806468	5.638794	4.403501	5.172988	4.849545	4.378119	4.629392
4.301134	6.015622	4.447481	5.253931	4.571186	4.215596	5.432647	5.052708	4.626298	4.919198
4.098391	4.726095	4.801324	5.995267	5.414376	5.194659	5.062671	5.581389	4.138971	5.100854
5.266595	5.761578	4.237057	5.375312	4.649652	5.467414	4.486438	4.63249	5.756229	5.636627
4.202964	4.71505	5.006185	4.105901	5.801811	4.388639	4.381613	4.82906	5.475699	4.865342
6.149546	4.346652	5.059	4.719433	4.522277	5.448285	4.172672	3.730587	5.163306	6.005851
4.990012	4.753198	5.015563	4.484806	5.096519	5.312959	4.781989	5.033945	4.527878	5.586972
5.131826	4.427649	4.796843	4.554667	6.372658	5.429262	5.122081	5.129134	5.593671	4.018644
4.1802	5.197197	4.708836	4.840321	5.425999	4.77884	5.079992	4.344415	4.781974	4.719552
5.606102	5.129899	4.250269	5.54398	5.517642	5.607401	5.058677	5.923716	4.427005	5.095519
4.158373	4.100361	4.701787	5.457154	4.776864	4.518195	5.018223	4.78525	4.088261	5.015313
5.598624	4.342248	5.881306	5.846984	5.712143	5.25039	5.861622	5.639316	4.375371	4.786209
4.83313	5.075282	5.09776	5.055607	4.642208	5.473406	4.108977	5.577402	5.811614	5.304175
4.61494	5.011479	5.003166	4.357335	5.409536	4.134286	4.563452	4.744936	4.633957	5.791363
5.679862	4.475103	5.04347	5.81741	5.556995	4.702482	4.543217	4.49125	5.049444	4.49085
4.960286	5.169122	4.320316	5.511407	4.813029	5.667723	4.950541	4.957593	5.552668	5.009767
5.029906	4.592038	5.699217	5.839975	4.738325	5.07648	4.572609	4.699649	5.128966	5.206586
5.648626	4.927098	5.331129	5.195217	4.753396	4.023758	5.386161	5.317297	4.994337	4.244617
5.987806	4.49873	4.749526	4.450071	4.64889	4.546232	5.896609	5.463051	4.496588	3.8443
5.573285	5.17666	5.914282	5.314483	5.691277	4.610759	4.705036	4.78778	5.314502	4.619885
4.437376	6.227809	4.970482	5.1676	4.999378	4.470173	5.220369	4.719999	5.85817	5.860655
4.805001	4.90658	5.795918	4.860811	4.86721	6.04378	5.213041	4.593181	4.967201	5.015845
5.010433	5.075598	4.744097	5.215411	4.529888	4.81799	5.000688	5.00774	6.030932	5.246014
4.959637	4.830471	4.547367	3.893929	4.652654	5.043054	4.396495	4.416563	4.457467	4.392374
4.343446	4.803581	4.61028	4.863427	4.307768	4.290443	5.1899	4.960706	5.309284	4.8773
4.682303	4.912306	5.356359	4.725894	5.22272	5.221759	5.379243	4.017409	5.394045	5.042688
5.440005	5.275897	4.917438	5.736773	4.792984	5.314595	5.179852	5.197281	5.169411	5.718681
4.432856	4.127231	4.959068	5.96601	5.450108	4.591086	5.897731	4.428053	5.30298	5.068941
5.093583	5.036204	5.207918	5.069055	5.430399	5.027432	5.412922	4.969803	4.92723	4.099806
5.069516	4.156872	4.9099	6.392299	4.296778	4.987092	5.059771	5.066823	4.244822	4.465878
5.295043	4.182074	5.003495	4.663359	3.757286	4.91042	5.082285	5.846735	4.287226	5.835192
5.177442	5.073836	5.127842	4.58883	4.409669	4.892382	4.725023	5.37065	3.97994	5.485887
4.731629	4.517568	4.688205	4.398148	5.05528	3.957401	4.785161	5.574501	4.791457	4.310906
5.327541	5.130881	4.477055	4.672451	4.366151	6.054103	4.988673	4.890135	5.325759	5.364274
4.97483	5.155252	4.417581	5.147039	6.012205	5.518215	4.965085	4.972137	5.638092	5.424547
5.051619	6.420617	5.247664	4.994795	5.034256	4.499875	5.041874	5.048926	4.545422	5.284863
5.155511	4.332054	5.067249	4.765284	5.421317	5.589599	4.281557	5.102656	4.976059	4.479539
5.745325	4.999281	4.542854	4.32208	4.906126	4.911618	4.339913	4.935394	5.913853	5.378026
3.892579	4.206697	5.293604	5.20994	5.31104	4.218922	4.897192	5.69771	4.830003	5.22773
5.381262	4.242779	5.06503	4.413364	4.432402	4.28726	4.972331	4.926339	5.462697	4.705907
5.052649	5.705778	5.76214	3.742574	5.561242	5.329979	5.042904	5.049956	5.112648	4.98199
3.880608	5.345898	4.956757	5.209423	4.922454	4.648402	4.207348	5.017071	5.02142	5.119124
5.44695	5.048182	5.195853	5.477598	5.172075	5.08989	4.612846	5.259713	5.85003	4.935814
5.385467	5.460732	5.278889	5.452554	5.361633	4.625412	4.743106	5.204657	4.259644	5.141282
5.394876	4.902424	5.491063	5.722172	5.993351	4.518469	5.477485	4.919765	4.510149	5.000452
5.2285	5.176268	5.506512	5.064269	5.616198	5.347606	4.325142	4.570412	4.319286	3.519972
5.061385	5.922342	4.659195	5.199272	4.528146	4.917208	5.07302	3.172547	5.21312	4.832727
5.21242	5.099319	5.340267	5.544451	4.84702	5.110266	4.065205	4.082522	5.229078	4.818547
5.315388	4.843634	4.315775	5.157866	4.051005	4.434923	5.410722	4.185854	5.74512	4.94883
5.477206	5.593297	5.229971	4.127687	4.367309	5.523821	5.251133	4.659173	4.239939	5.614866
5.039658	4.489597	4.28018	4.909524	4.313684	4.876303	5.029912	5.036965	5.102238	5.35926
4.985441	4.810185	5.140922	5.683207	4.447481	4.797079	4.975696	4.982748	4.633389	6.703861
5.808317	5.194226	4.029531	6.170272	4.495409	5.014944	4.233326	5.272839	5.302268	5.454915
4.68663	4.652609	5.206138	5.69407	5.040991	4.59899	5.116766	5.287178	5.290964	4.53915
4.20201	4.92171	6.000776	5.808529	5.310448	5.260079	5.521651	5.630236	5.05829	4.809004
5.578001	4.808393	5.126519	4.406487	4.898942	4.668712	5.460096	4.867207	4.808782	5.228766
4.750212	5.000386	5.016212	4.7335	4.210016	4.69564	5.046201	5.336086	5.105347	4.131084
5.797896	4.828923	5.396589	4.279339	5.524418	5.119281	4.851136	5.743709	4.954576	5.422626
5.078753	5.86384	4.85386	4.67353	6.581697	5.251898	4.61242	4.656363	4.742297	4.850364
5.819061	4.739575	5.379322	6.548225	4.593256	5.006922	5.033042	4.12884	5.230406	4.210324
5.046434	5.035555	5.085704	4.687698	5.724908	5.288211	5.036689	5.043741	5.221114	4.915521
4.889907	5.203576	3.568851	4.554398	4.848779	4.375218	4.407783	5.053905	4.82898	4.797126
4.337685	6.042124	5.197975	5.350025	4.206642	4.448926	4.548413	5.892127	5.15416	5.610436
4.923709	4.221737	4.162123	5.119284	5.096063	5.003514	5.457718	4.211283	4.829709	5.714965
5.009367	4.582401	4.745767	5.326712	5.119749	4.879075	4.999622	5.006674	5.303454	4.568495
5.503268	5.742771	4.759193	5.144435	5.938794	5.634055	5.366019	4.549661	4.271366	4.656308
4.390852	4.852557	4.612901	4.293218	6.0546	5.998199	3.483315	5.517876	4.897182	4.43319
4.86339	4.515985	5.092861	4.928318	4.497266	4.497376	6.174032	4.347267	4.919999	5.47373
5.073806	4.616203	4.572555	5.266737	5.577106	5.505705	5.64801	5.287329	4.34436	4.88046
5.788463	4.476478	5.531938	5.200832	4.628557	4.127117	4.745577	5.421446	5.464382	5.307992
4.491695	5.285142	4.836236	6.310871	5.593486	4.856779	5.519007	5.125482	5.222574	4.152259
4.893469	4.781422	5.108829	4.907312	5.349308	5.543204	5.323672	4.750007	5.282296	4.767661
4.891545	4.684574	5.114032	4.962181	5.286736	4.738605	5.382148	3.536783	4.578361	3.987352
4.831819	4.426924	4.127953	3.967695	4.768628	6.216033	5.606346	5.175143	5.676845	4.819127
4.969047	4.781176	4.49307	3.849174	5.029322	6.03018	4.787902	5.842656	5.632029	6.337863
4.960122	5.475573	5.509968	5.292891	4.974156	5.456362	4.589527	5.115553	5.344762	6.196079
