5.013895	4.453239	5.242895	5.075111	4.853574	5.126656	5.004149	5.011202	5.652546	4.767433
4.692316	3.935057	5.134129	5.248993	3.94855	5.270158	6.009424	5.639494	4.555369	5.246477
4.219825	4.853435	4.906295	5.590722	5.477934	4.655519	5.253798	6.162522	4.665988	5.212227
5.3888	5.278104	5.197531	4.743258	6.586279	4.943444	5.724495	5.549547	5.076313	4.652694
5.660621	4.583415	4.87781	4.581823	5.304151	3.993981	4.27812	5.518172	5.0427	5.183228
3.784591	3.713363	5.841236	5.484745	4.415224	4.984193	4.781497	4.500255	4.670044	4.712577
4.387301	3.901539	4.636088	5.90079	5.337888	4.952104	5.134171	5.332899	5.23844	4.419604
4.923788	4.823615	4.914661	3.893111	5.12568	5.596151	4.363692	4.361276	3.828075	5.276677
5.556367	4.608427	5.263706	4.951155	5.549653	3.884629	6.6685	5.459458	4.931064	4.811009
4.985942	4.878543	6.16313	5.200794	5.192807	5.886338	4.976197	4.983249	4.785437	4.875663
5.181491	4.867508	5.418032	4.581674	4.711641	5.326806	5.171746	5.178799	6.007135	5.144141
5.145308	5.423924	5.543247	5.23601	4.774401	6.039834	4.735516	5.711966	5.056621	5.18807
5.044197	4.099658	6.285563	4.152693	5.649203	5.448789	4.544734	4.327758	4.911556	4.419679
5.357307	4.26187	5.084788	4.60898	5.445383	4.896971	6.013666	3.886184	5.020804	4.733342
4.75007	4.578068	5.943299	5.474411	4.418727	4.888768	5.544831	4.591513	4.665809	4.35024
4.712497	5.90379	6.062347	4.448274	4.893012	4.601841	5.337885	5.093456	5.3822	4.026035
5.589565	5.069104	4.800202	5.340332	4.915643	4.703123	4.476686	5.264654	4.621108	4.803198
5.041068	4.501727	4.598481	5.19214	4.715732	4.842893	5.031322	5.038375	5.324804	5.390857
4.479749	4.350783	5.625065	4.865842	3.374226	4.944528	4.302876	4.545891	5.998085	5.505899
5.658364	4.685379	6.288718	4.168713	5.790132	5.620564	5.773549	5.121851	5.82865	5.915315
5.217528	5.383227	5.003026	4.413451	5.189803	4.248203	4.404449	4.354622	4.495406	5.492754
5.111575	3.893246	5.290625	4.588782	6.109018	4.493377	5.918852	5.593354	4.306606	4.766601
5.313863	5.856584	5.026125	4.967844	3.860879	5.424353	4.845027	4.808666	5.04618	4.092494
5.189038	4.987427	4.421445	4.475399	4.259275	4.973609	5.307343	4.995193	5.152819	5.08668
5.004969	5.59754	5.236902	4.797682	4.136323	5.491165	6.280036	4.289153	5.859882	4.999561
4.465281	3.806024	5.537539	4.986772	4.688633	4.585898	4.806851	5.458222	4.778755	5.867033
5.981304	4.99092	5.017243	4.969362	4.835441	5.183939	5.364684	5.730559	5.182726	3.963159
5.726635	3.992799	4.794912	5.735108	3.902915	5.119038	5.31475	4.916259	4.356726	4.836961
5.853781	3.843241	5.30979	4.508967	5.157024	4.965884	4.113914	4.530476	4.148807	4.21494
5.524374	4.481598	5.213912	4.47875	5.521018	4.315314	4.781674	4.96365	4.684029	4.618688
5.509082	5.555737	4.9839	3.844435	5.400336	5.441619	5.794815	3.919751	4.166325	4.831336
5.401737	4.923645	6.195177	5.234497	4.178119	4.891828	4.914789	4.601048	4.143193	4.261678
4.382757	5.557045	4.81379	5.524321	4.58338	4.811061	4.061937	5.16984	4.704329	4.858265
5.046315	5.473537	4.744533	5.134324	4.459397	5.866366	5.03657	5.043622	5.381115	5.24869
3.161186	5.217495	5.316726	4.223352	5.283808	4.800877	4.040666	4.60641	5.00462	5.107364
4.00114	5.238748	5.179436	5.420649	4.692752	5.81764	5.172308	5.815172	5.303898	5.158494
4.412799	3.986821	5.165577	5.136815	5.898495	5.188974	5.801769	6.0754	5.869444	5.243724
5.63715	5.872488	4.417476	4.662757	5.422685	4.280118	5.651626	5.260123	4.992807	4.332639
5.870204	5.512179	4.862063	4.300588	5.524982	4.466538	4.825128	5.67968	4.237885	4.86384
5.656238	3.866016	4.667183	5.937732	5.319259	5.517144	4.683032	5.318075	5.210835	5.000757
4.432642	5.959189	5.037037	4.964557	4.797839	5.085565	5.326842	4.414812	4.976696	4.880697
5.137901	5.515837	5.222291	5.356683	5.29188	5.379569	4.219986	5.58463	3.515263	5.127397
6.057588	5.385161	4.446846	4.741919	5.657407	6.474328	4.474813	4.44976	3.986776	6.001747
4.521777	5.180134	5.165608	5.33234	4.390384	5.443825	5.274411	5.568538	5.70086	3.832052
4.528657	4.923569	5.839472	5.67678	5.745509	5.255412	3.711375	5.307744	5.312417	5.221775
4.644478	4.564138	5.887002	4.485116	5.492779	4.963093	4.665908	5.514336	4.966108	4.822758
4.96245	5.869215	4.027832	4.582785	4.658242	4.944075	4.952705	4.959757	5.678082	4.612101
4.202037	5.096174	4.955485	4.932364	4.896786	5.668999	5.165935	5.555983	5.085237	4.391881
5.194859	5.899768	6.02425	5.037084	5.059891	4.898834	4.637672	5.151322	4.844584	5.310225
5.08545	5.495236	5.043511	4.967091	5.432902	5.054688	5.075705	5.082757	4.134887	4.794239
6.208774	5.418044	4.614551	5.127758	4.794835	5.116302	5.053872	5.075788	5.353194	4.869204
5.323649	4.993763	5.393621	5.41962	4.879002	4.455062	4.777758	5.194845	5.495084	6.08393
5.33765	4.374141	4.687101	4.428625	5.788494	4.35302	5.283239	5.369554	5.42867	4.60025
4.721161	5.309184	4.952288	5.272165	4.260154	4.021438	4.362582	5.521988	5.476447	5.820312
5.061969	5.032526	4.884975	4.98969	6.233492	5.163593	5.052224	5.059276	5.765772	4.244837
5.280295	4.3646	4.82362	4.631076	4.292034	4.283323	3.997118	4.704276	6.34258	5.117675
4.997252	5.435434	5.100754	4.968634	4.632918	5.550117	4.987507	4.994559	4.981372	5.576921
6.048931	5.299738	4.77794	4.113966	5.344289	5.086831	4.626632	4.745574	4.7342	5.167432
5.049459	4.959942	4.316689	4.821381	5.445611	4.303997	5.039714	5.046767	4.924788	3.825691
5.461501	5.013493	5.32559	5.077787	5.037098	5.296679	4.866675	4.966164	5.308381	4.89114
4.886519	5.704015	4.745773	4.691741	5.612849	4.742278	4.604377	5.160338	4.547016	4.90889
5.13746	5.226972	5.080949	5.507075	5.196639	4.695116	5.127715	5.134767	4.001496	5.303009
6.362082	4.003288	5.002756	5.446161	6.013238	4.440174	5.140882	5.370949	3.888506	5.491539
5.593418	5.508202	4.579351	4.724014	4.631433	4.221182	4.882904	3.776883	4.95006	3.634399
5.025319	5.837656	4.861343	4.538681	6.228986	4.16491	5.015574	5.022626	5.513276	4.459592
5.473814	4.780781	4.12599	5.068322	4.088525	4.318342	4.465762	4.741521	5.132489	4.638962
4.847363	5.81221	5.429329	4.160219	5.465794	4.899153	4.574018	5.106087	5.853999	4.958372
4.909712	5.805102	4.352773	4.547437	4.981893	4.405354	5.54256	4.338855	5.282667	5.451066
5.460786	6.592398	5.208782	5.432107	5.929059	4.730279	5.765308	5.247899	4.637585	4.768277
6.089644	4.8506	5.364276	5.213807	4.749388	4.781391	4.568879	5.064645	5.755852	5.221936
4.700488	5.195422	4.913627	4.14535	4.783148	4.758367	5.793642	4.851805	4.941092	4.493384
4.400233	5.541356	5.368195	5.153965	5.213734	5.055183	5.587018	3.485239	5.153776	4.830019
4.674807	4.935267	4.052809	5.504432	5.942779	5.454697	4.983093	3.708061	5.535723	4.69548
3.922628	5.515115	4.927469	6.021483	5.153929	6.232143	4.661286	5.408142	5.914238	4.234705
4.542314	5.146361	4.390411	5.956535	4.896462	4.708964	4.080521	5.062013	4.696689	5.701631
4.740282	4.585526	5.24582	4.612144	5.207367	5.228161	4.445638	6.486552	5.26305	4.731416
4.984114	4.350725	4.540602	4.397207	4.837266	5.972769	4.974369	4.981421	4.821264	4.164111
5.054677	5.045652	5.195061	5.34852	4.843658	5.23904	3.696773	4.934282	5.339728	4.482306
4.532609	5.131195	4.761369	4.524964	4.961238	4.34867	4.970015	4.922824	5.128985	4.698714
5.776212	4.514435	4.770452	5.144229	5.315634	4.94785	5.732131	5.554738	5.525205	5.444509
5.101571	5.434482	4.993358	5.18585	5.231275	4.931172	5.776666	5.251256	5.035783	5.963488
5.024837	4.567811	4.448793	4.716424	4.655066	4.316301	4.826675	5.249936	5.255602	5.834681
5.043403	4.053538	4.797575	4.358412	5.203919	6.417995	5.583395	4.1717	4.459142	4.903442
5.111095	4.794874	4.657169	5.377689	5.074356	4.541062	4.825111	4.586532	5.29781	5.578018
4.701952	5.292358	5.79247	4.992682	5.793439	4.499967	4.134486	5.251946	5.131499	5.394042
4.953742	5.716177	5.697555	4.582051	5.249409	5.888597	4.630672	5.785405	3.140489	4.350821
5.149692	5.365029	4.822797	5.921718	5.550263	5.297174	5.391347	4.746283	4.233107	5.904345
6.152184	5.529784	4.94869	5.759027	4.925911	5.923204	4.843688	5.104821	5.188625	5.645413
5.350238	5.326773	5.058117	5.446055	5.289648	5.089643	5.184898	4.876545	4.252793	4.57241
4.675578	4.883775	3.47714	4.597458	5.353467	4.604638	4.693882	4.31742	5.078202	4.866913
4.413153	5.515735	3.955529	4.766962	4.887236	4.675749	5.520311	4.292342	4.740627	5.679474
3.963407	5.45114	5.475402	4.331914	4.369063	5.384629	4.503449	5.099572	5.747331	5.68996
5.476452	5.092145	5.13656	5.18938	5.26732	4.656553	3.836928	5.369634	5.009522	5.187057
4.241358	5.364092	5.012832	5.204796	5.280233	4.723521	5.351964	4.916677	5.227679	4.721209
5.08773	5.255997	5.198332	5.042408	4.198544	4.745618	5.077985	5.085038	5.248266	5.191559
5.203335	4.038717	4.835775	5.621846	5.442735	4.832155	4.284951	4.528616	5.149289	4.368228
5.878343	4.970853	4.914883	3.903584	5.022377	5.580384	5.50223	4.842196	4.438102	5.036324
4.695704	4.336959	5.641714	5.98351	5.349265	3.596322	5.354252	4.756622	4.640277	4.748205
5.153975	6.148284	5.312828	4.279624	5.168491	4.504619	5.024196	5.36588	4.544086	4.551522
5.566447	5.251655	4.55258	5.042893	5.312386	5.110927	4.930182	4.6328	5.064596	5.263716
4.284885	5.164346	4.933609	4.19176	4.688801	5.127317	4.898544	5.044413	4.502485	4.239386
5.20395	4.737534	6.039558	5.021556	5.355009	4.490067	5.194205	5.201258	3.930374	4.7847
4.797307	4.671444	5.39972	6.666298	4.719975	5.374608	4.719378	4.376334	4.464524	4.275627
4.925971	5.67281	4.579078	5.310793	4.634552	5.366484	5.638204	4.869821	4.091519	4.424251
5.319627	5.970687	5.050563	4.690544	5.515958	5.018003	4.138356	4.471058	4.695236	4.505476
5.424713	6.407414	5.545845	5.35334	4.637662	5.821331	4.514623	3.866784	4.706306	5.473142
4.518788	4.672131	5.343013	5.188892	4.84256	4.31188	4.242877	3.800249	4.206384	4.991873
4.010746	4.683561	5.576336	5.173704	6.021306	5.889781	5.852013	4.885808	3.281525	5.194502
4.78844	4.398417	5.107903	5.287507	4.008766	4.509247	5.58687	5.298449	4.523746	4.798271
4.94032	6.397687	4.985377	4.397283	4.913281	6.168567	5.531838	4.338039	5.097332	4.903659
5.212346	5.592723	5.355735	4.224133	4.22525	4.989269	4.533595	3.972279	4.884869	5.283876
6.344117	4.616728	6.217077	5.622535	5.54179	4.186843	4.715904	4.424603	4.100159	4.332602
5.023998	5.65725	5.268751	4.657992	5.763382	5.796957	4.457562	5.286645	4.879012	5.032588
5.180082	5.399176	4.887561	4.897408	4.861411	5.186011	5.796647	5.310192	5.115658	4.413035
5.740284	5.583239	5.150668	4.725443	4.337009	5.289016	4.36252	4.962286	4.860336	4.972724
4.971321	5.229242	4.50849	5.066667	5.051931	5.594134	5.391024	5.129338	5.053501	4.649992
5.072249	5.229678	4.417081	5.779268	5.315005	5.596011	5.109387	5.12956	5.171185	5.417762
4.285891	4.576461	5.025221	5.219555	4.597696	4.93795	4.53885	5.465143	5.063448	4.81872
4.600135	4.136661	4.800556	5.056745	4.70577	5.183778	4.306139	5.090686	4.037817	4.846272
5.078072	4.76485	5.90045	4.255967	4.540606	4.055799	5.068327	5.075379	4.943556	5.176059
5.176474	5.136518	4.947406	6.39697	5.812758	4.226958	5.166728	5.173781	5.242594	4.881226
5.32395	4.801257	4.910845	5.742946	5.044263	5.267846	3.981572	5.234866	4.635284	5.995478
5.099593	4.46094	4.773841	5.659478	4.317213	5.43018	5.089848	5.0969	4.900133	6.057941
5.135814	4.886683	4.453931	5.503278	5.328989	4.641334	5.126069	5.133121	5.712106	4.563834
4.635198	4.589808	4.492617	3.720334	5.186925	4.337134	4.743891	4.930109	4.463211	5.002013
5.233932	5.000944	4.869607	5.062018	4.248202	5.05407	5.812323	5.054624	5.849759	4.700148
5.316895	6.201009	5.726971	5.047937	5.116249	4.848562	5.550512	5.271855	4.623883	4.913946
4.614371	4.97588	5.02817	5.157294	5.132912	4.412466	4.5541	5.086108	4.695081	4.738294
4.611688	5.730969	6.079934	5.171506	5.212285	4.322638	6.353452	5.874132	5.278395	4.657322
4.830491	4.34739	4.872052	4.745168	4.91789	5.600052	5.70578	5.43013	5.356092	4.582328
5.481717	4.267218	5.495339	5.166587	4.818701	4.669352	5.378869	5.099885	5.462742	5.46139
5.155467	5.226406	4.160946	4.461993	4.865631	5.379798	5.145721	5.152774	4.820098	5.143601
3.978106	4.47248	4.922116	4.374417	4.904757	5.456975	5.958505	5.376977	4.778182	5.381127
5.103612	5.464273	5.562338	5.258494	4.861157	5.848847	4.668717	4.652156	5.356073	4.641406
5.47932	4.330954	4.117932	4.615448	5.163019	5.198773	5.469573	3.821457	5.097204	4.767105
5.297807	5.016402	4.867356	4.435744	5.032031	4.020385	4.592407	5.554705	5.847308	5.452182
4.47182	6.261337	5.557615	4.848597	5.820306	5.486799	5.031563	6.088019	5.519261	5.131694
5.015423	5.548854	5.397258	4.560607	5.111236	5.400355	5.450139	4.329034	5.228734	5.799129
5.0726	4.756299	5.335674	5.40897	4.668805	5.155881	4.556921	4.359244	4.711779	4.747355
4.983926	5.165359	5.066392	5.314927	5.882427	5.015744	4.974181	4.981233	5.59508	5.417088
4.768101	4.367649	5.403081	5.796223	4.296108	5.017819	5.079304	4.621639	4.746002	5.270391
5.462057	5.316285	5.10942	5.362366	5.833626	5.407506	5.252286	4.787358	4.687353	4.539344
5.417867	5.279268	4.691474	5.242122	4.474924	5.002324	5.277563	5.010208	4.409812	5.101434
4.950294	5.124029	6.258232	5.507467	4.371172	5.364368	4.797305	4.906426	4.526022	4.702015
4.510366	5.495487	5.517052	5.161399	4.062163	4.697188	4.520416	4.555056	4.95364	4.452519
5.410815	4.616388	4.977781	4.076127	5.330076	6.532704	5.542846	5.277152	3.650418	4.675371
5.034073	6.436081	4.522787	5.920073	4.669868	5.003397	5.024328	5.031381	4.617972	6.009144
4.72678	5.535256	6.349057	4.149629	5.194383	5.172043	5.074694	4.654489	4.60234	5.03576
4.607095	4.57574	5.393564	3.590123	4.507651	4.626107	5.193701	5.242313	4.764182	5.431084
4.643808	5.761495	4.803316	5.503267	6.374779	4.740102	5.567105	5.76994	4.767438	5.271181
5.017361	5.717757	4.556334	5.378124	4.588299	5.929904	4.993372	4.992252	4.756477	4.653921
5.928565	5.167707	5.899779	4.883949	4.971611	4.01509	4.866343	5.455924	4.584457	4.811192
4.933602	4.906559	4.257557	4.56696	4.553297	4.895036	4.892742	4.559805	4.760888	4.832558
5.093156	4.454922	6.253748	5.077274	5.082601	4.979259	5.083411	5.090463	4.943572	5.270912
5.305569	5.303102	5.438429	4.192599	5.275393	3.884799	4.925816	5.279936	4.272285	5.405651
4.280572	5.346155	5.164677	5.354514	5.290633	4.29707	4.777557	4.967768	5.58297	4.625434
5.54061	5.547156	5.210854	4.639637	4.685604	5.07896	4.030168	5.021935	5.084274	4.993118
4.739657	5.029448	5.797298	4.789087	4.999864	4.453487	6.351905	4.940376	3.974059	5.661073
4.99847	5.409064	4.585911	4.477345	6.081697	5.510756	4.988725	4.995778	4.780549	4.771847
5.075259	5.616289	4.499393	5.290164	5.650378	5.36415	5.065514	5.072567	5.347517	5.386237
4.264668	5.094226	4.826449	4.164817	4.671259	3.517473	5.153478	4.728317	6.217521	4.841473
5.005525	4.891444	6.046444	4.785827	4.68397	5.202277	5.054852	4.558781	4.918861	5.453099
5.573366	4.751341	4.904637	4.855631	4.233927	4.182905	6.094165	5.041084	4.153702	5.19837
4.861638	4.678667	5.32118	4.828628	5.467467	3.629824	5.143277	4.686779	5.680853	4.931262
5.076289	6.297001	4.064329	4.372074	5.317782	5.174705	5.066544	5.073596	5.947858	5.130958
4.039552	5.114066	4.981637	5.025119	5.194267	5.210466	4.994852	4.663274	3.169144	5.602505
4.915666	4.687567	4.94083	5.557441	4.686691	5.344454	5.472237	5.090127	4.619907	5.411548
5.254856	5.378008	5.173481	4.899237	3.865596	5.281951	4.741326	5.353794	5.001578	5.4833
5.044652	5.139733	4.748883	3.842856	5.007651	4.220821	5.147673	4.766051	4.647694	5.390749
5.165522	5.501678	4.669919	5.748602	4.848248	4.75312	5.726381	4.823597	4.454057	5.376862
5.770743	5.063433	4.843762	5.328376	5.678257	4.711782	6.273309	4.371264	4.700594	5.739549
4.468824	4.531532	5.409182	6.652346	5.347466	4.340152	4.976368	5.125434	5.306798	5.558333
5.602061	5.496365	4.775278	4.827101	5.347129	3.765844	4.772952	5.112471	5.074075	5.357691
6.179476	4.763202	4.907142	5.39081	4.704482	6.518925	4.959503	5.523391	5.064027	5.091238
5.063298	4.746075	4.552086	4.409749	5.245653	3.796275	5.053553	5.060605	5.913629	3.970645
5.009081	4.42657	4.696976	4.52718	5.071575	4.310932	4.999336	5.006388	5.307089	4.475993
5.044478	4.945931	5.237641	4.813749	3.503078	5.732104	4.737607	4.796196	4.443333	5.247848
4.402992	5.105165	4.993756	5.225977	4.529389	5.384333	5.607978	4.747533	5.721072	4.730471
4.71416	4.17344	4.347445	4.41709	4.283639	5.108543	5.305209	4.969784	5.322845	5.405204
4.714096	4.773229	5.485335	5.431689	5.554935	4.628119	4.019974	5.19669	5.853579	5.03779
4.762194	4.185005	5.282658	4.815283	5.24865	5.52254	4.373146	5.0111	4.067005	5.762452
4.691635	4.31431	4.216232	6.282488	4.024816	5.223863	4.6279	5.495857	5.476336	4.762127
5.376295	4.607522	5.64573	5.421852	5.759092	5.574007	5.45372	4.658742	5.525639	5.065161
3.66483	5.769053	4.977055	4.201814	5.451595	5.233167	5.249382	4.592625	5.661195	5.335536
5.070074	5.20281	4.438537	4.431457	4.323176	4.696929	5.060329	5.067381	6.05472	4.879824
4.670865	5.974756	5.86621	3.511467	5.194757	5.417162	5.039546	5.350152	5.415002	4.98243
4.562497	4.67194	5.535887	4.804446	5.403868	5.48533	5.309303	4.431206	4.533967	5.532537
5.517628	5.677581	5.124595	5.033521	4.473144	5.283461	6.152519	5.525815	5.109758	6.125805
5.033007	5.054829	5.879465	4.651404	4.916797	6.117887	5.023262	5.030314	4.269126	4.556952
4.727089	4.741068	4.744203	5.210907	5.634481	4.41323	5.046478	5.053435	5.419544	5.002371
5.23335	5.107975	4.956333	5.380208	5.833558	6.314299	5.157935	4.355821	4.268315	5.051057
4.344574	4.890742	4.917892	5.360559	5.33881	4.98899	4.543206	4.806959	5.777064	4.895949
4.696182	4.744208	5.496002	4.290232	5.503909	4.740159	5.687774	3.888161	5.521473	4.842498
4.336499	4.688775	3.959163	4.723995	4.121746	5.005423	5.59623	5.259293	5.775072	4.738247
4.516495	4.793375	4.457381	5.246671	5.061324	4.8647	5.543086	4.812843	5.439666	4.221685
5.156118	5.686258	5.142574	4.741778	5.358835	4.156154	5.166181	5.508784	4.979976	5.360606
5.526438	4.475577	5.192222	4.997981	5.040723	4.686872	5.111198	5.07179	5.805075	4.843219
5.587142	4.783713	5.290277	4.487082	4.849758	5.339854	4.101963	5.684479	5.981204	5.272595
4.66635	5.574265	4.727291	5.588555	4.737136	5.451919	4.478547	4.634327	5.244911	5.474082
5.749752	4.723898	5.003967	5.223017	5.849161	4.961226	5.348531	4.619312	5.922103	5.55429
