4.754968	5.024068	4.473239	5.269238	5.465928	4.755015	3.946969	5.663873	5.268413	4.475478
5.345015	5.762475	5.056201	3.985155	4.616574	6.059981	5.898377	5.582945	4.345778	5.326946
4.987967	5.840192	5.686142	5.361809	5.324379	5.456874	4.601892	5.5939	6.083928	5.094633
5.507001	3.709791	5.218602	5.945058	4.229442	5.205235	4.733046	5.143991	5.066494	4.869395
4.789742	5.572149	4.03012	5.374843	5.351586	5.627161	4.707793	4.642487	4.961209	3.557991
4.551443	4.075583	5.790253	5.590144	4.87997	5.120168	4.926149	4.612735	4.517993	4.82218
5.261255	4.682634	5.115283	6.034905	5.037808	5.483586	4.805243	4.955893	5.524603	3.912024
4.806998	4.076467	6.336484	5.571103	5.407539	4.488246	5.721648	4.608296	4.458868	4.981945
5.971188	4.954839	4.939206	5.371649	6.34894	5.441572	5.540255	5.457025	5.253878	4.660735
5.281835	4.739572	5.392631	6.129807	5.493289	5.605354	4.976833	5.444525	5.480245	5.077593
6.075904	5.687503	5.906739	4.417352	4.834089	3.96512	6.016664	4.730804	5.628387	5.520295
4.832272	5.578667	5.737469	5.002605	5.227281	5.035461	4.354403	4.187628	4.817805	5.057767
4.402369	4.581115	4.131669	5.133095	4.638461	4.973531	5.668225	4.930325	5.503462	5.428277
5.271843	5.961575	5.811111	5.504759	5.505487	5.359464	5.080839	5.556952	5.332785	3.987806
4.602513	4.86731	5.2493	4.91803	4.847504	5.99709	3.823116	4.975268	4.777699	5.967754
4.049264	5.768206	5.662983	4.641139	4.464928	4.558183	4.632669	4.921845	6.353869	5.335634
4.766349	4.963368	5.636386	4.990589	5.032627	5.491285	4.774228	5.535887	4.995452	5.190254
5.343297	4.523384	5.067024	5.431743	5.193249	4.89618	5.864473	3.807524	5.165372	5.895831
5.254598	5.399792	4.083031	5.829778	5.144176	4.644632	4.750103	5.199593	4.71969	5.226212
5.512395	5.933625	4.579177	5.002823	5.044861	5.939836	4.658909	5.641497	5.007686	5.275242
4.880374	5.305784	5.275337	4.693445	5.568193	4.341196	4.291765	6.356445	5.013304	5.164727
4.401674	4.871284	4.843309	4.606624	4.252961	6.050889	4.668462	5.245277	5.195446	4.563808
4.547146	5.320209	4.402377	5.124471	5.162747	5.263611	4.536388	5.584997	3.664894	4.355775
5.36645	5.60791	4.572624	5.458016	5.288714	4.361163	5.063243	4.72799	4.481558	4.845054
5.345414	4.354207	4.622255	5.109263	5.668432	5.161726	5.36695	5.392781	4.208878	5.393302
4.592185	5.159764	5.780149	5.072112	5.056036	5.270994	5.190453	5.661653	4.753872	4.147713
4.966155	5.24267	5.086059	5.219873	5.255039	5.358622	4.568465	4.855933	4.927368	5.471366
4.754584	4.215495	4.954462	4.362363	4.540726	5.409214	5.349138	5.476302	6.085585	3.624116
4.529499	4.574499	4.610935	5.4292	4.708966	4.549326	5.744075	5.158187	5.656035	4.276259
5.093353	5.542276	4.229938	4.963583	5.005621	5.739268	5.160841	4.762006	4.968446	4.928875
4.93743	5.107656	5.060325	4.954931	5.70962	5.337412	5.197666	4.887716	4.811982	4.646296
5.380237	5.017098	5.716647	5.049034	4.964224	5.744655	5.469209	4.80115	4.73508	5.41734
5.41845	4.719875	5.200874	4.564572	6.106449	4.874678	5.477839	4.423922	5.209566	5.4569
4.806348	5.456514	3.961692	5.499075	5.897508	4.720213	4.52492	5.13558	4.699277	5.32947
5.17794	4.771567	6.038669	4.870807	4.912845	4.51931	4.862612	4.202451	4.87567	5.654928
4.360492	5.133934	5.027946	5.027841	5.133189	5.056901	5.179703	4.605918	5.385586	5.753859
4.812806	4.364817	4.527946	4.736308	4.502885	5.711518	6.074047	5.001869	4.713116	5.378964
4.799619	5.086949	4.934251	4.703652	5.941335	5.715676	4.585695	3.902637	5.90184	5.005353
4.256995	5.151647	5.136984	4.968061	5.010099	4.436074	4.717687	5.198501	4.972924	5.97378
5.220089	4.354517	5.117669	4.872546	4.914584	4.82293	5.189569	6.055181	4.877409	4.456188
5.340797	4.831273	4.728076	5.528927	4.639556	6.222246	4.919446	4.982393	5.064032	5.100225
5.989726	4.242887	4.500898	4.917129	4.755159	4.83824	4.730296	5.286671	4.946521	3.950635
6.21183	4.793715	4.411929	5.048087	4.614317	5.24475	5.039909	6.543419	6.395074	4.583593
5.590702	4.851609	4.734986	4.957441	5.13421	5.578372	4.648268	6.15735	5.349185	4.538306
4.434343	5.245051	4.386039	4.826111	4.884714	4.173767	5.119008	4.599366	4.279445	5.844399
4.746634	4.768264	5.330537	5.748425	4.836343	3.963428	5.948541	4.528849	5.66619	4.525673
4.789687	5.063854	4.993539	5.233461	4.613324	4.884641	5.169055	5.506206	5.716649	5.627436
4.331703	6.434743	5.448102	5.009354	5.051392	5.252298	5.614291	5.860715	5.014216	4.748955
4.928093	4.815638	4.643471	5.679561	5.822321	5.820204	4.3995	5.131767	4.918211	4.292903
5.441771	5.136909	5.267506	4.86652	5.481421	3.937646	5.401282	5.420497	5.041054	4.295494
5.39785	5.003955	4.920866	4.642132	5.048419	3.987373	5.243421	3.909367	6.126776	4.850097
4.870006	5.96363	4.939433	5.015043	4.317577	4.971896	5.349005	4.972666	4.056146	5.013618
4.336312	4.576776	4.477517	4.101772	5.338034	4.751809	4.999298	5.843216	4.249214	5.591361
6.138397	5.682813	5.077104	4.873575	4.915613	5.158571	4.762961	4.483825	4.878438	5.38602
5.354471	5.498592	5.209276	4.300391	4.015996	4.871089	4.599881	5.379535	4.564854	5.634633
4.647944	5.230014	4.15562	5.584222	5.007794	5.433452	5.408127	4.46448	5.118021	4.805978
5.377075	4.6175	5.147199	5.776489	6.250123	5.117611	6.629655	4.246933	5.568284	4.627897
4.651789	5.181346	4.981621	5.067634	5.109672	5.081785	4.335731	5.509879	5.072497	4.928668
4.844907	6.277798	6.005843	5.48771	5.316863	4.550365	4.862731	5.204202	6.221932	5.080292
5.777544	5.103942	5.15936	5.366164	4.525627	4.974532	4.957729	4.882037	4.104347	3.771755
4.791878	3.701942	4.762007	3.745206	5.058596	4.950091	5.530594	5.611508	4.712264	5.038458
5.12951	6.183029	6.302582	4.986587	5.688409	5.388594	4.331293	5.302135	4.779797	4.867077
5.281606	5.268399	5.660568	5.154036	4.52232	5.176908	4.523404	4.088196	5.790843	4.963404
5.211909	4.765831	4.925972	5.027915	5.119411	5.73725	4.559691	4.495903	5.816407	4.291454
4.916239	5.356153	4.633916	5.20404	5.408485	5.190705	4.329019	5.880521	4.705859	5.031721
5.642055	4.625671	4.315375	4.423378	4.883446	5.322977	4.02024	5.945595	4.103652	4.987427
4.448728	3.343472	4.197577	4.720818	5.222348	5.104779	4.642213	5.438886	4.796976	5.207061
5.175198	5.402235	4.851777	4.335332	5.466008	4.628125	5.364447	4.830238	4.095077	5.446452
5.216932	4.482956	4.939898	5.057673	4.917467	5.721677	5.01836	5.657409	5.381188	4.554162
3.178629	5.598407	4.96849	4.24468	5.313415	4.707788	5.441748	4.630495	5.786368	4.49082
5.59369	4.8316	5.114147	5.011898	5.100809	4.989681	4.93583	6.544804	5.763996	5.231816
5.430572	4.884753	5.206028	5.409721	4.742905	5.560951	5.046029	5.755496	5.611419	5.233662
4.171878	5.745068	5.01041	5.232945	4.630263	5.809139	5.654113	5.432801	4.880497	5.502894
4.790609	4.03854	5.601122	4.650122	4.312157	5.242831	4.317362	5.520836	5.237944	4.890264
5.20108	4.031819	5.25148	4.961763	5.003801	4.766614	5.099241	5.285973	4.966626	5.306415
4.529969	3.823194	4.697444	5.380142	5.479206	5.244299	4.836997	5.141907	4.23164	5.86297
5.71385	5.229139	5.158383	5.122328	5.343688	4.208194	5.484619	4.784671	5.261362	5.144595
4.953166	4.857412	5.786836	5.231286	4.374284	4.683126	5.21755	5.555128	4.898104	5.57066
4.378345	5.506273	4.782895	4.828258	4.146286	4.951749	5.037941	5.284636	4.90275	4.658226
4.664658	3.930962	4.879124	4.25377	5.381184	5.200739	4.960283	5.095237	5.151382	5.556991
5.400688	4.281327	4.984016	4.598073	5.003811	5.148002	3.742174	5.356186	4.883726	4.755027
4.334732	4.677891	6.096298	4.826376	4.35114	5.572829	4.865361	4.827321	5.928058	4.311911
4.408979	4.468483	4.993894	4.663813	5.091079	4.820179	4.894941	4.77551	4.511701	4.813527
5.076202	5.351474	3.954512	5.084243	4.379475	5.663722	5.102359	5.66014	4.803987	5.531861
5.079502	4.667556	4.861047	4.98523	5.350755	4.466368	4.777967	4.88924	5.078581	3.784075
5.736529	5.113649	3.835222	4.422308	4.753853	4.876287	4.909996	6.251031	5.238583	4.657501
4.995459	4.999171	4.978328	4.662349	6.364144	5.292831	5.781089	3.907722	5.305175	5.621738
3.520257	6.506903	5.363775	5.383798	6.027823	5.107969	5.255365	5.196737	4.392049	5.991546
5.318174	4.687132	4.62735	4.902551	4.944589	5.064633	5.178367	4.971898	4.907413	4.621346
4.224586	5.029359	4.309783	4.55882	4.664749	4.230154	5.190084	4.745979	4.143056	5.517927
4.704009	4.412078	4.258004	4.240284	5.535663	4.618832	5.927878	4.93779	5.284814	4.902088
5.13955	4.838118	5.797678	5.335594	5.371342	4.594574	4.547945	5.001307	5.403483	3.991184
4.647207	5.546117	4.970002	4.806758	4.848796	4.973226	5.714674	5.652307	4.811621	5.130879
5.304751	4.805955	4.972175	3.939829	5.312434	6.378749	4.856576	4.384955	3.551555	5.897501
5.020459	4.413791	5.3249	5.587772	5.091517	3.69258	4.284101	4.822317	5.087698	4.982731
5.436109	4.590028	5.712093	5.595698	5.053761	4.553186	5.221815	5.487092	4.996151	4.298059
4.481696	4.551493	5.767715	6.124842	5.424469	4.056333	3.933676	4.405754	4.815138	5.128885
3.733839	4.688848	4.258405	4.793847	5.663204	4.827029	4.801132	4.465043	5.293295	4.620628
5.108917	5.140308	5.086606	4.150719	4.186147	5.016111	4.796815	5.071787	4.557334	4.646443
3.658	6.240798	4.090379	5.108143	4.944471	4.969897	4.888958	4.686177	4.829823	4.920352
5.650911	5.094099	4.919056	4.889977	4.932015	5.145601	4.275182	5.763554	4.89484	4.85821
3.791853	5.004525	5.053065	6.274535	5.754362	4.945879	4.75298	4.857805	5.83568	4.970848
4.708121	4.854712	5.396854	4.703235	4.933834	6.532386	5.30281	4.799798	5.30487	5.889555
4.610881	5.674449	5.187942	5.699603	4.994833	4.366536	5.972961	4.770329	5.156694	5.397854
4.335225	5.397513	4.769947	4.846397	5.137005	5.349308	5.013307	5.297536	6.31599	4.750287
5.247771	5.457078	5.960849	4.908605	4.950643	5.452015	5.421731	6.075385	4.913468	5.413541
5.382208	5.005867	4.796662	4.657413	4.532638	4.175927	4.539467	4.317536	4.708013	4.976554
4.975474	5.374511	4.874263	3.510967	5.241533	5.740087	4.29122	4.654303	5.363402	4.481456
4.690336	5.542367	5.087859	4.111492	4.750806	5.535569	4.585995	5.234604	5.015141	5.538935
5.842463	4.323623	5.683413	5.085508	4.066141	5.298878	4.41818	5.800227	5.431817	4.962524
4.832703	4.037356	5.125303	3.959033	4.841912	4.531805	4.088674	5.330477	4.718559	5.614663
4.750407	5.63091	4.416777	5.390894	4.487145	4.057335	5.323249	5.401834	5.124081	5.0318
5.29497	4.729804	4.597265	5.006947	5.048985	4.703391	4.836911	4.761362	5.011809	4.850961
5.123113	5.387034	4.547139	6.222218	5.475256	4.51252	5.403022	5.328884	4.776915	4.970954
3.999546	6.038214	5.424253	4.811237	3.710719	5.849899	5.441984	4.406645	5.257557	5.161821
5.121811	5.543763	6.560054	4.203719	4.656574	5.191738	5.046325	4.807132	4.91691	4.946478
5.313848	5.56948	4.942284	4.157975	5.329337	3.938665	5.849445	5.342992	4.869936	5.185089
5.194725	3.91674	5.279552	5.283765	5.333507	5.877155	4.457967	4.195815	5.491805	5.455091
5.095454	5.594242	4.967851	5.574934	4.670016	5.791786	4.823666	4.576203	4.608494	5.088415
4.98671	4.962165	5.261	5.29036	5.03363	5.137327	5.318289	4.640901	5.413947	3.949794
5.851539	4.782877	5.216387	4.801407	4.772838	4.290903	3.444715	5.646963	4.514512	4.965017
5.383568	5.131179	4.743829	5.488794	5.126079	4.384429	5.059892	4.89991	5.919722	5.366047
5.134787	4.6254	5.779006	4.86021	5.073306	4.649227	5.353967	6.007589	4.965619	5.14468
4.737567	5.118244	5.470823	5.625647	6.105159	5.074485	4.258525	5.742352	4.694099	4.980887
5.399939	5.30016	4.721013	5.579138	5.373325	5.419601	4.776824	5.422881	4.492407	5.197925
4.416375	5.093043	5.662136	4.70781	4.898187	3.928393	5.72826	5.646528	5.033067	5.186754
5.218917	3.858681	4.240762	4.93006	4.972098	5.385788	4.978559	3.418106	4.934923	4.690729
5.270265	4.530404	5.832857	4.51844	4.480935	4.906693	5.68208	5.530555	4.750484	4.959332
4.62971	5.28111	5.784552	4.533511	4.505147	5.095548	5.710161	5.034613	3.728342	5.105405
5.264644	4.835145	4.760166	5.46572	5.812621	4.944277	4.48597	4.919043	5.329987	5.676623
4.670126	5.21471	4.676874	4.465099	5.767445	4.959327	5.109274	4.602419	5.019278	5.20764
5.311905	5.584463	4.639868	4.710776	4.21093	5.15814	5.060333	5.079648	5.062681	5.656693
4.176944	4.76162	4.771933	4.89581	4.937848	5.830436	4.897161	5.211659	4.900673	5.77118
5.81457	4.819118	4.75447	4.874477	4.382465	5.26913	5.541076	4.875569	5.817835	5.175828
5.474432	4.42606	4.197065	4.781742	4.533802	4.438408	4.585624	4.50683	4.350622	4.246752
5.482244	4.464739	4.850606	4.403835	5.222567	4.690069	5.593208	5.089798	5.166458	4.177341
5.002851	4.993865	5.358257	4.992357	5.034395	3.601382	5.29645	4.131268	4.99722	4.72339
5.618667	4.825865	5.516098	5.112137	5.361494	4.919242	4.38057	5.091745	4.868456	4.914722
3.959236	5.43679	5.403792	5.434355	5.459535	4.861069	5.95662	5.273975	4.786382	5.209589
5.033942	5.363478	4.516897	5.488493	3.882093	4.839776	4.878223	4.860362	4.260847	4.315903
4.818221	5.356531	5.315983	5.077076	4.494546	4.587338	4.863875	5.705659	5.006063	3.850753
4.954552	6.077105	5.041994	4.78428	4.41465	5.353197	4.571287	5.130026	4.611222	5.160885
5.339226	6.256344	5.479761	4.445475	5.029825	5.846282	5.225216	5.104124	5.720107	4.333624
3.666333	4.15883	5.454938	5.392145	5.337266	5.666211	4.312072	5.245311	5.033725	4.009586
4.643209	4.822105	4.417195	4.816773	4.507238	4.804853	4.531791	5.438202	4.586258	5.486016
4.851125	5.279361	5.729353	5.03083	5.28089	4.845865	4.942846	4.703327	4.583817	4.686608
4.332106	4.697029	3.775937	4.578226	5.533413	5.004866	5.071107	4.852796	5.039445	4.599017
4.925226	5.66924	5.151466	5.371801	5.122545	4.289996	5.273103	4.809472	6.226173	4.898766
4.283023	4.735854	4.836627	4.91834	4.68104	5.240148	4.800973	4.157632	5.258086	5.499154
4.404293	3.816613	5.41939	5.324513	4.463114	6.028152	3.875081	5.002448	6.509765	4.691632
4.910535	6.263756	5.630718	4.898861	4.940899	4.939241	5.385659	5.135224	4.903724	5.020376
5.131871	5.010196	5.340271	5.476189	5.353056	4.998819	4.514601	4.60304	5.153712	4.905815
5.578516	4.995877	4.517122	4.510466	5.637229	5.986236	4.601218	5.559828	5.191977	5.059638
4.95793	4.388918	5.231931	4.863616	6.663591	4.912979	5.27505	4.232794	4.239669	5.196358
5.187552	4.604547	3.741378	5.006662	5.0487	4.107587	5.029193	5.376616	5.011525	5.335037
5.468425	4.38772	3.804531	4.700001	4.518189	5.326379	5.731832	5.235292	5.422567	5.511767
4.81742	4.499377	5.378068	3.770397	5.00996	5.59859	4.954043	5.718396	3.779874	4.678144
4.922667	4.621807	4.609098	5.65074	4.612699	5.45654	5.158195	4.804271	5.308764	5.064213
4.647636	5.806794	5.37259	5.760631	4.312117	4.03905	5.184363	4.928381	5.641176	5.315957
5.176742	5.483549	5.101671	5.549706	3.891103	5.011574	5.415831	5.071189	5.469128	4.396347
5.745539	4.91771	4.709192	4.953499	4.995537	5.14032	5.56976	5.034173	4.958362	4.137481
5.449743	5.128894	5.142707	4.656463	5.312883	5.012703	4.731959	4.535659	4.879777	5.915679
4.173645	6.012601	5.304478	5.080209	5.97046	6.555132	5.411068	5.376542	5.117598	5.621732
3.966546	6.378094	5.504165	5.027999	5.070037	5.705341	5.448024	4.639447	5.032862	5.35892
4.898717	4.1396	4.89844	5.328098	5.484569	5.211587	5.072445	3.918561	4.994222	5.898527
4.525443	4.690898	4.578065	4.803645	4.535391	4.934187	4.448692	5.38431	4.548156	5.481832
5.007977	6.543744	5.785876	5.171772	4.111615	4.481039	4.619987	5.674006	4.179067	5.518775
4.640379	4.945668	5.499296	4.851755	4.893793	4.48482	5.047677	5.618817	4.856618	4.076175
6.24816	4.491748	4.148287	5.049016	5.091054	4.531653	5.601012	4.801852	5.053879	4.840182
5.56421	4.475529	4.278775	5.645509	5.642523	4.562162	4.923263	5.380682	5.180986	4.624885
5.349768	6.103489	4.431611	5.099768	5.04907	5.207895	4.437178	4.744132	4.039402	4.908316
4.946582	3.974146	4.639612	5.517247	5.383648	4.998649	4.518193	4.83828	3.901085	4.824395
5.167286	5.17145	4.569364	4.36062	5.388611	5.465761	5.268884	5.214781	3.307406	4.513906
4.643553	5.404031	5.3898	5.380803	4.020316	5.107327	5.027764	5.052699	3.973924	4.511405
5.147317	5.08743	4.899162	3.896826	4.8226	4.789469	4.808153	5.358046	4.881045	4.25454
4.858958	4.127846	4.65418	4.479182	4.74526	5.315899	5.197176	4.611091	5.022231	5.584823
5.392838	5.405821	4.82492	5.141858	5.970087	4.855623	5.302103	6.43309	5.386886	5.765474
5.472537	4.806101	5.804333	5.168952	5.158355	4.620134	4.745659	4.770757	5.045517	4.83641
5.545686	4.010249	5.719817	4.557551	4.886724	5.156981	4.469701	4.914916	5.401065	4.563503
4.537284	5.509452	5.691899	4.000211	5.044569	4.352631	5.549516	4.758864	4.67539	4.950067
5.098176	5.31961	4.450073	4.894614	4.936652	4.147259	4.921383	5.088465	4.899477	5.573788
5.448013	5.195235	5.346501	4.909711	4.951749	5.300562	5.271205	4.510088	4.914574	6.026323
5.397534	5.385279	5.731483	4.884183	4.926221	4.537368	5.043651	5.74379	4.889046	5.03715
4.186078	4.537359	5.082606	3.641659	4.462618	4.911013	5.881362	5.366896	4.497759	5.934125
5.514181	4.145549	3.815509	5.296417	4.504267	5.398654	5.815841	3.788877	4.586814	5.248627
4.90336	5.712757	5.136253	5.588581	4.821808	5.184058	4.462906	6.184536	5.394535	4.929501
4.647074	4.803469	5.762625	4.466321	4.847903	4.303261	5.885526	4.481366	4.976064	5.539628
5.247973	6.130916	5.689957	4.975502	5.01754	4.83908	4.514828	4.186983	4.980365	4.652856
5.46785	4.599797	4.770749	5.721185	4.535376	5.152544	4.950731	5.231493	4.284732	4.35519
5.241716	5.023453	4.248732	5.025327	5.067365	4.366276	4.974068	4.351116	5.03019	4.750813
4.507463	4.406128	4.365417	4.886411	5.3805	4.103626	4.954209	4.657022	3.908633	4.86078
4.851044	5.72898	4.208118	5.520575	5.577171	5.000337	5.649435	5.118836	4.815536	5.536798
5.390807	4.673999	4.378874	4.38509	5.28647	5.112924	4.203327	5.282257	4.922749	5.107701
4.022233	4.759753	4.969012	5.02403	5.066068	5.718197	5.908392	4.366691	5.028893	5.480184
4.462536	4.849013	4.684674	5.340145	4.970944	4.103647	4.921743	5.414208	5.452345	5.265806
5.730533	5.142552	4.696667	5.595708	5.56325	5.152561	5.294366	4.942427	5.795884	5.189212
4.731611	5.033544	4.640395	5.285404	3.935146	4.853575	4.498254	5.173701	5.083422	4.110166
5.718568	5.442556	6.190901	4.713699	5.643571	5.986756	4.35389	4.985026	4.960809	4.562347
4.891173	5.152773	5.195999	4.597188	5.804565	4.63602	4.467918	5.730889	5.356627	4.518307
4.883896	5.039807	4.109829	5.245405	4.851781	5.504766	4.748264	4.969747	5.613535	6.049676
