4.779126	4.700662	4.18513	5.008131	4.341144	5.381844	4.497699	5.644247	4.907628	5.154674
5.577967	4.13054	5.150062	4.666147	4.849422	5.065452	5.20163	4.762225	4.679139	5.445374
5.181328	5.646526	5.140586	4.681954	4.52819	4.771271	5.418671	5.479835	5.048261	4.685479
4.82809	4.395385	5.108287	5.355686	5.100509	5.48096	5.828717	3.833757	4.91294	4.790567
4.887969	5.115002	5.001907	4.393055	4.818219	4.225128	5.247842	4.442041	4.945452	5.169333
5.340403	5.539403	4.784931	4.753623	4.667616	4.881462	4.392779	5.775255	5.973752	4.798825
5.511605	4.798481	4.791863	5.649897	5.202582	5.146376	5.434325	5.328162	5.745694	4.248638
5.269061	5.278972	5.121505	4.681482	5.848728	5.371693	5.18717	5.170607	5.670394	4.918513
3.693073	5.318147	5.037036	3.828774	3.960045	5.365807	4.888037	5.244756	4.550209	4.256706
5.365076	5.038604	4.243574	4.590184	4.989121	5.071419	4.694356	3.94193	5.011839	4.997903
5.4056	5.12465	4.111816	5.484398	4.424471	5.928147	4.588588	4.342081	5.075513	5.766201
4.460299	4.218451	4.988412	4.676185	4.470734	5.061071	5.033274	4.922075	5.037986	4.840837
4.522697	4.497625	6.022434	5.793695	4.843641	5.48708	5.703992	5.229403	4.719546	5.419968
4.349752	5.96014	4.461586	4.774874	5.305125	4.6766	5.517698	4.914538	5.572885	4.636539
4.420047	4.942152	5.143564	5.14788	4.365095	5.049723	5.983067	5.229035	4.715928	5.360637
5.328738	5.397399	6.888652	4.954055	5.088196	5.321743	4.545397	4.877734	4.548754	5.306063
4.938835	4.384028	4.781233	5.870822	5.113221	5.287224	3.886052	6.057686	4.678422	4.938737
5.769598	4.844305	5.601984	5.261854	4.822377	4.627705	5.8176	5.659046	5.237355	5.766009
4.164444	4.019378	4.939878	5.491853	4.938699	4.260329	5.601476	5.000013	4.714151	5.044626
5.266617	4.212059	4.530154	5.427404	4.897381	4.880941	5.99142	4.688211	5.165411	4.734559
4.774689	4.519743	5.477843	5.12325	5.710641	4.804236	5.668805	5.025177	5.076376	4.919398
6.262526	6.199505	4.69375	5.018562	4.021395	5.222849	5.060578	5.136882	4.336517	5.40752
4.141728	5.243174	4.855953	4.279107	4.992515	4.635038	5.198112	4.982388	5.472943	5.010741
5.159537	4.435238	5.292355	5.004205	5.223922	4.859478	5.549176	4.796275	4.803951	5.059277
5.660707	5.100207	4.038773	5.323431	5.369466	3.819421	4.631145	4.802336	4.764497	6.027461
5.120147	5.257936	5.585889	5.499423	5.80882	4.687673	4.517163	6.024234	5.395153	5.273998
5.315866	5.186393	5.120973	5.050932	5.156439	4.265244	4.686612	5.025629	4.696357	4.764486
4.443377	5.025333	4.429589	5.751745	5.211452	5.43781	5.154758	5.078084	4.673797	5.491158
4.091468	4.155109	5.410992	4.359727	5.546449	5.044034	4.199344	5.307738	4.955091	5.418255
5.671753	6.084297	4.475767	5.013313	4.400253	4.682646	5.884195	4.616448	4.788301	4.200204
5.19649	5.299855	5.146632	4.238772	4.229836	4.339087	5.235916	4.64094	4.106023	4.1756
5.225919	5.340781	5.068256	5.562322	5.08486	4.29763	4.293257	5.604903	3.849433	3.923522
4.222684	5.000574	4.983538	5.12642	4.533176	5.829102	5.901679	6.745627	5.217779	4.419672
4.533856	5.860438	4.538674	5.330482	4.803936	6.403579	4.621692	4.234565	5.281476	4.224854
4.163696	4.82879	5.071221	4.80451	4.84115	4.873702	5.367439	5.464914	5.389203	4.179024
5.71522	5.422335	6.131012	4.961013	4.161881	5.587713	5.181622	5.62466	4.862417	4.01097
5.634168	4.858093	4.967084	5.032609	5.009425	6.332546	5.047059	6.038997	5.552063	5.378178
4.876689	6.296654	5.619882	5.278375	5.316225	4.764639	5.146351	4.480456	4.345215	5.013974
5.02903	6.266798	5.143328	4.708597	5.849897	5.97486	4.899849	5.140475	4.171642	5.705992
4.518236	4.668651	4.737089	4.996465	5.883745	4.607538	5.709766	4.902153	3.715829	4.760778
4.990737	4.183962	5.521003	4.213538	5.511904	4.413326	5.699108	5.277192	4.521956	4.724909
5.206674	4.874749	4.878145	4.462555	4.817575	5.288019	5.156525	4.623713	5.109483	5.814357
4.272057	5.590479	5.976096	4.878281	5.099989	5.356	5.029777	4.210258	5.886668	4.869342
4.476897	4.407178	4.548317	4.91432	4.328403	5.497174	5.214922	5.317306	5.122117	4.715774
5.412525	4.677504	5.330123	5.139715	4.933093	4.609129	5.009649	4.973233	4.925324	5.817741
5.75646	5.147857	4.421988	4.516546	4.204151	5.987421	4.02756	4.958815	5.774533	5.486812
5.925794	5.034698	5.42021	5.748172	4.685295	4.617133	4.526012	4.845558	5.709181	4.814507
5.237983	5.179346	4.96558	5.667631	5.112748	4.138439	5.036447	5.058855	6.15773	5.515291
5.329328	4.922822	5.355778	5.217148	5.951998	4.007163	5.267498	4.949099	5.639205	4.88557
5.715435	5.316626	5.141329	5.499281	4.960657	4.071004	4.796275	5.077837	5.360978	5.201883
4.645192	5.823436	5.399354	5.352071	4.437245	4.463878	4.801898	4.950641	5.053824	5.646896
4.192106	5.980101	5.052622	5.309544	5.68003	5.71267	4.965279	5.52603	4.706207	4.947861
4.714914	6.319387	4.366452	5.440652	5.342268	5.204822	5.445794	5.688414	5.242691	4.059613
5.225018	4.274734	5.556775	4.820793	4.851985	5.447326	4.111531	5.283673	4.684246	4.656782
4.515584	5.538909	5.056057	4.461774	4.37378	4.863144	5.005028	4.703515	5.078303	5.889221
4.396019	4.85179	5.166922	4.505457	4.52524	5.539358	5.372862	5.013609	5.010357	5.104101
5.100214	4.215481	4.822987	4.059985	5.233267	4.950055	4.948507	5.606378	4.334434	4.991883
5.184889	5.268559	5.497459	5.327262	5.823419	5.389422	4.110255	5.230206	5.336516	5.173322
5.454626	4.749022	5.440322	2.895329	5.10032	5.215274	6.008847	5.08586	4.563521	4.683533
5.425509	4.896313	4.59036	4.998132	4.495697	4.983161	4.14064	4.182837	5.310778	4.658316
4.658424	3.887591	4.343758	5.177397	5.601461	5.14477	5.163306	5.271589	5.160934	5.452551
4.729699	5.197133	4.83487	4.189002	4.991457	5.242326	5.393411	4.983353	4.93728	5.748807
4.541924	4.061967	5.229252	4.98849	4.897368	5.458099	4.640651	5.338871	5.343168	5.719611
5.428661	4.874141	5.027483	4.867444	3.248404	5.114714	5.338963	4.420174	4.899492	5.35726
4.959306	4.643504	5.038716	4.589534	4.677698	5.095982	5.512335	4.557901	5.15508	4.167046
3.99794	5.03976	4.472651	4.722528	3.691241	4.407419	4.968179	5.672249	5.08863	6.095022
3.563521	5.140163	5.310942	4.541342	5.194912	5.141276	4.631571	4.621634	4.997288	4.369926
5.675471	4.398751	4.933787	4.856188	4.611993	5.331914	6.110188	5.373138	3.478974	4.881148
5.141027	5.176216	5.733793	5.260568	4.451952	5.332145	4.95879	4.935821	5.263434	4.649222
5.278311	5.555239	5.739955	5.271215	4.751136	4.263019	5.768536	5.027691	4.590141	5.916802
3.938654	4.198218	4.778414	5.329838	5.413502	4.892487	5.721821	5.564987	5.378427	4.449224
5.245077	5.607174	3.802468	4.906551	5.084565	4.329545	4.5523	3.814646	4.92207	4.841933
5.414805	5.423107	6.307441	4.333135	5.390314	5.445961	5.342557	5.054173	4.475636	5.671433
4.600848	4.556115	5.79605	4.479517	3.982324	6.30689	4.576615	5.130991	5.563575	4.862906
4.820637	6.086324	5.191442	4.579975	5.01402	4.755858	4.457969	4.724336	5.266011	4.658034
4.865075	5.343167	5.059326	5.821999	5.964624	4.662654	4.491893	4.183366	4.248213	5.088868
5.040502	5.338229	3.871654	4.470712	5.079907	5.226781	3.954967	5.517269	5.345096	4.724667
4.760625	4.770586	4.837053	5.363236	4.23404	5.037207	4.552327	4.578422	4.305745	4.873349
4.772678	5.17396	5.513273	4.772998	5.443014	5.21243	4.719618	5.043811	5.175435	4.30477
5.52845	4.920118	5.271811	4.222734	5.191817	4.308427	4.967139	5.448628	5.286401	6.333641
5.41797	4.884273	5.151478	4.871412	4.826266	4.89514	3.88079	5.082192	5.668545	5.473508
6.064168	5.730613	4.583408	5.346086	4.692068	4.91685	4.985853	4.738332	5.168692	4.915475
4.775863	4.479045	5.21608	4.248031	5.543734	3.894466	4.241223	5.258597	4.585258	4.759954
5.406603	5.043251	5.531361	4.822378	4.27578	4.77342	5.114339	5.029097	4.654047	5.220849
5.340178	5.775331	5.394952	5.709905	5.419927	4.181159	5.883178	4.558373	5.546551	5.528225
5.338233	4.70762	6.021205	4.985194	4.760157	6.206841	4.998721	4.231877	6.291903	4.66573
5.002814	4.521303	4.617094	5.364087	6.062974	4.935496	5.668544	4.446579	5.412923	5.266244
4.276827	6.137279	4.448365	5.06447	5.812923	4.272692	4.750444	4.877276	5.115124	4.175985
5.266902	4.62855	4.671209	5.204346	6.076681	5.528937	4.892857	5.363088	5.377099	4.540617
4.369889	5.435672	4.384965	5.051928	5.331123	5.058611	5.411368	4.873716	5.047019	4.122867
4.095527	5.26268	4.731799	5.667459	5.423824	5.249217	4.760468	5.268911	5.642039	5.459024
4.204251	5.007322	6.751233	4.934807	5.343316	6.096111	5.297807	4.468337	5.867897	5.041851
4.806684	5.367719	5.094183	4.990698	5.632642	4.180533	5.096743	4.106174	5.526775	6.481521
4.742217	5.282787	4.648131	5.572297	5.2327	4.271328	5.24341	5.032391	5.02768	4.564203
4.412004	4.235009	4.513104	4.161345	5.336386	4.67478	4.663853	5.019202	4.65221	4.740507
4.879292	4.578464	4.897691	5.477379	5.784286	5.10109	5.618871	4.636277	3.573951	4.948514
4.572781	5.931784	5.00748	4.886861	4.256423	5.190725	4.246474	4.905604	5.014052	4.024654
4.776788	5.129919	4.669893	5.53353	4.201546	4.99549	4.373776	5.750264	4.607744	5.337716
6.312798	5.029562	4.765677	5.031024	4.528359	5.320805	3.880557	5.265224	4.880157	4.014386
3.905558	4.424346	5.841096	5.225123	5.207486	5.344369	5.192118	5.544465	4.778745	4.616777
4.686229	5.448481	4.915908	5.680251	5.556533	5.64479	4.300982	5.463757	4.27722	4.036686
4.676173	6.053998	4.976182	5.751358	6.136178	4.627172	4.010655	5.027485	5.830534	5.167504
4.864749	4.7512	4.714769	5.688858	3.850361	5.04507	4.361971	4.7922	4.304759	5.422787
5.097528	5.617421	4.804136	4.315707	5.614568	4.739569	4.651402	5.183158	4.622059	5.064373
5.841796	4.874014	4.660794	3.976113	5.527499	5.035285	5.819245	5.155716	5.585795	4.477089
5.243267	5.268988	5.675721	4.956467	4.415262	5.360541	5.329425	5.394349	4.026653	4.862463
5.033514	4.937388	5.916538	4.596012	5.516818	4.303441	5.849645	5.771523	5.10866	4.960052
5.162673	5.322366	5.454029	4.326262	5.927152	5.194144	5.03074	5.510011	5.600207	5.11942
4.926655	5.360302	4.237908	5.477811	4.511424	4.634655	4.356453	5.114194	3.720608	5.693274
5.016474	5.104076	5.206073	4.402264	5.477864	3.50628	4.820472	5.731032	5.434833	4.67063
5.572145	5.986977	5.735245	3.970739	5.334593	4.820571	4.58257	4.854805	4.987211	5.156325
5.333658	5.767027	4.641002	5.082064	4.706076	4.143085	5.110889	5.212801	5.981139	4.725723
4.418087	5.216314	5.577162	4.264595	5.218491	5.049958	4.476615	4.418631	5.767179	4.219093
4.741469	3.907546	5.59235	5.623715	5.543387	4.434667	4.21666	5.582512	5.890115	5.336534
4.98194	4.750932	4.543824	4.505893	5.309238	5.919273	5.123268	5.862219	5.4948	5.133586
4.880767	4.391695	4.656851	5.222409	5.277443	5.302901	5.222628	4.994823	5.496673	4.785991
4.419216	5.639683	5.180616	4.118012	5.571222	4.587827	4.628286	5.11698	5.131644	4.49936
5.608727	4.862555	4.40285	4.195984	5.191007	4.293443	4.976394	5.806206	5.760609	4.532374
5.532163	4.687752	5.110471	5.526792	4.185963	4.671657	3.681666	4.863986	6.192935	5.151546
4.562429	4.575654	5.500228	4.168984	4.858992	3.648571	4.876509	4.967271	4.602456	4.202625
4.289699	5.139065	4.797928	5.495773	4.809354	4.671396	5.410436	5.515223	4.69343	5.291428
4.433547	4.798895	4.531046	4.682707	5.316197	5.44845	3.843444	5.279358	4.583196	4.653959
5.251658	6.355192	4.821628	4.729267	4.883821	4.462224	5.980136	6.242257	4.698592	4.620296
5.305768	6.607306	5.189604	4.401885	6.013332	5.301094	4.76068	5.351551	5.324001	5.472609
4.712743	4.637411	5.476448	4.251677	5.026768	5.163833	4.984945	5.359698	5.005421	3.778674
4.883886	4.812383	4.270595	5.366674	5.505519	4.830976	4.435451	4.484852	5.248609	4.767949
4.026901	5.003883	5.149786	5.049032	5.34666	4.476969	5.858073	4.740374	4.513758	3.938925
5.258811	4.821718	4.969415	3.813007	4.929351	4.872622	4.79887	5.529142	4.93429	5.330328
5.626514	4.385238	5.897248	5.465509	4.308832	5.029112	5.33209	5.234693	5.303634	3.743305
4.872966	5.638857	4.576816	5.109748	4.491746	5.707436	5.565518	4.70535	4.405089	4.667062
4.527277	3.829081	5.412132	5.039314	5.03637	5.34046	4.385633	5.153279	4.214886	5.061169
4.549535	5.021604	5.074857	5.169741	4.935555	4.504785	5.12706	4.738195	6.331388	5.683387
5.271369	4.640305	5.826431	5.169285	5.414631	5.032094	4.007487	4.238363	5.752698	5.13815
4.872475	4.841661	4.713884	4.739564	4.230282	4.19906	4.309695	5.470208	5.30697	5.007362
5.176159	4.980134	4.543211	5.182477	5.202972	5.266598	4.908557	4.393989	5.065012	5.891112
4.857564	5.147392	5.387725	4.583477	4.611204	3.945654	6.097374	5.860807	5.036657	4.908609
4.856861	4.894495	4.340623	5.016109	4.543853	5.274385	5.280107	4.406114	5.238205	5.095161
5.266095	4.407578	4.112196	5.428916	4.933722	5.737222	4.609697	5.280353	5.117879	6.112689
5.050227	5.371723	4.645528	5.657646	5.719081	4.246528	4.74199	4.588437	5.132178	5.357967
4.607388	4.810206	5.623467	4.620828	5.002813	5.520898	4.963548	4.016867	5.833683	5.036584
5.368172	5.443602	4.772247	4.541373	4.862098	4.817324	4.588417	4.773027	5.04553	5.45522
5.306925	4.756983	4.61083	5.910354	4.851869	5.204364	4.955548	4.382754	6.161963	5.832665
5.208313	5.28994	4.984939	4.46592	4.521278	5.463582	4.840497	4.727691	4.5678	4.931222
5.164705	4.293429	4.056855	4.54569	5.447	5.140866	5.062508	5.252525	6.095319	5.017146
4.870915	4.271401	5.152504	5.527705	4.86571	5.253201	4.949278	4.850132	5.14246	5.008791
5.056758	4.088347	4.367648	4.300456	5.428121	4.280471	6.232648	5.613254	5.241266	4.99032
5.155296	5.201903	5.214011	6.116196	4.419311	5.318767	5.34026	5.335633	5.029015	4.572179
4.608243	5.24603	5.105414	5.008676	5.822164	4.884766	5.269615	5.499608	4.425788	5.384694
4.555675	4.43047	4.92979	4.527581	6.336075	4.583563	5.198821	5.12119	4.741437	4.414334
5.839465	5.714679	4.575104	5.577527	4.882829	5.03668	5.678872	4.377876	4.406262	5.405218
6.152167	4.853848	5.681513	4.256153	5.127365	5.250861	3.815236	4.699037	4.416686	5.437513
5.45393	5.742558	4.441992	4.914128	5.275317	5.401217	4.689709	4.951973	4.303318	6.080687
4.143253	4.778463	5.211305	4.45843	5.627914	4.783914	5.099007	4.765354	5.045843	4.934873
5.383212	5.190088	4.644336	5.06901	5.117796	5.475203	4.992383	5.522951	5.084174	5.53153
5.385937	4.560858	4.636846	5.282548	4.969112	4.995166	4.570256	4.753472	5.101696	3.968377
5.147759	4.586103	5.491049	6.077851	4.392203	4.904065	5.500111	4.762958	4.998374	5.622721
5.690817	6.859935	5.470349	5.269736	5.240748	5.599098	5.147348	4.123333	4.549822	4.098297
4.727592	5.305919	4.252302	5.875185	5.897277	4.885913	4.67077	5.509409	5.79817	5.879977
5.383402	5.337406	4.208889	5.243858	5.460039	5.221224	4.747564	5.241603	5.242654	5.129223
5.397494	4.135395	4.86287	4.824461	5.307659	4.701984	6.035206	5.737938	4.755195	4.901757
4.493398	5.596368	4.857198	5.242321	5.374322	4.987166	5.280995	5.06534	5.703473	4.838823
4.280981	4.403411	5.032574	5.367285	4.777009	5.024233	5.161788	4.499493	4.815265	5.88379
4.286734	5.119122	5.51945	4.907675	5.512296	5.160083	6.245791	4.622098	5.522472	3.797364
4.932374	4.557751	4.937379	4.782669	3.460484	5.478188	5.01686	5.032409	3.919066	4.175385
3.794151	4.789055	5.141176	5.069106	5.015596	5.349671	5.454793	5.162351	4.893234	4.097757
4.455729	5.408664	5.215763	5.517891	4.769752	4.829989	5.919474	6.174257	5.492977	5.110597
5.189482	4.932728	4.62348	5.016338	5.161886	5.103786	5.051279	4.264546	5.01315	5.320584
5.392262	4.747178	4.113597	4.937251	5.19582	4.020991	3.878479	4.718742	4.77682	5.383397
5.388866	5.273407	4.469664	5.996027	5.221403	4.194012	5.148839	4.400362	4.707477	5.59635
5.103455	4.930721	4.855249	4.899984	5.117118	5.372824	4.791921	5.265663	4.336026	5.824943
4.858933	4.635539	4.889374	5.122584	4.143489	4.940113	5.253502	4.632001	5.057797	5.377011
4.952161	4.443447	5.89894	3.944532	4.286983	4.530581	5.214017	5.554071	5.038244	4.927767
4.926945	5.149804	4.969822	5.39749	4.423949	4.374543	4.63809	4.281703	5.43901	4.093757
5.020349	3.932867	4.162848	5.636197	4.442085	4.875049	5.130615	4.096768	4.672756	5.020017
4.460117	4.526501	5.808599	4.458034	5.660605	5.616014	4.65766	4.689247	5.995466	5.044158
5.069523	4.313029	4.193285	4.590918	5.531744	4.691661	5.720941	4.260295	4.678035	4.420664
5.904664	4.748682	5.487968	5.128518	5.872726	4.428907	4.830854	5.511925	4.369442	4.586284
4.900103	4.115294	4.900186	4.802231	5.056681	3.94599	5.38606	5.987685	5.402909	5.166842
4.316275	5.4203	5.008919	5.746685	4.490845	4.629771	4.933884	4.080471	4.354978	5.521066
4.530463	4.691978	6.092972	5.435522	5.767386	5.271598	5.75178	4.584008	4.998738	4.957098
5.135662	5.112624	4.482038	5.05126	3.770299	5.368992	6.113278	4.417093	4.860339	4.247375
4.682095	4.577078	4.795752	3.919771	5.519796	4.470098	5.355364	5.340255	4.42385	4.738438
4.88606	5.15608	5.183531	5.422975	5.180523	5.253568	5.42244	5.135312	5.011196	4.199229
4.298614	5.011165	4.582026	5.521312	5.314628	3.874032	4.130997	5.155929	5.077665	4.797333
5.242848	5.274938	4.616674	4.943327	5.374858	5.51065	5.803398	4.952373	4.349083	5.404787
4.856009	5.735389	4.73408	4.801661	4.766182	4.774105	5.126567	4.497102	5.309852	4.161471
5.899981	4.836606	4.786294	4.626894	4.847346	4.962684	4.645052	4.06719	4.588143	5.403117
4.833813	4.954385	5.175789	4.480841	4.788223	5.121743	5.465492	4.52448	4.774364	5.711321
5.775452	4.11665	4.711641	5.508973	4.595666	4.940425	6.273924	5.071954	5.193084	4.715677
5.675563	5.640882	4.157741	5.142225	5.919557	4.946592	5.219554	5.054296	5.261518	5.43556
5.121661	4.766862	4.624027	4.941967	4.115462	5.367059	4.664701	3.748412	4.822828	3.958596
5.457825	5.197472	4.518912	4.726073	4.92443	4.965962	5.427303	4.392567	6.060023	5.986742
5.650604	4.116119	4.894453	4.357258	4.731688	4.949203	5.266823	5.129077	5.220899	3.777964
4.840476	5.003563	5.48419	3.722554	4.599144	4.673872	4.242396	6.197381	4.133161	5.161318
4.56217	4.547927	6.222111	5.220378	4.960841	5.321987	5.916906	5.7112	5.05218	5.259051
4.163705	5.257183	4.770726	4.869709	5.111019	4.839202	5.465395	5.446045	4.401271	5.252378
5.497943	4.85281	3.673104	5.98887	4.716571	5.566096	4.858366	4.978472	4.693563	5.773318
5.346093	4.702504	4.479199	5.242826	4.886088	4.764679	4.746994	5.208917	4.04051	5.148005
4.60647	5.453606	3.794028	4.322583	5.004672	5.104074	5.628293	5.254382	5.643647	5.2603
4.158869	5.489841	5.599842	4.742354	3.743919	5.280107	4.301226	4.565245	4.512211	6.244422
