6.084392	5.234241	4.65597	4.023309	4.977288	5.681382	5.299618	5.383936	4.916831	5.655538
5.951167	5.96424	5.062421	4.380737	5.235502	5.350127	5.453228	4.786505	4.86515	3.089798
5.057863	5.34249	5.463255	5.153067	5.127441	4.980353	4.056962	4.407572	5.05476	4.831061
4.612036	5.609891	5.061141	4.422501	5.514292	5.065502	4.79945	4.593741	5.928202	5.616689
4.969685	4.902138	5.673011	4.426506	5.022702	5.187606	4.395193	4.525623	5.410124	5.238077
5.162429	4.10954	5.17181	3.616083	3.805474	5.028833	5.557648	5.027122	4.989179	4.907653
5.578855	5.289695	5.563251	4.293935	4.564704	6.443687	5.80138	4.996408	4.788842	5.491548
5.274025	4.842653	5.074527	4.454449	5.414562	5.17291	4.268468	5.382947	4.828763	5.270843
4.819633	4.730145	4.955842	4.536718	6.300153	5.145033	5.228559	4.984701	5.080193	5.248424
4.958616	5.633165	4.485526	4.745116	5.707203	4.734359	4.549467	5.310437	4.62141	4.847572
4.703373	5.192807	4.731021	4.864472	4.913541	4.749077	5.233152	4.479235	5.556059	6.202562
6.011377	6.046551	5.315168	4.654826	5.021203	6.001535	5.356998	5.088923	4.370515	4.164919
4.256457	5.219808	5.574166	6.091852	4.562401	5.343459	4.751896	5.639132	5.698804	5.743214
4.431293	4.564487	4.926469	4.720973	5.451175	5.239688	4.182767	5.448146	4.590671	4.430255
5.597168	4.860404	5.390306	4.655858	5.614417	5.003031	5.596784	5.436396	4.672749	5.539257
6.029601	4.834014	3.948502	5.309117	5.540681	5.379595	4.657962	4.411285	6.766588	5.420666
5.25972	5.103045	5.467181	5.042843	5.084881	4.801423	4.926859	5.714922	5.047706	4.7433
4.641689	4.868898	4.187603	3.75512	4.837433	4.789854	4.749247	5.257012	4.883538	4.587316
4.979404	5.572081	3.953168	4.932699	5.630757	5.762444	4.909395	4.555141	5.144986	4.995152
5.241584	6.170353	5.008076	5.055077	5.097115	3.950307	4.21227	4.758581	5.059939	5.408526
5.335478	4.496114	4.559742	5.277837	5.776835	3.722499	5.527758	5.172399	4.748355	4.986201
5.486275	4.79217	3.431818	5.25703	5.08177	5.077098	5.794743	4.634387	4.376421	4.771118
5.268467	4.873046	4.774762	5.967939	4.892286	5.577389	5.36886	5.159011	4.486053	6.261713
4.556315	5.566686	4.393189	5.487625	5.681543	5.219089	5.806795	5.44806	5.195033	5.171448
4.977268	4.556873	4.964769	5.436667	4.585277	3.835986	5.472642	5.210214	5.085286	3.733586
5.664763	4.4621	5.135813	5.482987	4.019152	5.763809	5.173129	5.062877	5.260903	4.209584
5.626616	5.520592	3.67599	5.311173	4.73802	4.56021	4.559079	5.182456	4.500442	4.407011
4.674171	5.42446	5.606126	4.613458	5.061408	4.483611	4.742728	4.25302	4.112471	5.097266
5.314728	5.087079	5.341393	5.40296	5.521229	5.454086	4.145947	4.437745	4.981869	5.864607
6.190946	6.07221	5.29566	5.015837	5.057875	4.828428	4.832888	5.350556	5.0207	4.291538
4.311734	5.029114	4.752519	5.30032	5.059018	4.315227	5.27478	5.588397	6.068327	4.178906
4.177346	5.028524	4.793548	5.189369	5.293312	4.449217	5.106159	6.164956	5.298114	4.425071
5.072466	5.383345	5.542315	4.594347	5.876742	5.678017	3.489594	4.925162	4.744468	5.351575
5.195619	5.471069	4.387752	4.932516	5.751047	5.99954	5.506772	5.344688	5.383507	4.828115
6.341228	5.730364	5.213064	4.923061	4.965099	4.814916	5.241945	4.53554	4.927924	5.233469
4.490041	5.326771	5.01931	5.650147	4.111786	5.485879	5.056226	4.866887	5.300562	4.429504
4.917907	5.379589	4.392857	5.425313	4.836269	5.3975	5.416507	4.628024	5.352054	4.644913
4.114825	6.004601	5.366463	3.92673	5.463744	4.498547	4.479421	5.379278	6.011758	4.815038
4.534679	4.868579	5.489756	5.020315	5.062353	5.113444	4.963364	4.311614	5.025178	4.718099
5.613153	5.586972	6.128704	4.924799	4.966837	4.89339	4.158041	5.481487	4.929662	5.658763
4.119442	5.285561	4.990546	4.907171	5.036361	5.310721	5.29635	5.575946	4.572299	4.408094
4.134422	5.172719	4.736425	4.464934	4.642138	6.005326	5.107361	4.763468	5.921149	5.273874
5.739079	4.764944	4.277264	4.753176	5.245602	5.648157	5.84689	5.085265	5.135726	4.93102
5.369109	5.314003	5.475657	5.072203	5.660779	4.703459	5.439196	4.785379	5.356622	4.116215
5.857015	4.989342	5.504589	4.51281	6.168068	5.164862	4.850646	5.708478	4.318596	4.790908
4.793316	5.261857	5.879194	4.674755	4.345098	4.186279	5.408213	5.012227	5.90339	5.379409
5.326577	5.394758	4.797255	4.650035	4.475711	5.187709	4.430467	4.367055	4.650319	5.205884
4.715846	4.431598	6.150507	5.061607	5.103645	4.632624	4.864817	4.767219	5.06647	5.881621
5.895238	4.639669	5.920114	4.845519	4.943602	4.941962	5.266118	5.460209	4.775158	5.73221
5.511866	4.720674	5.325583	5.250435	5.656202	4.656448	4.821356	5.735613	5.257981	5.598195
4.926311	5.907457	5.158621	5.241757	4.608114	5.211136	4.504559	4.734624	4.612417	5.432515
4.69778	3.594105	5.647986	4.782687	4.646343	4.150458	4.028652	4.897241	4.440066	4.983222
4.926407	4.985217	5.432396	4.446027	5.722994	5.462914	5.294176	5.751173	4.367288	4.562592
4.584896	5.225235	3.944449	4.925829	4.967867	5.441343	5.09115	4.80677	4.930692	4.80833
5.117432	5.788726	5.634861	4.947961	5.708434	5.367545	4.754113	5.229157	4.997806	4.804576
6.138526	4.580667	5.246477	4.813784	5.283318	4.484825	5.677528	4.883862	4.923321	4.80034
5.24087	5.878644	4.935017	4.80038	4.706749	5.500985	4.870462	4.639179	5.227143	5.041861
5.220084	5.182438	4.523236	5.119888	5.161926	4.443473	4.451249	5.214324	5.124751	4.919362
5.184256	4.57246	5.608918	3.778433	4.17558	5.071395	4.911041	6.00853	5.685831	4.842846
5.1864	5.212367	5.043281	5.874388	5.541223	5.294057	4.845424	4.980087	4.467591	5.15366
5.254367	5.33548	4.575957	4.604832	5.037335	4.971738	4.243338	4.148715	4.93535	4.174826
5.147923	5.292761	5.518335	4.818901	5.361011	5.093781	5.245183	5.35396	5.124121	5.721024
4.022878	5.258792	5.408992	4.331438	4.969183	4.830315	6.191943	4.686639	5.547462	4.605171
5.803526	4.89085	5.302405	4.725809	6.166726	4.788255	4.037331	5.726827	4.132585	4.828597
4.677382	5.34759	4.687655	5.14375	5.472727	4.85444	5.067164	4.398041	4.255573	5.321069
4.214664	5.360258	4.630509	6.027997	4.906927	5.55373	6.366656	5.192393	5.447698	5.097198
5.937678	4.242059	5.209112	4.569495	4.549574	5.194206	5.617133	4.913368	5.964954	4.305367
5.24781	4.876595	4.399271	3.264784	5.217626	5.469	4.591582	4.52905	4.501373	5.446854
4.116354	5.641945	4.443818	4.460554	5.517351	5.237309	5.604937	5.450319	3.907862	4.47822
5.422363	5.102551	4.121566	4.582503	5.099661	5.596274	5.235206	5.244863	5.116088	3.895784
5.326228	5.16158	4.473014	5.427715	5.067227	5.217746	4.100402	4.762831	5.217992	4.243289
5.291708	4.471842	4.755063	4.510286	4.938555	6.043479	4.704934	5.918321	4.991762	5.703969
4.987998	5.067728	4.374781	5.53962	3.570201	5.229872	5.171968	4.975927	5.44515	4.76657
4.539421	4.701543	5.140311	4.517333	5.643197	4.367682	5.07043	4.29697	4.307401	4.690433
3.879699	5.056171	4.529939	5.014017	5.056055	4.928902	4.495978	5.069144	5.018879	5.359057
5.279808	5.306049	4.174699	4.641501	5.480096	5.258181	4.446317	5.448338	5.059923	4.63052
3.919414	4.993178	5.663482	5.028245	4.324032	4.200336	4.624365	4.843437	5.445399	5.704201
4.487298	4.728189	4.802434	5.579516	4.169202	5.724613	5.549489	5.682003	4.178961	4.699065
5.092395	4.267314	5.528767	5.582477	5.076195	5.449247	4.761204	4.310076	5.73327	4.80442
4.961319	5.209068	3.975682	5.482744	6.293346	5.292869	4.740926	6.166239	4.59399	5.093864
4.037745	5.389422	4.538109	4.700419	4.638012	4.362186	4.939904	5.861092	4.933163	5.452621
5.043202	4.585196	4.706946	4.054389	4.814569	5.010116	3.808805	4.074296	6.135012	5.058537
4.434364	4.982723	5.064907	5.337273	6.151399	5.100335	4.532168	4.842425	4.829937	4.81925
5.749436	4.755885	4.849814	4.477181	4.974789	4.611012	5.133507	5.803298	4.249307	4.234978
6.363428	4.577602	4.597608	4.597436	4.578333	5.25895	6.700909	4.56951	4.916967	5.65568
4.562216	4.070188	5.004141	5.471187	5.662575	4.63317	5.880552	5.335544	5.783608	4.826741
3.302588	5.971639	5.508389	5.104413	4.662827	3.97181	5.588981	4.532302	4.0943	5.821873
4.802117	5.195437	5.005565	4.156282	5.336447	4.344036	4.836835	5.046109	5.116965	4.267076
5.229975	5.482428	4.504086	4.954804	4.996842	5.308151	4.245749	4.81525	4.959667	4.411333
4.794161	3.702881	5.272405	5.77035	5.813579	5.354336	4.580378	4.876483	5.549155	3.931908
5.142616	5.263141	4.552074	5.176409	4.799777	5.252335	5.015415	4.51761	5.852344	5.482539
5.131714	5.415428	4.898026	4.790261	5.747483	5.871305	5.582158	5.290451	4.114176	4.798218
5.75365	4.330445	4.418121	4.859012	4.90105	5.262664	5.367477	5.169769	4.863874	4.845437
5.234071	4.267315	4.926995	4.920025	4.763989	4.518672	4.897689	4.799512	5.198359	5.142241
5.01575	4.726948	5.355593	5.464585	4.370515	4.333398	4.994441	5.263892	4.51334	4.565553
5.075837	5.299391	4.404153	4.891771	5.241853	5.340639	4.976185	4.453532	5.48758	4.586462
4.451767	4.565356	4.735409	4.860401	5.128596	5.004412	4.975158	5.568518	5.287608	5.009874
3.685868	5.315744	5.094694	5.932477	4.647213	5.418633	4.717391	5.24776	4.154035	5.02689
4.182361	5.166523	4.638489	5.100069	4.29888	5.737753	5.312476	4.448878	3.841838	5.423429
4.725052	3.530432	4.534452	5.077779	4.623665	4.552246	4.665888	4.240335	4.35205	4.395978
5.705678	4.975938	4.372775	4.942231	4.984269	4.306686	4.344158	4.890398	4.947094	4.138828
4.273624	4.481223	5.251512	4.345252	4.63413	5.087682	5.407439	4.533562	4.810216	4.535563
4.264064	3.818595	3.953886	4.677536	5.117235	5.461556	5.383802	4.596848	4.861057	5.244911
5.24781	5.07858	4.944597	5.340696	4.172565	4.572687	5.367232	4.886697	6.484041	5.125872
4.148909	4.596267	5.127731	5.03933	5.504919	4.308886	4.833093	4.664511	5.959716	5.17134
4.576957	4.850266	4.058314	4.960859	5.002897	4.66534	5.836641	5.610132	4.965722	4.042619
5.495368	4.368085	4.981898	5.342665	4.992575	5.035404	4.974065	4.56976	5.01857	4.892743
5.420012	5.031692	5.23229	3.695268	4.985519	6.005847	4.335646	5.034358	5.245845	5.199553
5.689067	5.660629	4.696825	5.434193	4.979109	5.414757	4.702731	4.339853	4.336615	4.866978
4.442318	4.502843	4.788742	4.647395	5.459305	5.309931	5.272661	5.077683	4.485372	5.137799
4.390952	5.628939	4.876519	4.670637	5.651444	5.609025	4.608522	4.861263	4.695116	4.803389
4.546983	4.494567	4.353728	5.896003	4.531736	5.17953	4.020212	4.527027	4.740109	5.297683
5.198336	4.982973	4.089228	5.0592	5.101238	5.849643	5.648213	4.55366	5.064063	6.070245
5.333529	5.131352	5.847153	4.093734	5.01122	5.286533	5.058372	6.665892	5.322735	5.247231
4.59109	5.021305	5.814142	4.439317	5.263113	5.381777	5.722583	4.564848	4.34977	5.110016
3.976335	4.867848	4.811765	4.782767	4.766896	5.822339	5.35401	4.594409	4.208792	4.907454
5.02685	4.462232	5.070799	4.827415	4.630147	5.014285	4.402523	3.945631	4.985494	4.845015
4.975831	5.42318	4.984301	4.774954	5.708578	5.669861	4.035864	5.836317	4.376094	5.71397
4.581337	5.89032	5.28661	5.339552	4.563051	4.399392	4.158279	4.549479	5.71689	5.901467
5.546198	4.387634	5.220045	4.887959	5.214492	5.060107	5.519073	5.167093	4.824984	4.95654
4.541898	5.228314	4.398025	6.530046	4.36838	4.194185	5.943651	5.182204	4.584313	5.75009
4.27609	5.110258	4.209601	4.654544	4.849653	5.304627	4.756389	4.312349	6.383268	4.642637
6.098847	4.641116	4.611072	4.745307	4.457137	4.489308	5.149865	5.33814	6.010308	4.534667
5.66239	5.055787	5.269272	4.695068	5.557775	5.804346	5.312033	5.418004	4.851545	4.71519
6.675107	4.684989	4.213802	4.684033	5.149877	3.705068	5.760434	4.205829	4.369423	5.323771
4.948468	6.58924	5.434015	5.699024	5.166341	5.316575	5.776152	4.747585	4.402629	5.988928
3.463032	4.635016	5.567351	4.982314	5.024352	4.812023	4.426365	4.060314	4.987177	5.303505
4.716793	4.182847	4.967321	5.696795	4.818583	5.481031	4.814626	4.628565	5.134697	4.331285
5.406017	5.105727	4.451821	4.124368	4.837142	5.074579	5.151897	5.366139	4.730213	4.093164
4.667332	4.389764	5.146119	4.513851	4.683306	5.181197	5.649671	4.979473	5.134712	4.440173
4.785982	5.13952	4.677339	4.487185	4.357062	5.057816	5.067461	5.577295	5.345341	4.602178
4.513873	5.304119	4.980652	4.899197	3.927505	5.813169	5.179032	5.470563	5.682435	4.845596
5.329392	3.960816	4.619929	4.948064	4.990102	5.684671	5.515172	4.885396	4.952927	3.767017
5.237374	4.611115	4.753956	5.618054	4.998308	4.731219	4.986818	4.944447	4.708741	5.820804
5.873067	5.893014	4.701121	4.549909	5.103503	5.11122	5.65978	5.318045	5.584438	4.547012
3.979667	4.463222	4.391798	4.929663	5.217417	5.338968	4.407523	4.45228	4.80085	5.055726
4.625872	3.954775	4.958627	5.044611	5.086649	5.871922	4.370618	5.214755	5.049474	4.570163
5.10072	5.654546	5.075759	5.524076	5.119293	4.506829	4.831227	5.46323	5.232448	5.690609
3.803059	4.981855	4.597207	3.814855	5.188735	5.088597	5.102772	4.776341	5.199215	5.624621
5.18259	4.999674	5.440276	5.045395	5.151738	4.903132	4.443205	5.897049	4.922664	5.14699
4.826403	5.527638	5.166461	4.838039	4.762054	5.212172	5.072621	4.794268	5.112061	5.627544
4.931593	4.956978	4.397061	4.279214	4.790327	5.852472	5.950984	5.295547	4.594191	5.960444
4.428917	5.778272	5.536217	5.628578	6.011886	5.806201	5.120426	5.264209	4.893898	5.27203
4.335058	4.730237	4.153504	5.048278	5.022286	5.826591	4.114295	5.724003	5.768999	5.622769
5.373449	5.1213	5.31931	5.516113	5.223071	4.994276	5.756992	5.847873	4.408182	5.43421
4.342309	5.49095	4.007617	5.341425	5.180729	4.519711	5.342459	5.085587	4.928853	4.728213
4.176444	4.24942	5.13931	5.111832	5.555242	5.099034	5.073359	3.991434	5.370142	4.905483
6.00502	5.298121	4.447859	4.326345	4.003062	4.16838	4.625834	4.670598	4.941245	3.718927
4.310586	4.793222	6.061661	5.767247	4.998785	5.328019	4.485556	5.303857	6.285058	5.548082
3.624349	4.489307	5.442403	4.524384	3.944147	5.354097	5.187889	4.943282	4.818438	5.021792
4.761259	5.102974	4.596308	4.951115	4.993153	5.785901	4.556657	5.114955	4.955977	4.882286
5.471838	5.627193	5.058717	6.042737	5.20265	4.823249	5.766834	5.071183	4.54923	4.055251
5.777149	5.19968	5.498125	5.58942	5.342542	4.769917	4.172334	5.556416	5.197119	4.195036
5.099444	5.299444	4.633049	4.519883	4.932622	5.713526	4.903376	5.185589	5.517221	5.347985
4.86684	4.555648	4.866377	5.058916	5.100954	4.426134	5.403564	5.063624	5.063778	5.234863
4.461978	5.850298	4.918904	4.710676	4.9909	4.352009	4.740614	4.213806	5.286096	4.759295
5.250101	4.928377	5.541202	5.355355	4.157439	5.122692	4.679724	4.113945	4.443015	5.079922
5.798029	5.190756	4.97291	5.260912	4.850161	6.285008	3.959486	5.184713	5.124326	4.851746
5.058001	5.422832	5.159529	5.030083	4.582377	6.095598	4.834311	4.756201	4.874974	4.504786
4.568709	5.556676	4.902359	4.685495	4.639638	5.108912	5.008758	5.244983	4.317438	5.089736
4.8304	5.063958	4.69373	5.005753	5.047791	4.642517	4.56459	4.676365	5.010615	4.158852
5.741742	5.496143	5.166276	5.195129	4.767601	5.534777	5.331344	4.444012	4.538103	5.484044
5.205247	4.106286	4.523092	4.757708	4.295844	4.988229	4.827775	5.279001	5.025917	4.430326
4.795434	5.044114	5.152201	5.080253	5.122291	5.329985	4.879718	5.63329	5.085116	4.732004
5.649434	5.084802	5.149733	5.581133	4.897172	5.1541	4.527511	5.360166	5.496963	4.20958
5.009295	4.62125	5.302149	5.603621	4.592123	4.279924	4.769562	4.98079	4.79248	5.700768
4.644357	4.797199	5.011469	4.154207	4.801059	5.4342	5.038875	6.591823	4.843962	4.326782
4.356052	5.549829	4.952849	4.904009	4.946047	5.151604	5.793736	4.920014	4.908872	4.651149
5.613515	4.257195	4.660894	5.10127	5.143308	3.896351	4.645499	5.767187	5.106133	4.77072
6.289367	4.499642	6.128325	4.857322	4.944732	4.406388	4.852988	4.312753	5.262313	4.917337
5.593477	5.340334	5.247726	3.945068	4.908077	5.027843	4.480677	5.149193	4.952006	4.92238
5.77231	4.074075	5.192776	5.129076	6.281339	3.960758	4.804172	3.934914	4.413382	6.12125
5.532829	4.770736	5.696322	5.383974	5.589051	5.248885	5.816581	5.568641	4.611038	4.924826
5.05503	5.726644	5.376163	5.155784	5.092708	4.971708	5.142428	4.543033	4.982221	5.86409
5.223542	5.453455	4.512281	4.608395	4.703299	4.672552	4.053525	5.724611	4.970099	5.485366
4.19917	5.362475	5.192254	5.652905	4.695859	4.219889	6.014216	4.812074	4.8036	4.77648
4.735323	5.467063	5.428818	5.217318	4.386047	5.077702	4.595167	4.974714	5.799089	5.54565
4.940447	4.395058	5.520568	5.502578	5.317328	5.931484	5.363378	5.682637	3.917691	4.980169
5.527719	5.135769	4.843805	4.136163	4.633974	4.482134	4.63125	5.180165	5.11779	6.029854
5.064155	5.741808	5.637278	5.084359	4.590981	5.516894	5.060916	4.821172	4.734779	4.014616
4.591124	4.339728	4.269739	4.946868	4.988906	4.410391	5.025065	5.464313	4.951731	4.000316
4.471557	4.610822	4.760652	4.961965	5.004003	4.895263	4.382143	5.187153	4.966828	4.074701
5.100809	5.22121	5.832382	4.936437	4.978475	4.768493	5.479066	5.81197	4.9413	4.667591
4.88795	5.39066	4.080301	4.862896	4.661632	5.987228	5.381428	5.541248	4.42396	4.98065
5.342561	5.112667	5.06016	5.007266	5.157979	4.114817	5.171893	4.647129	5.268816	5.133995
4.814927	5.171465	5.469944	4.654237	4.419105	5.41736	4.34161	4.24882	5.033249	5.498239
4.294532	5.702482	4.427068	5.032464	5.028879	5.098328	5.422629	4.972631	4.480143	3.880206
5.085619	5.088508	3.958477	5.027756	5.069794	5.115084	5.311234	4.942203	5.032619	5.918307
4.471999	6.344093	3.518834	5.1881	6.12686	5.28162	5.581475	4.759797	4.964533	4.210082
5.450614	5.032841	4.704258	5.07758	5.119618	4.414181	4.045993	4.52553	5.082443	5.234988
6.417503	4.327991	4.805781	5.624167	4.602196	4.865047	4.442174	5.535753	5.148552	4.261028
4.543583	5.009142	5.513262	4.208399	4.398887	4.925024	3.84128	5.051367	4.142242	4.633022
5.481555	5.135728	5.491833	4.579781	5.754994	4.12934	4.916293	4.969009	4.541488	4.86012
5.493924	4.828766	5.371451	5.076283	5.118321	3.975505	4.485334	5.061799	5.081146	3.906971
4.378719	5.346816	4.618815	4.832218	3.652812	5.235647	5.974139	5.361121	4.987019	4.344544
5.419655	5.688738	5.040462	4.368939	5.206223	5.053314	4.737629	5.582245	5.34268	5.556401
4.473639	4.346472	5.549625	5.105264	3.311855	5.141184	5.384188	4.541898	5.836271	5.386449
4.222521	5.047992	5.279493	5.54284	4.52867	5.354961	5.82032	4.942897	4.298864	4.632152
5.906548	4.292	4.665365	4.576945	5.668689	4.44024	5.145982	5.350729	5.309889	4.493204
5.742808	4.727612	5.281262	5.533458	4.661454	4.943731	5.789566	4.050253	5.895197	4.331564
