4.138225	5.060347	5.695994	4.89477	5.274187	5.236734	4.863098	5.252495	5.034835	5.253201
6.031695	4.309406	4.591431	4.681411	4.305721	5.028966	5.115452	5.60859	4.57819	4.585182
5.003639	4.15868	5.684367	4.427021	5.202428	5.820267	5.233612	5.464875	5.029574	5.191431
5.732564	4.933995	4.781761	4.856894	5.827737	4.45424	5.885102	4.785934	5.416177	5.202652
4.941077	5.449636	4.882061	6.078005	4.498997	4.082679	4.300001	5.271646	4.578879	4.057891
5.020315	6.53211	5.015441	5.031249	5.449369	4.350453	4.648712	4.963376	4.507744	4.715783
5.201766	4.979035	4.318037	5.114326	6.23158	5.226034	4.802044	5.176366	5.631872	4.500456
5.523886	5.519808	4.688054	4.182138	5.366168	5.999843	4.646834	5.387357	4.365082	5.345412
4.965817	5.655811	5.450901	4.804687	4.280634	4.714898	5.347595	5.163407	4.847732	4.518579
5.396313	5.560729	4.387039	5.830027	4.405014	5.475381	5.464726	5.294106	5.480793	4.787352
4.640867	4.516434	5.119809	4.715946	5.189376	5.248847	6.219758	3.943426	3.920889	4.940031
4.478778	5.282504	5.528287	4.157009	4.833943	4.899576	5.932402	5.279654	5.101931	5.300891
5.161774	4.552627	5.545357	4.549203	4.431812	5.325878	5.258775	5.156125	5.287642	5.189731
4.924549	4.703946	4.811255	5.210713	6.214939	5.603276	5.38216	4.854678	4.523819	5.208744
5.153121	4.428854	4.499354	4.937861	5.24778	5.853536	4.833712	5.023159	5.721798	5.017411
5.042337	3.48689	6.619308	4.403491	4.028876	4.997678	5.726141	5.253569	3.952031	4.345982
5.51961	4.516594	6.333612	5.015486	5.057524	5.645735	6.219131	4.880147	5.020349	5.622722
4.489099	5.015383	4.653427	5.86149	5.581618	4.799927	4.742279	4.340056	4.41478	4.222039
5.141271	5.712704	3.600325	4.962509	6.473489	5.44338	5.598825	3.888074	5.652542	5.263268
4.781755	5.507049	4.245886	5.02772	5.069758	5.024304	5.378491	5.614049	5.032583	4.764245
4.966392	5.42428	4.476447	4.252297	5.903623	4.918296	4.518016	5.592432	4.441049	5.319013
4.705109	4.883782	5.863888	4.343929	4.859833	4.265282	4.941458	4.559526	4.861332	5.408063
5.02589	4.511047	5.395517	4.165855	5.583853	5.222501	5.356827	4.972886	6.333852	5.519611
4.272028	5.690773	4.974139	4.974927	3.966074	4.969445	4.56609	5.562994	5.34889	5.33007
4.687878	4.746459	4.997928	6.474077	4.92535	4.520964	4.655501	5.45963	4.85315	5.456138
5.092574	4.920723	3.830722	5.042214	4.231817	5.835763	5.262234	3.844751	4.935004	5.122775
4.906153	4.895848	4.437152	5.015129	5.230927	5.342982	4.556026	5.765819	5.132277	5.133111
4.790617	4.216887	4.727072	4.582165	4.529665	5.053306	4.128128	4.87083	5.735764	4.96975
6.413622	4.939493	4.977787	4.510429	5.817492	4.491327	6.201993	5.056116	3.733379	4.710475
5.383686	3.89491	5.611923	4.988481	5.030519	5.282148	5.403333	4.220049	4.993343	5.608853
5.697649	4.789492	5.342591	5.255056	4.811713	6.264159	4.662754	5.667136	4.93507	4.360443
4.016138	5.30786	5.680355	4.167567	4.236639	4.734897	5.145821	5.011758	4.862303	4.726344
4.58596	4.983397	4.958313	5.618677	5.85191	4.450636	5.483732	6.066775	4.716207	6.000777
4.330512	5.791046	5.255205	5.681384	5.734482	4.97707	5.746989	5.045514	4.671781	5.1102
5.172248	5.011258	5.490934	4.895704	4.937742	4.709498	5.258411	4.794034	4.900567	4.847978
5.877719	5.081389	4.893005	5.425152	4.685429	5.885332	5.555182	4.481435	4.33827	5.2473
4.793074	5.395852	4.95616	5.88871	6.015386	5.099394	4.777245	4.096228	5.257613	5.261749
5.165283	4.971147	5.555818	4.674684	5.454735	5.555337	5.072313	4.034448	5.452163	5.683356
4.623195	5.640428	5.202312	4.992959	5.034997	5.468881	4.857646	3.654328	4.997821	5.106934
4.457685	4.318843	4.876391	4.897443	4.939481	4.982657	4.151259	5.066245	4.902306	5.110285
4.239105	5.234703	4.569721	4.204673	4.513786	4.993401	5.642188	4.512184	5.179117	4.987428
5.098604	5.373769	5.255928	5.66165	4.617412	5.106805	4.985581	5.224074	4.663308	4.449156
4.365087	4.699168	5.620691	4.814784	4.277932	5.022913	5.415225	4.793635	4.647321	4.792893
4.442801	5.436551	5.13407	4.609917	4.957113	4.795179	4.621088	4.867041	4.944193	3.982924
5.112681	4.890808	4.895411	5.544311	4.63125	5.571554	6.078299	4.827218	4.390306	5.29459
4.824019	5.256957	5.542521	4.837213	5.344523	4.945636	3.970044	5.492389	5.244311	4.872189
5.312497	4.971349	5.030327	4.425241	5.281559	4.905179	6.012514	5.109262	5.376038	4.201235
4.110581	4.759355	4.749955	5.034251	5.076289	6.084353	4.346311	5.732422	5.039114	5.569349
4.896898	5.424139	4.018289	5.249382	4.752062	4.543734	4.503087	6.033972	4.277184	5.018854
5.084107	5.743981	5.451519	5.055167	5.19221	4.363713	4.696208	4.477093	5.304673	4.329047
6.077138	4.759353	5.660068	4.916861	4.654707	4.455632	5.207669	5.636005	4.21873	5.146956
5.583081	4.814053	4.499789	4.228281	5.211758	3.62115	4.590643	4.413263	4.285326	5.001597
4.187372	3.914922	5.1589	3.644397	4.618619	4.846511	5.01591	5.716664	5.250721	5.496759
4.892867	5.604393	4.480797	4.898472	4.94051	5.079219	5.443501	4.498797	4.903335	4.435503
5.485184	5.097291	5.832885	4.352588	5.054419	5.232993	5.143606	5.032421	5.652294	6.149829
5.108761	4.588319	5.373102	5.246711	4.337407	4.703068	4.110312	4.871133	5.884425	5.254576
5.233942	5.088234	4.079128	4.04025	6.283859	6.261139	5.530116	4.661187	4.722392	4.322714
4.968559	5.669367	4.524572	5.092531	5.134569	6.628503	5.742982	5.085001	5.097394	5.018691
5.71957	4.946487	5.060881	5.035236	4.817114	4.303038	5.15337	3.961591	5.047145	4.684386
5.588511	5.770679	5.029817	4.459261	5.325331	4.89639	4.582979	3.980797	4.929255	6.23991
4.511847	5.161763	5.065529	4.424585	4.025193	4.557203	4.338741	5.677172	4.926331	4.560304
4.90234	3.589726	4.916387	5.42327	4.332897	5.097366	5.066599	5.024194	5.276789	3.809397
4.236163	5.42778	4.995505	4.819833	4.537703	4.953568	4.364826	4.191946	5.696975	4.884698
4.283356	4.41862	5.656998	4.796431	5.467408	5.259232	4.847166	5.041737	5.56404	4.577882
3.629496	5.732928	5.224857	4.659304	5.844445	5.064442	5.015053	3.585895	5.745487	4.941241
3.732139	5.001008	4.691811	5.442252	5.669988	4.919458	5.054264	5.69664	6.266533	5.012899
4.995248	4.766169	4.365673	5.013361	5.364768	5.663944	4.211516	4.878124	5.109042	4.670885
4.159196	4.454396	4.964459	4.589691	5.842	5.000157	4.57547	4.843803	5.754444	5.343405
5.533932	5.428915	4.345587	4.068464	5.114724	4.757743	4.919075	4.96941	4.239915	5.741184
4.16515	4.993979	4.45074	4.399535	6.021491	4.358652	5.154564	5.177183	5.003991	5.136896
4.661488	5.101131	5.443591	4.447891	5.671351	4.978366	4.794353	4.281345	4.963256	4.603472
4.963693	4.69482	5.312711	5.439282	4.046303	4.404865	5.082905	5.339217	5.393216	5.437261
5.229741	4.821992	4.819189	5.821221	5.29907	5.981426	4.03179	5.214274	4.79581	4.8962
4.702378	4.981733	4.847688	4.201313	4.800391	4.815346	5.327212	4.626972	5.226884	4.79855
5.468984	5.643525	5.252171	4.98666	5.028698	5.138586	4.646318	4.983528	4.991523	4.526735
4.209762	4.381169	4.954324	4.294813	5.782614	4.350303	5.024844	4.181161	5.325018	5.573083
4.492056	5.125766	4.490915	4.389608	5.126246	5.48575	4.91106	4.607273	4.292505	5.661669
4.577385	4.279288	3.991096	5.692812	5.142222	4.576453	4.457314	5.555249	4.493683	4.306063
4.811326	5.14778	4.216501	5.309543	5.220013	5.866953	5.045894	5.292774	5.660913	5.226424
4.616461	4.739541	6.007778	5.206768	4.877448	4.865427	4.043309	5.220551	5.535629	4.781401
3.468963	4.309878	4.14176	4.912396	5.007571	4.056353	5.027157	5.280089	4.348655	5.391863
5.432664	4.967093	4.530019	6.05155	4.877448	4.514997	4.720846	5.04687	4.141867	4.363126
4.872252	4.912733	3.804129	5.538089	5.515369	5.035616	4.779042	5.387212	4.636147	4.547937
5.176397	4.217199	4.441458	4.421782	6.109617	4.242676	5.209038	4.840462	4.267035	5.517643
5.880236	4.536489	5.205945	5.014687	4.263219	4.402205	4.175168	5.189695	4.954139	4.548076
5.720701	5.87147	4.90512	4.341076	4.833888	4.772666	5.427016	6.080933	5.524414	5.085143
5.416932	5.336947	4.945986	4.985465	5.070433	4.184719	5.847748	4.33702	5.469318	4.594412
4.020392	4.528257	4.222347	5.624496	4.977481	4.71722	4.822873	5.072472	5.270197	5.041749
5.325041	5.389545	4.735604	4.927448	4.969486	4.080087	5.267695	5.733325	4.932311	4.226473
4.847377	4.397243	4.670063	4.861667	4.82548	5.050375	4.540855	4.393655	4.774131	4.433925
5.474532	5.728164	5.179327	5.517291	5.324745	5.409643	5.689069	4.92806	4.745404	5.974374
5.65925	6.283995	5.103952	5.117949	6.220277	4.177516	5.36072	5.597463	5.165783	6.034051
5.353047	4.99908	5.29048	4.831655	4.873693	4.112561	4.731381	5.465221	4.836518	4.313127
4.767975	5.580839	5.250175	5.157005	3.968488	6.456792	5.236726	4.179626	5.419437	5.239171
5.914302	5.933928	5.083614	4.402787	5.374748	4.596615	4.465476	5.134318	4.685844	5.019217
4.458766	5.337502	5.561304	4.998383	5.030953	4.404136	4.273372	5.274338	4.992736	4.664667
5.081891	4.542621	4.287236	4.897477	5.416296	5.628833	4.407023	5.507997	4.307067	5.245236
4.623596	5.685016	5.352804	5.070283	5.480249	5.129726	4.697332	5.341581	6.091415	5.730287
5.597466	5.151716	4.737771	4.336133	5.207319	5.147371	5.226594	4.668779	5.102401	5.825721
5.145659	4.572985	4.871509	4.60719	5.725294	3.804117	5.279623	6.804596	4.51539	5.255807
4.924336	4.868231	4.157708	4.914875	4.956913	5.273486	4.521517	5.279459	4.919737	5.780363
4.686688	4.818285	5.113135	5.418334	6.05838	5.142983	4.474854	4.321002	4.916021	5.090914
4.748318	4.510776	5.874814	4.810285	5.105497	4.428262	5.973353	5.147261	3.978451	4.472978
5.832362	5.129109	4.784776	4.298214	4.70841	5.3163	5.254429	4.66283	5.02844	4.505381
4.00995	4.708557	5.808431	4.788231	6.016587	4.806256	5.542244	5.721427	3.873378	4.770077
4.893343	5.852571	5.32726	4.933502	4.97554	5.936953	5.739789	4.08348	4.938365	5.497626
4.731143	5.141613	4.731755	4.699122	5.188514	4.633772	4.279513	4.774674	5.87171	4.857467
4.726156	4.433292	4.595739	5.69562	6.012691	5.007847	4.591013	5.306698	5.385607	4.890291
4.437489	4.905451	4.396439	4.27876	4.841093	4.65524	4.949304	5.214716	4.582203	4.876737
4.559646	5.03919	4.593948	4.67008	4.164524	4.896198	5.442358	5.521591	5.538417	4.593104
4.435376	4.625983	5.528775	5.510558	5.207554	4.477893	4.390951	4.957637	4.833449	5.158444
5.336844	6.12813	5.007963	4.796182	4.843319	4.400498	5.203612	5.330837	5.122293	4.902089
4.833261	4.499061	5.715504	5.031844	5.073882	4.219092	4.50598	5.15165	5.036706	4.684947
5.528333	4.78852	4.381176	5.357752	5.182703	4.931179	4.397367	5.24649	3.914952	5.266428
5.747792	5.296586	4.886335	4.372768	4.636274	4.576145	5.506383	4.768137	6.24482	4.985396
3.74525	5.962831	4.857868	5.072187	4.709021	4.352645	4.87582	5.761853	5.505655	4.629569
4.920816	4.543489	4.52346	5.782115	4.949266	5.537927	3.961636	4.32929	5.08615	4.704265
5.005	4.789443	4.862163	5.701515	5.39176	5.589835	4.489678	3.968949	6.06193	4.389943
4.84365	4.680984	4.068176	4.322326	6.040755	4.555984	5.78514	4.363921	4.247473	3.973633
4.702049	5.440693	6.105926	4.64506	4.817596	4.010066	5.008935	4.336425	5.438012	5.16225
5.704838	4.632407	4.393919	4.31613	4.948457	4.960847	5.817117	4.994887	4.862879	4.695929
3.994257	4.975185	4.837781	5.79882	5.326823	5.185089	4.837752	4.784086	5.599998	4.859203
4.752619	4.579104	5.524289	5.542333	5.128613	5.291411	4.420821	4.79091	6.14242	3.458236
4.596822	5.068248	5.956077	4.912281	5.335506	5.264781	5.930996	4.975847	5.014094	5.180717
5.42083	4.633436	5.188922	4.921603	4.71123	5.741589	4.178026	5.005776	4.599688	5.157578
4.666181	4.611377	4.202834	5.115871	4.102797	5.278553	4.710931	5.198493	4.581519	4.844614
4.322013	5.092493	5.867483	4.954957	4.996995	5.623767	4.634647	5.435217	4.95982	4.938459
5.188148	5.530035	5.415024	4.845228	5.740296	5.306855	5.742211	4.918978	5.316546	5.985429
5.047442	3.327358	4.775898	4.581429	4.936329	4.642122	4.832869	5.545443	4.847783	4.805134
4.781389	5.468522	5.629169	5.854368	4.452586	5.51234	5.085824	5.255743	5.063728	4.659247
5.377601	5.365733	4.872051	4.952183	4.208161	4.640795	5.584784	5.416088	4.346774	4.760753
5.840259	4.633451	4.944414	5.359109	5.101507	4.007905	5.627623	4.814514	5.406819	6.227182
6.079324	5.626183	4.651821	4.920707	4.962745	4.525699	4.425144	5.594739	4.92557	4.128463
3.621713	4.553545	3.983587	4.487666	5.017678	4.367557	4.384951	4.333093	5.627965	6.272216
5.986929	5.280177	5.550138	4.563037	4.044504	5.213532	4.81428	4.373538	4.918053	5.922195
4.744079	4.988855	5.744654	5.086298	5.336331	4.816671	4.604594	4.7521	4.600804	4.318578
5.200839	5.092288	4.417974	5.017254	5.059292	4.988398	5.121352	4.587311	5.022117	5.781461
4.900365	4.279267	5.122889	5.589613	4.362337	4.908225	5.050499	5.134859	3.983045	5.503136
4.934109	4.779773	4.614413	5.018971	5.048055	4.501699	4.553485	4.645141	4.783825	5.186896
5.843468	4.523154	5.306776	5.079583	4.552204	4.82172	4.337313	5.782074	5.265112	4.76321
5.028035	5.275285	5.314399	4.987797	4.376766	4.381352	5.603425	4.405421	4.941682	4.71881
4.624575	4.874177	5.188842	5.042724	4.186056	4.312894	5.17338	4.987425	5.286457	5.275959
5.180074	4.924289	4.71806	4.520372	4.718817	4.537552	3.757409	5.45016	4.463108	4.86717
5.489424	4.990539	4.815363	4.933871	4.843994	4.420695	4.327008	5.945295	5.048542	5.37848
5.313332	5.275691	4.101222	3.803285	5.261494	4.435435	4.759234	4.553016	5.504572	4.884911
4.262012	4.577199	5.557076	4.808678	5.261497	4.4404	5.886924	5.345525	5.552476	4.817334
4.433942	4.257383	5.072025	5.238555	4.738276	4.981512	5.418839	5.682303	5.150872	5.255393
6.084806	4.324704	5.604162	4.688848	4.948317	5.541438	5.097255	4.389675	4.452716	5.048318
4.477033	4.702184	4.566566	5.663082	4.663032	5.097033	3.998751	5.53711	5.039589	5.850765
4.962513	4.420199	4.896646	4.579702	5.668749	5.298476	5.377425	4.37734	6.435622	4.465859
5.038444	5.192569	5.535232	4.923758	4.965796	4.343991	5.231033	4.536838	4.928621	4.861887
4.774714	4.992246	5.193335	4.316248	5.063835	5.144722	4.327605	6.29561	5.202114	4.858504
4.691647	4.156047	5.234351	4.636761	5.367554	3.890664	4.921006	6.027959	4.804174	4.81848
4.081033	5.707381	4.669655	4.301216	5.07648	6.005708	4.265614	5.359648	3.421821	4.76117
5.099386	4.2893	5.327003	5.031559	5.073597	4.909168	5.653412	5.639334	5.036422	4.430627
5.618106	5.490683	4.289689	5.197652	5.182422	5.041903	4.901239	5.737953	5.31646	5.115544
4.983092	4.406783	6.003346	4.949308	4.959105	4.281945	5.108042	5.597929	5.038692	5.154333
4.869518	4.73519	4.793019	4.313285	4.805451	5.758176	4.160337	5.888784	4.609697	4.951721
4.928442	5.12977	5.666724	4.700809	4.962663	4.797335	5.335896	6.129022	4.596634	6.010869
4.920504	5.762187	5.333353	4.966186	5.428965	5.185217	5.286036	5.080314	4.893096	5.149442
4.30665	5.698608	5.080841	4.978396	5.020434	5.163193	4.631728	5.528543	4.983259	4.93382
5.670918	4.929498	5.102484	5.813478	5.233077	4.082657	5.567285	5.080253	4.980464	5.400673
5.638193	5.968324	5.338895	6.053607	5.459839	4.799712	5.029767	5.175415	5.297705	4.404581
4.844289	4.921062	5.172978	5.052896	5.094934	4.696142	5.342291	4.538018	5.057759	5.184382
5.663149	4.819643	4.933074	4.795774	5.34994	4.112092	5.404494	5.497941	5.507866	4.262568
4.84173	4.69021	4.142221	5.830971	4.367142	5.453863	4.979291	4.438707	4.348679	4.871102
4.566466	4.971743	5.56458	4.707868	4.598176	4.931509	4.701822	5.328596	5.497949	4.096545
4.081143	4.209044	4.68469	4.876652	4.91869	4.973399	5.609785	4.820881	4.881515	6.224378
5.26887	4.246351	5.455703	5.073914	5.115952	4.89063	4.688622	5.105374	5.078776	5.014444
5.089715	5.533466	4.618361	4.760574	5.480262	4.985075	5.466528	4.676819	4.594971	5.225571
4.616289	4.445965	5.202248	5.632448	5.657065	4.837447	5.643734	3.811813	5.842559	5.098857
4.993145	5.19779	5.209718	4.71835	5.297123	5.653426	4.397497	3.909893	4.63768	5.017008
5.13344	4.538085	5.263305	5.539948	4.327559	5.316102	5.171287	4.192416	4.882088	4.480275
4.789327	5.610523	4.075819	4.976676	4.749441	5.031717	4.911003	5.482948	5.06357	4.809148
4.639461	5.786291	4.896805	4.53425	3.659664	4.596805	4.501233	4.975684	4.318048	6.241158
5.006172	5.658376	4.337869	6.201262	4.301084	4.595413	5.882656	4.511213	5.481622	5.201906
3.901448	6.17249	5.231486	4.708215	4.899302	5.213629	4.381481	4.725322	6.10229	4.582238
4.918825	4.596701	4.696747	4.893006	5.692532	5.779274	4.360012	5.99191	5.718219	4.5058
5.28782	5.014155	5.221137	5.268011	5.740502	6.085166	5.414158	5.503872	5.312046	4.638441
4.436721	4.767636	5.004422	4.491774	3.643136	5.227299	4.428981	4.992369	3.345243	4.499661
4.168935	5.561529	4.705791	4.919511	4.961549	4.344033	4.89793	4.667925	4.924374	5.90936
5.658534	4.698782	4.984778	4.934608	4.976646	5.573082	4.333031	5.26188	4.939471	5.175217
5.222322	4.549817	4.935156	4.909081	4.951118	6.093743	4.914472	6.034286	4.913943	5.686791
4.741513	6.613487	3.393784	4.136704	3.918941	5.821017	4.408694	4.767827	4.619892	4.338483
4.781876	5.217215	5.698864	5.392361	4.818318	4.878145	5.192566	4.618481	4.715019	4.586168
5.655279	4.564758	5.079172	4.782824	4.95393	4.895585	4.24192	4.323324	4.397037	5.236653
6.228489	4.769701	5.886069	4.432754	5.801927	4.82267	5.216291	4.762005	4.892164	4.772009
4.399681	5.073299	4.753287	5.000399	5.042437	3.718876	4.976909	4.791761	5.005262	4.501056
4.284857	4.1534	3.618148	5.198334	5.888202	5.337971	5.051455	5.123169	4.459937	5.184313
5.363914	5.79892	5.465802	5.050224	5.092262	6.058781	5.018193	4.131309	5.055087	5.802554
5.07859	4.836309	5.347769	5.495753	4.201998	4.103471	4.026099	6.054699	4.106072	4.760552
4.806222	4.719048	5.04954	4.804318	4.34447	5.455738	5.162253	4.396399	4.591701	5.582805
5.709922	5.317571	5.211977	4.971257	4.211434	5.128401	5.134023	5.377491	4.265301	5.414044
5.545106	4.407806	4.295094	5.048927	5.090965	5.13092	4.649816	5.283294	5.05379	5.289341
5.302484	5.2631	5.375739	5.326605	4.577822	5.524008	5.643083	4.119234	5.744657	5.525137
4.636368	5.074638	5.166229	5.750108	5.49742	4.860786	5.329531	4.087819	4.471447	4.703485
4.551473	5.248533	4.537423	5.165577	5.804297	4.696662	5.594181	3.789362	4.815388	5.389361
4.736952	4.412419	3.74874	4.08054	5.773572	4.796269	4.688228	4.804494	5.321785	5.457593
6.024778	3.684319	5.129194	4.70279	4.423531	5.055755	5.197955	5.769689	5.539629	3.538609
5.108091	5.071601	4.991785	5.312407	4.741689	4.495564	5.690839	5.345073	5.682189	6.412607
