4.939537	3.717983	5.057939	4.887107	4.501933	4.166346	4.929791	4.936844	4.207802	4.698922
4.291687	5.182973	5.432277	4.43378	5.416462	5.312252	4.365584	5.70154	4.564283	5.866653
4.632019	5.218291	5.473063	4.623616	3.826034	4.010931	4.444016	5.281948	5.02768	4.939981
4.720894	4.838446	4.73055	5.786309	5.184383	4.18643	5.689196	4.712265	5.841381	4.777243
5.071143	4.827343	4.678029	5.773511	4.470621	4.981953	5.03563	5.424444	5.106139	4.81104
5.344043	5.193051	5.592	4.713273	4.984636	4.725749	5.616165	4.536433	4.754542	4.064041
5.408223	4.976048	4.43013	4.686245	4.815957	4.243997	4.988522	5.344518	5.770544	4.726748
5.49516	4.354897	4.069096	4.543422	5.110452	5.662148	4.74807	4.676741	5.820126	5.403686
5.003462	5.101866	5.987284	4.840843	5.38482	5.599699	5.348568	5.193539	5.231348	5.76616
4.911584	4.812321	5.037763	4.98752	5.522407	4.815207	4.901839	4.908891	5.447819	5.751182
5.107133	5.309792	4.69248	4.902979	5.369498	5.131525	5.097388	5.104441	4.983376	4.274532
5.165692	4.887316	4.627358	4.512127	4.40806	4.053904	4.371754	4.839099	4.867242	4.878394
4.348881	4.613518	4.609942	4.379544	4.98312	4.743225	3.910087	4.433514	5.582598	5.725169
5.421901	5.082213	4.398974	4.969433	5.645406	4.693792	4.811369	5.342748	5.588856	5.399758
6.205004	5.104967	5.162772	4.975102	4.960684	6.203154	4.049951	4.766293	4.391384	4.36506
4.534732	4.853129	5.358887	5.035584	5.675556	5.365736	5.224938	4.485959	3.955367	5.00942
6.276402	5.439955	4.041724	5.291517	5.49199	5.035129	5.114688	4.232022	4.888743	5.7213
4.96671	4.842777	5.469543	3.61737	5.428379	5.623521	4.956964	4.964017	4.288462	6.308992
4.756528	5.633978	5.620297	5.355206	4.948351	4.557035	4.757238	5.261369	5.578482	5.669144
5.325383	4.841794	5.219001	5.292404	4.687138	5.840589	5.643567	5.791269	4.9079	4.759089
3.943992	4.481315	5.689292	4.906556	4.576952	4.68682	5.550318	5.133929	4.738829	5.684256
4.742361	4.783153	5.434196	5.346658	5.65609	4.768141	5.892821	4.381866	4.437674	4.632127
4.596412	4.910525	4.914822	4.957243	4.306042	3.81059	4.435952	5.589884	4.326695	5.017432
5.060161	4.1892	5.127812	5.957955	4.624735	5.161215	3.756274	6.04461	5.070121	5.149994
5.197366	3.670263	4.176041	5.294158	6.054672	6.009161	4.055073	5.502863	5.599714	4.941652
5.7623	3.943511	4.718795	4.419827	4.8174	4.258877	5.031374	4.151186	4.06961	5.809778
5.065652	5.474058	5.558509	4.604534	4.752076	4.499808	5.141832	4.9156	5.608595	6.037926
5.626602	4.223891	5.148964	5.492456	4.732131	5.656	5.285697	5.571789	4.645052	4.244144
4.113111	5.353657	4.364343	4.530876	6.612908	5.503807	5.240643	4.918732	5.01158	4.011226
4.649164	4.449997	4.905101	4.773218	5.073075	4.916643	4.033107	4.684006	4.178298	4.261698
5.087052	5.040674	4.960174	5.130726	5.195199	5.48131	4.254986	5.073737	6.211593	4.895728
5.791987	4.489518	4.017718	4.882306	5.871606	4.557405	5.818051	5.808335	5.332171	4.584532
5.194299	3.609636	5.673735	5.637307	4.038613	5.110706	5.931798	5.462932	4.496548	5.389085
4.971957	6.001188	4.724227	4.532565	4.626253	4.553955	4.962212	4.969265	4.826435	4.266998
5.197248	5.329324	5.667629	5.214636	5.535078	5.103382	4.48895	5.204399	5.677512	4.401551
4.562359	4.972636	4.888983	5.268912	5.326533	4.942961	5.943952	5.621907	5.255965	4.982573
4.989465	5.646918	5.609504	4.824105	6.365667	4.331137	4.121407	4.482054	6.030906	5.310291
4.095781	4.45947	4.985633	4.406667	4.988358	4.890973	4.470609	5.412982	4.995745	5.785083
5.266289	4.751121	5.864362	4.778591	5.092391	4.159648	3.654404	5.06549	4.780067	4.456284
5.531624	5.096928	3.599224	4.620023	3.074943	5.291815	5.441643	5.16728	5.459568	5.366196
4.35609	5.67257	5.899161	4.956672	4.337526	5.512082	4.788698	4.962569	5.174328	5.373378
5.802817	5.209913	4.670525	5.080837	6.36052	4.702575	5.643651	5.008555	5.338384	4.421145
4.054466	5.155829	4.145264	5.858908	4.735476	4.516616	4.949908	5.151604	5.128681	5.276973
5.891129	4.572566	4.87326	4.445196	5.647745	5.086922	5.742912	5.2041	5.187374	4.659613
4.5794	4.611403	5.018754	5.72547	5.533365	5.326469	6.135128	3.851193	5.722754	4.384681
5.494925	6.029531	4.987209	5.796379	4.872322	4.989515	4.486104	5.561994	4.332634	5.582596
4.888092	6.087736	4.371024	4.768534	5.00832	4.086734	4.878347	4.885399	4.340175	5.29237
6.470774	5.069229	4.343668	4.401012	5.907328	4.336021	5.263082	5.520023	3.924213	5.438141
4.503751	4.535304	4.704255	5.215339	5.247733	5.065206	5.336342	4.813034	5.166726	5.030519
5.011092	4.342153	5.540241	4.565941	4.79801	5.087895	5.001347	5.008399	4.725352	4.738338
4.610165	5.591796	4.22297	5.092918	5.530869	4.963656	4.740122	4.443033	4.258882	4.781774
4.865968	5.264017	4.689572	5.940017	4.983368	5.058393	4.348097	4.609774	5.294115	5.18796
4.656278	5.960505	4.731619	4.916229	5.194815	5.218343	3.783092	4.711516	5.233653	4.691191
5.044633	4.610641	5.398546	5.67216	5.754681	4.918377	5.903692	5.201518	4.935048	5.095864
4.987611	4.922891	5.168591	4.79981	4.436581	5.864068	4.977866	4.984918	4.611761	4.766679
4.6601	4.224523	4.52528	4.351699	5.040938	5.491342	5.521224	4.974143	4.761184	5.380247
4.922894	5.231522	4.975371	4.559445	5.223523	5.478943	4.913149	4.920201	4.440897	4.639153
6.017305	4.265919	5.034217	3.482137	5.80332	4.749316	4.751698	4.195288	5.844741	5.169142
4.975101	5.374211	5.704738	5.304426	6.18671	5.085946	4.965356	4.972409	4.794282	5.097208
5.060615	5.054684	4.4591	4.503429	6.016179	4.702917	5.386693	5.558642	4.657729	3.637729
4.958959	4.647012	5.214269	4.628966	4.370474	5.547929	4.496894	4.586252	4.997797	4.014743
5.063102	4.386678	5.243011	4.495608	5.389769	5.505889	5.053357	5.060409	4.158748	4.22601
3.911012	5.092927	5.682931	5.556931	4.95318	5.483859	4.56288	4.576775	5.070505	5.194262
4.552068	5.719156	5.615308	5.945048	4.351346	5.58022	4.922095	5.134614	5.504566	5.874086
4.950961	4.908476	5.051536	5.682841	5.041916	5.641551	4.941216	4.948268	5.222852	5.47672
4.442966	4.90422	4.905571	4.95044	5.157433	5.093961	4.793694	4.363019	5.679344	4.935321
4.384919	4.533437	5.233336	5.233383	5.640583	5.115548	6.005017	5.174867	5.145313	5.419446
5.619971	4.357002	4.97767	4.258262	4.614189	4.792449	4.860913	5.703948	4.776576	4.253907
5.340659	4.182398	5.240973	5.262497	4.687843	5.015464	5.537214	4.790797	4.949059	4.317367
5.019514	4.414554	5.148459	4.597858	4.898638	4.671975	5.459976	4.715433	5.334828	3.444668
4.81071	5.062541	5.709387	4.075279	6.051552	4.26906	3.842017	4.625279	4.42108	5.283168
4.906007	5.315724	5.233957	4.188983	4.560851	4.680803	4.640773	5.251883	4.767983	6.183852
4.353057	4.377405	4.693812	5.760071	6.04676	5.588841	5.775622	4.113372	5.05607	5.289158
4.764919	4.823119	3.437784	4.902227	4.774635	4.453784	4.140294	4.670696	5.63387	4.506425
4.953328	4.213215	5.423444	4.973615	3.904474	5.416523	4.520359	5.229294	4.332083	4.961155
5.926927	5.87436	5.368036	5.589368	4.66936	5.179793	5.496839	5.528016	5.708417	5.106993
4.909756	4.577408	4.578771	5.081257	5.159364	4.358075	4.900011	4.907063	5.406963	5.507205
5.178766	4.781006	5.425641	5.097098	5.793348	4.163839	5.66977	5.036515	4.917963	4.232358
5.333079	4.698497	5.08546	4.543324	4.292437	4.524636	4.040708	5.169405	5.20125	5.498477
4.12715	4.758505	4.818623	4.924121	5.87879	5.45804	5.269585	4.243336	4.906236	4.878369
5.555231	5.3053	5.069103	5.755618	4.415247	5.272545	5.371475	5.756355	5.158909	4.46201
4.954676	4.927794	5.292633	4.469659	4.968089	5.012953	5.933967	4.446493	4.288829	4.898154
4.683197	4.592269	5.625754	4.749042	5.174893	5.206598	5.605353	5.387856	5.336575	5.503669
5.278202	5.441674	5.87932	4.683455	5.028254	5.278591	4.952244	4.37602	4.371368	4.802824
4.233568	5.182638	4.498409	4.612392	4.068594	5.903563	5.621282	4.865777	4.844825	5.093428
4.266295	5.121135	5.135437	5.380717	5.437212	4.83062	3.949165	4.570183	4.715271	5.591452
4.53194	4.550002	5.491292	5.424016	5.5493	5.229045	5.226054	4.306571	4.978523	4.181348
5.493062	4.51368	5.027111	5.443954	6.067525	4.867761	4.621617	5.523575	3.623821	4.910331
5.325087	3.997898	3.797492	5.177973	5.675288	5.261717	4.629376	5.771193	5.109631	4.895359
4.248022	5.210972	4.658352	4.805243	5.265133	4.002291	4.485988	4.376059	4.754223	5.074689
5.449607	4.723859	5.537787	5.064056	5.167287	4.477404	4.438579	4.974311	4.885463	4.697452
5.542464	4.556325	4.818934	4.83117	5.14411	4.855279	4.393339	4.723608	5.567763	5.20967
4.633422	4.993717	4.982556	4.940066	4.946331	4.275071	5.626414	5.421872	5.430949	4.156643
5.167198	4.831722	5.330076	4.695475	4.892266	4.833787	4.834324	5.227372	5.655121	5.387022
5.013372	5.009616	4.478539	5.203488	5.101934	4.159317	5.003627	5.01068	5.416866	5.201979
5.057684	4.728601	5.526489	6.064936	4.310038	4.974171	4.985361	4.946985	5.883714	4.529544
5.038855	5.2683	3.575112	5.200981	4.686738	4.09009	4.276927	5.039917	5.499171	4.480265
5.040235	5.462138	4.719542	5.294455	5.658815	4.887617	5.770628	4.561739	5.305405	5.050138
4.43158	5.571833	5.303609	5.709618	4.619307	4.873449	5.118851	5.656645	5.198123	4.740199
5.527934	4.941144	4.939888	5.876571	5.475431	5.33955	5.199967	4.603224	4.646252	5.828968
4.399276	5.494915	5.307823	5.878815	4.738339	5.680705	4.629106	4.71921	4.525247	4.168615
5.129592	4.800706	4.261893	5.792643	4.780281	4.423968	5.119847	5.1269	4.486964	5.652653
5.255476	4.41305	3.930975	4.200945	4.339558	5.561535	5.052257	5.25413	4.400044	5.87078
4.685839	5.14957	4.563831	5.610151	5.297523	4.861905	4.439184	4.957076	4.575096	5.401352
4.376583	5.14	5.888161	5.060039	4.591903	5.061005	4.830368	4.241594	4.774465	6.033147
4.43901	4.882459	4.929859	4.929687	5.404911	4.896694	4.924722	5.842981	5.257136	5.438646
4.469907	4.833897	5.353488	5.622245	4.926363	4.623713	4.653932	4.525497	3.955718	5.897668
5.225351	5.255583	4.124979	4.470117	5.052169	4.93567	4.749141	4.762165	4.502244	4.900401
5.160139	5.602505	4.838292	4.739289	5.466223	4.099241	5.009117	5.522911	4.77904	4.793915
4.564438	5.688801	5.154469	5.578629	4.402238	5.958795	4.806439	5.189169	5.627055	6.115429
4.730019	5.192249	5.323717	4.831265	3.926998	4.486347	4.574434	4.586705	5.069695	5.810781
6.089917	4.93225	4.744764	4.386734	5.533161	4.141283	5.20946	5.070615	4.134183	4.571787
4.727026	5.08004	5.346354	4.439163	4.839468	4.334417	4.673663	4.228061	4.953357	4.89034
5.804732	5.918041	4.426219	4.383119	5.238712	5.281116	5.358818	4.986005	4.904571	5.332341
4.29846	4.909099	5.396836	5.150433	4.703534	3.469701	4.66837	4.789124	4.652016	5.152558
5.957622	5.353061	4.450974	5.934046	5.10088	4.510515	4.540088	3.983556	4.617512	5.149726
4.227644	4.400467	5.809388	5.870004	4.08828	4.974683	5.309809	6.03394	4.829639	4.942557
4.837178	5.119547	5.131966	4.786216	5.475478	6.177043	4.454978	5.15066	5.220353	4.730471
5.228703	4.317237	5.747221	5.360724	5.471557	5.005645	5.952688	5.258568	4.708985	4.95426
5.003714	5.44576	5.078012	4.320653	5.473044	3.777469	4.993969	5.001021	4.995149	5.461818
5.102116	4.810125	4.460724	5.607924	4.300438	4.340825	5.092371	5.099423	4.770729	5.45306
5.408265	5.662763	4.698441	5.264101	5.467609	4.963238	5.630561	5.267367	3.860365	4.83782
5.025235	4.814888	5.196175	5.052896	4.907914	5.324062	5.01549	5.022542	5.072206	4.704759
5.061456	4.713366	4.349112	5.335534	5.411708	4.533646	5.051711	5.058763	5.461649	4.604642
4.649724	5.704868	4.528529	5.351042	5.868101	4.097946	5.957715	3.863758	5.26657	5.970117
5.107731	5.263285	5.596077	5.079502	5.842371	5.080178	4.889599	5.304149	4.629281	4.683188
5.587936	5.612566	4.879758	5.146264	5.880305	5.131641	6.167127	5.642028	4.449237	5.736597
4.612131	6.40706	5.115526	6.322374	4.56907	4.690545	4.69921	5.556252	5.4204	5.488786
4.833557	4.944074	4.385258	4.877951	4.908616	5.309051	4.178655	4.391946	4.72963	5.11547
5.584342	5.847446	5.096579	5.579469	5.370184	5.709805	6.446809	4.175972	4.648264	4.346148
4.240337	4.656404	5.497983	6.234945	5.913141	5.503467	4.053103	5.431179	4.720353	5.108122
5.081109	5.019142	5.135529	5.320446	5.422537	4.692013	5.071363	5.078416	4.811839	5.374445
6.549807	5.798436	5.710062	5.199331	5.803349	4.60854	5.481204	3.944783	4.903969	5.275678
4.576585	4.696225	5.74367	5.185214	4.276742	4.561692	5.840242	4.768139	3.723287	5.182028
4.339469	5.116013	4.463648	6.0287	4.578851	3.911681	5.206037	5.003396	5.264473	4.409163
5.67102	5.448507	4.729537	4.050827	4.867264	4.745663	4.851797	5.090379	4.497355	5.569461
5.010809	5.201881	5.309694	5.463355	5.076892	4.518838	4.816473	4.80373	5.519495	4.790168
5.62391	5.446655	5.312281	4.909716	3.73238	5.157378	5.617122	4.665855	5.341169	4.635956
5.880625	4.643254	4.928534	4.57459	4.654775	4.64452	5.270768	4.034355	5.135809	4.878727
4.909568	4.894322	5.521318	5.580588	5.361823	5.523433	4.899823	4.906875	3.10587	4.902438
6.000192	4.014856	4.289003	5.897883	4.696935	4.468796	4.890261	6.251994	4.901044	5.23298
5.216857	5.560884	5.974854	4.995706	4.167186	5.502863	4.058503	5.901441	4.544741	4.767216
4.379871	5.357212	4.61027	4.583441	4.538265	5.298695	4.626915	5.10344	5.450773	4.901996
4.758884	5.676395	4.263851	5.631615	5.700896	5.63046	6.065211	5.844608	5.665766	4.907351
5.149159	4.368816	4.623463	3.972213	5.447762	4.277275	4.485801	4.920704	4.423153	5.188803
4.585519	4.337312	4.894512	5.621766	3.804861	4.938968	5.582042	4.17134	5.251168	5.678247
4.959715	5.992053	5.759341	4.60765	5.501691	5.105341	4.94997	4.957023	6.461859	5.544181
4.921007	4.901818	5.445443	5.019843	4.712829	5.063956	4.909097	5.84392	5.054889	4.296316
5.02959	4.848561	5.113781	4.928398	5.154347	4.606092	4.40593	6.007542	5.543525	5.410281
4.918115	5.928557	4.431978	4.840703	5.45873	4.268317	3.938659	4.946581	4.27989	5.16067
4.568649	5.542114	5.588082	6.029509	4.356563	4.809322	5.723325	5.795793	6.184054	4.983826
4.743722	4.968096	4.282464	4.661132	3.991266	5.556986	5.068889	5.575952	5.085877	5.449364
5.142632	4.77729	4.81973	3.433514	4.149743	4.991655	5.648593	5.64119	4.546823	5.102476
5.018798	5.265761	4.340394	5.349928	5.204367	5.433572	5.009053	5.016105	4.938225	4.10291
5.178538	4.809362	5.3139	5.805295	5.29895	4.847094	5.463055	5.076389	3.977281	4.181379
4.778627	5.571748	4.628329	4.594615	5.294947	6.331582	4.795878	5.290766	5.537171	4.432231
5.484151	4.996719	4.813584	5.818998	4.881769	4.94152	4.717515	5.342183	5.034706	4.856706
5.216704	4.395452	5.027281	5.86045	4.492567	5.175962	5.012464	4.882292	4.996454	4.4014
4.924112	4.953807	4.877319	4.904498	4.176337	4.448439	4.914367	4.92142	5.132656	4.686362
5.000901	4.952206	4.368146	5.176343	5.570513	5.376183	4.991156	4.998209	5.466336	4.333146
4.621265	4.559966	4.397865	4.747813	5.188409	5.083786	5.479122	5.082565	5.159366	4.609244
4.419769	5.597912	4.991468	4.4195	5.906114	5.387215	3.962679	4.920965	5.724702	6.092052
4.564243	4.533991	3.999958	4.731152	4.536829	5.642537	4.746653	5.161301	5.655389	4.226348
5.017467	4.683727	5.19558	4.523521	5.158489	5.843871	5.181753	5.420162	6.292682	5.469131
5.001931	5.446745	5.703331	4.86659	5.868409	5.068008	4.992186	4.999238	4.178133	5.339903
3.894723	5.312499	5.540834	5.411286	4.825318	4.806369	4.822445	4.56325	4.376443	4.644385
4.045052	4.85216	4.8256	4.551696	5.240344	5.13476	4.76328	5.712419	5.003962	5.550807
3.822993	4.632954	5.013377	4.137045	3.947409	4.399708	5.064541	5.074568	5.056585	5.193368
4.481863	4.475965	4.396848	4.547363	5.526735	4.456826	4.650673	4.691106	5.648209	5.222536
6.231853	4.454795	4.980604	5.214637	5.026716	4.737298	4.577241	3.99816	4.880364	5.258535
6.032028	5.023675	4.06173	5.363097	5.019275	6.053342	5.272336	4.885829	4.706308	5.277392
4.713187	3.672563	5.248328	4.974364	5.36593	5.168576	4.512796	5.934053	3.92142	4.899742
5.290996	4.814486	5.244164	3.995792	5.281188	5.446375	4.651387	5.493984	5.131756	5.703266
4.91371	3.901817	5.225406	5.150053	4.746009	4.749782	5.006541	5.516687	5.623996	5.250579
4.98894	3.914691	5.580163	5.540966	5.329877	5.964566	4.979195	4.986247	5.696791	5.384271
4.934723	4.334694	4.884786	5.785215	5.329479	5.318562	4.924978	4.93203	5.635755	5.226365
5.617354	5.580478	4.919274	5.52553	5.850949	6.002441	4.882257	5.328572	5.239651	4.865627
5.343236	3.950877	5.096895	5.368778	5.264297	5.210176	4.93121	4.61792	5.298592	5.217736
5.288771	4.969518	4.842614	4.332198	5.209218	4.642025	4.80429	4.566239	6.690382	4.568412
5.062052	4.746265	4.293492	4.929365	5.722068	3.699251	4.323533	5.283204	4.689236	4.926313
5.730849	6.094357	5.145799	4.943672	4.458431	4.497218	5.150265	5.376593	5.401617	4.97191
5.655447	4.284791	5.172285	3.977151	7.021139	5.474939	4.174674	5.395463	4.394712	5.5208
4.751144	4.383162	5.728631	4.668577	4.778499	4.643613	5.849866	5.554505	4.61453	4.958834
4.608863	6.032176	5.788101	5.799687	5.335973	5.177048	5.325872	4.566654	5.212592	5.254907
4.995716	4.59352	5.640704	5.131266	4.677694	5.44386	4.985971	4.993023	5.5112	4.775282
5.001016	4.65811	4.980292	4.323553	4.219388	4.630092	4.102567	4.805536	4.396612	5.756547
4.590591	4.647046	4.634229	5.395353	5.832392	6.04339	5.42493	3.887821	4.826684	4.8799
5.322054	5.055859	5.491219	5.753951	4.677263	4.631317	4.578692	4.630677	4.876241	4.247064
4.958649	4.677633	5.213495	5.798857	4.820344	5.960899	4.948904	4.955956	5.262957	5.224691
4.667961	4.754145	5.222421	4.014672	5.772213	5.105567	4.177518	4.626504	4.663404	5.56163
4.704706	5.381019	6.1422	4.589838	3.729449	6.221015	4.458629	4.705413	4.761987	5.114204
5.797927	6.109117	4.710205	4.74834	3.981056	4.865184	5.209965	4.987107	4.57629	4.283907
5.31666	5.015305	3.911441	5.130967	5.200559	4.54521	5.740436	5.251771	4.772019	5.148569
4.984807	4.982673	4.265965	5.404794	4.605689	5.245327	5.262399	4.953108	4.111381	4.840695
5.063592	4.676603	4.250839	5.242574	4.482147	5.119955	6.060924	4.800179	4.316162	4.900121
5.878284	5.073867	5.189355	5.207659	5.651764	6.026014	5.789944	5.026329	5.667475	3.992169
4.70328	4.941856	4.888833	4.54479	4.54741	4.550877	5.472796	5.193254	4.261254	4.406159
5.448342	5.338871	5.045304	5.241077	5.669413	4.959828	4.582778	5.321386	5.78954	4.349526
5.640736	4.166661	5.360887	5.188132	5.205948	5.565709	5.306755	6.24487	3.954208	4.684168
4.893439	4.541298	5.273204	5.021	4.637052	4.554861	4.561304	5.099583	5.213687	4.892807
