4.974612	5.891769	3.933625	4.493734	4.879085	4.464393	4.964867	4.971919	4.85093	4.652593
5.583632	5.040776	5.391874	4.153698	6.112167	5.068278	4.022035	5.456553	4.27595	3.511917
5.290151	5.67035	5.726434	4.825721	4.752796	6.08055	5.107266	4.803294	5.537995	4.219583
4.088427	5.440019	5.762073	4.694307	5.212574	4.353327	5.330416	5.221414	5.60385	5.477549
5.329443	4.344945	4.893956	4.929829	4.608702	5.487225	5.429209	4.07474	4.818554	5.126714
5.32673	5.337072	4.740916	6.039014	5.19326	5.074703	5.177931	4.923317	4.761549	4.564825
5.608064	4.915932	4.934993	4.81969	6.077389	4.256436	5.455524	5.059363	4.971926	5.357891
4.461258	4.709846	5.956532	5.645666	5.694252	4.953235	5.332706	5.021338	5.149467	4.602155
5.181974	4.796876	5.700562	5.422228	4.730097	4.918403	4.541835	4.534859	4.239438	5.239276
4.946659	5.436013	5.045501	5.141471	4.485635	5.031468	4.936914	4.943966	4.23517	4.794403
5.142209	4.255727	4.186149	5.1038	4.30034	4.301193	5.132463	5.139516	4.871415	4.610081
5.50974	5.079125	5.722626	4.696077	4.963225	5.743913	5.532563	4.796106	5.241262	4.485411
5.299099	5.00873	3.708092	4.676058	4.390111	5.230049	4.58185	4.740915	4.111562	3.841303
4.678656	5.222371	5.911206	5.164379	4.99082	5.204418	4.854336	6.029789	4.659127	4.433907
5.582557	5.883425	4.338209	5.368705	4.748209	5.578163	4.976405	4.324564	4.780364	4.418308
4.689267	4.610705	5.47466	5.159738	5.210018	6.077828	5.609864	4.745965	5.358899	5.234768
4.999156	4.555438	5.182998	4.519725	5.281451	5.000158	3.968812	5.182969	4.773079	5.57895
5.001785	5.104633	5.817616	4.676516	5.523684	5.178697	4.99204	4.999092	6.227443	6.155601
5.168652	4.479239	4.92486	4.82955	5.740289	5.735665	4.241426	5.754728	4.883352	5.230153
4.780118	4.666107	6.045245	4.295572	3.718685	4.664941	5.228188	5.307897	5.030295	4.403912
4.688203	5.275106	4.821602	4.526267	5.690187	5.601505	5.974374	5.131817	4.677223	5.3595
4.488821	4.214813	5.663238	5.461237	5.713176	5.11606	5.207086	5.690831	5.633883	5.552894
5.100696	5.160493	5.270291	6.638194	4.877624	5.342837	4.336905	5.399653	4.637374	4.655879
5.171579	5.7148	4.846046	3.841874	4.625826	4.794253	4.451112	5.234889	5.42543	3.887251
4.630922	4.472998	4.275736	4.312501	4.750189	4.712705	4.960498	5.26656	4.877371	4.061718
4.767512	5.194242	5.44288	5.331587	5.620555	5.404636	5.239047	5.005098	4.534916	5.636072
4.300919	4.795677	5.914861	4.757459	4.57986	6.232193	4.783484	4.758784	4.06641	4.552923
5.145584	4.813541	4.310831	5.459158	4.503778	4.777963	5.231811	3.566673	4.838438	4.687332
5.221851	5.477317	5.37258	5.297999	5.315183	5.257276	5.109985	4.306327	4.718551	4.890675
5.889112	4.500967	3.630347	5.717806	5.852544	5.584394	4.591199	4.371876	5.374325	4.85931
4.824277	4.269104	5.117227	3.935984	4.834222	4.693772	5.037526	5.512275	4.94275	4.001159
3.564614	6.564398	5.263573	5.1332	4.480612	4.926787	4.581203	4.520865	5.338527	4.743332
4.791176	4.984963	4.732322	4.241839	6.095692	4.508259	4.94844	5.128605	4.536436	5.55408
5.007032	5.070621	5.394819	4.59537	4.506548	4.847029	4.997287	5.00434	5.084695	6.051986
4.867058	5.95222	4.70835	5.571616	5.447896	3.764087	5.184546	4.951097	5.08136	4.775681
4.771316	4.812775	5.354259	5.579879	5.256277	4.122601	4.713759	4.883404	5.726337	5.186962
5.088386	6.203968	6.675876	6.883996	4.701696	5.090737	5.035455	5.103794	4.884971	4.388141
5.121177	4.96674	3.70218	5.116612	5.513391	4.257808	5.262602	5.424596	4.592003	4.764634
5.053786	4.475801	5.91725	4.863133	5.299323	4.977831	4.356568	5.925367	5.582675	5.394606
4.702118	4.78061	5.157979	4.721871	4.670565	5.394998	5.018585	5.766841	4.705672	6.012999
4.469082	5.252499	5.141593	5.267588	5.098372	4.389617	5.484369	5.475506	4.555568	4.982934
4.227158	4.881763	4.185017	5.13524	4.638457	5.008388	5.434347	5.54062	4.70207	5.155856
5.473763	4.518815	3.973304	6.203412	5.12555	4.84475	5.497773	5.250607	5.072958	5.010981
5.575953	5.246692	5.138764	5.190428	4.094346	4.786542	5.512929	4.944399	5.58842	5.411761
4.79036	5.634892	4.780663	5.584646	6.046401	5.487279	3.971345	6.04716	5.14938	4.438916
4.763464	5.907144	5.217259	5.221557	4.247602	5.346226	4.75696	6.305155	5.163072	4.772192
4.923167	5.548057	5.483886	5.216761	5.998249	4.538777	4.913422	4.920475	4.723264	5.7844
4.126352	5.588209	4.870941	5.469581	5.173978	3.738734	4.854907	4.588976	5.266607	4.396272
6.148492	5.038579	4.872662	4.44067	4.820873	5.516833	4.313523	4.914263	5.229602	5.4841
5.046167	5.010571	4.691045	5.005021	4.799642	4.720958	5.036422	5.043475	4.324183	6.058922
4.184875	4.756782	4.904509	5.132788	4.40153	4.534139	5.388799	4.113681	5.192974	4.332931
4.599829	5.562559	5.012914	5.1241	4.812967	4.982574	4.980391	4.216296	4.820399	5.818022
5.628096	5.758985	4.83796	4.200593	5.626591	5.048283	4.844893	4.266126	4.761824	5.361787
5.890254	5.505578	5.23973	4.448495	5.026431	4.762094	4.610713	5.601621	5.192609	5.487862
5.022686	4.950456	4.799852	5.046148	5.265587	4.294657	5.012941	5.019993	5.318858	5.112723
4.666793	5.251553	4.953471	5.44461	5.899127	5.491431	5.160929	4.737352	5.370412	5.828703
4.957969	5.426319	5.7398	5.392207	4.802636	4.658736	4.948224	4.955276	5.195572	4.832173
3.978636	4.489359	5.204585	5.537469	4.94323	4.523779	5.336237	4.368187	4.935126	5.644536
5.010177	4.550586	4.63753	5.250239	4.565783	5.165554	5.000432	5.007484	5.144803	5.324064
4.730649	5.082901	5.766962	4.940854	5.154561	4.984975	4.829668	4.638538	5.048754	4.14444
4.906064	5.53945	5.676292	5.464351	5.894658	4.516507	4.277375	5.694348	5.210499	4.690551
5.098177	6.072367	5.700261	4.591163	4.305524	4.491999	5.088432	5.095484	4.917347	4.451231
3.911124	5.4074	5.267918	5.654689	4.082839	5.17797	4.802832	4.954693	4.377032	4.756942
5.401715	5.33217	5.217674	4.68624	5.208452	5.432226	5.039865	4.875234	4.685708	5.086842
4.986036	5.518936	3.826753	4.663286	4.85021	4.923186	4.976291	4.983343	5.856415	4.363317
5.335917	5.230575	4.079263	4.184583	4.633846	4.149767	5.312714	4.975203	4.418569	4.681161
4.657695	4.03717	4.82487	5.751063	4.722296	4.814405	5.546727	4.304835	4.96197	4.976769
4.190022	5.892002	5.711159	5.236354	5.05938	4.60342	5.219685	4.80843	4.737411	5.163893
5.676083	5.15641	4.007693	4.654727	5.40425	5.004511	5.035964	5.453697	5.828609	4.872679
4.341686	5.201863	4.156085	5.38952	4.744665	4.430985	3.903676	4.970203	6.118205	4.282572
4.893412	5.420703	4.975603	4.51324	5.085339	5.420563	5.207905	5.118164	4.498902	5.011961
4.344507	4.80289	4.820703	4.730454	5.258141	5.400334	4.203955	5.373229	4.710346	5.416718
4.851949	4.682324	4.555047	4.550058	5.239297	5.604787	3.206701	5.219318	5.445591	5.565906
5.103203	5.634814	4.086771	6.342427	4.388679	5.503999	4.658886	5.646312	5.400383	4.678917
5.352342	5.715778	5.033866	5.025848	5.181745	6.198716	4.637775	4.617518	4.945029	4.438281
6.181238	5.548516	4.084635	4.254369	5.048048	4.454125	6.215041	5.773554	5.570674	4.766931
4.944831	4.2934	4.77169	4.939075	6.334134	4.552325	4.935086	4.942139	5.100695	4.969278
4.107255	5.490494	4.567217	5.24399	4.947793	5.236695	5.376137	5.772466	4.536591	5.584647
4.804327	5.706587	4.972497	4.643793	4.458759	5.130016	3.763232	4.669157	4.961421	5.802415
4.689752	5.105961	4.179151	5.347141	5.275336	4.55174	5.967064	5.973254	4.093763	5.345456
5.230664	5.686616	5.176082	4.468189	5.130713	5.786764	4.766717	4.687372	5.720448	5.860868
4.343803	4.192823	5.421944	5.080565	5.235242	5.083739	4.596158	5.910874	5.294257	5.026684
4.061393	5.900548	5.613557	5.371726	4.688873	5.123999	4.529193	4.809477	5.86923	5.06691
6.431188	4.87831	5.723733	5.269474	5.014294	5.478347	4.830513	5.881049	5.324907	6.037296
4.777498	4.386117	5.775469	4.991794	5.501078	5.977619	4.242396	4.642662	5.740454	4.515398
4.421031	4.429734	4.694926	5.268452	4.851978	4.204731	4.653588	4.555531	4.287524	5.497769
4.874787	4.431784	4.970419	5.213328	4.53584	6.009643	5.808804	5.575768	4.506657	5.241288
5.383063	4.294205	4.918417	4.941038	4.961839	4.007016	4.765671	5.567237	4.652155	5.599215
5.792382	5.262268	4.008175	5.503119	5.04729	5.13434	4.750007	5.228865	5.770059	4.851128
4.774804	5.508456	4.5677	4.046898	5.204868	5.774744	5.555668	6.030865	6.064052	5.544102
5.108062	4.570362	5.510782	5.04971	4.474572	5.459748	4.695413	4.326332	5.637138	5.600801
4.341155	5.035798	6.022666	5.683864	5.0769	4.49176	4.67464	4.910631	4.007176	4.778439
4.762873	4.524944	4.247602	4.086514	5.644798	4.46957	4.040396	5.083848	3.980204	3.997539
4.353382	5.827468	5.443917	4.604049	4.999977	4.957827	5.084874	4.355989	4.733353	6.123447
5.048448	4.510995	5.253339	4.6772	4.730966	4.77726	5.038702	5.045755	5.378355	4.739896
5.419966	5.017239	4.781362	5.304465	4.846472	5.050576	5.03438	4.66272	3.939694	5.015697
4.673744	4.054327	4.695035	4.924579	4.954966	6.27796	4.005184	4.31489	5.926519	5.964069
4.979812	5.239196	5.572224	5.16631	5.120596	4.973295	4.956707	5.357385	4.911886	5.338619
4.868281	4.806326	3.858132	5.219932	4.686577	5.186696	4.689526	5.309107	5.865493	5.705441
4.731238	4.196537	4.868114	4.384463	5.952879	5.2038	4.78635	4.859056	4.89761	4.017393
5.459683	4.750942	3.975779	5.925378	4.944188	5.045886	4.763689	5.236305	4.637981	5.248184
5.164668	5.626896	4.575741	4.750821	4.755226	5.156406	5.154922	5.161975	4.28054	5.083791
5.045442	5.509505	4.983317	5.329633	5.784935	5.068149	4.733189	5.064814	5.751133	4.32478
5.219725	5.303399	5.148304	5.348357	5.154934	4.237884	3.820355	5.391573	4.666549	4.455345
5.429474	4.800237	4.629793	5.211809	5.48855	4.80151	5.793297	3.88764	4.619116	4.523554
4.925661	3.759224	4.464096	4.390569	4.939764	4.900374	5.402931	4.308385	5.877055	5.419736
5.581868	4.248416	5.268229	5.352442	3.7353	4.539504	5.358107	6.032024	4.542772	4.339555
5.10038	4.662104	5.048213	5.080073	5.5486	5.500143	5.645446	4.923377	5.115647	4.452606
5.840686	5.357176	4.497978	5.211981	5.476769	5.222952	4.132567	5.963518	4.966436	5.12359
5.788481	4.485368	4.728621	4.033985	4.38457	5.607817	4.225571	5.562879	5.08279	4.737669
5.402866	4.907009	5.886364	5.142111	4.925229	5.03636	4.91466	5.011156	4.303763	5.602242
5.275258	5.407463	4.719456	4.588743	5.30234	4.537271	5.733277	5.206915	4.652549	5.005829
4.63767	4.840086	5.302546	5.137533	5.460313	5.454924	4.746309	4.501171	4.903132	5.827704
4.849042	4.839459	4.619034	5.224351	3.886851	4.234283	4.864678	5.03299	5.268394	5.318807
5.572347	6.381978	5.405272	4.516034	4.822453	4.993383	4.218549	4.401903	6.139329	4.838169
4.955098	4.376587	5.908878	5.131611	5.652971	4.164366	4.169852	5.766496	5.169601	5.044019
3.970411	5.33916	4.486073	4.517066	4.995008	5.658458	5.087714	4.447547	5.081164	5.139778
4.212086	5.236209	5.156424	4.438454	4.778902	5.551348	4.832684	5.076097	4.779419	4.921799
5.058675	5.647014	4.920852	4.49506	4.957837	5.461899	5.026277	3.895158	4.853366	4.390177
5.038789	5.388473	5.32687	5.363197	4.915228	5.696933	5.029044	5.036097	5.15577	5.389542
5.137191	5.393079	4.481112	4.585497	4.029113	5.330969	5.127446	5.134498	5.743571	5.329223
4.64105	5.562965	4.646339	5.452905	5.352243	5.158623	5.031261	4.476834	5.106118	4.381083
5.06031	4.70592	4.932119	4.299813	5.130304	5.300711	5.050565	5.057618	5.462473	4.919075
5.096531	5.695903	5.038618	6.124699	4.232444	4.585471	5.086786	5.093838	3.787597	4.963746
4.473758	5.347534	4.541567	3.714935	4.721334	4.450629	4.866321	5.383178	5.531274	5.486463
4.499502	4.320842	5.164258	5.550996	5.440733	4.724796	4.402655	5.771923	4.102382	4.688871
4.68693	6.405424	4.925629	5.695895	4.02911	5.516289	5.414903	4.198263	4.641706	5.550437
4.011472	5.081856	5.054468	5.692487	5.30196	4.249869	4.910594	5.14496	5.142365	5.920527
4.933281	4.729333	5.22862	5.66793	4.306882	4.67502	4.990343	4.814997	5.549974	4.663486
5.407516	4.801663	5.019943	5.02541	5.587199	4.803895	4.4574	5.013179	5.011872	5.057313
5.101779	5.362111	4.872539	5.206748	5.403896	6.179127	4.879739	4.793343	4.803605	5.953436
5.116184	5.11958	5.465407	5.244288	5.028351	4.595914	5.106439	5.113491	5.473566	4.926546
5.345703	4.581093	5.544006	5.632265	5.264556	4.376666	4.749911	4.832888	5.196085	4.621901
5.606909	3.927293	5.01641	5.463357	5.004624	4.726758	5.810115	4.696019	5.12942	5.470213
4.004329	4.392068	4.511557	4.426735	5.314152	5.132226	5.454431	4.59377	4.723531	5.385954
5.158209	4.734715	4.404443	4.815619	5.27081	4.124177	4.974494	4.895854	4.79063	4.58239
5.722098	4.625268	4.587102	5.204246	5.046323	4.850673	4.573562	5.461688	5.165165	4.631917
5.274082	5.428198	4.664749	4.535145	3.808248	5.207608	4.831888	6.531778	4.764088	4.711689
3.965386	4.640663	5.340174	5.099507	5.539768	5.768325	4.54967	4.905374	5.620897	4.909809
4.944643	4.994454	4.781394	5.563136	4.889128	4.267679	4.934898	4.94195	4.981423	5.179992
5.118948	4.099509	6.002065	4.527262	4.992574	6.054847	4.885334	4.81111	5.54204	4.798387
5.487734	4.695843	5.087591	4.897323	5.401906	4.334941	4.504611	4.909254	4.308115	5.222305
4.792072	3.676386	5.525215	4.929725	4.749787	5.412193	4.519084	4.950182	5.482903	5.289947
4.257324	6.165351	4.649025	5.380175	4.941426	4.975503	4.945364	5.962157	5.286775	5.015007
5.722293	3.898894	4.343781	5.474212	4.97744	3.334421	3.970652	5.327365	5.14076	4.85745
5.820978	4.681976	4.915313	5.240855	4.733011	5.33323	2.939753	4.221783	4.781506	4.653319
4.994791	5.040977	4.13526	5.105785	4.861457	4.893198	4.985045	4.992098	4.270982	5.231885
4.749105	4.844238	4.577955	5.374782	5.40798	5.554798	4.810367	5.069813	4.623275	4.120862
4.835001	5.127403	5.64298	5.650791	5.21674	4.513131	3.920739	5.13876	4.835607	6.110221
5.063705	4.691201	4.946429	4.628497	3.911422	5.306874	4.716116	5.039455	4.781002	5.333293
4.503414	5.100882	3.788933	5.39016	4.929328	5.210507	5.264881	5.644285	5.013346	4.884655
5.503154	5.170466	4.469034	5.280148	5.118147	5.202755	4.128127	4.933384	5.176082	4.614512
5.752978	5.886024	4.067992	5.405666	5.999911	4.917599	5.269838	4.880292	4.472978	4.439201
5.053873	5.620096	5.203266	5.345474	4.520092	5.526389	5.044128	5.05118	4.960314	5.697899
5.349888	4.861996	5.340912	4.86024	4.448791	4.417645	5.49543	5.216866	4.865451	5.603749
4.595403	4.349732	4.834804	5.637559	5.398692	5.360896	5.15566	4.224887	4.597219	5.293027
5.455735	5.053078	5.207091	5.338881	4.639476	4.794875	5.021266	5.023612	5.043991	5.263717
5.480568	5.158363	4.156098	5.315029	5.980433	5.086665	4.857364	5.474245	5.436134	4.469859
4.959188	4.641013	5.088673	4.478112	4.774703	5.271882	4.949442	4.956495	5.089412	4.324772
5.035976	4.580003	5.902765	4.991054	5.242772	4.500691	5.026231	5.033284	5.277691	5.94317
5.450058	5.100347	4.880722	4.892162	5.145756	4.714334	6.06608	4.806231	4.764826	5.757868
4.97086	4.852932	4.67118	4.329924	5.842491	4.702706	5.429461	5.451475	4.482756	5.107063
5.03999	5.57187	5.320399	4.308604	5.212544	3.950997	4.767434	4.589166	4.816216	5.390073
4.711135	5.388206	5.838709	5.379458	5.157588	4.99641	5.615873	4.743985	4.322965	4.928784
5.037006	4.65115	5.332435	5.174394	5.6552	5.404901	5.027261	5.034314	5.415644	4.985123
5.018851	4.815149	4.080687	4.295701	5.521747	4.73261	6.01256	4.183721	4.854976	5.578165
4.552474	5.133005	5.116477	5.771451	5.186031	4.570753	4.36925	4.875806	6.026689	5.418188
4.153905	4.630484	4.617878	4.405374	5.196163	5.264699	5.288518	4.486657	5.162564	5.19875
5.442941	4.938522	5.427279	5.601755	5.163658	5.874156	5.236495	5.756392	5.032742	4.881529
5.316511	4.536762	6.050362	5.780457	4.342817	5.177958	5.402987	4.940946	5.24317	4.951504
4.088393	4.261353	4.929719	5.250592	5.900737	6.035027	5.379133	5.390717	5.009829	5.060771
4.951969	4.370735	5.092934	5.48372	4.720917	4.768759	5.431897	5.487644	5.263691	5.108832
5.289335	4.167449	4.739663	5.132628	5.390764	3.971698	5.678818	4.127108	5.582355	5.008233
5.078581	5.004634	5.739681	5.295307	4.673761	4.323564	4.468314	5.348939	4.507873	5.561703
5.024015	5.013308	5.241677	5.671596	5.318485	4.885319	5.01427	5.021322	5.398551	5.200928
4.969798	4.780416	5.423657	4.750439	5.241573	5.625652	4.960053	4.967105	5.722426	4.489229
4.521825	4.962749	5.634685	5.721404	3.671597	4.668757	4.987766	5.096124	5.141207	5.005669
4.771169	4.746939	4.86548	5.423559	4.662593	4.186943	3.999804	4.359138	4.105032	4.883652
5.028259	4.801688	4.273361	4.660192	5.264484	4.609081	4.194317	5.485048	5.015529	5.045659
5.050944	4.930663	4.655073	4.750859	5.869672	5.858333	5.294352	5.39375	4.798117	4.549979
5.026382	4.237776	5.462999	4.906677	5.354195	4.257755	4.996611	4.95509	3.931896	4.586518
4.840316	5.591844	4.311346	4.586585	4.649029	4.692259	4.902304	6.092918	4.155807	5.351791
5.11885	5.744642	4.911121	4.871009	4.464355	4.401362	4.784398	5.179002	5.778187	5.072719
5.023721	4.474425	5.073258	4.664312	4.831115	4.91204	4.991147	5.150067	5.662868	5.096367
5.030791	4.890652	4.829062	4.728101	5.665886	3.665821	5.021046	5.028099	5.036425	5.469773
4.938252	5.045466	4.290399	5.64993	4.025002	6.113274	3.556021	5.082942	5.986464	5.282939
4.404033	4.192994	5.368997	5.123411	4.581585	5.043721	5.007601	5.611588	5.327528	4.914697
4.981654	6.368773	4.848191	5.482788	4.463169	5.174782	5.900338	5.223829	4.730048	5.168966
4.993724	4.387851	4.236296	4.028976	5.722423	5.416179	4.983979	4.991032	5.14472	5.275402
5.874423	4.639977	4.705067	6.08859	4.812757	4.047242	5.409063	4.817391	4.439151	5.837947
4.906332	4.679757	4.719099	3.857292	4.469184	5.636197	4.970533	4.597311	4.988358	5.301686
3.922834	5.111677	5.10637	4.452785	4.90675	5.183655	5.004255	4.763152	5.068968	5.184161
5.141222	5.638578	4.498126	5.690299	5.103579	6.508952	4.560473	4.994864	4.5851	4.97005
4.947453	4.5052	4.807782	4.916074	5.400027	4.826106	5.854644	4.154841	5.467933	5.476237
5.297878	4.802362	3.580134	5.694643	6.054914	5.1219	5.236609	4.946671	5.129348	5.027298
4.828043	5.585771	5.242056	4.582076	5.035072	5.520452	5.373049	5.537828	4.421443	4.835831
4.73699	4.852446	3.942663	5.005483	5.241271	5.717081	5.410001	4.666834	5.687436	4.631085
5.726415	5.112885	3.905552	4.437243	4.74221	4.283713	5.295471	5.213124	3.995203	4.461628
4.972645	4.202528	4.875853	5.190372	5.322239	5.385826	5.178823	6.044287	4.974271	5.346079
5.328539	3.648423	4.358072	5.213632	4.861457	4.124198	5.128348	5.627049	4.690571	4.860873
