4.978148	4.023303	5.7368	5.33257	4.483149	4.035563	4.870512	4.247007	4.452497	4.731779
4.680587	4.763874	5.601653	5.036696	4.052947	5.89225	5.45725	5.135557	4.839386	6.254772
4.869381	4.44237	3.947571	4.667463	4.938287	4.545805	5.289759	4.502384	4.834034	5.5672
5.098091	4.583459	5.291037	4.469641	4.876886	5.014797	5.159544	4.84403	5.327864	5.834805
5.127165	5.375759	4.659401	4.799507	5.246516	4.885385	5.014495	5.203645	4.95653	4.289351
5.509488	4.762147	4.494652	5.035622	4.650459	4.610688	5.226303	5.241102	4.61236	5.198673
5.538256	4.536312	5.026584	5.261262	5.788242	6.166301	4.648252	4.582115	4.494848	5.007027
5.237871	4.503077	5.405553	5.407688	4.36236	4.495342	4.735018	5.115672	4.45835	4.594916
4.474275	4.773204	4.820422	4.710744	5.139662	4.629208	4.607451	5.196237	5.645446	5.18221
5.339922	4.616913	5.170167	4.864169	4.795412	5.344863	4.902651	3.605989	5.202705	5.429457
4.928983	5.674879	4.933576	4.398438	5.302352	3.664846	5.091678	4.970822	5.179425	5.344543
4.253262	5.296962	4.434802	5.046351	5.644566	4.709344	4.552206	4.329791	4.711816	5.295081
5.862557	4.357129	4.421259	4.617741	3.852925	5.00696	5.168108	4.927878	4.428444	4.215291
5.230997	4.618149	5.211736	5.084156	5.063282	4.817916	6.089946	4.64002	5.11596	4.920614
4.69271	4.758807	4.433582	5.066024	4.928526	4.546239	4.345088	5.604601	4.186729	5.439637
4.607558	6.231075	4.52058	4.881739	4.790102	5.543194	5.678119	4.676571	5.325196	4.763813
4.742802	5.220698	4.460907	5.375298	4.307712	4.93747	5.116487	5.396441	4.462022	5.740103
5.605054	4.655296	5.191064	4.533121	4.43085	5.241784	4.491463	4.217785	5.398042	4.988513
5.094082	4.992156	4.953147	5.283227	3.801204	5.340399	4.739081	5.061535	4.419962	5.535279
3.898286	4.92228	5.530312	5.068872	5.009664	4.899172	5.538908	4.123782	4.994607	5.295641
5.627596	4.431514	5.188627	4.173244	4.28747	5.097712	4.771063	5.362106	4.811083	4.649004
5.068888	5.195562	4.72156	5.19088	5.079985	4.457085	4.171689	5.557265	5.555137	4.804147
4.9066	5.18595	5.239254	5.974105	4.734848	5.057231	4.248919	5.540666	4.964025	4.709877
4.68627	4.520214	5.776399	4.312375	4.584906	4.320963	4.905973	5.330117	4.287161	5.617775
5.280524	3.575427	5.705121	4.646381	5.885752	4.952528	5.330678	4.965611	5.532549	4.540282
5.955628	5.288527	5.318335	5.057955	4.764782	5.533298	4.940803	6.011055	5.221881	4.584064
5.705331	4.913744	5.090811	5.435802	5.810535	5.224608	4.383626	5.166344	6.141611	4.47468
4.442427	5.385828	5.380723	5.150791	4.232377	5.165349	4.459331	4.859302	4.612336	4.622478
5.152732	5.091834	5.535068	4.471409	4.947568	4.539485	4.268735	4.283407	4.955185	4.814179
5.822487	5.861269	4.720534	5.872765	4.526085	4.391059	4.568847	3.754718	4.999071	5.051421
4.611	4.691748	5.348268	4.763988	5.421423	4.756677	4.719842	5.513089	5.615321	4.772175
4.457273	4.845545	5.104031	5.029257	4.616648	4.916161	4.731975	5.341395	4.240919	5.300081
5.402913	4.900448	3.853537	5.436801	4.699921	5.533655	4.373611	5.309942	3.945247	5.511365
5.377716	5.310163	4.645624	5.230664	4.492831	4.002584	4.350722	5.799756	4.926285	5.016328
4.872275	5.241532	5.475988	5.125335	5.200628	5.739927	5.508917	3.662484	6.044299	5.136597
4.476116	4.60388	4.985044	3.841071	5.57193	4.739243	5.510269	5.004976	4.307594	4.509167
4.917323	4.547357	4.549567	4.065393	3.957393	6.067811	4.963688	4.707364	4.960192	3.867687
4.785177	4.845618	5.065993	5.853181	4.430049	3.542718	4.897921	4.22216	4.946376	4.6541
6.205652	6.249758	5.145648	5.653587	4.706639	4.790443	5.043105	6.203028	6.165167	5.45871
5.767554	5.092909	5.225651	5.191634	4.955618	4.942896	4.686098	4.65051	4.501504	5.009551
5.321728	6.235295	4.191223	4.300879	4.935238	4.884945	3.55069	6.013329	5.505088	5.496979
3.877995	4.829895	4.608814	4.638196	4.560858	5.275754	4.664353	4.534208	6.243235	5.069249
4.53819	5.688178	3.965768	5.031161	4.648665	4.805601	4.988114	4.503716	5.338736	4.898759
5.238191	4.674294	5.165304	5.329243	5.140318	5.023505	4.529669	4.975983	4.435192	5.26711
4.941445	4.634019	4.951738	4.414184	5.381863	5.081578	4.27305	5.351574	4.747042	5.56902
5.05505	5.025978	6.36552	5.368439	5.603328	5.195745	4.788157	3.987126	5.323687	5.224107
5.12028	5.588679	5.395564	4.561953	5.609492	4.295466	5.634917	4.993956	5.629307	5.045533
4.987523	5.168431	5.3039	5.029418	3.926663	5.49438	5.031584	4.92812	4.227047	6.021077
5.120196	5.065853	4.747363	4.342597	3.730749	5.97225	5.36147	5.927751	4.248739	5.429199
4.548411	5.398222	5.196268	4.471763	5.340467	5.599957	4.805266	4.987557	5.326212	5.366375
4.930161	4.29078	4.117818	4.453749	5.443769	5.495371	5.289517	5.489621	4.692148	4.722077
5.224905	4.836649	4.808627	4.851331	4.509148	4.933579	5.078386	6.107246	5.30865	5.508341
4.626994	5.792388	5.192973	4.973794	5.165659	5.319529	4.92906	4.088922	4.829766	3.920816
4.671747	3.753487	4.983637	4.434903	5.224021	6.02859	5.753442	5.026885	6.432018	4.809553
5.160801	5.062968	4.651849	4.31152	4.837556	5.184674	4.692285	5.571442	4.505829	4.410596
4.669995	4.793467	6.293769	5.287144	5.802391	4.610935	4.951447	5.048343	5.78271	5.061814
5.398351	5.39958	4.437515	5.312443	5.024734	4.889046	3.78191	4.387946	4.740739	5.05469
4.283125	4.655045	5.288109	5.158924	4.682731	4.851647	4.992644	4.252044	4.586365	4.505969
4.187648	4.658196	3.631604	5.250867	5.121546	4.239329	4.215908	5.414263	5.202856	5.793904
5.359468	4.534389	5.55959	4.978721	5.092815	5.090956	5.144814	4.495642	4.335178	4.375711
4.348548	5.687228	5.208866	5.193605	5.19025	5.414438	4.023655	6.119967	4.292031	4.699442
4.576398	4.972431	4.920537	5.087749	4.607665	4.692156	4.845169	5.645242	4.393542	4.808002
4.181202	4.866404	4.380372	4.951756	5.488523	5.586164	4.038656	5.026508	5.534168	4.85547
5.131204	4.831118	4.895283	6.297479	4.230983	5.088446	4.945266	5.437987	4.882553	5.99487
5.598361	4.776823	4.422864	4.836072	4.934366	3.889853	3.844409	4.69531	6.708307	5.421533
4.353234	5.229793	4.148556	4.799273	5.922494	4.709721	5.931588	5.698874	4.771114	4.888535
5.528523	5.566333	5.755318	4.329384	5.165567	5.715361	4.956172	4.862018	5.951532	4.675915
4.115218	5.13193	5.973424	5.608858	4.941138	4.915226	6.374277	4.211146	5.103938	5.259129
6.228455	4.476242	4.614006	4.355082	5.152188	4.88889	5.029091	5.149757	6.262531	4.98864
5.384472	3.697371	5.36537	4.873226	4.727155	4.58116	4.787633	3.980599	4.275066	4.780207
4.567101	4.397447	5.468489	5.607259	4.866659	4.130746	4.994746	4.74642	4.704033	4.55166
5.395657	4.714501	5.724113	4.753599	5.650141	4.734624	4.127024	4.108159	5.497053	5.155268
4.761747	5.439942	4.714122	4.966515	5.223846	4.989045	5.8125	5.828245	4.210282	5.235603
5.902228	5.594895	4.996002	4.975377	4.474001	5.486799	4.399436	6.573638	4.771445	5.056859
5.455015	6.314686	5.517311	5.013924	4.579717	5.338089	5.997595	5.390934	4.645445	4.434952
4.020219	4.870745	5.830698	5.474537	5.773147	5.53874	5.191424	6.374988	4.636744	4.941384
4.47802	5.298034	5.638524	3.431542	4.756516	5.102238	5.166657	4.414933	5.564626	4.421375
4.956016	5.08844	4.637597	4.78668	5.396256	4.509524	5.747786	5.023822	5.14863	5.9477
4.713218	5.472167	4.740626	4.931138	5.030323	5.413938	4.995429	4.723434	5.821509	5.157973
5.531223	5.513433	5.505055	4.542939	6.320686	4.706307	5.42455	4.421692	5.649155	4.476799
5.528225	5.059165	5.462012	4.802846	4.835776	5.301948	4.406915	4.770254	4.753874	3.936903
5.956474	4.627814	5.289794	4.909849	5.380487	5.417948	5.876565	5.302785	4.983728	6.116961
3.970514	5.121998	5.189089	4.225921	5.28273	5.020435	5.33781	4.960116	5.059446	5.325581
5.057542	5.330633	5.178562	4.609603	4.813822	4.821025	5.333157	6.02611	4.883268	5.033485
5.395182	5.230684	5.214805	5.025996	4.594717	4.79239	4.322011	4.795235	5.025384	5.495165
3.94057	5.855884	4.518229	5.329512	5.334528	5.188889	4.662481	6.3707	5.089749	5.632522
4.39856	5.617237	4.548157	3.855571	3.848958	5.200213	5.650414	5.368848	4.512133	4.672215
5.524549	5.520082	4.130033	5.039855	5.322833	5.128805	4.964673	5.94311	5.724752	4.604407
4.511948	4.461919	5.436834	5.267986	4.870308	5.038515	4.944562	4.687788	4.756741	4.53875
4.529766	5.060275	4.524339	4.720635	6.027768	4.705572	4.365873	4.907664	5.476833	5.114172
4.267113	6.156264	4.367663	4.906319	5.643808	5.038925	5.15423	4.025143	5.095827	5.162284
5.198972	5.294784	5.242515	5.471497	5.574886	4.765056	5.062228	4.247003	6.191918	4.382968
4.555541	4.801313	4.356959	6.481526	4.486073	4.75022	4.775409	5.263423	5.919842	4.756073
5.002006	4.318806	5.522411	4.551764	5.84351	4.81986	5.292767	6.177401	4.72277	4.784828
5.459808	5.761597	5.170525	5.100053	4.734448	5.696085	5.095781	4.80188	5.401748	5.40154
4.84653	6.215056	5.539979	5.607973	4.357926	6.218901	5.205851	4.329864	5.079721	4.971242
4.282838	3.275299	4.926011	3.646291	4.410883	5.766014	5.097847	4.635608	4.285705	5.375198
5.012067	5.252059	5.096945	4.683487	4.404595	4.200932	5.501371	3.857957	4.928165	4.232656
4.764056	4.497089	3.88745	4.536655	6.085111	4.00939	5.157021	4.943221	6.764182	6.070046
6.003097	4.179842	5.329475	6.246169	5.168529	5.627643	5.044682	4.55227	5.577886	5.811453
4.376976	4.609608	4.690146	4.812931	5.473055	5.724198	4.328439	5.227584	5.398573	6.106122
5.341284	6.11464	5.091925	5.280675	4.683154	5.092989	4.89543	4.553659	4.319769	5.4087
3.748606	5.3528	5.321178	5.132694	4.550734	5.185275	4.554569	5.46664	4.733832	5.008492
4.836134	4.050887	5.401993	4.284862	5.559003	4.915473	4.598302	5.332653	4.717162	4.07504
4.991945	5.797977	4.123848	5.688608	4.947721	4.613231	5.89184	4.995632	5.887469	4.520137
4.157845	5.268068	5.713478	4.601652	4.623404	6.140495	5.164752	3.956553	4.036695	5.610909
5.053618	4.938806	5.081459	5.01716	5.187528	5.929786	5.026829	5.559454	5.848333	5.814777
5.858477	4.912101	5.916442	4.876084	5.902178	4.296342	3.788635	5.095118	5.011221	4.407689
5.11797	4.364941	4.735097	5.41602	4.047872	5.422933	5.770289	5.616055	4.798247	5.823847
5.315204	5.148993	5.70792	5.025159	5.498691	4.388342	4.954267	6.093534	2.998447	5.274776
5.167655	4.302983	4.888125	4.694914	5.553456	4.965631	5.158648	5.288625	5.10154	4.35284
5.318804	5.334045	4.559199	4.467028	5.045938	5.872878	4.316941	3.858599	5.691125	5.436839
5.109759	5.325255	5.487363	5.576411	5.238567	4.521268	5.407302	5.174298	5.379581	5.802395
5.890303	4.696168	4.497917	4.875374	5.213613	4.867546	4.28476	4.643059	4.64128	5.270397
5.910113	5.015547	4.278498	4.897016	4.608479	4.298678	5.291938	5.273202	5.028584	4.756419
4.366387	5.232476	4.268392	5.415689	4.31948	5.576871	4.605363	4.808198	5.333338	4.937595
4.447555	4.918957	4.895779	5.043224	4.602185	4.59552	4.876318	5.905798	4.833572	4.877262
5.877686	5.063627	4.789934	6.346601	4.397801	6.431251	4.274804	4.886869	5.790342	5.3717
5.020185	4.339644	5.407116	5.200052	4.961408	5.707506	4.526157	5.126662	5.595994	5.733899
4.726768	5.371752	4.988855	4.553999	5.078452	4.848967	5.565005	4.821245	4.008379	4.585475
5.198002	4.850722	5.107756	4.732069	4.543148	5.565136	4.692463	5.037325	4.872365	4.994626
4.229789	4.53969	5.384798	4.474872	5.075497	4.400672	4.092152	5.754428	5.054451	4.738202
5.182117	4.343274	4.945182	4.279595	4.885179	4.665069	3.944681	4.876335	5.805482	4.782776
4.876908	4.354953	5.338948	5.331472	5.7199	5.178852	4.501031	4.777169	5.443664	5.239443
5.237351	5.384086	4.580643	5.455521	4.70355	5.18093	5.154124	3.974745	4.687844	4.761046
5.406116	4.681091	4.913233	5.524171	4.982239	4.6283	4.728336	5.290779	5.252229	4.355071
5.012679	4.47492	4.698882	4.192224	4.072185	5.761578	5.511382	4.926375	4.963295	4.399543
4.415001	5.686174	5.511394	4.946468	5.774288	6.539256	4.656593	5.104579	5.487268	5.441529
4.907682	4.534115	5.307477	5.417936	5.058868	4.913352	5.613162	4.316113	5.137255	4.544577
5.562018	5.042103	5.329692	5.992508	5.443175	5.403196	4.457792	5.773409	4.088906	3.804383
5.326474	5.434245	4.655294	5.433066	4.276178	4.250583	5.213073	4.390166	4.976267	4.419305
4.469952	4.786636	4.593844	5.176137	5.007921	4.949522	5.353525	5.631656	5.680487	5.575844
5.031915	4.776007	5.874744	3.960541	4.667827	5.126008	5.498056	4.991228	6.468644	4.981046
3.805281	4.610293	4.851175	3.748193	4.80525	6.497558	4.472219	4.918782	4.956217	4.808152
5.416869	5.171865	4.027948	4.209792	4.337533	5.068962	5.342352	4.864775	4.495713	5.797321
4.681329	5.021584	5.830423	4.010567	5.729305	5.441631	5.883862	5.032084	4.659552	4.98812
4.837882	5.584236	4.997005	5.57775	5.513748	5.265071	4.284695	5.714815	5.467657	5.620526
6.162861	4.586659	5.065014	5.059888	5.129065	5.542231	5.490087	4.75416	5.55535	4.664703
6.100343	5.735043	4.669747	4.515671	6.339248	4.136237	4.976205	5.277676	4.446476	4.307457
4.740773	4.672632	5.002202	5.102768	4.311357	4.70009	5.267265	5.494083	4.922311	4.935019
4.994588	5.361704	4.749167	4.307446	4.610181	5.443933	5.022851	5.753104	5.164743	4.829156
5.098224	4.922695	5.273595	4.712429	4.499604	5.503435	4.821908	3.920694	5.750785	5.444053
4.26948	5.752218	5.785028	4.685981	4.697923	5.423886	5.873284	5.009085	5.440276	5.115615
5.565265	5.130703	4.622062	6.030831	5.812523	5.056881	4.784101	5.474058	4.954538	5.894163
5.197202	3.935054	5.91243	5.515841	4.563854	4.276777	5.459899	5.29162	4.792747	4.087726
5.841363	4.980229	5.142023	4.565671	4.052607	4.289048	5.289458	4.357535	5.570029	4.904211
4.263408	4.591613	5.511715	5.385857	4.9	5.162946	4.345018	5.257067	4.695792	3.498601
5.00279	4.58149	4.933601	4.811111	5.056271	5.16818	5.33371	4.963525	4.937163	6.182751
4.982731	5.121043	5.231087	4.988154	4.869401	4.711388	3.968505	5.584277	4.973964	5.372987
5.048183	4.72615	5.518926	4.675864	4.082518	5.16473	5.036216	4.953413	6.007738	5.423969
5.295059	5.538365	5.969963	5.226263	5.015233	5.258647	5.567095	4.352008	4.683451	4.653389
5.116774	5.128	5.052171	4.062531	4.097031	3.718311	6.042396	5.338109	5.378612	4.058219
5.322081	4.097723	5.870297	5.322398	5.648837	5.894455	5.148518	4.496439	5.638432	5.074739
5.282306	5.8763	5.320027	4.981541	4.848044	4.797778	4.396331	5.595022	6.163542	5.208497
5.399575	4.52021	4.834237	5.415259	5.640624	4.589115	4.983428	4.779308	4.80783	4.554592
4.344729	4.895616	5.002792	4.968939	4.855062	6.012324	4.671567	4.374121	5.807115	4.538785
5.884524	5.108663	4.546119	4.141897	4.556257	4.676994	3.969839	5.309276	5.544767	4.42528
5.247562	4.710684	5.529304	5.148389	4.937505	5.798855	5.949158	4.928819	4.552447	5.259944
4.375621	4.951946	6.036162	4.779665	4.077198	5.076228	4.473453	4.714532	5.806794	5.210907
5.632125	5.823095	5.529972	4.84914	5.293075	4.587392	4.260788	5.619789	5.070141	4.674932
5.244073	5.269508	4.635074	5.029707	5.826365	4.921379	4.916385	5.296376	3.995994	4.356059
5.355136	5.334484	6.015488	4.268039	6.359505	5.041018	4.210629	4.527859	5.210448	5.014873
5.27812	4.507957	5.719456	4.981047	5.146178	5.066823	5.358981	5.46506	5.926052	4.557239
4.431165	5.479237	4.915946	4.2867	5.103704	4.947542	5.729081	4.873733	3.903372	5.999249
4.800761	5.280242	4.521295	6.183342	4.535684	5.065843	6.025126	4.979161	4.265692	5.192884
4.987381	5.62753	5.107429	5.136453	5.368645	4.95858	5.093248	5.026484	5.149119	4.924458
5.200574	5.887578	4.357736	4.222482	5.587855	5.159773	5.564099	5.06215	5.483293	4.464006
5.479154	5.200656	4.109327	4.990625	5.689343	5.041816	5.546707	5.740803	4.961855	5.746174
4.962923	5.701718	4.632366	5.874611	4.198398	5.709607	5.209022	4.385643	5.069253	4.768122
4.260328	5.288828	5.416996	4.985137	4.338143	4.321246	4.108845	5.307604	4.45242	4.943107
4.775546	5.149888	5.470358	4.978975	5.440637	6.01362	4.735079	4.412963	5.597214	4.553407
4.935177	4.474652	5.188634	4.259336	4.775718	4.462859	4.964337	4.613532	5.442769	4.272773
5.174965	5.216403	5.304048	4.188905	4.165908	5.496977	4.065525	4.552501	5.269567	4.796349
4.813216	5.836343	5.192372	4.651556	5.076374	5.324536	4.613778	4.726282	5.110526	4.413676
4.942822	4.517731	4.624012	4.010951	4.597776	4.665158	5.428686	4.799826	5.575219	5.872662
5.065739	4.578111	4.965162	5.780452	5.570421	4.848295	5.365008	5.951876	5.259184	4.45293
4.683	4.087178	4.877339	4.295157	5.154993	4.287413	5.03765	5.476143	5.043451	4.237279
5.398777	4.785956	5.635038	4.310862	5.047177	5.906331	5.245	5.221296	5.304273	5.066756
4.007522	4.657049	4.411226	4.637445	5.896074	4.705973	4.943656	5.306087	4.123792	3.507503
4.837663	5.104107	4.399013	4.770031	4.891421	5.599693	5.873959	6.129517	5.375867	4.627643
5.270704	4.519299	5.561879	5.637876	4.567749	5.075476	5.350704	5.677262	4.526515	5.268506
4.266723	4.781957	5.094355	5.522656	4.502862	5.349487	6.292441	5.483361	4.986774	5.24544
4.519642	5.00563	5.74965	4.867918	4.479455	5.010041	5.38167	5.544573	4.466246	5.433345
5.31275	5.42872	4.59629	4.686278	4.67776	4.842012	4.461676	4.193388	6.423876	5.324552
5.11967	5.410303	3.922866	5.819176	4.378983	4.323706	5.227284	4.699216	4.199751	5.107464
4.532565	5.139419	5.750512	5.192104	6.112247	4.328667	4.794549	4.071714	5.441382	5.002601
4.481834	5.226486	4.195106	5.301522	5.455912	5.979923	5.14712	4.789979	4.874322	5.243553
5.27608	5.269335	5.469853	4.984824	5.163062	5.774876	4.958628	5.899963	4.906739	4.659015
4.53962	4.981608	4.692388	5.228117	4.340919	5.016102	4.727299	4.61304	5.151421	4.910958
5.026666	5.671253	5.624135	5.402758	4.774425	3.633946	4.694092	4.939855	4.348505	6.136234
4.446637	4.382332	5.038939	4.192163	5.172712	5.114218	5.411827	4.868922	4.911194	4.587053
5.356666	5.017357	4.810743	5.245165	4.348307	5.117651	4.132665	4.114647	5.053137	4.992336
5.200495	5.922347	5.156411	4.354906	6.04591	5.112037	4.856489	5.453805	4.330621	3.389942
4.861698	4.824364	5.649636	5.23924	5.051346	5.782193	4.993224	5.07669	5.164739	4.662889
5.502273	5.31433	4.3805	4.400712	4.707689	5.068968	5.113162	4.190562	5.530038	5.452838
4.641628	4.64725	6.033428	5.356174	5.039667	6.2087	5.554649	5.504076	5.60177	4.716615
5.470338	5.215784	5.784354	4.039453	5.726837	4.238926	5.093049	4.351595	4.359444	5.122536
4.969308	4.186186	5.966406	4.360673	5.113589	4.579227	4.999716	4.571747	5.360913	4.653392
5.696982	4.946281	4.595974	4.51151	4.071851	4.005611	4.360492	4.807801	4.823647	4.649893
4.689932	5.712055	5.05096	5.936799	4.595934	5.833034	4.811569	6.214833	4.956447	5.422371
