4.837785	5.616506	4.015726	4.531429	5.273087	4.808802	5.189603	4.433834	5.799271	5.132115
5.102936	5.021528	4.98415	4.370558	5.453981	4.95118	4.686357	4.975029	4.871394	5.760536
5.429018	6.411512	5.191941	4.885762	5.394828	5.033335	5.297648	5.4182	4.201663	5.165801
4.550023	4.447747	5.454821	5.176348	5.460458	4.621215	3.743189	4.748824	5.604866	4.765112
4.910446	5.048291	5.010913	5.161255	5.517949	4.977943	4.949389	4.813498	5.280963	5.370077
4.837791	4.1653	5.958361	5.619785	4.040876	5.182221	4.981474	5.679167	5.700407	6.283138
5.064058	5.228519	5.191141	5.235687	5.585289	5.158171	5.508977	4.678475	4.500889	5.528258
5.447125	4.616122	4.686839	5.11861	4.384767	4.60904	5.432769	4.605237	4.368042	4.296795
4.342251	4.456561	4.42491	4.317257	4.296789	5.365801	4.579689	4.22617	4.773534	4.511902
5.909309	4.940816	5.001106	5.208206	5.491216	4.3521	4.428012	5.112303	5.470146	5.555449
4.869652	5.373439	5.254794	5.637067	4.262612	5.029182	4.869152	3.885337	5.185221	5.441145
5.765121	5.127992	6.012845	4.933261	4.487751	5.003048	4.75473	4.399842	4.13214	5.265015
3.88746	5.530715	5.049295	5.066302	4.5281	5.3325	4.123067	5.707614	6.256772	5.477957
4.824998	4.6586	4.347157	4.861881	5.031169	4.619586	4.243373	4.799131	4.41432	6.953138
5.014498	4.71454	5.278709	5.119801	5.300792	4.185502	5.123413	4.428661	5.419085	5.220109
5.312201	4.60394	5.104212	5.368043	4.41758	4.59359	4.888024	4.911028	4.687771	5.188004
5.143056	5.586429	4.660355	5.526095	5.877063	4.778297	4.845366	5.291379	4.79807	5.443671
4.282777	5.260726	5.30455	5.275905	4.963015	4.9613	5.076823	4.182648	4.623258	5.293669
5.672786	5.554559	4.860505	4.783844	4.656514	4.375744	4.774556	4.995838	5.068613	4.869739
5.689658	5.743382	4.599421	6.063168	5.928691	4.510488	4.906942	4.197341	4.625499	5.4494
4.974788	5.003194	4.965816	3.70953	5.910194	4.932846	4.607368	4.4237	5.036003	4.138087
6.544239	5.447189	5.346033	4.842717	4.609742	4.22982	6.173196	4.840353	5.410418	5.505249
4.717151	5.001366	4.963988	5.034915	5.212219	4.931018	5.466676	4.993717	5.37724	4.480162
3.777568	5.341164	4.266669	4.952922	5.009676	6.0885	4.564686	4.405182	4.893308	4.584573
5.092776	4.738345	5.458011	4.963601	4.847836	5.312123	5.199599	3.889518	5.347716	5.016958
5.099265	4.654151	5.182352	4.326842	4.078943	3.975541	3.870774	4.354058	5.155929	4.752256
4.954556	5.92731	4.995488	4.980943	4.73574	5.785693	5.793838	4.635825	4.937356	4.511849
5.171373	5.100837	5.063459	4.245655	5.838859	5.030489	4.937435	4.558451	5.402998	4.39724
5.058366	5.062684	5.025306	5.532598	4.337023	4.992336	5.268215	5.967901	5.739086	5.084663
5.467789	5.238994	5.015414	5.349809	4.595809	5.354294	5.414253	5.240974	4.7651	4.843411
5.191133	5.178893	5.803837	5.321608	4.54348	5.281511	5.58676	3.796056	5.074854	5.192338
4.8227	4.59583	4.84825	5.10098	5.970202	4.676909	5.118151	4.901811	4.237332	5.888056
4.202735	5.648612	5.126169	4.882944	3.977134	5.592571	5.794898	4.460025	4.69898	4.341707
5.74039	4.908892	5.202401	4.412623	4.712302	5.25377	4.682701	4.956646	4.968574	5.053356
4.839113	5.275283	5.146707	4.391297	5.292533	4.735813	4.950195	5.016348	5.014924	5.462683
4.666692	4.646218	4.461184	5.117615	4.599393	4.909307	5.615564	4.093562	4.945793	5.12902
5.285289	4.809	5.188773	4.677041	4.606663	4.799774	4.031838	5.85662	5.724878	5.112147
5.706951	4.728969	4.87228	5.857976	4.459455	5.154889	4.505852	4.591785	4.735979	4.897853
5.929888	4.628614	5.115715	5.299629	6.022501	5.034346	6.052155	5.142257	5.445116	5.005397
4.180925	6.043056	5.470032	4.751808	5.612747	5.507619	5.3976	5.599624	5.189861	4.846137
5.465934	5.220228	5.62158	5.344632	5.587958	4.833297	5.795527	4.434207	4.138124	4.885438
4.555137	5.395116	5.545415	4.725378	4.694313	5.018168	3.630972	4.708714	4.733608	4.591051
4.004657	4.988144	5.065733	5.770137	5.530156	4.967066	4.049632	5.384158	5.291345	5.219144
5.619574	5.221688	5.18431	4.818915	4.607041	5.15134	5.178054	5.175413	5.45684	4.694856
5.416207	5.095156	5.057777	5.116343	5.156171	5.024807	5.753687	4.751834	4.900758	4.150667
3.785497	5.659724	4.620269	4.424368	4.185184	4.865895	5.604424	5.049541	5.443005	5.505413
5.356251	4.376327	5.263338	4.862346	5.424551	4.523012	4.772283	4.850221	5.55227	4.855738
4.833458	5.6151	5.187941	4.783323	4.450302	3.757633	4.775019	4.68997	5.017547	5.38323
4.934573	4.253898	4.91913	4.460564	5.815715	5.430056	4.627911	4.863982	5.26111	4.9461
5.455647	4.789034	4.874275	4.996477	5.637287	4.752275	4.419235	5.489009	4.505149	5.463349
4.508589	4.418237	4.719061	4.98453	5.240398	4.979146	5.738156	4.537651	5.979194	5.557128
5.263267	5.443594	5.521672	5.297394	5.560531	5.006776	4.54915	4.960658	4.692718	5.040664
5.478873	5.43213	4.430757	5.48069	5.110832	4.719821	6.095873	4.73252	4.262577	5.28438
4.665806	4.533555	4.938811	4.572334	3.899578	4.73743	5.251529	4.766514	4.470491	5.984656
4.583109	5.399289	4.69839	4.759219	5.560951	5.48529	5.298268	5.227485	4.363593	5.000254
5.698728	4.808405	3.829069	5.381154	4.371315	4.850357	5.272941	5.716897	4.309548	5.060472
4.785967	3.318337	5.7553	5.591885	5.385267	4.448816	4.344299	5.18738	4.911974	5.588131
4.764786	5.177662	4.151395	5.213723	5.01364	4.121236	4.467162	4.266252	3.703452	4.594605
4.798407	5.198951	5.16545	5.036446	6.124552	4.278134	5.253518	5.021801	4.827053	4.733314
5.218115	4.97121	4.795437	5.608943	4.75432	5.809342	5.216038	4.786611	5.281134	4.214196
5.075683	5.16937	5.409785	4.926674	4.960191	5.34443	4.665768	5.499293	4.185488	4.637473
5.762398	4.418598	5.502518	5.487243	5.628866	3.725965	5.135619	4.645203	4.405756	4.847987
5.278276	5.179451	5.142073	6.298329	4.58153	5.109103	4.990654	5.803843	5.224301	4.834115
4.917475	5.057445	4.734576	4.921769	5.418431	5.318205	5.077017	4.753201	5.196509	5.328735
4.368986	5.78403	5.31907	5.22641	4.7763	4.267248	4.878026	4.294785	4.739587	6.109833
4.421283	5.278783	5.511427	5.609784	4.591228	5.980425	5.486713	4.592487	4.453041	5.693106
4.592484	5.157191	5.119812	5.408608	4.907069	5.086843	4.961876	5.306856	5.37537	5.251335
4.968218	5.038161	5.000782	3.689237	5.667238	4.967813	5.962137	4.963513	4.297489	4.958025
4.863626	3.707165	4.655599	5.075706	5.491034	3.976211	4.917864	4.3285	5.386656	4.765045
5.023196	5.144909	5.107531	5.705698	6.150521	5.074561	5.02313	3.978381	5.07794	4.259703
4.771743	4.926583	4.874463	4.566324	5.203816	5.210643	4.462118	5.389671	5.220128	4.273338
4.016647	4.665966	5.167329	5.025181	5.311433	5.315422	5.265418	5.191017	4.89337	4.632335
4.233252	4.592099	4.881246	5.348643	4.35783	4.580064	3.819052	4.994931	6.288298	5.990883
5.640986	3.799056	5.421695	4.693882	4.836234	4.925843	5.424147	5.095703	3.898023	5.443795
5.415469	5.090977	5.948843	5.073962	5.202146	5.135844	5.790317	5.710371	4.728109	4.976554
5.21417	4.032865	5.050829	5.059379	5.12744	5.062438	4.641808	4.529695	4.774852	5.008457
5.253431	5.895484	5.364082	4.440828	4.338336	5.422298	4.786185	5.869805	4.814922	4.94435
5.717137	4.932355	4.894977	5.001347	4.619834	4.862007	5.402812	6.085481	5.430031	4.818512
4.788022	4.765199	5.307308	4.540991	5.518353	4.61564	5.035306	5.207279	5.062348	5.117575
5.358256	5.254517	5.037046	3.886889	5.003813	4.88775	4.770994	4.437176	4.305126	4.827302
5.567929	5.12301	4.876733	5.465538	5.209997	5.102474	3.596031	5.174838	4.611311	6.01984
5.098195	4.860445	4.547033	4.977859	5.302528	4.902982	5.134971	5.41748	5.145044	4.407296
4.905074	4.535125	4.839459	5.299678	4.50337	4.714508	4.287474	4.809315	4.51767	4.055543
5.23786	4.523425	5.050218	4.380616	3.922318	4.923779	5.018011	5.047369	5.075203	5.94871
4.743381	5.522728	4.527341	4.510283	4.528925	5.105538	5.369502	5.68591	5.005465	5.416269
4.647706	5.389196	5.374693	5.256812	4.577044	4.927108	4.761257	4.403159	4.698738	4.939315
3.641159	4.19088	5.638109	5.818887	4.643905	3.452185	4.884303	5.474803	4.766551	4.825574
5.257987	4.144647	4.960949	5.456398	5.467218	3.379185	5.653815	5.178618	5.255777	4.979583
5.078782	4.712763	4.585771	6.140947	5.537453	4.629161	4.782151	4.170729	5.179479	5.882609
4.966843	5.236913	4.412183	5.12769	4.680374	4.77662	5.007933	5.10558	5.285732	5.792849
5.008474	4.936208	5.619358	4.762355	4.790517	5.181005	4.744855	5.001148	5.582263	5.927866
5.58825	5.44096	5.422615	5.437192	6.428933	4.971797	5.433147	4.929712	5.410315	4.996564
5.033037	5.197099	5.308355	5.454066	5.317694	5.443957	4.988345	4.934039	4.646761	5.730541
5.308969	5.284661	4.700761	4.043877	5.000774	4.155073	5.185269	5.441487	4.35181	5.311907
4.555717	5.765849	4.731966	5.069598	4.976635	5.063066	5.116531	4.41032	4.744057	4.960965
4.494059	5.670935	4.66617	6.276186	4.134578	4.881342	5.163829	5.382568	4.928556	4.88031
4.475706	6.14878	4.827448	4.777846	4.025828	4.98983	5.324334	5.187785	4.553713	4.930383
4.102776	5.380406	4.495642	5.518433	5.610165	5.728293	5.48402	4.936387	5.43246	4.975575
5.470607	4.898415	4.931656	4.767945	3.929401	4.897572	5.442986	4.085013	5.074512	5.44787
5.505277	5.382215	5.379311	5.074198	4.821688	4.610754	3.975389	4.715965	5.157648	4.394864
4.663989	5.144706	4.822407	4.659814	4.061418	4.702799	5.04404	4.422541	3.902875	4.647682
4.271618	4.366095	5.434649	4.725066	5.334802	5.392777	5.698644	5.789497	4.616234	5.316628
5.247959	5.506294	5.643217	5.727535	4.614468	5.793873	4.765095	5.957863	4.953308	4.587471
4.82905	5.924976	5.465055	5.724662	5.564317	5.602654	5.108451	5.348107	5.669786	4.592522
5.558552	5.133254	5.236193	4.501177	4.572725	5.141417	5.491932	5.508762	6.257837	4.860183
6.085378	5.304869	5.278951	5.060423	4.798887	4.446499	3.751133	4.750132	4.894545	4.334147
4.23782	5.434183	4.56058	3.880366	5.578822	5.474405	5.753871	5.393826	5.234222	4.478508
5.934487	5.509133	4.819106	6.106895	5.395797	5.028556	5.562618	5.301106	4.419055	5.340304
5.142427	5.179339	5.141961	5.774443	4.708199	5.108991	5.360154	5.589795	4.717813	4.610734
4.128334	5.121653	5.084274	6.338621	5.146431	5.051304	4.329014	4.150288	4.551353	4.380759
6.346364	4.881617	4.527318	5.635496	5.221167	4.882354	5.145398	5.711228	4.13503	4.794584
4.559097	4.176937	5.650239	5.057994	4.997973	4.456949	5.914387	5.157707	5.432238	4.59255
5.394035	5.02778	5.053799	5.088531	5.228285	4.884743	4.710195	3.822831	4.540239	4.329226
5.078861	5.205657	5.168278	5.360083	4.226948	5.135308	5.375636	5.060092	6.403028	5.187688
5.426797	5.125688	5.088309	4.204988	5.520962	5.055339	5.241303	6.017861	3.93295	5.326587
4.55613	5.20409	5.166711	4.094616	5.558348	5.133741	6.091162	5.6454	3.566801	5.40905
4.591365	4.480827	5.906651	5.336799	5.345956	4.658575	4.751174	4.454507	5.579843	4.576029
4.661724	5.402889	5.627018	5.08065	4.962218	5.413291	4.89583	5.378235	5.418918	5.1863
5.197724	4.4289	4.759591	4.177582	4.148386	5.222185	4.866084	4.887859	4.928199	4.607591
5.497861	5.130477	3.767526	5.536942	4.899949	4.59342	4.451414	5.050346	4.65211	5.704086
4.71329	4.708751	3.910687	4.73285	4.526494	5.23322	4.270446	5.133303	5.850428	4.663437
5.260198	5.07653	5.039151	5.162408	5.15414	5.006181	5.187482	4.639221	5.539755	4.193252
4.810046	5.690838	5.675601	4.059755	4.821763	4.852898	5.003576	5.174749	5.264657	4.834653
4.387108	4.326004	4.481448	4.612913	5.849409	5.569017	5.034717	4.897786	4.783406	5.773307
5.430925	4.325046	5.07669	3.719317	4.976099	4.525913	4.95781	5.381981	5.2457	4.030638
4.188125	4.800964	5.700599	4.983381	4.647822	6.170877	5.193128	5.209043	5.527444	5.479493
4.267318	5.410645	5.794461	4.845811	5.032869	4.873794	4.718021	4.726676	5.162395	5.445712
4.066335	6.024767	5.008465	4.329477	5.007457	4.304133	3.737716	4.575274	5.237466	4.948716
4.65765	4.869909	5.504345	4.204146	4.764234	5.039572	3.802793	4.873345	5.180041	4.792557
5.134582	5.180842	5.65326	3.898062	4.595005	4.388227	4.33372	4.890419	6.297975	4.446426
4.935958	4.871482	4.810544	4.285728	4.365255	4.104296	6.056389	4.64553	4.550791	5.838043
4.43225	3.705688	4.647322	4.627693	5.53934	5.15258	6.590255	5.11703	4.497599	5.354947
3.812967	4.48614	5.908587	6.060606	5.199861	4.44852	5.214272	5.416031	5.76259	5.62387
5.501285	4.189011	4.407763	4.76205	5.340387	5.18301	4.396825	4.414632	6.035913	5.534387
4.664588	5.281254	6.150222	4.06533	5.703177	4.588388	5.760569	5.266581	5.181292	4.510403
4.475175	5.208409	5.541325	4.5986	5.520956	5.251445	4.602555	4.11547	5.613005	4.657894
5.424511	4.898339	4.302957	5.382233	3.942976	5.253357	6.421421	5.34813	5.314157	5.753782
5.132263	4.706185	5.675752	4.837393	5.028867	4.355574	5.223179	4.923282	5.624557	5.581685
4.578749	4.500893	4.787899	4.847671	3.944964	5.190069	3.846751	4.302815	5.244873	5.945502
5.086329	4.685074	5.079363	4.391311	4.393104	5.332512	4.662741	4.406484	3.808528	4.492355
5.411526	5.011689	4.97431	4.693601	4.779266	4.94134	5.076638	5.368999	4.817263	4.421251
5.454254	4.511961	5.428559	6.040369	5.919658	5.271753	5.338158	4.760419	5.244747	5.139509
4.834325	4.818202	4.780823	5.341648	5.200243	4.747853	4.714833	4.162046	5.817749	4.896217
5.009512	4.292093	4.885457	6.985192	4.363995	5.059483	5.10956	6.230451	5.328619	5.206237
4.376851	3.816495	5.786436	4.354147	4.230106	5.473028	4.697264	5.723279	5.728826	5.768597
5.966827	5.188521	4.96144	5.157764	4.919614	5.61051	5.17732	5.840536	4.611066	4.747674
5.179346	4.807628	5.0241	5.269742	4.305955	5.038316	6.134871	4.709366	4.700972	5.004529
5.14093	5.15086	5.064211	4.351489	4.596557	5.420898	5.253783	5.520724	5.2806	4.48237
4.778397	4.281476	5.573838	4.887671	6.179006	4.544675	4.919655	4.859987	5.601315	5.866874
4.903953	5.679788	4.783911	5.260771	4.746719	5.559088	5.904239	4.137846	4.443421	4.67268
5.077911	5.172633	5.1309	5.04283	5.65415	4.838996	4.412498	4.688617	4.945013	4.286957
4.938756	4.540373	5.484644	5.547978	5.043846	4.773434	4.340138	4.964785	5.229077	4.720544
5.09935	5.392385	4.57587	5.431849	4.188474	5.452005	4.087723	4.752398	4.688075	5.627057
5.265928	4.565215	4.405306	5.255562	5.994441	5.0716	3.434189	5.54494	6.03155	4.382833
5.85701	5.151165	5.755731	4.882016	5.710325	4.904643	4.760701	5.73574	4.951993	5.307286
4.592061	5.135405	5.098027	5.529266	4.715381	5.065057	4.651315	4.179183	5.212378	4.827414
4.351571	5.147716	4.161941	5.279748	4.093218	4.576614	4.792934	5.712212	5.361978	6.195551
5.563281	5.383287	6.172026	5.931949	5.273895	4.812849	4.907596	5.078259	4.976311	4.399407
5.214625	3.963799	4.425515	4.889796	4.462746	5.66898	5.196842	4.83959	4.860437	4.331879
5.180765	5.046983	5.44468	4.84207	6.084584	4.94476	4.286018	5.049332	5.081002	5.150534
5.414577	5.68973	4.466241	5.142111	5.163016	5.309213	4.131931	4.945534	4.879187	4.671507
4.999406	4.040658	5.179851	5.571334	5.703492	4.557008	5.25081	4.648303	5.285619	4.773416
4.501411	5.445123	5.121845	5.027488	5.137187	5.478814	4.011041	4.309222	5.476	6.032962
4.391186	4.425575	4.403063	5.084553	5.090913	4.826589	4.228263	3.898954	4.973088	5.040703
5.069011	5.814732	4.818408	5.897595	4.919174	4.553697	5.05854	4.695938	5.164918	4.718656
4.988292	5.243258	5.275285	5.468954	4.779383	5.624963	4.972901	5.403953	5.066361	4.607735
4.411767	4.879487	4.738114	4.752818	5.010264	4.814727	4.67516	4.938775	4.195174	5.622837
4.333633	4.623629	4.658682	4.804816	4.680066	5.400748	3.650015	5.440193	5.572186	5.313551
5.733583	4.223544	4.284288	4.485695	5.467865	4.780158	4.8736	4.149617	5.251781	4.836734
5.006669	4.949793	5.405452	4.737463	4.720758	5.67594	5.865709	5.034254	4.856855	4.760235
4.910865	4.56782	4.24299	4.135616	5.24995	4.806792	4.101346	4.876929	4.989787	4.706282
3.990419	5.196145	5.158767	5.830379	4.678524	5.125797	6.159631	4.762772	3.890038	5.251134
3.945345	4.879231	4.8025	5.191677	5.685586	4.521305	4.827259	4.931916	4.9651	4.590206
4.662976	4.449842	4.700659	4.208445	4.87591	4.653643	4.515386	5.935887	5.187893	4.729517
4.859761	5.664452	4.993412	4.302531	4.957564	5.470668	4.743851	4.05383	5.585183	4.224977
5.271259	4.389214	5.361641	5.351277	4.43538	5.55611	4.933218	4.348195	5.101563	4.835422
5.445277	5.229729	5.125007	5.029541	4.501054	4.740093	5.295465	4.393461	5.112684	6.289015
4.977127	5.053409	5.01603	5.146583	5.384617	4.98306	4.384184	3.987451	5.818001	4.666159
5.354475	4.959407	4.922029	4.099621	5.162706	4.889059	5.77965	4.787519	5.303041	5.296066
4.807492	6.114522	4.634792	4.96939	5.087234	4.6276	4.533425	4.482751	5.788759	5.919666
4.959542	4.735613	4.38201	5.164079	4.992303	4.743102	5.702359	5.250947	5.266873	4.707407
5.771171	4.731277	5.594526	4.981001	5.719223	5.454584	4.910136	4.678104	4.76867	5.509342
4.987572	4.500358	5.293917	5.105737	4.351893	5.29724	5.180449	4.231621	5.692123	4.980529
4.523388	4.551693	4.316898	5.508034	5.312845	4.911522	5.629268	4.94005	4.278874	4.279427
5.31958	5.028457	4.733626	5.248389	5.421571	5.264676	4.414848	4.80595	5.817698	4.82237
5.028905	5.090693	4.985583	5.617667	4.619891	6.094654	4.02434	5.950445	5.145832	4.688198
5.175823	4.28467	4.448963	4.960069	6.153284	3.871185	4.81131	5.045117	4.302946	4.102501
5.414907	5.073951	3.732004	5.546527	4.782391	4.795432	4.72448	5.117135	4.968266	5.010971
4.224631	4.020202	5.479047	4.443711	5.250102	4.464466	4.585182	5.706063	5.231347	6.098592
4.743062	5.038306	4.650531	5.530457	4.511062	4.558365	5.632211	4.11172	4.915511	3.577189
5.39148	5.13677	5.099392	4.794016	5.621971	5.066422	5.156724	5.468393	4.991135	5.370437
5.221519	5.646682	4.575394	4.798011	4.920926	4.713581	4.796292	5.716086	5.04225	3.747336
4.859224	5.067469	5.030091	6.084779	4.985485	4.997121	4.997174	6.145237	6.096172	4.517295
4.744113	5.333014	5.510172	6.159162	4.703714	4.692238	5.011382	4.879524	5.050811	4.782619
4.432733	5.754372	5.885812	4.881699	4.185122	5.615825	3.857776	4.629941	4.563166	5.217796
4.876716	5.535255	4.80057	4.718129	5.725186	4.519544	4.305924	5.744935	5.04275	5.098349
5.255431	5.048964	5.011586	5.436042	5.683612	4.978616	5.07601	4.934692	5.492351	5.673758
5.029277	4.648773	5.49813	4.395896	5.256086	4.906963	4.805357	4.925767	4.877856	5.54213
5.168314	5.129374	5.091996	5.246306	4.672415	5.059026	5.607189	5.675544	4.998125	6.064867
5.01989	4.598776	5.019182	5.79438	4.714242	5.24868	4.960532	4.602092	4.235321	5.556991
