5.276876	5.082958	4.996287	4.98419	5.542324	4.994137	5.396577	4.813488	4.56623	5.048657
5.108244	4.94941	4.912032	4.538574	3.792715	4.879062	5.30213	3.818182	5.27562	5.953332
5.665629	5.365472	3.986805	4.930434	5.885782	4.397671	5.161497	5.03362	5.030047	5.302288
5.208985	6.449638	4.19072	5.412237	5.402038	5.140841	4.686597	5.183189	5.206312	5.458985
6.073628	4.976173	4.938795	4.92916	5.908369	4.905825	5.542132	4.211119	5.033761	4.634927
5.077537	5.82518	4.62786	4.947051	5.002416	4.758498	4.962013	4.77105	6.251228	6.282748
4.007131	5.156401	5.119023	5.293273	5.107147	5.086053	4.45185	5.413044	5.285408	4.935883
5.824937	4.245574	4.223253	4.083109	4.434708	3.584788	4.28217	5.606297	5.799602	4.399439
4.826903	4.371305	4.685421	4.949525	4.97706	6.123173	4.551683	5.131639	3.746525	5.384402
4.565329	4.939197	5.41385	4.616323	5.076068	5.132886	4.419541	5.474518	5.469182	5.396684
4.813016	5.055944	5.425005	5.178317	4.662916	4.649784	4.735051	5.801105	5.402378	4.830574
5.339916	4.678154	5.349981	4.051108	4.771191	4.810651	4.271904	4.631814	5.578222	5.306097
4.563811	5.354745	4.045978	5.442165	5.394928	5.245198	5.21368	4.903506	5.030069	5.099978
4.230954	5.879115	4.248523	5.103723	5.27394	5.352557	6.257017	5.270766	5.338901	4.423137
4.782442	5.040761	5.973182	4.888338	4.16658	4.266855	4.247841	5.00546	5.19062	4.366991
4.693376	6.049496	5.248397	5.648568	4.584717	5.221824	5.005175	3.74182	4.678238	4.78485
4.931493	4.67801	5.221226	6.171629	4.36586	5.105045	5.133963	4.781528	4.950139	4.63724
4.251434	4.887998	5.20282	5.400535	5.095663	5.052658	4.688387	5.035582	4.822114	4.234598
5.670344	4.766812	4.984997	5.846798	4.78568	5.294879	4.311411	4.498747	5.553712	4.945579
5.524808	5.046922	4.735817	5.332464	5.611129	4.804222	5.864238	4.753257	5.338279	5.445568
5.768302	4.931077	4.893698	5.807881	4.652647	4.860728	5.69418	5.169538	5.142319	4.645472
4.834805	5.885098	4.801586	4.854695	4.515575	5.20857	5.067531	5.419158	5.506806	4.760328
4.611496	4.929248	4.89187	5.048539	4.806433	4.8589	4.866518	4.658903	4.248383	4.664
4.117164	4.210315	4.598954	5.228327	5.562371	4.565701	5.097503	4.81445	5.626801	4.356877
5.084707	5.167686	5.309645	4.755612	5.389604	4.840392	5.492099	5.42278	5.105043	5.512731
5.571893	4.886676	5.41012	5.452643	5.839076	4.520286	4.748094	4.213225	4.190248	4.827452
3.626361	3.623688	4.282562	5.026926	4.807828	5.590237	6.335419	5.63351	5.74282	5.761457
5.147337	5.028719	4.991341	5.458395	5.566046	4.958371	5.459507	5.262771	5.794825	3.342911
5.212434	4.990566	4.953188	4.688181	4.109053	4.920218	5.318061	3.881019	4.967307	4.750257
4.867665	5.296524	4.648351	5.348484	5.620112	3.892133	5.641289	4.874841	4.99594	4.817784
4.451482	4.675181	4.39222	4.85396	5.750508	5.345685	6.1693	4.412563	5.613308	5.030933
4.481616	5.338156	5.17334	4.94959	4.42444	5.401817	4.830382	4.431943	4.709551	4.394707
5.742302	4.995292	4.231646	5.027238	4.866973	4.49856	5.368673	5.014091	5.036574	4.885227
3.929297	4.989968	5.599638	4.556241	4.864034	5.029375	4.914335	4.451366	5.080662	5.163336
5.928821	5.006925	4.601895	5.831246	5.036881	5.410395	5.242069	4.832497	5.388278	3.535691
4.744434	5.523009	4.350275	4.679459	5.866853	5.225423	4.881444	5.107092	4.295863	5.343081
5.135812	4.550743	5.244352	5.567319	4.334096	5.204459	3.944071	5.455078	4.787699	4.72339
3.85999	5.884819	4.603701	3.548767	4.305064	5.088441	4.191991	4.759441	4.849004	4.510014
4.794207	3.980567	4.347255	5.044613	5.189853	5.363537	5.096825	5.035914	5.309834	3.841741
4.178519	5.300103	5.128002	4.65758	4.433586	5.923405	5.12362	4.39339	5.160891	3.960419
4.977831	5.401413	4.220888	5.107352	5.111093	5.104524	5.000838	4.378302	5.469328	4.486797
4.846304	4.359211	5.604386	4.843311	4.807093	3.658552	5.106648	5.386331	3.672276	3.952319
4.436667	4.49881	5.441657	5.137942	6.603957	5.268719	5.98415	5.09114	4.541149	5.884283
5.423002	5.14957	5.112192	5.375269	6.255324	5.079222	5.01106	5.431124	6.138883	4.545409
3.900367	5.023038	4.98566	5.706851	5.259524	4.95269	5.057979	5.749689	4.596709	4.290914
4.562513	5.628374	5.050655	4.027609	4.899047	5.092415	5.377558	4.450363	4.644213	4.901922
4.616254	5.497602	4.975095	4.934843	4.33677	3.987321	5.230474	4.226006	5.290016	4.747882
5.719362	5.283024	5.757898	5.687322	5.308007	5.235569	5.067849	5.881915	4.700751	4.279424
5.157311	4.690206	4.573048	5.549494	6.014512	5.126485	4.572308	4.607814	5.063611	4.125023
3.917953	5.013252	4.851377	5.374747	5.633479	5.471088	5.745821	5.547595	4.1056	5.927909
4.982407	5.34195	5.509165	4.41489	5.618629	4.852174	6.213691	5.565807	5.5179	4.403987
5.372757	4.442595	5.240483	4.669845	4.073037	4.956233	4.437253	5.165257	5.198715	4.140654
3.823557	5.043613	5.407521	5.859914	6.051604	5.869206	5.9577	4.222876	5.527974	4.609352
4.951496	4.947238	6.402721	6.508284	5.377886	5.201315	5.142356	5.088237	5.210722	5.66584
4.561405	5.700262	4.73978	5.308551	5.272521	5.253326	4.52991	4.428038	4.676307	5.547058
4.74663	4.474041	4.740284	4.315104	4.62222	4.923272	5.736278	5.012444	6.048276	6.214475
5.171473	5.449766	5.013319	4.450911	4.991726	5.538358	4.878843	5.028813	5.079381	5.257628
4.5637	4.905515	5.733772	4.249266	5.261292	5.452714	3.823769	5.499584	4.935287	3.538074
3.742549	6.590022	5.864968	4.832997	5.180466	4.842102	5.907123	5.155884	6.550261	4.748304
5.018973	4.998767	4.123677	4.979558	4.532558	4.422429	5.37304	4.947371	5.828346	5.131184
4.925215	5.495046	5.280239	5.029218	6.780216	4.756705	4.589183	5.531186	5.102068	5.602956
5.153487	5.520113	4.970789	6.010985	4.181482	4.810702	5.264995	5.49386	4.517771	4.435076
4.954437	5.107333	5.069955	4.295083	5.881462	5.036985	5.068045	5.005372	4.830972	4.029327
5.293313	5.700361	4.957728	5.173648	4.637128	5.633978	5.284471	5.172444	4.885885	5.290424
4.767339	5.437659	5.598092	4.840871	5.184439	5.080213	4.256413	4.885432	5.143135	5.756439
4.859249	4.754951	5.08748	4.989224	4.483745	4.242247	5.52494	5.05751	4.078335	4.924011
5.254845	5.085073	5.047695	4.448428	4.803833	5.014725	4.898961	5.213855	5.015114	5.107814
6.406805	4.966043	4.928665	5.115914	4.847056	4.895695	4.28723	5.020569	4.919523	4.471624
5.015547	5.172348	5.759508	5.445845	4.316638	4.974808	6.056343	5.313202	5.465281	4.898458
5.391015	5.072791	5.035413	4.635592	4.943799	5.002443	4.79873	4.881344	4.936406	4.852846
4.028627	5.802018	5.170646	4.423441	5.18215	4.305849	5.670353	5.054342	6.003316	5.072879
3.896211	4.417047	4.810958	5.034597	5.565179	4.174654	6.341886	5.62977	5.750223	5.88195
4.364346	5.536499	4.381773	4.892617	5.71797	5.029062	4.74965	5.361748	5.923574	6.093518
4.502342	4.387686	6.180503	4.648797	5.74881	5.078139	3.565258	5.642894	5.138561	4.814811
5.854902	5.519034	4.766562	5.173532	4.114154	5.218999	5.20282	5.213922	5.233625	4.474392
5.077822	4.799658	5.038202	5.458148	5.666561	4.998184	5.520649	4.43828	5.776964	3.778434
5.167739	4.952583	4.252336	4.536964	3.677236	5.918401	5.877013	4.629682	3.640796	5.307658
5.119188	4.860237	4.822859	5.589882	6.136448	4.789889	4.53811	4.764822	4.480018	5.871847
4.248009	4.708681	4.784199	5.374194	4.909297	5.203087	4.523762	5.010083	4.250553	5.210699
4.839748	4.438403	5.070169	3.827094	5.242303	5.416945	5.119802	4.953569	3.725861	4.740446
4.815902	5.033448	5.006054	5.900035	5.270679	4.314477	4.803244	4.876848	5.068339	5.45437
4.701602	5.565206	4.337229	6.462554	5.014609	5.355556	5.068717	4.815345	5.602502	6.092913
5.723197	5.378992	5.490765	5.45022	4.605461	4.086117	4.569126	5.588081	5.474807	5.051223
4.224549	4.033903	4.868662	5.455576	4.727446	4.353784	4.217272	5.120271	4.529379	5.296595
4.789289	5.694791	5.710202	4.777634	5.545062	4.572463	4.448359	4.117115	4.854187	5.58994
5.077089	4.618821	5.167007	4.758118	4.418603	5.217641	4.489621	5.92102	4.931417	4.791268
4.390629	4.944918	4.137687	4.641763	5.096932	4.829624	5.091938	5.675518	5.649476	5.473099
4.94127	4.975732	5.445608	5.206283	5.385842	4.27294	4.050519	5.260218	5.249789	5.646937
4.675055	4.583908	3.842315	4.950451	4.552099	5.619699	3.858593	4.719035	4.932642	4.570748
5.19668	4.017038	5.062855	5.671685	5.000904	4.334554	4.533207	6.15887	4.592609	4.160351
5.217667	5.533699	3.718765	4.34915	5.024235	4.639657	5.671483	5.348629	4.935649	5.230297
4.957781	4.570606	5.170389	4.036226	4.466208	4.732222	5.569828	5.300887	4.893325	4.074996
4.369509	4.770026	5.764974	4.193141	4.527716	5.109016	5.979698	5.265625	4.871828	4.40439
5.510547	4.549385	4.784723	5.163762	4.891625	5.269555	5.87501	4.638429	5.324973	5.503891
5.711473	4.8055	4.085616	5.071657	5.224822	5.70267	5.783937	6.380581	4.947798	5.070781
4.671706	5.349733	5.369896	5.20042	5.864838	5.265898	4.704512	4.294711	5.550657	5.233324
5.099142	4.770154	5.614758	4.765666	5.21814	5.249085	5.279569	5.407915	5.061506	5.27667
4.95351	3.406726	4.82985	4.925777	4.425183	3.780749	5.646609	3.987306	4.522881	4.730427
5.434782	4.753326	5.351919	4.215606	5.22123	4.687306	4.229047	4.900352	4.742025	6.231769
4.454326	4.211038	4.603782	4.996577	5.331027	5.92585	4.190832	5.224416	4.681008	4.616093
4.924741	4.698994	3.90457	5.917338	5.09745	4.471827	5.629057	4.808445	6.050753	6.081157
5.217416	5.105429	5.301857	5.523372	5.873809	4.311604	5.291968	3.795784	5.136079	4.85681
5.441814	3.472089	4.46599	5.684901	4.571664	5.703436	5.051984	5.369991	4.96607	5.657458
5.323092	3.896064	5.083554	4.98797	4.812527	4.794558	4.634158	4.916618	4.667053	4.974241
3.629754	4.291342	4.632107	5.622013	4.817799	5.493703	4.5185	4.612015	4.947358	5.118568
4.694665	5.334884	4.743681	5.442226	4.413616	5.852089	5.367188	5.316505	4.61852	5.005989
4.687432	4.773034	5.714797	5.551972	5.116119	5.339334	4.401776	5.287145	5.084302	5.03194
4.40819	5.682662	6.08255	5.035176	4.850825	5.361505	4.05003	6.52367	4.623094	5.635183
5.507155	5.107221	5.069843	5.471603	5.793047	5.036873	5.373876	4.908257	4.592185	4.460664
4.399483	5.049535	5.012156	4.12687	5.427305	4.979187	5.104342	5.604463	3.738958	5.106386
4.769666	5.264341	4.669699	5.558792	4.692314	4.74012	5.076782	4.700866	4.486996	5.567241
4.861499	4.109576	4.906049	5.214788	5.316585	5.493922	4.923239	5.504753	5.349506	5.656535
4.950304	4.991219	4.912137	5.439729	4.820571	5.190929	5.162748	5.113497	6.007495	5.988218
4.108862	5.133539	5.09616	4.679733	3.857117	5.06319	5.339536	4.665097	4.1212	5.067152
5.263957	5.05357	5.016191	5.072471	5.940604	4.983222	3.961102	5.659447	5.787577	5.930944
5.200983	5.131972	5.094594	4.587062	4.701628	5.061624	5.341558	4.138664	4.075987	4.818058
5.284594	4.29222	4.834512	5.076931	5.114461	4.912199	4.371394	5.359538	4.275896	5.055676
4.369098	4.03856	5.129686	5.260019	4.124705	5.830783	4.876391	5.640036	5.341856	5.18032
5.859	4.549157	5.009728	4.91362	5.357602	4.538298	5.043877	4.098067	4.997551	5.297613
5.578826	5.402808	5.590836	5.052289	4.769664	4.473433	4.111576	4.266851	5.078058	4.109965
4.937405	5.788308	5.970341	3.803054	4.0589	4.285879	6.35709	5.177429	5.564616	5.301101
5.080812	5.004412	4.967033	4.956709	4.599553	4.934063	4.399743	4.295548	5.569076	4.497962
5.177325	6.006191	5.052607	3.881177	5.887308	5.541176	4.287283	4.907119	4.669593	4.332949
4.267649	4.932007	4.749002	5.101529	5.323545	4.435111	5.548751	4.81861	5.651737	4.188617
4.671501	4.552002	5.836981	5.203858	4.374215	4.71568	4.950686	5.791304	5.178882	4.422617
4.210175	4.56021	4.959467	6.274335	4.893221	5.208993	4.828476	4.959923	5.740793	5.492399
4.561552	4.805121	3.727188	5.033113	5.002168	4.963745	5.135481	5.466272	5.696848	5.006021
4.477313	4.940688	5.882154	5.482389	5.760895	4.139901	4.812887	4.906335	4.721025	3.939259
5.579583	5.337923	5.030529	5.470013	4.973871	4.188225	4.752529	4.885584	3.723468	4.818916
4.517133	4.132653	5.385603	5.500988	5.231245	4.452498	4.881234	5.494286	4.828413	4.962337
5.464312	4.961849	5.179446	5.398928	4.923853	4.001366	4.807917	4.377664	5.633522	5.493264
4.86822	5.58011	4.555044	5.137395	6.515289	5.423571	5.999242	4.76471	4.101376	5.178614
5.152826	4.73065	4.300511	4.432703	5.222128	4.863796	5.732632	5.267076	3.912102	5.677177
4.910326	5.243042	5.627266	6.021609	5.146411	5.240965	5.379337	4.687003	4.693046	4.579431
6.034036	5.419437	5.525795	4.881103	5.195678	5.949789	5.257701	4.864604	5.119832	5.136166
5.312159	5.337229	4.998848	4.304155	5.508691	5.16364	5.108852	6.043629	5.257875	4.73793
5.815877	4.533178	4.524628	4.640239	5.697875	6.061491	4.856277	5.384328	5.926935	4.551603
5.642827	4.999596	4.537148	5.248234	5.300374	4.804178	4.100898	4.273057	3.80648	5.392048
4.549641	4.506179	4.525455	4.668286	4.663326	5.318576	3.875086	4.669228	4.358752	4.369405
4.22756	5.624005	4.048582	4.658099	4.146462	4.466838	5.361706	4.327124	4.290987	6.108345
4.933653	4.939571	4.902193	5.147975	5.263376	4.869223	4.918612	5.753471	4.710163	4.880744
5.002132	4.511892	4.299554	4.279293	4.449694	5.519219	4.580996	3.990704	5.1412	5.818279
4.757482	4.746084	4.708705	4.727273	5.588418	4.675735	4.757417	5.033792	4.663255	3.994997
5.335463	5.36672	5.053631	5.322827	4.8032	4.190309	5.61587	4.570103	5.353696	5.197451
4.335712	5.196864	5.910879	5.625734	5.689386	5.122078	4.895898	5.117821	5.465093	4.768349
4.59604	5.108772	5.632702	5.00282	6.204214	4.19658	4.682277	5.343261	5.250692	4.886467
5.130698	5.211549	5.615942	3.88104	5.659801	5.490533	4.451712	4.954989	5.184129	5.416614
5.787654	5.30443	4.606034	5.701221	5.015117	5.293894	5.182118	3.787215	5.143089	4.471178
4.733557	5.009179	5.026299	4.13356	5.379645	4.298176	4.592598	5.87182	4.222366	5.362936
4.301764	5.226354	4.553779	5.215522	4.53128	4.829584	5.345145	4.869345	5.504859	4.710089
5.251833	4.714644	5.557326	4.766908	5.782905	4.986631	4.695446	5.325898	4.407855	4.309599
4.569367	5.234891	5.488386	6.440318	5.568768	4.369707	4.005539	4.529134	5.312446	5.673097
4.173151	5.072056	5.085642	4.550233	4.871119	5.522906	4.463201	4.530209	4.673108	5.532444
5.118742	4.668689	5.740532	4.318624	6.024605	4.881914	4.383087	4.15537	4.878831	5.699717
4.656136	5.131094	4.81097	5.808272	5.775113	5.219687	4.988174	4.376796	4.568569	4.591702
3.371907	5.063287	5.025909	5.73755	4.765938	4.992939	4.743011	4.664952	5.240834	5.247046
4.969355	5.337426	4.363749	5.44057	6.236014	5.245039	5.050355	3.657971	3.610734	6.453547
4.506659	4.436666	4.654989	5.465004	6.219565	4.255718	5.526227	4.224206	5.344803	5.53098
5.063769	5.212346	5.481246	4.131936	4.506819	5.719407	4.582633	5.658871	4.301189	4.819018
3.823947	4.22885	4.588694	5.207674	4.896281	4.931243	5.184723	5.35155	3.697437	5.938362
4.553786	4.738414	4.67272	5.337314	4.138419	4.676167	5.679629	5.567341	5.223265	5.643027
5.21765	4.283468	4.508298	4.939867	5.218406	4.689704	4.881331	5.560142	6.031346	5.507824
4.477334	5.422431	5.424587	6.161722	4.246714	4.598012	4.506174	4.92231	4.480936	4.613864
5.237928	4.421933	5.027359	5.838142	5.086624	5.2464	4.055981	5.028051	4.908165	4.394723
4.737151	3.827077	5.472124	5.475039	5.705183	5.189044	5.559305	5.486038	4.803102	4.724227
5.462906	4.59541	5.12876	4.804744	4.818387	4.879864	4.08966	4.220585	5.43866	4.675069
5.342917	5.539343	4.660478	4.850691	5.051338	4.931273	5.06623	6.768607	5.075038	5.351277
4.641257	5.022833	4.322327	4.672705	4.015622	3.99373	5.455728	4.965998	5.416914	5.702702
4.079603	5.05767	5.257288	5.104841	4.154196	5.03425	4.90346	5.451459	4.787484	5.305152
4.76489	4.871958	5.707391	6.230732	5.04738	4.779059	5.8044	4.589386	4.236639	4.675505
5.822459	5.458407	4.822878	5.187108	5.081028	5.289007	5.803969	4.868089	5.601265	5.218915
5.654206	5.124027	5.086649	4.883376	4.993155	5.053679	4.86924	4.785769	4.753061	4.971545
4.682214	5.663632	5.020782	5.262085	4.518114	5.599035	4.420848	4.678257	3.713237	4.685797
3.933728	4.944388	4.478505	5.160893	5.256918	5.626611	5.273148	5.259749	4.906716	4.895654
4.673137	4.286674	5.194377	5.044248	4.335227	4.02504	5.274363	4.544452	5.79064	4.254354
5.572078	5.292093	5.717995	4.210877	5.403069	4.4228	4.732641	5.599171	4.523005	4.885713
4.371659	5.031459	5.269715	5.390563	3.9917	4.982569	4.836511	5.601716	4.277136	4.732638
5.190646	4.981291	4.943913	4.539443	5.092922	4.910943	4.791463	5.320368	4.982221	5.021838
5.908027	4.887289	4.849911	4.242325	4.933146	4.816941	4.804245	4.929767	4.420825	5.095852
5.013879	4.843607	5.100757	5.33825	5.02076	4.597582	4.355693	4.431433	4.427271	6.149709
4.600077	5.39689	5.200527	5.637472	5.107194	5.442028	5.858835	5.024612	5.342654	5.166965
5.180517	4.750982	4.381468	4.802742	5.105543	5.0325	5.220735	4.500159	3.80133	5.41387
4.890847	3.658085	5.233789	4.387471	5.943379	5.791014	4.756258	5.274117	5.918584	4.608407
4.887199	4.432078	5.446341	4.670406	4.539583	4.200709	5.523258	4.462683	5.878613	4.521439
4.639029	5.992175	5.89886	5.10897	5.787059	4.765135	5.270407	4.48238	5.030565	4.474595
6.133717	4.040836	4.727102	5.536423	5.316898	5.353271	5.02247	4.400509	3.355888	3.967787
4.724931	5.457356	4.861916	4.434503	4.687476	4.444194	4.263836	4.874273	5.351864	5.980082
4.711224	4.455998	5.754059	5.570491	4.228148	5.008251	4.686474	5.595722	4.347059	5.883485
4.565586	5.282119	4.60237	4.780662	5.534813	5.086438	5.239944	5.322696	5.333436	4.558383
5.995931	5.481718	4.242688	4.536399	5.310827	5.635966	3.581629	4.439394	5.266883	5.192739
5.958115	5.064652	5.027274	4.741685	4.932333	4.994304	4.746189	5.654115	5.578999	4.660955
5.267293	4.279931	5.841345	4.714173	4.530644	4.774693	4.019	4.49284	4.548757	5.174362
4.602835	4.995351	4.957973	5.662506	5.507215	4.925003	5.364604	5.628904	5.404891	4.520605
5.905743	5.333061	5.766404	4.897871	5.512441	5.303854	5.061081	6.367579	4.278134	5.375595
5.222624	5.427899	5.476114	5.504855	5.129585	5.574127	4.832339	4.096541	5.142753	4.740904
3.103	6.03942	5.072363	4.633559	4.596191	3.743204	5.289844	5.336576	5.02325	4.767021
5.019662	4.976846	4.939468	4.420019	5.395607	4.906498	5.23533	4.686482	4.910846	5.360721
5.164686	4.615391	5.362508	5.091112	4.742674	5.387837	4.350307	4.671781	4.764256	4.524539
5.149448	5.057256	5.019878	3.485961	4.307293	4.986908	4.966824	4.514682	5.062415	4.104938
5.130106	5.155242	5.189445	4.247131	4.923298	4.92908	4.856605	4.468186	4.826235	5.37261
