4.000000	19.000000	12.000000	12.000000	7.000000
5.000000	10.000000	13.000000	8.000000	17.000000
9.590782	8.818763	8.559367	9.614633	5.000000
9.752160	10.453972	10.296758	9.753078	15.000000
3.000000	7.000000	14.000000	10.000000	11.000000
17.000000	4.000000	10.000000	7.000000	19.000000
18.000000	10.000000	17.000000	9.000000	1.000000
11.122958	11.162842	10.988444	11.239840	12.000000
10.273766	9.885081	8.522080	10.163449	1.000000
1.000000	3.000000	4.000000	17.000000	20.000000
10.061331	11.046283	10.723598	10.234684	1.000000
20.000000	12.000000	16.000000	9.000000	18.000000
14.000000	6.000000	19.000000	2.000000	7.000000
12.000000	16.000000	11.000000	14.000000	14.000000
3.000000	12.000000	20.000000	19.000000	4.000000
9.377702	8.013768	8.764142	9.527241	7.000000
17.000000	5.000000	18.000000	14.000000	7.000000
11.000000	5.000000	10.000000	6.000000	14.000000
19.000000	12.000000	11.000000	18.000000	13.000000
9.000000	9.000000	9.000000	20.000000	2.000000
14.000000	14.000000	5.000000	5.000000	12.000000
10.645590	9.254165	10.201949	10.345469	19.000000
20.000000	13.000000	3.000000	10.000000	18.000000
8.514665	10.063541	9.369761	8.762009	17.000000
16.000000	2.000000	8.000000	18.000000	11.000000
13.000000	7.000000	19.000000	13.000000	6.000000
12.000000	6.000000	11.000000	8.000000	11.000000
2.000000	8.000000	7.000000	7.000000	4.000000
8.530481	9.497361	9.891412	9.426438	7.000000
6.000000	13.000000	18.000000	8.000000	15.000000
7.000000	15.000000	8.000000	14.000000	13.000000
18.000000	18.000000	11.000000	8.000000	10.000000
16.000000	11.000000	8.000000	6.000000	19.000000
10.000000	19.000000	18.000000	16.000000	5.000000
13.000000	12.000000	2.000000	1.000000	3.000000
1.000000	7.000000	7.000000	18.000000	6.000000
2.000000	16.000000	1.000000	9.000000	10.000000
9.720457	10.520935	9.097721	10.370410	6.000000
9.000000	2.000000	17.000000	8.000000	19.000000
7.000000	17.000000	9.000000	16.000000	4.000000
5.000000	8.000000	7.000000	18.000000	9.000000
8.339589	8.486509	9.548487	8.765116	8.000000
12.000000	9.000000	3.000000	12.000000	10.000000
4.000000	8.000000	8.000000	3.000000	14.000000
5.000000	3.000000	15.000000	1.000000	2.000000
5.000000	19.000000	18.000000	13.000000	14.000000
13.000000	17.000000	2.000000	19.000000	15.000000
2.000000	20.000000	12.000000	8.000000	8.000000
11.000000	19.000000	8.000000	14.000000	3.000000
9.000000	9.000000	10.000000	16.000000	11.000000
16.000000	13.000000	5.000000	10.000000	5.000000
6.000000	7.000000	4.000000	15.000000	19.000000
10.225441	10.561614	10.004435	11.072660	18.000000
9.931813	9.390059	10.692657	10.090651	2.000000
16.000000	16.000000	1.000000	16.000000	1.000000
3.000000	4.000000	9.000000	4.000000	12.000000
12.000000	19.000000	4.000000	8.000000	1.000000
20.000000	14.000000	7.000000	3.000000	8.000000
5.000000	12.000000	7.000000	12.000000	5.000000
4.000000	5.000000	8.000000	4.000000	10.000000
9.000000	12.000000	17.000000	1.000000	7.000000
17.000000	3.000000	2.000000	17.000000	19.000000
5.000000	20.000000	17.000000	20.000000	8.000000
17.000000	20.000000	13.000000	15.000000	2.000000
12.000000	20.000000	5.000000	18.000000	3.000000
10.000000	13.000000	8.000000	9.000000	17.000000
9.855145	9.685879	9.416157	10.050114	10.000000
6.000000	13.000000	4.000000	7.000000	1.000000
9.859195	10.629211	10.672352	10.627892	11.000000
9.785513	9.061412	9.279268	9.819569	14.000000
4.000000	15.000000	5.000000	20.000000	5.000000
19.000000	1.000000	17.000000	18.000000	9.000000
5.000000	6.000000	10.000000	4.000000	10.000000
19.000000	1.000000	2.000000	14.000000	20.000000
15.000000	8.000000	3.000000	7.000000	10.000000
5.000000	6.000000	20.000000	15.000000	9.000000
5.000000	10.000000	3.000000	1.000000	1.000000
9.488317	9.577184	8.889485	9.395008	17.000000
10.000000	12.000000	3.000000	11.000000	8.000000
4.000000	1.000000	8.000000	18.000000	15.000000
9.599772	10.718479	9.065500	9.193096	18.000000
9.231953	9.232584	9.108582	9.674922	12.000000
3.000000	19.000000	1.000000	17.000000	19.000000
1.000000	4.000000	18.000000	2.000000	11.000000
7.000000	4.000000	14.000000	1.000000	6.000000
1.000000	4.000000	7.000000	1.000000	1.000000
10.220082	10.632122	9.583401	10.170269	20.000000
1.000000	20.000000	17.000000	15.000000	13.000000
8.000000	17.000000	11.000000	8.000000	6.000000
9.145792	9.414264	8.525957	11.174267	14.000000
11.000000	17.000000	9.000000	16.000000	17.000000
14.000000	17.000000	13.000000	12.000000	9.000000
5.000000	4.000000	19.000000	9.000000	9.000000
10.000000	9.000000	20.000000	6.000000	16.000000
11.440462	11.263871	10.501724	11.048264	12.000000
9.000000	8.000000	4.000000	9.000000	19.000000
17.000000	11.000000	15.000000	17.000000	7.000000
4.000000	2.000000	15.000000	16.000000	14.000000
3.000000	20.000000	17.000000	1.000000	8.000000
10.758105	10.720160	10.244377	10.369817	8.000000
4.000000	1.000000	1.000000	19.000000	8.000000
12.000000	8.000000	15.000000	15.000000	16.000000
5.000000	3.000000	19.000000	20.000000	11.000000
5.000000	15.000000	13.000000	19.000000	10.000000
18.000000	13.000000	1.000000	14.000000	5.000000
1.000000	3.000000	7.000000	1.000000	12.000000
9.244390	8.764048	9.119187	9.293176	14.000000
3.000000	18.000000	1.000000	18.000000	5.000000
11.038635	9.697305	11.263409	10.944623	13.000000
9.102054	10.753973	10.135950	10.576489	13.000000
9.424432	9.491323	10.392537	9.794827	16.000000
9.000000	1.000000	11.000000	8.000000	1.000000
2.000000	14.000000	8.000000	5.000000	20.000000
1.000000	8.000000	9.000000	14.000000	17.000000
5.000000	14.000000	10.000000	4.000000	12.000000
15.000000	5.000000	14.000000	13.000000	10.000000
6.000000	1.000000	12.000000	2.000000	1.000000
19.000000	2.000000	13.000000	9.000000	9.000000
5.000000	10.000000	2.000000	12.000000	7.000000
13.000000	4.000000	6.000000	2.000000	17.000000
10.758257	10.955836	10.010333	10.499363	1.000000
13.000000	9.000000	5.000000	6.000000	2.000000
10.597709	10.138945	8.898138	10.832163	4.000000
6.000000	16.000000	18.000000	18.000000	4.000000
6.000000	2.000000	6.000000	20.000000	5.000000
4.000000	12.000000	8.000000	9.000000	5.000000
17.000000	14.000000	11.000000	18.000000	8.000000
11.000000	11.000000	17.000000	8.000000	8.000000
10.000000	13.000000	3.000000	15.000000	10.000000
18.000000	20.000000	5.000000	15.000000	9.000000
9.104771	9.876575	9.639966	9.731593	12.000000
6.000000	16.000000	15.000000	5.000000	16.000000
20.000000	1.000000	9.000000	10.000000	19.000000
9.886415	8.463633	9.187119	9.035549	19.000000
8.000000	6.000000	12.000000	10.000000	20.000000
13.000000	8.000000	11.000000	17.000000	2.000000
19.000000	4.000000	6.000000	20.000000	9.000000
10.040826	10.319660	10.443430	8.677542	1.000000
4.000000	3.000000	2.000000	4.000000	4.000000
20.000000	12.000000	7.000000	20.000000	8.000000
6.000000	19.000000	13.000000	9.000000	9.000000
4.000000	1.000000	8.000000	14.000000	9.000000
7.852979	8.362536	9.121706	8.744298	3.000000
12.000000	15.000000	19.000000	20.000000	18.000000
20.000000	3.000000	20.000000	13.000000	18.000000
15.000000	12.000000	10.000000	2.000000	3.000000
17.000000	19.000000	13.000000	2.000000	19.000000
8.533548	8.101928	7.514842	8.046025	11.000000
19.000000	13.000000	6.000000	14.000000	11.000000
9.000000	6.000000	5.000000	19.000000	17.000000
7.807594	8.002411	8.477660	7.450067	2.000000
8.000000	1.000000	5.000000	17.000000	14.000000
19.000000	14.000000	12.000000	12.000000	7.000000
2.000000	4.000000	3.000000	12.000000	16.000000
5.000000	2.000000	8.000000	11.000000	15.000000
18.000000	11.000000	12.000000	14.000000	9.000000
10.378054	10.360970	10.075235	10.145000	2.000000
20.000000	18.000000	14.000000	17.000000	6.000000
7.000000	15.000000	11.000000	18.000000	6.000000
9.906940	10.086782	9.941210	10.317012	14.000000
8.119435	8.330108	8.614553	8.151084	14.000000
7.336210	6.868147	7.259402	7.637850	6.000000
5.000000	4.000000	14.000000	15.000000	6.000000
7.000000	6.000000	15.000000	20.000000	2.000000
20.000000	6.000000	17.000000	11.000000	15.000000
2.000000	19.000000	5.000000	3.000000	10.000000
10.000000	19.000000	14.000000	16.000000	14.000000
8.945374	9.829857	9.768302	9.562339	4.000000
9.667671	10.504053	10.098167	10.977415	5.000000
5.000000	15.000000	10.000000	19.000000	6.000000
7.598230	9.574123	9.173739	7.898121	20.000000
17.000000	1.000000	19.000000	13.000000	4.000000
20.000000	2.000000	2.000000	13.000000	9.000000
16.000000	4.000000	16.000000	13.000000	10.000000
20.000000	8.000000	20.000000	19.000000	16.000000
16.000000	3.000000	2.000000	5.000000	13.000000
10.618893	10.520030	10.730312	10.935978	7.000000
2.000000	17.000000	8.000000	12.000000	1.000000
11.000000	11.000000	14.000000	4.000000	16.000000
2.000000	11.000000	11.000000	10.000000	16.000000
20.000000	9.000000	3.000000	11.000000	19.000000
11.000000	6.000000	1.000000	12.000000	2.000000
13.000000	19.000000	2.000000	14.000000	19.000000
10.158635	9.960629	9.628457	9.658623	18.000000
8.000000	17.000000	1.000000	2.000000	13.000000
9.434181	10.874412	10.514358	10.348363	4.000000
10.000000	17.000000	4.000000	13.000000	19.000000
10.032325	10.627073	9.407498	9.361073	6.000000
10.122720	9.804178	9.474776	9.665331	12.000000
15.000000	18.000000	18.000000	2.000000	4.000000
8.000000	1.000000	1.000000	8.000000	14.000000
9.594241	9.836589	10.583455	9.274197	12.000000
4.000000	17.000000	8.000000	8.000000	1.000000
9.503509	9.120987	9.705549	9.339735	15.000000
20.000000	1.000000	12.000000	16.000000	11.000000
8.755860	9.903361	9.324681	9.046933	15.000000
3.000000	12.000000	15.000000	3.000000	11.000000
8.735271	9.661833	9.469954	8.519935	6.000000
16.000000	16.000000	14.000000	15.000000	3.000000
14.000000	12.000000	16.000000	8.000000	4.000000
10.000000	19.000000	4.000000	1.000000	14.000000
6.000000	8.000000	7.000000	5.000000	12.000000
1.000000	8.000000	3.000000	16.000000	2.000000
13.000000	8.000000	1.000000	9.000000	8.000000
6.000000	4.000000	3.000000	19.000000	10.000000
18.000000	4.000000	1.000000	13.000000	3.000000
16.000000	14.000000	1.000000	19.000000	6.000000
7.000000	17.000000	13.000000	13.000000	1.000000
9.260600	8.541299	9.040453	9.024152	1.000000
2.000000	2.000000	8.000000	2.000000	10.000000
7.000000	7.000000	5.000000	1.000000	17.000000
14.000000	10.000000	20.000000	6.000000	14.000000
2.000000	1.000000	7.000000	2.000000	12.000000
5.000000	20.000000	8.000000	17.000000	13.000000
8.000000	13.000000	18.000000	8.000000	10.000000
8.476405	9.167538	9.189426	8.811043	10.000000
1.000000	15.000000	8.000000	18.000000	15.000000
4.000000	11.000000	5.000000	3.000000	9.000000
18.000000	4.000000	9.000000	17.000000	17.000000
9.447554	9.785093	9.270299	9.892462	17.000000
1.000000	19.000000	9.000000	18.000000	6.000000
11.000000	19.000000	14.000000	2.000000	7.000000
15.000000	14.000000	1.000000	2.000000	11.000000
7.000000	5.000000	14.000000	11.000000	19.000000
2.000000	1.000000	2.000000	2.000000	9.000000
9.683438	9.975583	10.324503	10.377249	12.000000
17.000000	18.000000	10.000000	18.000000	7.000000
7.000000	8.000000	5.000000	12.000000	1.000000
11.000000	6.000000	14.000000	11.000000	19.000000
10.084612	10.050906	9.354156	9.335089	12.000000
13.000000	11.000000	12.000000	6.000000	4.000000
20.000000	16.000000	17.000000	20.000000	13.000000
1.000000	17.000000	3.000000	2.000000	14.000000
9.000000	9.000000	13.000000	14.000000	12.000000
13.000000	16.000000	18.000000	6.000000	19.000000
8.000000	2.000000	8.000000	15.000000	11.000000
19.000000	7.000000	13.000000	3.000000	5.000000
17.000000	14.000000	12.000000	5.000000	14.000000
10.436929	10.792349	10.169874	10.440418	7.000000
9.519435	10.008580	10.039086	9.271481	12.000000
10.000000	19.000000	7.000000	19.000000	4.000000
9.150728	9.993853	9.113089	9.699164	1.000000
8.000000	15.000000	19.000000	13.000000	17.000000
3.000000	9.000000	10.000000	6.000000	13.000000
3.000000	2.000000	10.000000	4.000000	19.000000
11.038251	9.925348	10.727560	10.443944	16.000000
8.000000	15.000000	14.000000	7.000000	14.000000
10.000000	3.000000	20.000000	7.000000	19.000000
12.000000	6.000000	13.000000	10.000000	10.000000
1.000000	5.000000	18.000000	10.000000	10.000000
3.000000	5.000000	11.000000	12.000000	20.000000
2.000000	11.000000	10.000000	18.000000	16.000000
5.000000	18.000000	10.000000	11.000000	16.000000
3.000000	20.000000	10.000000	14.000000	18.000000
8.000000	5.000000	15.000000	12.000000	7.000000
7.180123	8.705962	7.429505	7.140450	14.000000
12.000000	16.000000	18.000000	15.000000	19.000000
17.000000	16.000000	9.000000	6.000000	5.000000
4.000000	3.000000	2.000000	6.000000	13.000000
17.000000	8.000000	12.000000	19.000000	14.000000
1.000000	6.000000	18.000000	7.000000	10.000000
16.000000	11.000000	1.000000	6.000000	17.000000
14.000000	18.000000	4.000000	3.000000	12.000000
3.000000	20.000000	19.000000	3.000000	17.000000
3.000000	19.000000	19.000000	5.000000	4.000000
11.000000	13.000000	3.000000	14.000000	3.000000
9.489204	9.711036	9.026340	9.193219	5.000000
18.000000	1.000000	7.000000	10.000000	7.000000
9.259709	8.263094	8.393170	8.705269	18.000000
19.000000	1.000000	17.000000	17.000000	3.000000
8.023438	7.886341	7.783333	8.823015	7.000000
4.000000	19.000000	12.000000	7.000000	4.000000
14.000000	2.000000	2.000000	2.000000	19.000000
6.000000	11.000000	20.000000	12.000000	13.000000
18.000000	15.000000	8.000000	13.000000	1.000000
5.000000	3.000000	1.000000	14.000000	11.000000
15.000000	11.000000	1.000000	16.000000	6.000000
8.000000	11.000000	4.000000	19.000000	17.000000
7.503047	8.706204	8.809522	7.759400	6.000000
9.000000	6.000000	8.000000	20.000000	17.000000
20.000000	17.000000	3.000000	19.000000	9.000000
15.000000	4.000000	3.000000	7.000000	9.000000
13.000000	2.000000	19.000000	14.000000	17.000000
16.000000	1.000000	19.000000	12.000000	19.000000
16.000000	11.000000	2.000000	18.000000	11.000000
10.404080	10.680738	11.027467	11.461675	18.000000
9.804721	8.904356	9.188340	9.492052	17.000000
7.337273	8.769355	9.104378	9.019381	20.000000
20.000000	10.000000	13.000000	10.000000	3.000000
1.000000	5.000000	15.000000	19.000000	16.000000
5.000000	6.000000	18.000000	6.000000	3.000000
8.000000	5.000000	13.000000	7.000000	11.000000
10.000000	3.000000	8.000000	15.000000	1.000000
4.000000	9.000000	5.000000	15.000000	18.000000
16.000000	14.000000	19.000000	8.000000	3.000000
13.000000	8.000000	20.000000	7.000000	7.000000
9.603262	9.802134	9.929004	10.270168	8.000000
7.000000	4.000000	4.000000	19.000000	11.000000
14.000000	20.000000	13.000000	14.000000	14.000000
5.000000	17.000000	15.000000	9.000000	12.000000
12.000000	17.000000	17.000000	10.000000	4.000000
12.000000	14.000000	4.000000	11.000000	20.000000
2.000000	17.000000	14.000000	5.000000	1.000000
1.000000	11.000000	5.000000	17.000000	1.000000
15.000000	2.000000	20.000000	19.000000	15.000000
6.000000	3.000000	12.000000	20.000000	3.000000
15.000000	3.000000	19.000000	11.000000	4.000000
15.000000	14.000000	17.000000	18.000000	4.000000
8.000000	19.000000	1.000000	1.000000	3.000000
9.611760	9.393430	9.840331	10.463875	9.000000
6.000000	3.000000	3.000000	18.000000	1.000000
9.622372	7.288801	8.423739	8.517798	14.000000
18.000000	6.000000	8.000000	8.000000	9.000000
11.000000	2.000000	2.000000	19.000000	11.000000
9.817140	8.356575	8.197088	8.768704	18.000000
4.000000	10.000000	10.000000	1.000000	7.000000
11.000000	18.000000	9.000000	13.000000	7.000000
9.306338	9.757780	8.422123	9.418055	1.000000
14.000000	5.000000	18.000000	1.000000	13.000000
6.000000	3.000000	6.000000	8.000000	1.000000
17.000000	5.000000	18.000000	17.000000	2.000000
15.000000	12.000000	11.000000	5.000000	4.000000
9.000000	7.000000	2.000000	10.000000	19.000000
20.000000	11.000000	19.000000	1.000000	6.000000
11.000000	6.000000	11.000000	9.000000	7.000000
3.000000	6.000000	1.000000	20.000000	13.000000
2.000000	8.000000	9.000000	11.000000	17.000000
10.000000	6.000000	8.000000	13.000000	2.000000
4.000000	13.000000	8.000000	17.000000	2.000000
8.734720	10.465325	8.619318	9.828386	16.000000
18.000000	19.000000	2.000000	8.000000	19.000000
20.000000	2.000000	4.000000	20.000000	13.000000
9.000000	13.000000	1.000000	17.000000	16.000000
9.372059	9.692952	9.724587	9.681026	3.000000
2.000000	19.000000	15.000000	1.000000	15.000000
9.060697	9.828066	9.159503	9.449713	13.000000
18.000000	17.000000	3.000000	11.000000	16.000000
1.000000	2.000000	9.000000	17.000000	14.000000
2.000000	5.000000	6.000000	2.000000	13.000000
1.000000	18.000000	3.000000	13.000000	5.000000
5.000000	6.000000	4.000000	20.000000	6.000000
10.023925	10.262424	9.672733	9.827342	15.000000
8.000000	2.000000	4.000000	2.000000	4.000000
19.000000	3.000000	6.000000	8.000000	11.000000
19.000000	9.000000	15.000000	16.000000	2.000000
19.000000	9.000000	11.000000	2.000000	1.000000
15.000000	18.000000	7.000000	10.000000	17.000000
10.110690	8.579940	9.366552	8.481834	3.000000
11.000000	6.000000	16.000000	6.000000	7.000000
20.000000	4.000000	1.000000	5.000000	3.000000
11.000000	3.000000	11.000000	17.000000	18.000000
4.000000	8.000000	6.000000	14.000000	9.000000
9.301502	10.417778	10.361032	9.281932	10.000000
10.225303	9.700146	10.174248	9.743937	18.000000
4.000000	12.000000	15.000000	19.000000	17.000000
9.245568	8.920398	9.571833	9.519511	14.000000
15.000000	17.000000	8.000000	18.000000	5.000000
18.000000	1.000000	12.000000	15.000000	15.000000
20.000000	13.000000	15.000000	18.000000	9.000000
4.000000	4.000000	1.000000	5.000000	5.000000
10.000000	8.000000	17.000000	5.000000	18.000000
9.751371	8.419625	9.393259	8.836744	3.000000
13.000000	4.000000	11.000000	1.000000	1.000000
16.000000	18.000000	1.000000	7.000000	12.000000
7.000000	19.000000	17.000000	1.000000	8.000000
8.678599	8.017808	9.403074	8.639884	1.000000
15.000000	19.000000	20.000000	3.000000	15.000000
9.000000	8.000000	4.000000	16.000000	16.000000
9.233983	9.314854	9.528761	9.119950	13.000000
11.000000	4.000000	10.000000	4.000000	2.000000
13.000000	10.000000	20.000000	1.000000	11.000000
7.000000	10.000000	7.000000	9.000000	18.000000
19.000000	4.000000	16.000000	18.000000	18.000000
2.000000	6.000000	17.000000	5.000000	14.000000
13.000000	3.000000	6.000000	3.000000	11.000000
18.000000	6.000000	6.000000	19.000000	9.000000
7.862500	8.153526	10.310397	8.438764	4.000000
10.313569	11.578649	10.162891	10.302539	6.000000
2.000000	16.000000	1.000000	18.000000	5.000000
9.509462	10.172450	9.918231	9.973793	16.000000
8.000000	19.000000	18.000000	13.000000	13.000000
20.000000	2.000000	18.000000	17.000000	20.000000
6.000000	3.000000	14.000000	16.000000	13.000000
17.000000	15.000000	10.000000	1.000000	5.000000
7.807388	8.789773	7.953551	8.988017	12.000000
17.000000	4.000000	2.000000	11.000000	18.000000
9.000000	18.000000	8.000000	18.000000	2.000000
1.000000	9.000000	15.000000	18.000000	5.000000
14.000000	16.000000	20.000000	7.000000	11.000000
12.000000	16.000000	17.000000	13.000000	8.000000
1.000000	7.000000	2.000000	13.000000	13.000000
5.000000	9.000000	17.000000	19.000000	11.000000
10.656560	8.872929	9.346411	11.094265	17.000000
10.790181	9.959655	10.075995	10.758417	3.000000
9.626417	9.526343	9.283113	9.498503	18.000000
12.000000	12.000000	5.000000	9.000000	5.000000
13.000000	9.000000	3.000000	6.000000	13.000000
16.000000	11.000000	13.000000	4.000000	9.000000
3.000000	1.000000	7.000000	2.000000	6.000000
3.000000	14.000000	11.000000	8.000000	20.000000
6.000000	17.000000	11.000000	15.000000	17.000000
9.182617	10.180477	9.862527	9.357722	7.000000
4.000000	9.000000	7.000000	19.000000	15.000000
20.000000	14.000000	17.000000	12.000000	9.000000
5.000000	7.000000	9.000000	11.000000	8.000000
15.000000	6.000000	14.000000	5.000000	13.000000
8.258996	9.276712	8.453188	8.553048	17.000000
9.000000	16.000000	15.000000	8.000000	12.000000
10.484116	10.135829	10.636560	11.102487	14.000000
11.121270	10.871425	10.282646	10.723083	10.000000
9.498896	9.403290	9.071049	9.526361	1.000000
15.000000	13.000000	6.000000	8.000000	10.000000
10.257764	10.352881	8.974648	10.488926	8.000000
7.000000	10.000000	15.000000	1.000000	10.000000
6.000000	13.000000	5.000000	18.000000	20.000000
18.000000	16.000000	5.000000	16.000000	10.000000
14.000000	14.000000	8.000000	1.000000	20.000000
1.000000	16.000000	13.000000	6.000000	3.000000
14.000000	8.000000	7.000000	4.000000	9.000000
14.000000	3.000000	11.000000	20.000000	15.000000
8.919365	9.023376	8.570180	8.519295	15.000000
9.380867	9.006131	9.419665	8.995440	20.000000
12.000000	9.000000	13.000000	12.000000	9.000000
12.000000	12.000000	16.000000	16.000000	9.000000
19.000000	9.000000	16.000000	5.000000	13.000000
17.000000	11.000000	7.000000	7.000000	2.000000
1.000000	18.000000	19.000000	8.000000	13.000000
9.393321	10.233541	10.381197	9.807257	9.000000
4.000000	11.000000	17.000000	16.000000	2.000000
17.000000	19.000000	13.000000	13.000000	15.000000
2.000000	3.000000	15.000000	9.000000	19.000000
19.000000	5.000000	1.000000	5.000000	3.000000
3.000000	6.000000	20.000000	13.000000	5.000000
9.423799	9.357158	8.812981	9.121297	17.000000
19.000000	3.000000	8.000000	7.000000	10.000000
1.000000	15.000000	9.000000	14.000000	7.000000
15.000000	7.000000	1.000000	9.000000	7.000000
11.267463	11.364129	10.589186	10.938561	4.000000
6.000000	14.000000	9.000000	6.000000	7.000000
14.000000	17.000000	16.000000	4.000000	5.000000
5.000000	14.000000	19.000000	12.000000	20.000000
9.000000	12.000000	6.000000	17.000000	17.000000
5.000000	11.000000	15.000000	5.000000	11.000000
14.000000	16.000000	10.000000	17.000000	8.000000
14.000000	14.000000	13.000000	14.000000	19.000000
11.000000	7.000000	8.000000	7.000000	2.000000
4.000000	11.000000	15.000000	2.000000	14.000000
6.000000	10.000000	17.000000	4.000000	6.000000
6.000000	8.000000	8.000000	12.000000	12.000000
10.601337	10.932388	10.617691	10.120775	13.000000
19.000000	5.000000	7.000000	11.000000	11.000000
5.000000	2.000000	17.000000	4.000000	20.000000
9.155330	8.736582	9.669970	8.965270	9.000000
7.000000	15.000000	10.000000	15.000000	18.000000
8.000000	20.000000	5.000000	7.000000	4.000000
8.000000	17.000000	20.000000	19.000000	9.000000
13.000000	17.000000	5.000000	19.000000	8.000000
15.000000	15.000000	1.000000	4.000000	11.000000
12.000000	6.000000	17.000000	5.000000	2.000000
9.620509	9.728470	9.955590	10.151720	17.000000
17.000000	6.000000	9.000000	13.000000	12.000000
12.000000	1.000000	1.000000	3.000000	11.000000
1.000000	15.000000	8.000000	5.000000	5.000000
7.000000	12.000000	12.000000	7.000000	7.000000
2.000000	10.000000	12.000000	10.000000	14.000000
5.000000	7.000000	16.000000	13.000000	5.000000
4.000000	9.000000	10.000000	12.000000	2.000000
10.022263	9.119826	9.190345	9.815494	18.000000
4.000000	13.000000	4.000000	3.000000	18.000000
9.000000	9.000000	1.000000	12.000000	15.000000
9.622345	10.061504	9.136159	9.654356	2.000000
9.000000	14.000000	20.000000	16.000000	18.000000
10.060732	9.272049	9.812410	9.936590	3.000000
20.000000	10.000000	18.000000	5.000000	2.000000
7.000000	8.000000	7.000000	10.000000	3.000000
16.000000	18.000000	11.000000	16.000000	9.000000
18.000000	14.000000	13.000000	13.000000	3.000000
7.000000	14.000000	8.000000	18.000000	9.000000
6.000000	14.000000	20.000000	4.000000	2.000000
8.906040	8.169759	8.583023	9.282338	7.000000
5.000000	10.000000	6.000000	11.000000	19.000000
8.000000	6.000000	9.000000	19.000000	13.000000
9.000000	8.000000	6.000000	2.000000	20.000000
20.000000	20.000000	5.000000	7.000000	17.000000
6.000000	12.000000	10.000000	5.000000	15.000000
12.000000	19.000000	17.000000	14.000000	2.000000
15.000000	10.000000	11.000000	13.000000	20.000000
9.440323	10.140483	9.855886	9.156031	2.000000
9.000000	18.000000	9.000000	6.000000	11.000000
9.000000	5.000000	10.000000	13.000000	12.000000
7.000000	18.000000	3.000000	8.000000	15.000000
9.375546	9.730290	10.050579	9.307298	17.000000
19.000000	13.000000	6.000000	1.000000	17.000000
6.000000	2.000000	8.000000	14.000000	3.000000
8.849347	7.984467	7.702900	9.301961	20.000000
3.000000	18.000000	17.000000	13.000000	3.000000
8.000000	19.000000	20.000000	2.000000	18.000000
6.000000	11.000000	9.000000	3.000000	1.000000
5.000000	1.000000	13.000000	10.000000	1.000000
1.000000	7.000000	15.000000	8.000000	13.000000
17.000000	17.000000	7.000000	9.000000	15.000000
8.487433	8.998869	8.312819	8.750582	16.000000
14.000000	1.000000	6.000000	6.000000	15.000000
3.000000	3.000000	17.000000	3.000000	5.000000
17.000000	19.000000	5.000000	1.000000	1.000000
18.000000	1.000000	7.000000	12.000000	9.000000
11.000000	20.000000	17.000000	17.000000	9.000000
11.000000	15.000000	12.000000	15.000000	8.000000
19.000000	20.000000	1.000000	4.000000	17.000000
7.000000	6.000000	20.000000	3.000000	1.000000
4.000000	12.000000	19.000000	1.000000	12.000000
19.000000	10.000000	5.000000	18.000000	1.000000
9.899250	10.449435	9.856828	9.681301	5.000000
12.000000	12.000000	11.000000	15.000000	18.000000
10.000000	13.000000	17.000000	10.000000	16.000000
9.462788	10.387116	9.410155	10.232269	11.000000
14.000000	20.000000	2.000000	4.000000	12.000000
13.000000	3.000000	1.000000	9.000000	12.000000
8.691424	8.837621	9.074822	8.724161	14.000000
9.510377	9.451960	9.790953	8.681753	3.000000
14.000000	7.000000	15.000000	2.000000	16.000000
3.000000	7.000000	4.000000	8.000000	3.000000
14.000000	1.000000	15.000000	15.000000	16.000000
18.000000	19.000000	10.000000	19.000000	8.000000
1.000000	3.000000	12.000000	20.000000	19.000000
5.000000	6.000000	19.000000	1.000000	3.000000
1.000000	6.000000	9.000000	7.000000	8.000000
16.000000	1.000000	6.000000	19.000000	8.000000
1.000000	4.000000	20.000000	7.000000	18.000000
16.000000	4.000000	9.000000	5.000000	14.000000
8.000000	6.000000	17.000000	19.000000	17.000000
7.000000	4.000000	14.000000	5.000000	16.000000
16.000000	17.000000	2.000000	16.000000	16.000000
1.000000	12.000000	16.000000	18.000000	2.000000
4.000000	18.000000	6.000000	15.000000	16.000000
11.534283	10.047650	11.639121	11.018664	7.000000
13.000000	10.000000	4.000000	1.000000	9.000000
20.000000	8.000000	4.000000	13.000000	4.000000
19.000000	1.000000	1.000000	20.000000	16.000000
9.737848	9.369828	9.644616	9.944315	18.000000
9.934080	8.856095	9.238999	9.076725	5.000000
3.000000	8.000000	14.000000	14.000000	3.000000
12.000000	6.000000	12.000000	15.000000	19.000000
12.000000	14.000000	18.000000	15.000000	19.000000
13.000000	14.000000	11.000000	5.000000	5.000000
6.000000	12.000000	17.000000	5.000000	7.000000
14.000000	5.000000	4.000000	12.000000	10.000000
20.000000	6.000000	9.000000	14.000000	19.000000
11.000000	5.000000	17.000000	15.000000	12.000000
15.000000	6.000000	5.000000	4.000000	1.000000
15.000000	16.000000	6.000000	5.000000	1.000000
10.000000	3.000000	12.000000	6.000000	7.000000
18.000000	11.000000	3.000000	14.000000	15.000000
9.501060	9.142242	9.215707	9.004299	18.000000
19.000000	3.000000	15.000000	7.000000	9.000000
6.000000	13.000000	14.000000	2.000000	16.000000
6.000000	9.000000	3.000000	11.000000	5.000000
3.000000	1.000000	7.000000	7.000000	18.000000
5.000000	16.000000	9.000000	7.000000	1.000000
3.000000	10.000000	6.000000	14.000000	2.000000
15.000000	4.000000	16.000000	9.000000	10.000000
4.000000	6.000000	2.000000	9.000000	20.000000
9.000000	15.000000	20.000000	4.000000	5.000000
9.657851	9.519817	9.706869	10.699070	4.000000
15.000000	7.000000	12.000000	15.000000	14.000000
12.000000	9.000000	15.000000	9.000000	14.000000
16.000000	4.000000	18.000000	3.000000	4.000000
19.000000	18.000000	2.000000	13.000000	7.000000
1.000000	1.000000	1.000000	20.000000	4.000000
9.379077	9.480263	9.972426	9.732161	5.000000
10.759226	8.804899	9.673722	9.988402	6.000000
17.000000	12.000000	6.000000	11.000000	20.000000
19.000000	19.000000	3.000000	16.000000	13.000000
7.000000	15.000000	11.000000	8.000000	7.000000
9.000000	20.000000	19.000000	1.000000	11.000000
10.213922	10.754827	10.508945	9.322553	14.000000
2.000000	4.000000	13.000000	5.000000	12.000000
9.131043	8.770226	10.022046	9.896375	3.000000
2.000000	14.000000	13.000000	17.000000	9.000000
6.000000	15.000000	15.000000	8.000000	14.000000
13.000000	16.000000	13.000000	12.000000	16.000000
15.000000	18.000000	4.000000	19.000000	5.000000
9.939267	10.460459	9.629622	9.081015	16.000000
11.000000	12.000000	20.000000	5.000000	18.000000
3.000000	19.000000	11.000000	7.000000	15.000000
8.890676	10.757053	9.318251	9.251871	11.000000
14.000000	11.000000	6.000000	18.000000	14.000000
8.842440	10.079088	9.502938	9.444944	2.000000
7.000000	18.000000	6.000000	6.000000	11.000000
13.000000	17.000000	14.000000	13.000000	1.000000
12.000000	7.000000	11.000000	14.000000	13.000000
17.000000	5.000000	17.000000	17.000000	15.000000
8.290982	8.322729	7.387440	8.260360	7.000000
10.000000	9.000000	10.000000	20.000000	9.000000
4.000000	6.000000	6.000000	9.000000	11.000000
9.000000	13.000000	19.000000	2.000000	5.000000
12.000000	13.000000	11.000000	2.000000	19.000000
9.506653	8.779430	9.698662	9.432549	15.000000
9.000000	18.000000	17.000000	13.000000	14.000000
15.000000	14.000000	15.000000	17.000000	13.000000
3.000000	12.000000	10.000000	1.000000	12.000000
13.000000	9.000000	4.000000	3.000000	10.000000
9.000000	14.000000	15.000000	19.000000	8.000000
10.667308	10.385938	10.315412	9.961660	5.000000
9.836872	9.860572	9.602621	10.206692	12.000000
7.201001	6.657602	7.077204	6.948844	15.000000
10.000000	17.000000	6.000000	12.000000	17.000000
7.846570	8.140656	9.021476	8.498978	18.000000
9.867320	9.513144	8.707236	8.953075	19.000000
9.002648	9.212772	8.334542	8.591022	7.000000
9.000000	3.000000	14.000000	15.000000	7.000000
17.000000	14.000000	13.000000	2.000000	8.000000
7.000000	4.000000	4.000000	12.000000	15.000000
12.000000	8.000000	10.000000	20.000000	19.000000
10.814976	9.895957	9.756264	9.584860	1.000000
17.000000	12.000000	8.000000	20.000000	3.000000
14.000000	8.000000	18.000000	19.000000	2.000000
4.000000	16.000000	16.000000	8.000000	9.000000
15.000000	14.000000	12.000000	10.000000	17.000000
6.000000	1.000000	16.000000	7.000000	12.000000
9.226972	9.375221	8.261851	8.839064	15.000000
9.199248	9.897159	10.386653	9.405359	8.000000
13.000000	13.000000	15.000000	10.000000	12.000000
9.000000	13.000000	19.000000	16.000000	20.000000
7.000000	10.000000	5.000000	19.000000	19.000000
13.000000	16.000000	11.000000	8.000000	3.000000
9.721627	10.012078	9.739758	9.140113	5.000000
14.000000	1.000000	13.000000	4.000000	20.000000
10.021792	9.855058	9.824466	9.673368	6.000000
15.000000	6.000000	11.000000	13.000000	1.000000
9.722351	9.680510	9.031605	9.576445	10.000000
8.000000	11.000000	17.000000	10.000000	19.000000
11.000000	11.000000	12.000000	18.000000	12.000000
16.000000	4.000000	4.000000	20.000000	7.000000
3.000000	11.000000	3.000000	14.000000	9.000000
1.000000	9.000000	14.000000	3.000000	13.000000
7.000000	4.000000	12.000000	8.000000	2.000000
9.123508	8.653900	8.455190	9.331354	17.000000
3.000000	20.000000	8.000000	6.000000	10.000000
11.000000	13.000000	13.000000	14.000000	13.000000
11.000000	16.000000	15.000000	6.000000	1.000000
3.000000	18.000000	1.000000	9.000000	20.000000
14.000000	15.000000	15.000000	17.000000	2.000000
9.000000	10.000000	9.000000	13.000000	11.000000
6.000000	7.000000	2.000000	5.000000	12.000000
11.000000	15.000000	16.000000	15.000000	20.000000
8.000000	6.000000	15.000000	15.000000	3.000000
7.000000	17.000000	20.000000	8.000000	5.000000
19.000000	13.000000	11.000000	5.000000	1.000000
8.211278	9.646690	9.932722	9.478713	17.000000
8.976746	10.184518	9.194375	8.024496	2.000000
8.758256	9.646495	9.602941	9.462894	11.000000
7.000000	1.000000	8.000000	13.000000	15.000000
10.000000	20.000000	12.000000	1.000000	19.000000
8.000000	19.000000	3.000000	19.000000	15.000000
9.679020	10.278687	9.579533	10.366484	15.000000
8.944551	9.815616	9.525295	9.513320	1.000000
18.000000	4.000000	17.000000	6.000000	5.000000
19.000000	4.000000	6.000000	6.000000	17.000000
12.000000	7.000000	8.000000	15.000000	7.000000
18.000000	3.000000	17.000000	20.000000	13.000000
11.000000	2.000000	15.000000	10.000000	18.000000
1.000000	14.000000	6.000000	5.000000	12.000000
6.000000	3.000000	7.000000	14.000000	20.000000
12.000000	12.000000	3.000000	9.000000	9.000000
19.000000	20.000000	7.000000	18.000000	15.000000
5.000000	15.000000	9.000000	13.000000	14.000000
1.000000	4.000000	8.000000	7.000000	5.000000
17.000000	7.000000	18.000000	2.000000	12.000000
8.220214	8.856525	8.328798	9.309958	13.000000
5.000000	11.000000	17.000000	7.000000	11.000000
8.309269	10.718163	9.401819	9.748045	7.000000
16.000000	20.000000	2.000000	16.000000	13.000000
7.000000	16.000000	8.000000	6.000000	14.000000
12.000000	3.000000	1.000000	2.000000	4.000000
4.000000	14.000000	15.000000	9.000000	13.000000
20.000000	13.000000	15.000000	16.000000	11.000000
5.000000	4.000000	20.000000	7.000000	19.000000
7.000000	2.000000	11.000000	8.000000	18.000000
9.015131	9.446722	8.852116	8.794415	12.000000
19.000000	5.000000	14.000000	19.000000	6.000000
9.000000	14.000000	12.000000	4.000000	2.000000
8.917386	8.779507	9.690846	8.799243	10.000000
10.014495	9.272217	9.023756	9.020335	1.000000
9.763897	10.171420	10.495012	10.175839	5.000000
12.000000	12.000000	10.000000	16.000000	5.000000
13.000000	6.000000	9.000000	6.000000	16.000000
7.000000	7.000000	9.000000	18.000000	2.000000
10.000000	13.000000	16.000000	7.000000	3.000000
17.000000	15.000000	18.000000	13.000000	14.000000
18.000000	8.000000	19.000000	20.000000	5.000000
3.000000	3.000000	16.000000	4.000000	19.000000
12.000000	17.000000	16.000000	1.000000	14.000000
10.404741	9.808702	9.788306	9.492996	16.000000
13.000000	2.000000	20.000000	8.000000	8.000000
7.862826	9.277715	9.057121	9.094078	9.000000
7.000000	17.000000	16.000000	5.000000	9.000000
13.000000	19.000000	11.000000	20.000000	15.000000
1.000000	12.000000	11.000000	17.000000	12.000000
7.719310	8.041040	8.418018	9.097046	19.000000
17.000000	8.000000	20.000000	16.000000	8.000000
8.000000	18.000000	3.000000	1.000000	9.000000
11.000000	8.000000	18.000000	19.000000	4.000000
7.934318	7.852222	8.503929	8.453035	10.000000
9.082883	9.118426	9.029524	9.941072	9.000000
10.997015	10.304725	10.884467	11.294282	1.000000
6.000000	13.000000	1.000000	6.000000	1.000000
8.000000	13.000000	18.000000	2.000000	5.000000
19.000000	5.000000	4.000000	16.000000	3.000000
9.029675	10.991514	9.842554	8.667999	20.000000
6.000000	14.000000	20.000000	19.000000	4.000000
8.000000	14.000000	9.000000	15.000000	11.000000
2.000000	1.000000	3.000000	2.000000	6.000000
15.000000	1.000000	10.000000	5.000000	14.000000
14.000000	3.000000	18.000000	10.000000	18.000000
12.000000	9.000000	10.000000	16.000000	2.000000
9.836663	9.179425	9.787892	8.749119	20.000000
10.000000	20.000000	5.000000	10.000000	15.000000
15.000000	11.000000	7.000000	10.000000	4.000000
4.000000	4.000000	16.000000	13.000000	8.000000
10.000000	18.000000	2.000000	19.000000	7.000000
10.044312	10.152322	8.590284	10.022388	6.000000
10.158078	8.052957	9.503423	9.600961	1.000000
18.000000	3.000000	12.000000	3.000000	5.000000
12.208030	10.389862	9.754381	11.094613	18.000000
11.000000	7.000000	14.000000	6.000000	11.000000
13.000000	7.000000	9.000000	15.000000	6.000000
8.356098	8.558002	7.644424	8.630704	5.000000
13.000000	1.000000	5.000000	12.000000	15.000000
17.000000	1.000000	9.000000	8.000000	15.000000
8.690315	9.619133	9.605984	9.574450	9.000000
13.000000	2.000000	8.000000	18.000000	19.000000
18.000000	11.000000	6.000000	18.000000	5.000000
11.000000	5.000000	9.000000	18.000000	18.000000
5.000000	10.000000	18.000000	9.000000	13.000000
9.535315	9.475676	9.930359	9.315847	17.000000
8.953858	8.926181	9.148820	8.057871	8.000000
2.000000	16.000000	1.000000	9.000000	13.000000
20.000000	19.000000	3.000000	5.000000	16.000000
19.000000	7.000000	20.000000	8.000000	4.000000
17.000000	12.000000	5.000000	7.000000	13.000000
8.702868	8.752477	8.579468	9.031211	14.000000
17.000000	18.000000	3.000000	18.000000	1.000000
2.000000	12.000000	16.000000	3.000000	12.000000
10.724387	10.616487	10.835248	10.235749	18.000000
6.000000	1.000000	4.000000	17.000000	8.000000
7.000000	6.000000	12.000000	11.000000	12.000000
16.000000	20.000000	1.000000	16.000000	10.000000
7.000000	13.000000	20.000000	9.000000	2.000000
8.773117	8.031672	9.030717	9.556608	12.000000
17.000000	14.000000	5.000000	6.000000	16.000000
2.000000	3.000000	17.000000	5.000000	12.000000
16.000000	3.000000	17.000000	7.000000	6.000000
10.510510	10.731009	10.267472	9.965223	10.000000
7.000000	18.000000	2.000000	6.000000	6.000000
3.000000	5.000000	8.000000	8.000000	11.000000
19.000000	4.000000	16.000000	16.000000	1.000000
12.000000	17.000000	16.000000	20.000000	14.000000
7.000000	15.000000	16.000000	3.000000	14.000000
7.215404	8.850745	8.164248	7.651143	13.000000
8.000000	16.000000	11.000000	9.000000	1.000000
8.000000	4.000000	17.000000	15.000000	11.000000
19.000000	6.000000	6.000000	14.000000	1.000000
6.000000	17.000000	9.000000	13.000000	8.000000
9.005427	9.283298	10.121036	8.615395	13.000000
8.000000	2.000000	6.000000	6.000000	11.000000
19.000000	14.000000	6.000000	1.000000	2.000000
8.555704	9.246569	9.765994	9.489347	15.000000
9.415353	9.818709	10.117038	9.629737	10.000000
4.000000	2.000000	18.000000	12.000000	14.000000
9.273184	9.144409	9.957067	9.470869	3.000000
17.000000	19.000000	4.000000	3.000000	4.000000
7.000000	13.000000	9.000000	12.000000	5.000000
9.357297	10.428490	10.484030	9.501558	15.000000
8.206281	8.172997	8.269221	9.572942	1.000000
9.747180	9.269776	8.885512	9.997948	8.000000
8.000000	6.000000	1.000000	12.000000	5.000000
10.432307	10.997810	10.252419	10.714098	2.000000
9.738134	10.354721	9.170332	10.072314	8.000000
10.000000	1.000000	9.000000	6.000000	20.000000
15.000000	15.000000	17.000000	17.000000	20.000000
9.426147	9.846782	9.644122	10.336556	17.000000
2.000000	2.000000	2.000000	14.000000	5.000000
9.779126	8.196083	8.830757	9.413807	18.000000
8.857096	8.881195	8.852181	9.971491	2.000000
20.000000	13.000000	2.000000	20.000000	18.000000
1.000000	7.000000	4.000000	9.000000	3.000000
3.000000	10.000000	11.000000	18.000000	4.000000
7.000000	11.000000	17.000000	20.000000	5.000000
13.000000	18.000000	12.000000	16.000000	11.000000
9.000000	13.000000	5.000000	2.000000	16.000000
6.000000	13.000000	8.000000	8.000000	5.000000
5.000000	20.000000	11.000000	20.000000	9.000000
13.000000	15.000000	10.000000	3.000000	12.000000
5.000000	1.000000	14.000000	1.000000	1.000000
18.000000	13.000000	10.000000	2.000000	20.000000
10.722928	9.911936	11.031940	9.851050	3.000000
8.000000	2.000000	16.000000	15.000000	1.000000
12.000000	11.000000	1.000000	2.000000	2.000000
1.000000	14.000000	16.000000	10.000000	9.000000
19.000000	14.000000	1.000000	13.000000	6.000000
13.000000	10.000000	10.000000	15.000000	3.000000
9.000000	6.000000	13.000000	1.000000	2.000000
7.000000	8.000000	16.000000	14.000000	14.000000
16.000000	5.000000	16.000000	8.000000	6.000000
18.000000	20.000000	12.000000	13.000000	9.000000
12.000000	12.000000	14.000000	12.000000	4.000000
11.000000	17.000000	5.000000	20.000000	11.000000
8.000000	1.000000	16.000000	12.000000	1.000000
10.000000	18.000000	1.000000	17.000000	4.000000
6.000000	4.000000	8.000000	2.000000	12.000000
14.000000	19.000000	11.000000	17.000000	11.000000
12.000000	8.000000	14.000000	17.000000	11.000000
9.000000	20.000000	7.000000	14.000000	11.000000
9.000000	13.000000	11.000000	17.000000	4.000000
4.000000	6.000000	13.000000	16.000000	2.000000
9.426060	9.967435	9.965028	9.244847	14.000000
8.000000	1.000000	4.000000	11.000000	17.000000
7.000000	14.000000	16.000000	20.000000	10.000000
6.000000	9.000000	9.000000	5.000000	14.000000
8.493993	8.257972	8.739861	9.287108	1.000000
1.000000	5.000000	6.000000	5.000000	12.000000
9.393473	9.652098	8.118695	9.984438	8.000000
8.215380	9.143391	9.137731	8.652373	13.000000
9.875087	9.973124	10.401303	9.307593	7.000000
8.000000	16.000000	7.000000	8.000000	12.000000
20.000000	19.000000	17.000000	17.000000	13.000000
17.000000	17.000000	9.000000	15.000000	2.000000
8.151646	8.451910	8.348358	8.145674	20.000000
1.000000	2.000000	3.000000	20.000000	3.000000
10.300405	10.145226	10.168306	10.564879	13.000000
9.000000	4.000000	8.000000	15.000000	3.000000
20.000000	15.000000	14.000000	8.000000	11.000000
6.000000	4.000000	20.000000	14.000000	10.000000
13.000000	14.000000	15.000000	18.000000	18.000000
14.000000	10.000000	12.000000	8.000000	9.000000
14.000000	15.000000	11.000000	16.000000	11.000000
15.000000	4.000000	6.000000	2.000000	10.000000
8.000000	13.000000	16.000000	1.000000	20.000000
7.000000	18.000000	16.000000	18.000000	12.000000
5.000000	10.000000	17.000000	19.000000	19.000000
7.000000	5.000000	8.000000	18.000000	12.000000
8.664629	7.822626	8.032353	8.747169	18.000000
9.884743	9.853997	9.890143	9.412489	5.000000
3.000000	5.000000	10.000000	10.000000	5.000000
8.840514	8.682376	7.786220	8.483094	5.000000
6.000000	13.000000	6.000000	2.000000	3.000000
4.000000	8.000000	7.000000	11.000000	17.000000
19.000000	18.000000	20.000000	16.000000	15.000000
9.000000	16.000000	18.000000	14.000000	20.000000
3.000000	16.000000	16.000000	12.000000	17.000000
1.000000	12.000000	13.000000	15.000000	20.000000
9.000000	20.000000	12.000000	15.000000	13.000000
6.000000	18.000000	1.000000	13.000000	1.000000
8.351405	8.413293	8.486076	8.605164	18.000000
5.000000	17.000000	13.000000	14.000000	10.000000
5.000000	8.000000	17.000000	20.000000	19.000000
13.000000	12.000000	3.000000	17.000000	18.000000
14.000000	6.000000	17.000000	17.000000	12.000000
2.000000	2.000000	9.000000	14.000000	14.000000
7.989907	8.842864	8.078284	9.216011	10.000000
9.852474	9.686378	10.032061	10.465943	16.000000
19.000000	14.000000	4.000000	7.000000	6.000000
14.000000	11.000000	9.000000	8.000000	8.000000
10.670650	10.815392	9.758888	10.693084	17.000000
16.000000	8.000000	11.000000	16.000000	1.000000
16.000000	5.000000	3.000000	12.000000	3.000000
12.000000	17.000000	17.000000	1.000000	6.000000
12.000000	19.000000	12.000000	7.000000	17.000000
9.000000	1.000000	7.000000	9.000000	20.000000
6.000000	7.000000	1.000000	10.000000	14.000000
10.064004	10.618666	9.889861	10.970342	5.000000
2.000000	7.000000	9.000000	4.000000	10.000000
3.000000	7.000000	18.000000	11.000000	19.000000
15.000000	2.000000	9.000000	6.000000	1.000000
5.000000	6.000000	1.000000	11.000000	7.000000
20.000000	17.000000	13.000000	12.000000	18.000000
6.000000	13.000000	7.000000	19.000000	3.000000
11.000000	20.000000	1.000000	11.000000	15.000000
10.590015	10.877264	11.439472	11.104558	3.000000
8.716862	8.334405	8.928701	9.942675	19.000000
8.751472	8.823248	10.148839	9.582261	13.000000
3.000000	20.000000	1.000000	7.000000	11.000000
11.000000	13.000000	15.000000	17.000000	11.000000
10.000000	7.000000	2.000000	10.000000	17.000000
16.000000	20.000000	1.000000	8.000000	18.000000
15.000000	18.000000	19.000000	10.000000	16.000000
10.000000	18.000000	18.000000	6.000000	5.000000
2.000000	8.000000	4.000000	3.000000	6.000000
7.000000	13.000000	10.000000	13.000000	1.000000
8.714950	9.382587	9.148845	11.141852	12.000000
15.000000	8.000000	3.000000	15.000000	15.000000
20.000000	9.000000	12.000000	19.000000	10.000000
19.000000	20.000000	7.000000	16.000000	5.000000
4.000000	18.000000	4.000000	7.000000	12.000000
9.000000	5.000000	16.000000	19.000000	18.000000
16.000000	10.000000	19.000000	2.000000	15.000000
10.356058	10.369395	10.280085	10.153767	2.000000
9.000000	4.000000	10.000000	12.000000	14.000000
19.000000	11.000000	13.000000	18.000000	18.000000
9.000000	1.000000	15.000000	12.000000	19.000000
18.000000	12.000000	4.000000	13.000000	2.000000
13.000000	8.000000	12.000000	11.000000	1.000000
10.199286	10.247299	9.838124	11.511454	8.000000
9.000000	11.000000	3.000000	10.000000	3.000000
9.837502	9.978314	9.013485	9.280602	18.000000
14.000000	20.000000	10.000000	1.000000	11.000000
8.000000	18.000000	15.000000	3.000000	3.000000
10.004879	9.319675	9.937865	9.351102	18.000000
3.000000	16.000000	2.000000	2.000000	7.000000
9.678278	9.254149	10.511521	9.986363	4.000000
11.000000	11.000000	4.000000	7.000000	3.000000
13.000000	1.000000	2.000000	2.000000	1.000000
10.054601	9.436151	9.753888	9.697215	4.000000
12.000000	14.000000	11.000000	14.000000	13.000000
8.000000	8.000000	8.000000	9.000000	1.000000
8.537205	8.208110	8.624068	8.286913	4.000000
7.000000	13.000000	15.000000	2.000000	20.000000
9.480108	9.339437	11.213948	10.200438	8.000000
12.000000	14.000000	9.000000	1.000000	12.000000
5.000000	13.000000	18.000000	15.000000	6.000000
10.000000	2.000000	13.000000	9.000000	2.000000
13.000000	15.000000	2.000000	8.000000	17.000000
6.000000	6.000000	1.000000	12.000000	7.000000
10.392498	10.864910	9.383643	9.646231	9.000000
1.000000	2.000000	15.000000	9.000000	3.000000
18.000000	13.000000	7.000000	15.000000	19.000000
12.000000	16.000000	20.000000	16.000000	17.000000
13.000000	20.000000	11.000000	15.000000	19.000000
19.000000	20.000000	4.000000	19.000000	3.000000
11.000000	11.000000	2.000000	3.000000	13.000000
9.715993	9.759638	9.832520	11.062687	12.000000
9.093512	10.226504	9.667962	9.315073	20.000000
15.000000	18.000000	8.000000	6.000000	5.000000
11.121975	9.720834	10.291065	10.846957	13.000000
15.000000	4.000000	4.000000	18.000000	14.000000
6.000000	8.000000	16.000000	19.000000	11.000000
9.000000	12.000000	13.000000	15.000000	20.000000
16.000000	7.000000	5.000000	4.000000	13.000000
16.000000	18.000000	2.000000	3.000000	15.000000
6.000000	18.000000	13.000000	1.000000	3.000000
5.000000	15.000000	6.000000	20.000000	5.000000
8.247146	9.122798	8.733097	9.443314	15.000000
14.000000	15.000000	7.000000	19.000000	1.000000
18.000000	6.000000	7.000000	2.000000	9.000000
10.472456	11.795025	10.479082	11.173606	4.000000
9.941314	9.934932	9.965651	9.805659	10.000000
4.000000	2.000000	16.000000	1.000000	1.000000
12.000000	12.000000	18.000000	16.000000	19.000000
4.000000	9.000000	5.000000	2.000000	19.000000
10.697781	10.733132	11.190925	10.984756	12.000000
13.000000	7.000000	1.000000	11.000000	10.000000
4.000000	3.000000	19.000000	16.000000	19.000000
20.000000	11.000000	20.000000	7.000000	12.000000
8.846548	7.745145	9.365802	9.009074	14.000000
10.774131	10.222897	10.266692	9.600677	7.000000
13.000000	19.000000	17.000000	9.000000	14.000000
9.000000	13.000000	12.000000	1.000000	3.000000
2.000000	16.000000	17.000000	20.000000	11.000000
8.000000	11.000000	2.000000	7.000000	17.000000
10.503130	10.677979	9.898893	10.059654	20.000000
20.000000	16.000000	17.000000	6.000000	17.000000
15.000000	18.000000	15.000000	11.000000	18.000000
8.621453	8.139385	8.850004	8.216907	11.000000
8.396575	9.588865	9.395085	9.324094	4.000000
10.123768	11.221791	10.512052	11.013726	7.000000
9.914721	9.715956	10.322822	10.409026	8.000000
9.000000	8.000000	15.000000	5.000000	13.000000
9.275687	8.818663	10.159678	9.343122	1.000000
19.000000	9.000000	12.000000	1.000000	20.000000
9.357604	10.736994	9.951686	9.918212	9.000000
19.000000	20.000000	9.000000	4.000000	1.000000
8.734719	9.516212	8.762198	9.011797	13.000000
10.585417	9.686780	9.622820	9.712032	19.000000
5.000000	14.000000	9.000000	19.000000	3.000000
10.000000	17.000000	11.000000	13.000000	9.000000
9.899559	9.615193	10.501945	10.476371	9.000000
10.086904	9.612307	9.937213	10.150482	18.000000
12.000000	8.000000	2.000000	1.000000	2.000000
15.000000	18.000000	17.000000	7.000000	1.000000
8.458349	7.523725	8.902411	7.874522	1.000000
8.326581	8.693964	8.887756	9.215403	17.000000
18.000000	3.000000	14.000000	3.000000	7.000000
15.000000	16.000000	13.000000	14.000000	9.000000
10.000000	6.000000	8.000000	12.000000	18.000000
8.454374	9.013512	9.917837	9.001547	4.000000
7.000000	12.000000	6.000000	5.000000	15.000000
19.000000	4.000000	19.000000	8.000000	14.000000
7.000000	5.000000	8.000000	12.000000	19.000000
15.000000	6.000000	6.000000	19.000000	12.000000
14.000000	9.000000	9.000000	13.000000	20.000000
6.000000	14.000000	17.000000	13.000000	2.000000
12.000000	11.000000	13.000000	9.000000	15.000000
19.000000	7.000000	19.000000	9.000000	14.000000
4.000000	15.000000	11.000000	11.000000	7.000000
9.000000	17.000000	4.000000	15.000000	16.000000
7.816033	8.274935	7.651158	9.030256	13.000000
15.000000	1.000000	18.000000	3.000000	13.000000
19.000000	6.000000	3.000000	4.000000	14.000000
18.000000	2.000000	13.000000	8.000000	11.000000
