18.000000	11.000000	17.000000	8.000000	13.000000
3.000000	17.000000	10.000000	7.000000	3.000000
9.211971	9.504228	9.928868	10.387855	8.000000
9.965799	10.974847	11.118829	9.598277	8.000000
12.000000	6.000000	13.000000	14.000000	9.000000
18.000000	3.000000	2.000000	10.000000	10.000000
4.000000	8.000000	12.000000	1.000000	7.000000
10.737560	10.882315	10.290977	10.656850	1.000000
9.422230	9.761027	9.448062	9.149453	5.000000
13.000000	8.000000	10.000000	12.000000	15.000000
10.420467	11.210351	10.978786	10.734079	16.000000
8.000000	10.000000	11.000000	9.000000	12.000000
12.000000	5.000000	11.000000	16.000000	5.000000
17.000000	12.000000	19.000000	12.000000	9.000000
12.000000	20.000000	2.000000	17.000000	2.000000
9.419145	7.887772	8.959778	9.200490	12.000000
4.000000	15.000000	14.000000	15.000000	7.000000
1.000000	2.000000	16.000000	11.000000	2.000000
19.000000	3.000000	6.000000	9.000000	10.000000
10.000000	18.000000	1.000000	1.000000	9.000000
1.000000	12.000000	20.000000	2.000000	20.000000
11.419670	9.754218	9.378267	10.263154	5.000000
11.000000	18.000000	19.000000	4.000000	12.000000
9.083127	8.220533	8.353962	8.630587	7.000000
6.000000	11.000000	1.000000	4.000000	19.000000
10.000000	5.000000	16.000000	10.000000	5.000000
16.000000	2.000000	8.000000	8.000000	3.000000
7.000000	9.000000	13.000000	6.000000	3.000000
8.526886	9.844506	9.915236	8.811138	11.000000
15.000000	11.000000	15.000000	19.000000	2.000000
13.000000	16.000000	12.000000	13.000000	19.000000
3.000000	2.000000	16.000000	10.000000	3.000000
20.000000	6.000000	4.000000	8.000000	5.000000
18.000000	14.000000	5.000000	10.000000	12.000000
7.000000	6.000000	19.000000	10.000000	12.000000
10.000000	4.000000	14.000000	16.000000	14.000000
7.000000	8.000000	9.000000	11.000000	20.000000
11.296196	9.821867	10.120900	9.417176	14.000000
15.000000	6.000000	11.000000	10.000000	5.000000
15.000000	7.000000	19.000000	19.000000	16.000000
2.000000	17.000000	13.000000	20.000000	6.000000
9.145331	8.774209	8.081779	8.363376	16.000000
14.000000	7.000000	15.000000	15.000000	9.000000
14.000000	6.000000	1.000000	18.000000	12.000000
7.000000	12.000000	17.000000	17.000000	1.000000
2.000000	12.000000	19.000000	12.000000	2.000000
6.000000	5.000000	19.000000	10.000000	4.000000
4.000000	5.000000	5.000000	5.000000	17.000000
20.000000	18.000000	16.000000	15.000000	4.000000
4.000000	20.000000	9.000000	17.000000	18.000000
20.000000	3.000000	1.000000	9.000000	11.000000
14.000000	2.000000	2.000000	12.000000	13.000000
8.891191	9.790602	8.578264	9.926308	7.000000
9.852249	8.749826	9.087179	9.650063	13.000000
20.000000	8.000000	3.000000	7.000000	14.000000
6.000000	11.000000	13.000000	15.000000	7.000000
2.000000	6.000000	1.000000	3.000000	14.000000
11.000000	16.000000	15.000000	5.000000	19.000000
7.000000	20.000000	16.000000	15.000000	13.000000
15.000000	7.000000	1.000000	18.000000	14.000000
6.000000	9.000000	1.000000	20.000000	16.000000
14.000000	5.000000	18.000000	19.000000	11.000000
4.000000	20.000000	17.000000	4.000000	14.000000
10.000000	6.000000	1.000000	5.000000	10.000000
20.000000	3.000000	9.000000	7.000000	10.000000
13.000000	1.000000	8.000000	6.000000	10.000000
10.623172	9.644798	9.009928	10.008828	10.000000
18.000000	19.000000	6.000000	15.000000	17.000000
9.630547	10.740731	10.503145	9.932112	5.000000
9.241041	11.168245	8.838327	8.903214	18.000000
20.000000	6.000000	13.000000	20.000000	4.000000
2.000000	13.000000	5.000000	9.000000	18.000000
6.000000	1.000000	20.000000	16.000000	6.000000
1.000000	13.000000	5.000000	6.000000	19.000000
13.000000	2.000000	8.000000	13.000000	6.000000
12.000000	7.000000	20.000000	14.000000	13.000000
17.000000	13.000000	10.000000	9.000000	12.000000
10.440805	9.402143	8.764553	9.298946	10.000000
5.000000	7.000000	3.000000	4.000000	14.000000
8.000000	4.000000	19.000000	4.000000	2.000000
9.277662	10.236447	10.105151	10.161075	1.000000
9.260313	8.844974	9.655372	9.600875	1.000000
11.000000	8.000000	5.000000	12.000000	9.000000
9.000000	17.000000	10.000000	4.000000	17.000000
12.000000	9.000000	15.000000	14.000000	4.000000
9.000000	13.000000	20.000000	7.000000	17.000000
10.091307	11.110779	10.674555	10.073462	19.000000
5.000000	15.000000	19.000000	4.000000	14.000000
19.000000	6.000000	14.000000	4.000000	18.000000
10.026084	9.784927	10.848394	9.653336	7.000000
14.000000	2.000000	7.000000	9.000000	7.000000
3.000000	9.000000	12.000000	2.000000	15.000000
8.000000	2.000000	9.000000	4.000000	16.000000
20.000000	8.000000	11.000000	18.000000	11.000000
11.390951	10.441883	10.447814	11.144975	3.000000
6.000000	2.000000	6.000000	3.000000	13.000000
5.000000	16.000000	6.000000	3.000000	16.000000
5.000000	5.000000	4.000000	16.000000	6.000000
10.000000	15.000000	7.000000	11.000000	18.000000
11.260044	10.260773	10.839603	10.540124	19.000000
8.000000	4.000000	6.000000	16.000000	5.000000
1.000000	13.000000	6.000000	6.000000	7.000000
18.000000	2.000000	14.000000	16.000000	5.000000
10.000000	20.000000	9.000000	5.000000	15.000000
7.000000	7.000000	1.000000	5.000000	17.000000
18.000000	19.000000	6.000000	14.000000	7.000000
8.858082	8.531328	9.776423	9.902141	20.000000
15.000000	13.000000	4.000000	20.000000	19.000000
10.349497	9.655486	10.028901	11.565612	17.000000
10.125608	10.497713	9.578405	9.475109	1.000000
9.610093	9.544726	9.532584	9.819164	19.000000
3.000000	11.000000	10.000000	20.000000	4.000000
16.000000	15.000000	17.000000	18.000000	8.000000
16.000000	12.000000	20.000000	20.000000	4.000000
10.000000	1.000000	5.000000	2.000000	16.000000
13.000000	9.000000	12.000000	8.000000	17.000000
13.000000	1.000000	11.000000	19.000000	14.000000
10.000000	14.000000	4.000000	19.000000	5.000000
7.000000	14.000000	20.000000	15.000000	4.000000
19.000000	3.000000	7.000000	10.000000	14.000000
10.215584	9.800800	10.630359	10.286392	5.000000
2.000000	18.000000	13.000000	13.000000	17.000000
9.190536	8.798655	8.832107	9.027930	16.000000
2.000000	1.000000	1.000000	5.000000	19.000000
5.000000	4.000000	5.000000	16.000000	10.000000
8.000000	14.000000	12.000000	14.000000	16.000000
17.000000	16.000000	7.000000	3.000000	13.000000
3.000000	4.000000	3.000000	7.000000	16.000000
11.000000	8.000000	13.000000	20.000000	20.000000
20.000000	13.000000	20.000000	20.000000	10.000000
10.260594	9.562176	10.442707	9.592219	20.000000
14.000000	14.000000	5.000000	18.000000	19.000000
12.000000	14.000000	6.000000	10.000000	16.000000
9.475739	8.018406	9.593797	9.757485	19.000000
7.000000	3.000000	6.000000	19.000000	14.000000
5.000000	18.000000	7.000000	17.000000	9.000000
16.000000	7.000000	12.000000	12.000000	13.000000
11.608240	8.828790	9.453539	9.520529	2.000000
16.000000	11.000000	8.000000	2.000000	13.000000
3.000000	12.000000	4.000000	14.000000	4.000000
2.000000	20.000000	18.000000	20.000000	10.000000
12.000000	4.000000	19.000000	10.000000	20.000000
8.196974	8.783686	8.617352	9.062877	8.000000
10.000000	13.000000	4.000000	7.000000	4.000000
18.000000	3.000000	6.000000	5.000000	16.000000
18.000000	19.000000	19.000000	2.000000	12.000000
2.000000	15.000000	3.000000	11.000000	14.000000
9.008061	8.163387	8.639215	7.623258	3.000000
1.000000	8.000000	11.000000	19.000000	18.000000
18.000000	20.000000	2.000000	14.000000	7.000000
8.902800	7.845857	8.320427	8.406487	15.000000
8.000000	20.000000	13.000000	6.000000	13.000000
17.000000	19.000000	7.000000	11.000000	1.000000
1.000000	15.000000	15.000000	2.000000	8.000000
9.000000	2.000000	16.000000	20.000000	12.000000
5.000000	9.000000	12.000000	18.000000	2.000000
10.004188	10.770481	10.100266	10.773497	3.000000
18.000000	9.000000	14.000000	3.000000	6.000000
6.000000	19.000000	4.000000	13.000000	1.000000
10.027787	9.780242	10.350294	10.189972	18.000000
9.035490	9.279441	7.834204	9.469057	10.000000
7.414968	7.281147	8.519049	7.948420	3.000000
4.000000	3.000000	16.000000	7.000000	4.000000
10.000000	17.000000	12.000000	4.000000	19.000000
17.000000	1.000000	9.000000	12.000000	5.000000
1.000000	7.000000	1.000000	8.000000	9.000000
18.000000	2.000000	19.000000	17.000000	11.000000
8.988377	11.116486	11.038169	9.663256	12.000000
9.291780	8.646064	8.817179	9.355723	3.000000
17.000000	6.000000	11.000000	8.000000	1.000000
9.471606	8.866922	9.025431	9.207970	19.000000
18.000000	9.000000	17.000000	19.000000	16.000000
17.000000	16.000000	9.000000	15.000000	4.000000
19.000000	6.000000	2.000000	18.000000	7.000000
13.000000	19.000000	2.000000	6.000000	15.000000
4.000000	2.000000	13.000000	14.000000	1.000000
11.488153	9.708311	9.989612	10.791986	14.000000
18.000000	16.000000	15.000000	7.000000	14.000000
2.000000	3.000000	1.000000	11.000000	10.000000
5.000000	1.000000	15.000000	6.000000	19.000000
1.000000	19.000000	17.000000	3.000000	16.000000
4.000000	18.000000	18.000000	16.000000	4.000000
10.000000	20.000000	9.000000	10.000000	18.000000
10.323922	8.856641	9.008345	9.158752	13.000000
18.000000	10.000000	16.000000	18.000000	20.000000
9.807312	11.266996	10.481955	9.949736	20.000000
19.000000	12.000000	18.000000	7.000000	6.000000
10.009008	10.002848	8.995144	9.695545	5.000000
8.599813	10.387427	8.922573	9.471724	13.000000
14.000000	9.000000	11.000000	18.000000	17.000000
4.000000	15.000000	6.000000	11.000000	12.000000
11.128754	9.500891	10.294803	10.475063	17.000000
5.000000	8.000000	20.000000	14.000000	6.000000
9.389095	9.047317	8.573349	8.424196	12.000000
12.000000	17.000000	7.000000	20.000000	15.000000
8.997651	9.122632	8.414835	9.431437	2.000000
3.000000	4.000000	8.000000	1.000000	14.000000
9.503756	10.300882	9.378366	9.059158	7.000000
9.000000	1.000000	6.000000	20.000000	6.000000
11.000000	5.000000	3.000000	18.000000	16.000000
6.000000	2.000000	4.000000	12.000000	13.000000
11.000000	2.000000	18.000000	5.000000	3.000000
19.000000	8.000000	6.000000	7.000000	8.000000
12.000000	18.000000	5.000000	15.000000	6.000000
3.000000	15.000000	18.000000	8.000000	15.000000
3.000000	10.000000	11.000000	17.000000	20.000000
6.000000	3.000000	1.000000	1.000000	6.000000
13.000000	11.000000	20.000000	2.000000	16.000000
8.693966	9.110389	8.792502	9.192297	19.000000
14.000000	10.000000	16.000000	10.000000	17.000000
13.000000	12.000000	11.000000	10.000000	19.000000
5.000000	12.000000	20.000000	15.000000	20.000000
19.000000	12.000000	2.000000	11.000000	5.000000
20.000000	4.000000	15.000000	19.000000	5.000000
2.000000	12.000000	17.000000	8.000000	10.000000
8.590631	9.285123	9.339215	9.405048	10.000000
8.000000	14.000000	1.000000	18.000000	15.000000
11.000000	3.000000	6.000000	11.000000	9.000000
6.000000	1.000000	13.000000	19.000000	12.000000
9.418009	9.753571	9.395924	9.558223	20.000000
3.000000	17.000000	11.000000	20.000000	4.000000
1.000000	6.000000	5.000000	4.000000	20.000000
14.000000	11.000000	5.000000	7.000000	8.000000
20.000000	9.000000	2.000000	17.000000	19.000000
3.000000	14.000000	12.000000	15.000000	5.000000
10.405012	10.925982	9.496153	10.166636	5.000000
6.000000	11.000000	1.000000	16.000000	2.000000
17.000000	8.000000	8.000000	1.000000	11.000000
19.000000	6.000000	13.000000	3.000000	4.000000
9.508650	8.514074	9.178687	9.545443	11.000000
3.000000	8.000000	16.000000	14.000000	14.000000
20.000000	8.000000	16.000000	6.000000	16.000000
13.000000	11.000000	7.000000	5.000000	18.000000
20.000000	1.000000	18.000000	7.000000	13.000000
8.000000	17.000000	11.000000	1.000000	20.000000
14.000000	13.000000	5.000000	18.000000	18.000000
15.000000	13.000000	18.000000	3.000000	18.000000
11.000000	2.000000	6.000000	19.000000	19.000000
9.359756	9.473195	9.586712	8.906307	7.000000
8.946834	9.648134	10.038808	10.056855	17.000000
12.000000	15.000000	14.000000	2.000000	7.000000
9.539749	8.738361	9.214331	8.652748	17.000000
1.000000	16.000000	9.000000	18.000000	18.000000
7.000000	20.000000	11.000000	12.000000	10.000000
10.000000	4.000000	12.000000	10.000000	3.000000
10.697501	11.118415	10.573043	10.239187	7.000000
9.000000	9.000000	14.000000	2.000000	3.000000
20.000000	18.000000	10.000000	11.000000	7.000000
6.000000	3.000000	2.000000	7.000000	12.000000
19.000000	13.000000	11.000000	9.000000	16.000000
13.000000	10.000000	19.000000	4.000000	12.000000
1.000000	14.000000	11.000000	13.000000	11.000000
18.000000	14.000000	12.000000	11.000000	7.000000
14.000000	2.000000	5.000000	15.000000	4.000000
11.000000	12.000000	6.000000	4.000000	18.000000
7.909602	9.365983	8.223290	8.630023	14.000000
9.000000	12.000000	4.000000	8.000000	15.000000
15.000000	20.000000	9.000000	17.000000	5.000000
11.000000	6.000000	18.000000	2.000000	8.000000
4.000000	7.000000	10.000000	8.000000	13.000000
13.000000	10.000000	17.000000	11.000000	5.000000
6.000000	7.000000	10.000000	8.000000	18.000000
4.000000	8.000000	9.000000	19.000000	15.000000
16.000000	5.000000	15.000000	4.000000	1.000000
19.000000	6.000000	7.000000	8.000000	20.000000
14.000000	11.000000	18.000000	15.000000	11.000000
8.149775	9.878492	9.330264	9.929574	10.000000
17.000000	12.000000	16.000000	18.000000	11.000000
9.023159	9.252162	9.019691	8.790779	19.000000
5.000000	9.000000	15.000000	11.000000	4.000000
7.540847	6.779532	7.235532	7.191483	8.000000
9.000000	7.000000	19.000000	18.000000	14.000000
1.000000	8.000000	1.000000	12.000000	6.000000
2.000000	20.000000	10.000000	17.000000	18.000000
20.000000	2.000000	10.000000	10.000000	8.000000
1.000000	15.000000	16.000000	15.000000	5.000000
20.000000	10.000000	6.000000	1.000000	3.000000
13.000000	1.000000	2.000000	3.000000	18.000000
7.931139	8.281050	8.067468	7.789256	7.000000
3.000000	20.000000	18.000000	12.000000	16.000000
15.000000	4.000000	10.000000	5.000000	5.000000
17.000000	5.000000	11.000000	4.000000	11.000000
16.000000	15.000000	1.000000	13.000000	15.000000
15.000000	17.000000	7.000000	8.000000	12.000000
5.000000	14.000000	14.000000	2.000000	12.000000
9.946080	11.888650	10.533147	9.768243	8.000000
8.931189	10.098915	9.238257	8.418922	20.000000
9.642212	9.422942	8.648747	9.519154	11.000000
7.000000	5.000000	6.000000	19.000000	9.000000
12.000000	13.000000	5.000000	19.000000	13.000000
16.000000	3.000000	6.000000	2.000000	16.000000
10.000000	13.000000	11.000000	20.000000	2.000000
10.000000	10.000000	18.000000	4.000000	9.000000
9.000000	11.000000	16.000000	5.000000	20.000000
7.000000	3.000000	4.000000	4.000000	1.000000
4.000000	7.000000	5.000000	8.000000	5.000000
10.472157	9.659997	9.817625	9.284609	9.000000
14.000000	4.000000	1.000000	17.000000	15.000000
15.000000	18.000000	5.000000	4.000000	2.000000
13.000000	12.000000	4.000000	1.000000	8.000000
3.000000	19.000000	10.000000	18.000000	2.000000
10.000000	1.000000	8.000000	15.000000	20.000000
5.000000	3.000000	15.000000	3.000000	17.000000
3.000000	9.000000	12.000000	16.000000	17.000000
7.000000	2.000000	6.000000	3.000000	5.000000
7.000000	15.000000	16.000000	10.000000	7.000000
16.000000	4.000000	5.000000	5.000000	1.000000
18.000000	7.000000	13.000000	18.000000	13.000000
13.000000	2.000000	15.000000	19.000000	16.000000
9.184979	9.805929	10.420592	10.444636	9.000000
12.000000	13.000000	2.000000	18.000000	15.000000
9.121658	7.333786	9.573727	8.317813	18.000000
20.000000	8.000000	1.000000	5.000000	5.000000
14.000000	2.000000	11.000000	6.000000	19.000000
8.887364	10.075455	8.749442	8.588140	9.000000
8.000000	12.000000	2.000000	3.000000	7.000000
2.000000	7.000000	11.000000	3.000000	16.000000
8.995239	10.197650	9.331223	8.670551	12.000000
20.000000	10.000000	20.000000	13.000000	6.000000
4.000000	6.000000	8.000000	14.000000	3.000000
18.000000	8.000000	13.000000	10.000000	4.000000
13.000000	17.000000	16.000000	14.000000	11.000000
14.000000	15.000000	17.000000	16.000000	17.000000
12.000000	5.000000	16.000000	15.000000	15.000000
7.000000	14.000000	17.000000	18.000000	6.000000
2.000000	13.000000	3.000000	9.000000	18.000000
18.000000	7.000000	5.000000	2.000000	8.000000
1.000000	14.000000	4.000000	8.000000	7.000000
14.000000	1.000000	13.000000	3.000000	8.000000
9.453201	9.320411	9.731381	10.067540	20.000000
19.000000	2.000000	6.000000	15.000000	12.000000
11.000000	9.000000	4.000000	6.000000	17.000000
2.000000	3.000000	15.000000	6.000000	4.000000
9.105743	9.444929	9.628531	9.123411	5.000000
15.000000	3.000000	17.000000	7.000000	5.000000
7.970108	8.050830	7.610424	7.831694	2.000000
2.000000	7.000000	15.000000	7.000000	14.000000
6.000000	9.000000	2.000000	10.000000	6.000000
10.000000	3.000000	8.000000	17.000000	20.000000
3.000000	10.000000	18.000000	11.000000	7.000000
2.000000	5.000000	1.000000	19.000000	3.000000
10.614810	10.036989	10.518907	10.591372	11.000000
2.000000	19.000000	9.000000	17.000000	5.000000
2.000000	14.000000	6.000000	15.000000	3.000000
11.000000	5.000000	17.000000	11.000000	1.000000
17.000000	5.000000	10.000000	14.000000	16.000000
8.000000	15.000000	20.000000	8.000000	13.000000
9.010314	9.088064	8.445941	9.212822	10.000000
9.000000	17.000000	8.000000	18.000000	13.000000
5.000000	11.000000	18.000000	2.000000	6.000000
13.000000	4.000000	10.000000	9.000000	6.000000
2.000000	5.000000	11.000000	11.000000	18.000000
9.390330	9.764991	9.846108	9.806406	18.000000
9.574499	10.770479	10.665064	10.536940	6.000000
11.000000	4.000000	2.000000	10.000000	13.000000
9.748381	10.174874	9.078447	8.491118	19.000000
1.000000	7.000000	3.000000	10.000000	16.000000
8.000000	3.000000	20.000000	10.000000	5.000000
10.000000	15.000000	3.000000	14.000000	4.000000
13.000000	2.000000	14.000000	14.000000	17.000000
11.000000	4.000000	1.000000	4.000000	5.000000
9.436106	8.469041	8.712331	9.129959	4.000000
1.000000	8.000000	10.000000	3.000000	9.000000
17.000000	3.000000	11.000000	17.000000	12.000000
16.000000	18.000000	19.000000	10.000000	11.000000
9.096536	7.767849	8.645057	8.315559	15.000000
9.000000	18.000000	10.000000	1.000000	1.000000
15.000000	13.000000	2.000000	17.000000	1.000000
9.724340	8.661711	8.846748	9.004451	12.000000
17.000000	7.000000	6.000000	19.000000	3.000000
9.000000	14.000000	12.000000	7.000000	4.000000
2.000000	8.000000	17.000000	5.000000	7.000000
12.000000	13.000000	4.000000	1.000000	13.000000
16.000000	7.000000	18.000000	9.000000	15.000000
18.000000	17.000000	4.000000	17.000000	7.000000
15.000000	5.000000	13.000000	12.000000	4.000000
8.087420	9.085723	9.030439	9.438599	7.000000
11.648867	11.154221	10.743426	11.036412	3.000000
12.000000	12.000000	8.000000	7.000000	12.000000
10.253325	9.649928	9.447431	9.809753	3.000000
5.000000	18.000000	12.000000	8.000000	15.000000
18.000000	14.000000	11.000000	10.000000	5.000000
14.000000	16.000000	5.000000	3.000000	13.000000
3.000000	6.000000	11.000000	8.000000	14.000000
8.181428	9.001650	8.830157	8.141611	18.000000
1.000000	16.000000	4.000000	11.000000	4.000000
19.000000	15.000000	14.000000	10.000000	15.000000
20.000000	7.000000	20.000000	10.000000	16.000000
5.000000	16.000000	3.000000	1.000000	18.000000
15.000000	3.000000	15.000000	17.000000	10.000000
1.000000	1.000000	13.000000	17.000000	5.000000
3.000000	17.000000	20.000000	6.000000	7.000000
9.736652	10.185053	9.244219	9.728434	13.000000
10.084688	9.176332	9.348267	9.914438	9.000000
9.832706	8.927534	9.663051	9.233521	15.000000
5.000000	14.000000	17.000000	19.000000	10.000000
19.000000	19.000000	3.000000	11.000000	16.000000
19.000000	5.000000	4.000000	10.000000	11.000000
11.000000	4.000000	6.000000	16.000000	16.000000
11.000000	15.000000	14.000000	1.000000	5.000000
14.000000	19.000000	20.000000	9.000000	18.000000
8.347282	8.943208	9.616776	9.876650	4.000000
5.000000	1.000000	2.000000	7.000000	3.000000
9.000000	17.000000	8.000000	13.000000	6.000000
10.000000	15.000000	2.000000	15.000000	10.000000
17.000000	17.000000	16.000000	10.000000	18.000000
8.185924	9.099981	9.210296	8.016904	4.000000
17.000000	13.000000	9.000000	20.000000	15.000000
10.315782	11.983888	11.059292	10.678725	15.000000
11.301182	10.816349	11.475886	11.339601	6.000000
9.967100	9.438050	9.015007	9.681645	4.000000
9.000000	6.000000	20.000000	16.000000	8.000000
9.541326	10.620134	10.983317	9.825663	14.000000
18.000000	5.000000	18.000000	6.000000	16.000000
4.000000	9.000000	12.000000	10.000000	14.000000
7.000000	18.000000	7.000000	18.000000	6.000000
4.000000	6.000000	14.000000	3.000000	16.000000
17.000000	3.000000	13.000000	9.000000	18.000000
12.000000	9.000000	12.000000	14.000000	5.000000
17.000000	4.000000	1.000000	6.000000	1.000000
9.864307	9.866105	10.048598	9.533913	18.000000
9.039640	8.679849	9.047299	8.970919	3.000000
13.000000	4.000000	8.000000	18.000000	18.000000
15.000000	15.000000	20.000000	8.000000	15.000000
9.000000	19.000000	3.000000	12.000000	5.000000
19.000000	1.000000	20.000000	19.000000	6.000000
20.000000	7.000000	15.000000	1.000000	14.000000
10.937179	9.338851	9.296907	9.939957	7.000000
13.000000	11.000000	2.000000	20.000000	9.000000
19.000000	7.000000	15.000000	10.000000	6.000000
1.000000	10.000000	4.000000	3.000000	2.000000
20.000000	14.000000	2.000000	11.000000	4.000000
7.000000	11.000000	10.000000	1.000000	3.000000
9.903326	10.420532	8.779697	9.335287	3.000000
16.000000	5.000000	6.000000	10.000000	17.000000
6.000000	8.000000	3.000000	12.000000	10.000000
8.000000	12.000000	19.000000	3.000000	6.000000
10.582634	11.023836	10.886326	11.319363	5.000000
3.000000	12.000000	7.000000	12.000000	4.000000
2.000000	7.000000	8.000000	11.000000	11.000000
11.000000	18.000000	16.000000	16.000000	7.000000
4.000000	13.000000	7.000000	6.000000	4.000000
8.000000	5.000000	15.000000	6.000000	7.000000
12.000000	10.000000	1.000000	11.000000	2.000000
18.000000	5.000000	5.000000	4.000000	16.000000
9.000000	5.000000	14.000000	16.000000	7.000000
5.000000	18.000000	5.000000	12.000000	5.000000
3.000000	15.000000	17.000000	1.000000	12.000000
20.000000	8.000000	16.000000	6.000000	6.000000
9.225696	9.115711	10.087652	10.681950	20.000000
8.000000	12.000000	4.000000	13.000000	7.000000
11.000000	13.000000	12.000000	5.000000	8.000000
7.949984	7.240922	7.918864	7.517245	12.000000
2.000000	17.000000	18.000000	19.000000	9.000000
9.000000	10.000000	17.000000	4.000000	16.000000
2.000000	17.000000	5.000000	8.000000	11.000000
4.000000	15.000000	14.000000	7.000000	19.000000
13.000000	17.000000	11.000000	16.000000	13.000000
19.000000	5.000000	5.000000	16.000000	19.000000
9.789716	10.896575	10.503939	10.966808	7.000000
15.000000	13.000000	17.000000	3.000000	8.000000
4.000000	16.000000	5.000000	20.000000	3.000000
7.000000	3.000000	18.000000	1.000000	1.000000
8.000000	13.000000	9.000000	19.000000	8.000000
2.000000	9.000000	4.000000	6.000000	4.000000
2.000000	14.000000	4.000000	20.000000	10.000000
11.000000	7.000000	3.000000	19.000000	9.000000
8.851275	9.866332	9.430344	9.548827	13.000000
19.000000	13.000000	7.000000	16.000000	5.000000
7.000000	4.000000	9.000000	15.000000	14.000000
9.557815	9.842291	9.468313	8.589090	6.000000
17.000000	13.000000	11.000000	20.000000	4.000000
9.713231	9.561813	9.543276	9.020269	20.000000
11.000000	4.000000	5.000000	7.000000	9.000000
17.000000	5.000000	13.000000	3.000000	13.000000
17.000000	1.000000	8.000000	5.000000	16.000000
1.000000	12.000000	15.000000	2.000000	3.000000
20.000000	10.000000	7.000000	10.000000	9.000000
10.000000	2.000000	11.000000	12.000000	3.000000
8.711122	8.207681	9.028758	8.414660	20.000000
19.000000	3.000000	16.000000	11.000000	18.000000
8.000000	8.000000	18.000000	7.000000	12.000000
5.000000	7.000000	4.000000	12.000000	20.000000
18.000000	11.000000	9.000000	4.000000	13.000000
10.000000	5.000000	14.000000	20.000000	8.000000
8.000000	1.000000	1.000000	18.000000	19.000000
12.000000	16.000000	14.000000	8.000000	6.000000
8.496848	9.985373	9.201681	9.213758	14.000000
17.000000	17.000000	12.000000	12.000000	8.000000
12.000000	9.000000	10.000000	12.000000	12.000000
2.000000	1.000000	8.000000	7.000000	12.000000
9.704876	10.123106	9.237364	10.291684	4.000000
3.000000	20.000000	19.000000	16.000000	19.000000
4.000000	18.000000	17.000000	9.000000	18.000000
8.327279	7.854498	8.398874	8.231473	16.000000
1.000000	17.000000	16.000000	10.000000	8.000000
19.000000	4.000000	1.000000	6.000000	2.000000
4.000000	1.000000	8.000000	8.000000	1.000000
11.000000	11.000000	20.000000	9.000000	18.000000
18.000000	5.000000	16.000000	14.000000	13.000000
13.000000	16.000000	9.000000	18.000000	1.000000
9.330747	7.767737	8.519180	8.916784	11.000000
16.000000	9.000000	6.000000	8.000000	6.000000
8.000000	12.000000	19.000000	15.000000	19.000000
19.000000	6.000000	1.000000	10.000000	6.000000
19.000000	19.000000	10.000000	14.000000	4.000000
14.000000	18.000000	19.000000	2.000000	7.000000
19.000000	9.000000	16.000000	7.000000	11.000000
18.000000	3.000000	11.000000	4.000000	10.000000
17.000000	11.000000	13.000000	15.000000	5.000000
12.000000	5.000000	2.000000	4.000000	14.000000
8.000000	2.000000	12.000000	9.000000	7.000000
9.755486	11.447282	9.964802	10.305118	16.000000
2.000000	16.000000	17.000000	9.000000	3.000000
7.000000	7.000000	17.000000	18.000000	10.000000
10.240664	11.138550	9.329590	9.741764	20.000000
16.000000	14.000000	16.000000	10.000000	17.000000
9.000000	9.000000	11.000000	12.000000	17.000000
9.760554	8.959111	8.941485	9.045366	3.000000
8.883651	10.432413	9.722591	9.337751	19.000000
13.000000	1.000000	5.000000	1.000000	18.000000
6.000000	18.000000	3.000000	17.000000	20.000000
14.000000	4.000000	13.000000	9.000000	13.000000
2.000000	17.000000	1.000000	12.000000	20.000000
10.000000	12.000000	18.000000	20.000000	8.000000
20.000000	18.000000	18.000000	10.000000	4.000000
16.000000	14.000000	5.000000	12.000000	14.000000
14.000000	9.000000	4.000000	17.000000	17.000000
15.000000	10.000000	20.000000	20.000000	11.000000
5.000000	1.000000	19.000000	5.000000	4.000000
19.000000	6.000000	15.000000	16.000000	6.000000
15.000000	7.000000	15.000000	12.000000	17.000000
19.000000	19.000000	2.000000	15.000000	2.000000
8.000000	8.000000	2.000000	3.000000	16.000000
18.000000	17.000000	18.000000	17.000000	16.000000
11.783156	10.973437	10.562737	10.538700	18.000000
19.000000	16.000000	3.000000	6.000000	3.000000
20.000000	20.000000	10.000000	7.000000	3.000000
18.000000	17.000000	1.000000	19.000000	11.000000
9.326037	10.098367	9.876638	9.009596	8.000000
9.574142	9.286802	9.908219	9.527479	20.000000
12.000000	14.000000	13.000000	20.000000	11.000000
10.000000	18.000000	19.000000	4.000000	15.000000
1.000000	16.000000	14.000000	10.000000	2.000000
16.000000	19.000000	18.000000	8.000000	18.000000
20.000000	1.000000	15.000000	9.000000	15.000000
15.000000	6.000000	18.000000	11.000000	12.000000
18.000000	14.000000	17.000000	10.000000	13.000000
20.000000	11.000000	3.000000	18.000000	6.000000
17.000000	10.000000	1.000000	3.000000	12.000000
14.000000	10.000000	10.000000	3.000000	10.000000
7.000000	2.000000	10.000000	14.000000	11.000000
17.000000	8.000000	8.000000	6.000000	10.000000
9.934909	9.416273	8.852311	9.307242	4.000000
8.000000	7.000000	6.000000	10.000000	16.000000
12.000000	18.000000	6.000000	4.000000	12.000000
9.000000	18.000000	2.000000	18.000000	12.000000
3.000000	17.000000	14.000000	12.000000	10.000000
16.000000	20.000000	9.000000	3.000000	18.000000
10.000000	6.000000	12.000000	4.000000	14.000000
16.000000	11.000000	12.000000	13.000000	12.000000
20.000000	16.000000	10.000000	17.000000	20.000000
1.000000	5.000000	9.000000	14.000000	2.000000
9.452101	9.950450	10.007018	9.340837	20.000000
19.000000	20.000000	11.000000	19.000000	15.000000
8.000000	8.000000	20.000000	20.000000	12.000000
5.000000	7.000000	14.000000	17.000000	19.000000
6.000000	8.000000	15.000000	15.000000	4.000000
6.000000	7.000000	20.000000	14.000000	13.000000
9.848087	9.342625	9.518296	9.993932	10.000000
10.597966	9.530997	9.635434	9.388294	20.000000
15.000000	9.000000	7.000000	15.000000	8.000000
10.000000	19.000000	14.000000	4.000000	7.000000
5.000000	9.000000	14.000000	19.000000	15.000000
9.000000	4.000000	1.000000	8.000000	9.000000
10.679333	9.962312	10.766068	10.190160	3.000000
6.000000	11.000000	15.000000	7.000000	12.000000
10.152283	10.826982	9.050295	9.782995	7.000000
8.000000	2.000000	6.000000	14.000000	5.000000
4.000000	18.000000	13.000000	18.000000	8.000000
19.000000	18.000000	3.000000	20.000000	18.000000
3.000000	4.000000	10.000000	7.000000	8.000000
8.913630	10.274217	9.869003	9.956973	11.000000
2.000000	12.000000	11.000000	14.000000	4.000000
18.000000	14.000000	5.000000	15.000000	19.000000
8.451403	9.938893	9.505824	8.963576	7.000000
15.000000	5.000000	5.000000	9.000000	16.000000
9.092985	9.591192	9.760873	8.964728	9.000000
19.000000	14.000000	13.000000	1.000000	11.000000
15.000000	14.000000	14.000000	6.000000	8.000000
17.000000	15.000000	1.000000	14.000000	9.000000
19.000000	7.000000	18.000000	6.000000	12.000000
8.350297	8.314929	8.145427	8.330912	20.000000
3.000000	14.000000	2.000000	14.000000	16.000000
2.000000	4.000000	1.000000	7.000000	4.000000
3.000000	13.000000	17.000000	17.000000	10.000000
4.000000	5.000000	4.000000	16.000000	10.000000
9.188066	8.965963	10.015779	8.869699	3.000000
8.000000	18.000000	14.000000	15.000000	10.000000
5.000000	18.000000	3.000000	18.000000	11.000000
10.000000	12.000000	14.000000	10.000000	10.000000
17.000000	12.000000	2.000000	5.000000	20.000000
12.000000	9.000000	5.000000	15.000000	16.000000
11.277604	10.469185	9.969685	11.117676	4.000000
10.351246	10.799129	10.203026	10.370541	3.000000
6.424391	5.616312	8.147244	8.175624	4.000000
2.000000	5.000000	7.000000	7.000000	6.000000
8.568639	9.784271	9.620987	9.800158	20.000000
9.636939	8.455657	9.855235	8.607485	15.000000
9.034725	8.960388	9.607266	8.984404	3.000000
20.000000	12.000000	3.000000	4.000000	1.000000
18.000000	17.000000	6.000000	9.000000	12.000000
1.000000	11.000000	8.000000	7.000000	9.000000
5.000000	2.000000	4.000000	13.000000	11.000000
10.854643	9.991601	9.630269	10.612333	9.000000
4.000000	4.000000	11.000000	12.000000	12.000000
5.000000	3.000000	3.000000	8.000000	6.000000
15.000000	5.000000	2.000000	20.000000	13.000000
5.000000	13.000000	15.000000	12.000000	19.000000
4.000000	16.000000	13.000000	7.000000	1.000000
8.002804	9.131846	7.912122	8.163249	10.000000
9.267223	9.425312	9.407022	8.816253	19.000000
8.000000	12.000000	2.000000	10.000000	19.000000
19.000000	16.000000	15.000000	1.000000	8.000000
8.000000	5.000000	20.000000	14.000000	9.000000
10.000000	17.000000	4.000000	2.000000	15.000000
9.502190	9.895648	10.411083	9.766517	8.000000
4.000000	6.000000	15.000000	1.000000	13.000000
9.358566	9.933963	9.352207	9.729563	10.000000
15.000000	5.000000	5.000000	9.000000	17.000000
9.447746	10.357918	9.177454	9.190789	2.000000
9.000000	13.000000	10.000000	5.000000	14.000000
17.000000	20.000000	10.000000	11.000000	12.000000
17.000000	7.000000	17.000000	11.000000	7.000000
1.000000	15.000000	6.000000	17.000000	1.000000
15.000000	11.000000	17.000000	12.000000	19.000000
13.000000	15.000000	19.000000	5.000000	18.000000
8.052794	8.580159	7.385939	7.257669	10.000000
3.000000	17.000000	9.000000	12.000000	8.000000
1.000000	20.000000	6.000000	9.000000	10.000000
4.000000	10.000000	5.000000	9.000000	6.000000
17.000000	16.000000	8.000000	5.000000	7.000000
18.000000	17.000000	1.000000	16.000000	1.000000
18.000000	15.000000	6.000000	19.000000	16.000000
15.000000	14.000000	12.000000	16.000000	17.000000
11.000000	16.000000	17.000000	16.000000	16.000000
6.000000	19.000000	17.000000	2.000000	20.000000
14.000000	10.000000	15.000000	1.000000	14.000000
13.000000	19.000000	2.000000	13.000000	14.000000
9.211647	9.944995	9.465197	10.028347	13.000000
9.137851	9.715974	9.767701	8.845934	10.000000
9.014508	9.330877	8.717566	9.862783	9.000000
12.000000	16.000000	20.000000	1.000000	10.000000
19.000000	14.000000	19.000000	5.000000	15.000000
5.000000	17.000000	13.000000	6.000000	1.000000
10.415590	8.832081	9.883910	8.864408	20.000000
10.162706	11.895256	10.345087	10.021869	8.000000
7.000000	19.000000	9.000000	3.000000	9.000000
9.000000	6.000000	17.000000	8.000000	6.000000
6.000000	18.000000	20.000000	16.000000	14.000000
6.000000	12.000000	10.000000	10.000000	18.000000
3.000000	7.000000	9.000000	9.000000	17.000000
20.000000	8.000000	13.000000	5.000000	13.000000
20.000000	11.000000	3.000000	20.000000	5.000000
12.000000	1.000000	3.000000	20.000000	20.000000
20.000000	17.000000	18.000000	11.000000	12.000000
11.000000	16.000000	4.000000	13.000000	5.000000
13.000000	7.000000	4.000000	1.000000	15.000000
20.000000	1.000000	3.000000	4.000000	17.000000
8.760946	8.316287	9.075928	9.076489	15.000000
16.000000	12.000000	15.000000	10.000000	11.000000
9.144189	9.678824	9.433160	9.917339	12.000000
11.000000	14.000000	8.000000	6.000000	18.000000
4.000000	18.000000	16.000000	7.000000	10.000000
11.000000	18.000000	2.000000	5.000000	2.000000
11.000000	11.000000	17.000000	10.000000	19.000000
11.000000	5.000000	11.000000	6.000000	15.000000
13.000000	12.000000	16.000000	20.000000	15.000000
7.000000	2.000000	20.000000	6.000000	7.000000
8.012768	9.658925	9.511915	9.184625	8.000000
17.000000	15.000000	18.000000	19.000000	19.000000
19.000000	9.000000	9.000000	7.000000	10.000000
9.498919	8.972318	9.129446	9.399359	14.000000
10.537106	9.878694	8.457170	8.615648	5.000000
9.432321	10.656664	9.638738	10.276058	11.000000
12.000000	20.000000	12.000000	19.000000	4.000000
20.000000	16.000000	19.000000	17.000000	14.000000
17.000000	7.000000	14.000000	18.000000	13.000000
15.000000	17.000000	1.000000	20.000000	10.000000
7.000000	12.000000	3.000000	3.000000	10.000000
20.000000	14.000000	15.000000	5.000000	4.000000
6.000000	9.000000	15.000000	17.000000	7.000000
18.000000	8.000000	2.000000	16.000000	16.000000
10.430616	10.595323	10.540426	9.945551	2.000000
6.000000	6.000000	10.000000	19.000000	18.000000
8.356595	9.361996	9.607351	9.004869	19.000000
18.000000	12.000000	12.000000	13.000000	17.000000
7.000000	10.000000	17.000000	1.000000	6.000000
3.000000	19.000000	14.000000	17.000000	6.000000
7.614001	8.274899	8.758906	8.406884	19.000000
3.000000	20.000000	4.000000	12.000000	18.000000
1.000000	10.000000	14.000000	1.000000	3.000000
5.000000	19.000000	6.000000	8.000000	3.000000
9.454460	8.150311	7.993900	7.938252	7.000000
9.320029	8.621716	9.218851	9.517770	1.000000
11.392224	11.354073	11.179622	11.178010	17.000000
13.000000	7.000000	8.000000	9.000000	10.000000
18.000000	1.000000	20.000000	11.000000	14.000000
14.000000	15.000000	12.000000	19.000000	3.000000
9.439844	10.648229	9.852399	10.275572	2.000000
7.000000	5.000000	6.000000	16.000000	19.000000
6.000000	10.000000	13.000000	13.000000	5.000000
1.000000	17.000000	3.000000	20.000000	5.000000
13.000000	17.000000	18.000000	4.000000	8.000000
11.000000	9.000000	14.000000	14.000000	19.000000
8.000000	11.000000	3.000000	8.000000	7.000000
8.562120	9.090048	9.170301	9.483418	2.000000
13.000000	8.000000	3.000000	17.000000	20.000000
19.000000	9.000000	16.000000	2.000000	9.000000
13.000000	6.000000	5.000000	2.000000	1.000000
4.000000	4.000000	1.000000	10.000000	9.000000
9.027992	10.192891	9.259905	9.419555	17.000000
10.271754	8.688574	10.042704	8.731800	19.000000
4.000000	4.000000	6.000000	18.000000	12.000000
10.641867	10.515422	9.454146	10.526633	1.000000
1.000000	9.000000	6.000000	5.000000	10.000000
18.000000	1.000000	13.000000	18.000000	10.000000
9.489138	9.025920	7.375819	8.463780	10.000000
14.000000	7.000000	19.000000	16.000000	5.000000
17.000000	11.000000	20.000000	15.000000	20.000000
8.943152	10.348447	9.400393	9.232274	7.000000
8.000000	4.000000	15.000000	6.000000	8.000000
16.000000	3.000000	20.000000	20.000000	1.000000
1.000000	12.000000	9.000000	19.000000	2.000000
10.000000	4.000000	8.000000	8.000000	20.000000
8.834701	9.516781	9.080797	9.567229	2.000000
8.620698	10.199729	9.330214	8.451973	10.000000
3.000000	8.000000	13.000000	10.000000	13.000000
13.000000	17.000000	8.000000	4.000000	17.000000
20.000000	5.000000	20.000000	8.000000	3.000000
14.000000	9.000000	6.000000	13.000000	8.000000
9.090590	8.898616	8.468116	9.744102	5.000000
17.000000	4.000000	11.000000	13.000000	4.000000
13.000000	7.000000	11.000000	17.000000	8.000000
11.057746	11.809022	10.257716	11.277668	5.000000
13.000000	14.000000	9.000000	4.000000	1.000000
3.000000	17.000000	1.000000	20.000000	10.000000
20.000000	9.000000	18.000000	14.000000	19.000000
2.000000	2.000000	2.000000	5.000000	6.000000
8.248752	8.422943	7.826277	9.391108	5.000000
12.000000	14.000000	6.000000	8.000000	8.000000
2.000000	20.000000	1.000000	10.000000	16.000000
13.000000	4.000000	12.000000	5.000000	3.000000
9.975269	9.496508	9.580060	9.706273	18.000000
1.000000	12.000000	19.000000	2.000000	16.000000
17.000000	18.000000	4.000000	1.000000	17.000000
1.000000	12.000000	10.000000	6.000000	12.000000
10.000000	7.000000	3.000000	10.000000	8.000000
18.000000	15.000000	3.000000	10.000000	19.000000
6.716213	8.240734	7.333136	7.173759	12.000000
12.000000	8.000000	4.000000	10.000000	2.000000
11.000000	18.000000	19.000000	7.000000	18.000000
15.000000	7.000000	2.000000	17.000000	4.000000
13.000000	6.000000	2.000000	15.000000	7.000000
9.868900	10.617131	10.297894	9.299911	14.000000
12.000000	19.000000	15.000000	6.000000	18.000000
7.000000	17.000000	6.000000	2.000000	18.000000
9.695279	10.075379	8.949998	9.299632	10.000000
8.470689	8.593783	9.237207	8.937695	12.000000
11.000000	18.000000	9.000000	4.000000	13.000000
8.464177	9.112181	9.579116	9.164450	18.000000
10.000000	11.000000	17.000000	4.000000	16.000000
14.000000	10.000000	12.000000	11.000000	11.000000
8.675704	9.234883	10.910212	9.669246	10.000000
9.392986	9.824792	8.738847	8.659850	14.000000
9.898634	9.040110	9.395273	8.966817	18.000000
16.000000	10.000000	13.000000	4.000000	9.000000
10.323731	9.758288	10.009662	10.464445	8.000000
8.519313	8.971245	9.350492	9.619017	7.000000
20.000000	10.000000	7.000000	6.000000	5.000000
16.000000	10.000000	5.000000	20.000000	13.000000
8.174334	8.826226	9.458403	8.895978	10.000000
15.000000	1.000000	12.000000	8.000000	4.000000
9.405280	7.600596	8.543325	8.181067	20.000000
9.246020	9.309025	9.533497	8.635546	9.000000
9.000000	4.000000	10.000000	8.000000	9.000000
14.000000	3.000000	10.000000	11.000000	15.000000
2.000000	1.000000	1.000000	20.000000	6.000000
11.000000	6.000000	6.000000	14.000000	13.000000
1.000000	5.000000	14.000000	8.000000	7.000000
13.000000	2.000000	19.000000	8.000000	6.000000
19.000000	8.000000	1.000000	8.000000	15.000000
9.000000	13.000000	10.000000	11.000000	3.000000
4.000000	4.000000	15.000000	4.000000	3.000000
20.000000	6.000000	9.000000	5.000000	19.000000
13.000000	5.000000	4.000000	19.000000	4.000000
10.234003	9.539396	9.757832	10.372150	2.000000
3.000000	18.000000	10.000000	3.000000	5.000000
16.000000	3.000000	10.000000	17.000000	13.000000
12.000000	20.000000	17.000000	7.000000	16.000000
11.000000	18.000000	13.000000	11.000000	3.000000
12.000000	16.000000	19.000000	7.000000	6.000000
15.000000	20.000000	8.000000	20.000000	20.000000
2.000000	2.000000	9.000000	3.000000	16.000000
6.000000	18.000000	18.000000	15.000000	15.000000
3.000000	18.000000	6.000000	11.000000	16.000000
13.000000	13.000000	14.000000	18.000000	4.000000
8.000000	9.000000	11.000000	18.000000	7.000000
16.000000	12.000000	6.000000	15.000000	3.000000
17.000000	16.000000	16.000000	18.000000	18.000000
11.000000	3.000000	8.000000	1.000000	9.000000
14.000000	3.000000	6.000000	11.000000	13.000000
14.000000	16.000000	5.000000	19.000000	13.000000
20.000000	6.000000	13.000000	10.000000	15.000000
11.000000	17.000000	7.000000	8.000000	4.000000
9.000000	5.000000	11.000000	17.000000	14.000000
9.147868	10.031438	8.996397	9.302588	7.000000
16.000000	13.000000	1.000000	13.000000	15.000000
5.000000	18.000000	10.000000	10.000000	16.000000
14.000000	1.000000	13.000000	6.000000	3.000000
9.673268	9.072531	9.619793	8.908476	16.000000
14.000000	14.000000	12.000000	5.000000	10.000000
8.786520	8.485654	8.442469	8.648674	4.000000
10.191401	8.769583	8.900109	8.875048	11.000000
9.726465	10.148064	10.749866	10.829212	13.000000
4.000000	17.000000	14.000000	17.000000	15.000000
16.000000	16.000000	2.000000	6.000000	1.000000
17.000000	20.000000	14.000000	8.000000	16.000000
8.654967	8.241759	7.537498	8.167207	15.000000
15.000000	2.000000	13.000000	2.000000	1.000000
9.868870	11.298855	9.796046	10.768264	18.000000
17.000000	19.000000	15.000000	2.000000	7.000000
1.000000	17.000000	2.000000	2.000000	15.000000
2.000000	11.000000	6.000000	8.000000	18.000000
1.000000	3.000000	2.000000	12.000000	10.000000
8.000000	6.000000	11.000000	1.000000	19.000000
12.000000	8.000000	13.000000	16.000000	11.000000
11.000000	12.000000	1.000000	17.000000	14.000000
8.000000	17.000000	2.000000	9.000000	18.000000
8.000000	11.000000	8.000000	5.000000	18.000000
18.000000	5.000000	12.000000	11.000000	8.000000
1.000000	18.000000	13.000000	3.000000	10.000000
8.740431	8.769151	8.905563	8.836558	1.000000
9.683938	9.091511	10.566854	10.240001	2.000000
10.000000	7.000000	10.000000	3.000000	15.000000
8.605435	8.127833	8.228293	8.499160	7.000000
14.000000	4.000000	12.000000	17.000000	14.000000
19.000000	17.000000	3.000000	4.000000	20.000000
13.000000	18.000000	5.000000	1.000000	13.000000
18.000000	20.000000	10.000000	14.000000	19.000000
3.000000	3.000000	5.000000	12.000000	17.000000
11.000000	11.000000	19.000000	8.000000	17.000000
6.000000	13.000000	20.000000	9.000000	10.000000
5.000000	7.000000	18.000000	7.000000	2.000000
8.285986	7.729423	10.083472	8.535533	12.000000
4.000000	3.000000	11.000000	6.000000	16.000000
1.000000	8.000000	10.000000	5.000000	20.000000
6.000000	7.000000	10.000000	17.000000	14.000000
18.000000	2.000000	19.000000	9.000000	10.000000
8.000000	13.000000	8.000000	17.000000	11.000000
8.228930	9.131986	8.583099	8.035909	11.000000
10.289245	9.547900	9.783426	9.859744	1.000000
12.000000	7.000000	1.000000	1.000000	3.000000
12.000000	18.000000	9.000000	13.000000	14.000000
11.304148	10.894563	11.003449	10.868558	18.000000
16.000000	12.000000	2.000000	4.000000	8.000000
4.000000	17.000000	5.000000	5.000000	9.000000
15.000000	1.000000	16.000000	19.000000	7.000000
9.000000	10.000000	13.000000	9.000000	2.000000
15.000000	12.000000	20.000000	16.000000	4.000000
5.000000	10.000000	13.000000	12.000000	14.000000
9.202485	9.871746	9.425427	9.599141	2.000000
4.000000	18.000000	18.000000	9.000000	15.000000
18.000000	15.000000	15.000000	14.000000	14.000000
14.000000	2.000000	15.000000	6.000000	2.000000
9.000000	13.000000	13.000000	20.000000	8.000000
16.000000	4.000000	17.000000	20.000000	15.000000
2.000000	13.000000	14.000000	18.000000	7.000000
7.000000	1.000000	16.000000	17.000000	1.000000
10.778533	11.544543	11.020553	10.167652	7.000000
9.526047	9.587125	8.741107	8.876115	15.000000
8.392100	9.306166	9.046201	9.490353	14.000000
6.000000	20.000000	10.000000	14.000000	19.000000
16.000000	15.000000	3.000000	1.000000	12.000000
9.000000	8.000000	5.000000	5.000000	4.000000
5.000000	6.000000	9.000000	12.000000	2.000000
8.000000	4.000000	3.000000	7.000000	11.000000
10.000000	20.000000	17.000000	8.000000	4.000000
3.000000	14.000000	4.000000	12.000000	19.000000
14.000000	7.000000	14.000000	9.000000	8.000000
9.920217	8.450401	8.912469	10.258480	13.000000
2.000000	6.000000	11.000000	10.000000	9.000000
4.000000	9.000000	13.000000	7.000000	16.000000
15.000000	8.000000	7.000000	3.000000	15.000000
10.000000	5.000000	20.000000	5.000000	16.000000
19.000000	11.000000	15.000000	4.000000	19.000000
14.000000	8.000000	7.000000	20.000000	1.000000
10.512646	10.337354	10.884300	10.972561	2.000000
6.000000	17.000000	11.000000	10.000000	3.000000
18.000000	4.000000	2.000000	16.000000	7.000000
17.000000	5.000000	3.000000	8.000000	2.000000
11.000000	6.000000	4.000000	5.000000	9.000000
2.000000	10.000000	9.000000	20.000000	9.000000
9.674029	10.805586	11.365517	9.482467	4.000000
14.000000	3.000000	1.000000	16.000000	13.000000
9.153728	9.532650	9.462936	9.048799	20.000000
6.000000	5.000000	17.000000	9.000000	12.000000
10.000000	19.000000	10.000000	13.000000	15.000000
9.528074	9.789192	9.591968	8.792163	13.000000
4.000000	18.000000	16.000000	16.000000	15.000000
9.368367	9.803003	9.292954	9.154481	17.000000
2.000000	6.000000	13.000000	9.000000	14.000000
13.000000	15.000000	18.000000	1.000000	15.000000
9.059299	10.388788	10.034080	9.368392	2.000000
7.000000	20.000000	7.000000	10.000000	9.000000
11.000000	13.000000	19.000000	6.000000	8.000000
7.766702	9.123179	8.394581	8.036510	7.000000
16.000000	15.000000	4.000000	9.000000	16.000000
8.796924	9.267095	9.360641	9.611214	13.000000
16.000000	19.000000	14.000000	8.000000	8.000000
15.000000	6.000000	7.000000	1.000000	15.000000
8.000000	3.000000	19.000000	6.000000	9.000000
18.000000	10.000000	5.000000	17.000000	4.000000
3.000000	13.000000	18.000000	19.000000	13.000000
9.048579	10.696857	10.000251	9.942126	5.000000
9.000000	1.000000	3.000000	2.000000	8.000000
2.000000	8.000000	5.000000	1.000000	20.000000
19.000000	8.000000	2.000000	9.000000	13.000000
2.000000	18.000000	14.000000	6.000000	15.000000
17.000000	1.000000	19.000000	7.000000	11.000000
11.000000	11.000000	17.000000	7.000000	17.000000
9.983859	8.932538	10.330219	10.404179	8.000000
9.999973	10.031186	10.260921	9.313042	17.000000
6.000000	12.000000	16.000000	19.000000	20.000000
10.233931	10.016512	10.384645	10.144245	18.000000
4.000000	2.000000	18.000000	2.000000	8.000000
8.000000	4.000000	18.000000	17.000000	10.000000
14.000000	9.000000	16.000000	3.000000	16.000000
15.000000	19.000000	12.000000	1.000000	11.000000
20.000000	18.000000	2.000000	15.000000	16.000000
14.000000	14.000000	16.000000	3.000000	18.000000
14.000000	18.000000	19.000000	3.000000	19.000000
8.484213	9.873818	9.135287	9.055524	19.000000
15.000000	1.000000	19.000000	2.000000	3.000000
14.000000	8.000000	13.000000	5.000000	8.000000
10.504591	9.595160	10.502495	10.332119	10.000000
9.866768	10.138465	9.517876	8.815563	4.000000
13.000000	5.000000	1.000000	11.000000	19.000000
11.000000	9.000000	1.000000	4.000000	4.000000
11.000000	10.000000	4.000000	10.000000	11.000000
9.994366	10.893165	10.065003	10.107532	20.000000
17.000000	6.000000	15.000000	5.000000	3.000000
17.000000	9.000000	4.000000	11.000000	20.000000
20.000000	15.000000	16.000000	12.000000	18.000000
7.928559	8.369444	8.356798	8.638219	18.000000
9.869626	9.371803	9.768773	9.702266	10.000000
10.000000	14.000000	13.000000	20.000000	5.000000
4.000000	16.000000	10.000000	18.000000	1.000000
4.000000	6.000000	1.000000	20.000000	17.000000
20.000000	11.000000	3.000000	7.000000	2.000000
9.459706	10.542871	10.210799	10.532023	10.000000
6.000000	9.000000	19.000000	5.000000	13.000000
8.000000	14.000000	18.000000	12.000000	13.000000
8.618250	8.387420	8.431910	9.112209	5.000000
9.054100	8.528503	8.548711	9.069638	18.000000
9.624245	9.475455	9.612550	9.449861	10.000000
9.687414	9.899808	10.258862	10.023289	1.000000
11.000000	2.000000	9.000000	1.000000	6.000000
8.828906	9.301788	8.925516	8.957165	4.000000
16.000000	4.000000	10.000000	16.000000	7.000000
9.637866	10.408650	10.315641	9.631126	12.000000
15.000000	13.000000	15.000000	15.000000	5.000000
8.573982	8.957968	9.294520	8.660848	12.000000
10.254302	8.679132	9.967414	10.853194	11.000000
3.000000	2.000000	2.000000	14.000000	12.000000
5.000000	2.000000	15.000000	15.000000	9.000000
10.660400	10.527193	10.049716	9.591333	15.000000
9.549445	9.240200	8.943484	10.219619	19.000000
12.000000	2.000000	14.000000	20.000000	18.000000
18.000000	8.000000	8.000000	3.000000	17.000000
7.433337	8.676938	9.281838	8.597519	11.000000
9.158898	10.443632	9.128353	8.976658	2.000000
20.000000	20.000000	2.000000	8.000000	10.000000
8.000000	20.000000	15.000000	15.000000	18.000000
13.000000	19.000000	19.000000	19.000000	18.000000
8.160715	9.346056	9.018892	7.591074	10.000000
6.000000	6.000000	14.000000	3.000000	9.000000
16.000000	3.000000	4.000000	7.000000	9.000000
18.000000	19.000000	9.000000	11.000000	18.000000
18.000000	18.000000	17.000000	4.000000	5.000000
14.000000	17.000000	3.000000	5.000000	7.000000
12.000000	13.000000	2.000000	1.000000	20.000000
11.000000	6.000000	17.000000	16.000000	20.000000
5.000000	4.000000	2.000000	1.000000	2.000000
3.000000	18.000000	20.000000	3.000000	20.000000
18.000000	12.000000	17.000000	6.000000	16.000000
8.462523	8.943995	9.175579	8.996333	16.000000
10.000000	19.000000	8.000000	3.000000	11.000000
7.000000	5.000000	17.000000	16.000000	12.000000
16.000000	20.000000	15.000000	10.000000	12.000000
