17.000000	4.000000	1.000000	16.000000	6.000000
20.000000	5.000000	17.000000	9.000000	11.000000
9.364317	8.381162	9.478620	8.969091	8.000000
9.173930	9.555999	10.680873	9.526905	10.000000
20.000000	14.000000	14.000000	16.000000	9.000000
6.000000	4.000000	1.000000	12.000000	5.000000
12.000000	8.000000	8.000000	13.000000	16.000000
11.250840	11.521531	11.459645	10.802452	20.000000
9.896684	10.171400	9.635154	10.457671	15.000000
20.000000	11.000000	3.000000	9.000000	6.000000
9.770774	10.715949	10.869903	10.469610	16.000000
8.000000	15.000000	11.000000	8.000000	6.000000
15.000000	12.000000	6.000000	14.000000	4.000000
1.000000	10.000000	7.000000	12.000000	2.000000
7.000000	14.000000	10.000000	11.000000	16.000000
9.378629	7.938983	9.819307	8.475124	10.000000
4.000000	2.000000	17.000000	3.000000	3.000000
4.000000	3.000000	17.000000	14.000000	2.000000
15.000000	20.000000	13.000000	12.000000	13.000000
8.000000	12.000000	2.000000	15.000000	3.000000
16.000000	13.000000	8.000000	5.000000	3.000000
10.164171	10.036997	9.745332	9.471695	19.000000
13.000000	17.000000	13.000000	1.000000	12.000000
8.916195	8.546928	8.803973	8.899014	18.000000
19.000000	10.000000	18.000000	12.000000	1.000000
2.000000	11.000000	4.000000	4.000000	5.000000
18.000000	19.000000	17.000000	6.000000	15.000000
19.000000	1.000000	16.000000	2.000000	6.000000
7.779760	9.252681	9.047994	9.209005	7.000000
5.000000	17.000000	11.000000	2.000000	20.000000
8.000000	1.000000	1.000000	17.000000	4.000000
1.000000	19.000000	14.000000	4.000000	14.000000
19.000000	1.000000	4.000000	7.000000	18.000000
18.000000	18.000000	18.000000	5.000000	11.000000
3.000000	11.000000	17.000000	17.000000	12.000000
3.000000	13.000000	8.000000	5.000000	15.000000
19.000000	12.000000	7.000000	19.000000	1.000000
10.460793	10.006157	10.051873	10.716399	6.000000
4.000000	13.000000	7.000000	7.000000	12.000000
16.000000	16.000000	9.000000	14.000000	1.000000
19.000000	8.000000	3.000000	15.000000	16.000000
8.513825	7.156987	8.754801	8.899219	13.000000
15.000000	20.000000	17.000000	13.000000	11.000000
17.000000	2.000000	1.000000	7.000000	16.000000
19.000000	10.000000	1.000000	17.000000	8.000000
4.000000	12.000000	3.000000	12.000000	5.000000
3.000000	2.000000	5.000000	5.000000	9.000000
20.000000	19.000000	17.000000	20.000000	12.000000
10.000000	6.000000	3.000000	18.000000	18.000000
5.000000	14.000000	11.000000	18.000000	12.000000
19.000000	16.000000	13.000000	11.000000	12.000000
20.000000	14.000000	3.000000	2.000000	5.000000
9.771363	10.877892	9.859887	10.346352	1.000000
9.792686	9.509871	10.525406	9.606369	7.000000
2.000000	4.000000	12.000000	17.000000	1.000000
10.000000	1.000000	6.000000	12.000000	18.000000
17.000000	10.000000	13.000000	9.000000	20.000000
4.000000	8.000000	13.000000	19.000000	1.000000
9.000000	18.000000	5.000000	7.000000	13.000000
18.000000	12.000000	7.000000	8.000000	6.000000
13.000000	2.000000	9.000000	17.000000	18.000000
1.000000	6.000000	18.000000	6.000000	17.000000
8.000000	14.000000	19.000000	20.000000	14.000000
18.000000	16.000000	1.000000	3.000000	14.000000
14.000000	11.000000	11.000000	10.000000	9.000000
3.000000	7.000000	1.000000	1.000000	15.000000
9.188002	8.832327	9.414812	9.581737	2.000000
5.000000	7.000000	19.000000	14.000000	13.000000
9.637967	10.664713	10.237085	9.982257	1.000000
8.394295	10.451043	9.694108	8.436078	17.000000
9.000000	17.000000	19.000000	11.000000	7.000000
8.000000	5.000000	13.000000	20.000000	5.000000
19.000000	17.000000	2.000000	6.000000	3.000000
15.000000	2.000000	2.000000	5.000000	16.000000
14.000000	12.000000	16.000000	11.000000	8.000000
8.000000	14.000000	2.000000	15.000000	18.000000
10.000000	15.000000	14.000000	9.000000	17.000000
9.342508	8.809787	9.164614	8.629378	7.000000
18.000000	3.000000	15.000000	11.000000	9.000000
10.000000	6.000000	2.000000	11.000000	10.000000
8.513865	9.983782	10.631344	9.790274	6.000000
9.043843	8.685168	9.590728	9.516386	11.000000
9.000000	4.000000	17.000000	2.000000	12.000000
14.000000	14.000000	11.000000	14.000000	18.000000
17.000000	3.000000	20.000000	3.000000	14.000000
20.000000	12.000000	11.000000	2.000000	2.000000
10.621778	11.010833	10.670503	10.182551	14.000000
3.000000	5.000000	10.000000	14.000000	6.000000
20.000000	2.000000	1.000000	16.000000	15.000000
10.254795	8.932096	9.616467	10.032001	15.000000
5.000000	10.000000	9.000000	17.000000	13.000000
2.000000	16.000000	4.000000	12.000000	9.000000
18.000000	4.000000	19.000000	14.000000	8.000000
4.000000	8.000000	12.000000	13.000000	13.000000
11.851079	10.771101	10.424219	11.871640	12.000000
1.000000	13.000000	12.000000	8.000000	15.000000
18.000000	13.000000	16.000000	19.000000	9.000000
20.000000	20.000000	16.000000	16.000000	4.000000
5.000000	13.000000	19.000000	15.000000	6.000000
10.570932	10.617210	10.708654	10.929168	15.000000
18.000000	17.000000	18.000000	4.000000	6.000000
1.000000	4.000000	19.000000	5.000000	3.000000
5.000000	2.000000	7.000000	12.000000	20.000000
7.000000	12.000000	12.000000	3.000000	7.000000
7.000000	19.000000	11.000000	5.000000	5.000000
8.000000	2.000000	14.000000	13.000000	10.000000
9.144321	9.981179	8.848939	9.588799	6.000000
12.000000	18.000000	1.000000	2.000000	2.000000
10.745141	10.113665	10.844371	10.499091	17.000000
9.584793	10.352725	9.736859	10.125614	10.000000
9.471628	9.810244	9.473156	8.555380	12.000000
4.000000	8.000000	13.000000	18.000000	12.000000
2.000000	17.000000	14.000000	8.000000	14.000000
11.000000	11.000000	4.000000	11.000000	12.000000
5.000000	6.000000	17.000000	12.000000	7.000000
5.000000	19.000000	14.000000	5.000000	8.000000
4.000000	14.000000	16.000000	15.000000	2.000000
7.000000	19.000000	1.000000	12.000000	8.000000
12.000000	13.000000	4.000000	18.000000	12.000000
18.000000	8.000000	2.000000	1.000000	11.000000
10.303347	10.859292	10.619450	10.109241	1.000000
14.000000	18.000000	11.000000	7.000000	2.000000
9.551245	9.308942	9.468138	9.525402	17.000000
8.000000	4.000000	7.000000	20.000000	15.000000
14.000000	12.000000	7.000000	17.000000	9.000000
19.000000	6.000000	8.000000	12.000000	18.000000
10.000000	5.000000	15.000000	17.000000	17.000000
15.000000	10.000000	14.000000	17.000000	9.000000
7.000000	6.000000	2.000000	14.000000	11.000000
10.000000	13.000000	14.000000	16.000000	13.000000
9.515891	9.679904	9.860838	11.014517	10.000000
4.000000	16.000000	15.000000	3.000000	8.000000
13.000000	13.000000	4.000000	19.000000	9.000000
9.226594	9.402332	8.712686	8.619332	1.000000
11.000000	12.000000	6.000000	12.000000	17.000000
8.000000	14.000000	10.000000	1.000000	1.000000
2.000000	20.000000	2.000000	17.000000	18.000000
9.783455	9.669865	10.006053	9.838072	14.000000
20.000000	9.000000	18.000000	3.000000	7.000000
7.000000	15.000000	11.000000	9.000000	20.000000
3.000000	19.000000	3.000000	9.000000	10.000000
20.000000	16.000000	15.000000	1.000000	9.000000
8.802412	9.181464	8.576571	9.954813	18.000000
17.000000	19.000000	1.000000	10.000000	15.000000
14.000000	1.000000	16.000000	4.000000	16.000000
2.000000	10.000000	10.000000	5.000000	18.000000
1.000000	7.000000	8.000000	15.000000	7.000000
9.085231	9.568029	8.053410	8.879123	6.000000
11.000000	19.000000	7.000000	10.000000	15.000000
16.000000	7.000000	5.000000	8.000000	8.000000
8.760195	8.098906	8.553658	8.496628	17.000000
3.000000	20.000000	18.000000	4.000000	16.000000
15.000000	16.000000	2.000000	14.000000	11.000000
1.000000	2.000000	16.000000	3.000000	13.000000
14.000000	5.000000	3.000000	12.000000	6.000000
17.000000	20.000000	4.000000	13.000000	7.000000
10.555669	10.345842	10.158005	11.312029	9.000000
16.000000	13.000000	8.000000	13.000000	9.000000
3.000000	19.000000	4.000000	17.000000	12.000000
10.148127	10.629625	11.374314	9.920568	11.000000
8.851806	8.355928	9.112294	8.074002	18.000000
7.885558	8.196687	8.120206	6.940384	14.000000
4.000000	2.000000	17.000000	15.000000	12.000000
17.000000	11.000000	17.000000	5.000000	15.000000
5.000000	19.000000	6.000000	8.000000	7.000000
17.000000	14.000000	15.000000	2.000000	7.000000
17.000000	12.000000	13.000000	15.000000	4.000000
9.386514	9.874431	9.444825	9.579487	18.000000
9.751883	9.585200	9.773326	9.843226	16.000000
3.000000	10.000000	18.000000	19.000000	6.000000
8.667240	9.288966	9.163731	8.427688	2.000000
15.000000	6.000000	7.000000	9.000000	8.000000
13.000000	18.000000	11.000000	5.000000	12.000000
14.000000	15.000000	10.000000	17.000000	13.000000
19.000000	14.000000	14.000000	18.000000	18.000000
9.000000	12.000000	7.000000	7.000000	10.000000
11.235291	10.329562	9.632820	10.432360	8.000000
17.000000	6.000000	13.000000	16.000000	14.000000
12.000000	8.000000	11.000000	2.000000	13.000000
15.000000	7.000000	19.000000	4.000000	4.000000
11.000000	3.000000	17.000000	4.000000	12.000000
14.000000	12.000000	15.000000	13.000000	10.000000
4.000000	8.000000	20.000000	19.000000	19.000000
9.323795	9.600486	10.043378	10.586123	2.000000
10.000000	15.000000	2.000000	12.000000	9.000000
10.543977	10.493898	11.377314	10.143233	10.000000
10.000000	2.000000	4.000000	6.000000	17.000000
9.417834	9.722864	9.619265	8.890092	4.000000
10.051427	10.811533	10.357462	10.216072	6.000000
2.000000	20.000000	12.000000	5.000000	3.000000
6.000000	14.000000	9.000000	7.000000	6.000000
10.379189	9.694606	10.056277	9.838750	15.000000
12.000000	13.000000	16.000000	7.000000	11.000000
8.417985	9.295969	8.947505	9.285385	13.000000
17.000000	12.000000	20.000000	19.000000	13.000000
9.753645	9.665413	9.832192	9.807650	17.000000
6.000000	14.000000	10.000000	14.000000	12.000000
7.960226	10.155346	9.182559	9.361281	6.000000
17.000000	1.000000	10.000000	4.000000	20.000000
20.000000	7.000000	12.000000	13.000000	1.000000
17.000000	1.000000	13.000000	16.000000	12.000000
17.000000	13.000000	11.000000	20.000000	1.000000
7.000000	5.000000	6.000000	9.000000	18.000000
17.000000	7.000000	20.000000	11.000000	16.000000
17.000000	19.000000	9.000000	7.000000	2.000000
8.000000	18.000000	20.000000	19.000000	11.000000
20.000000	7.000000	3.000000	4.000000	3.000000
14.000000	12.000000	7.000000	17.000000	3.000000
8.658375	9.070642	8.658232	8.731566	3.000000
17.000000	20.000000	10.000000	8.000000	10.000000
5.000000	5.000000	8.000000	13.000000	3.000000
1.000000	12.000000	20.000000	12.000000	11.000000
2.000000	3.000000	17.000000	5.000000	7.000000
11.000000	18.000000	10.000000	17.000000	14.000000
13.000000	15.000000	9.000000	11.000000	18.000000
8.536224	8.725362	8.679551	9.022321	19.000000
6.000000	9.000000	3.000000	5.000000	1.000000
5.000000	17.000000	13.000000	16.000000	8.000000
15.000000	18.000000	11.000000	3.000000	2.000000
8.364539	10.577579	9.462157	8.243715	14.000000
17.000000	2.000000	1.000000	5.000000	5.000000
18.000000	7.000000	15.000000	15.000000	19.000000
13.000000	12.000000	7.000000	7.000000	17.000000
19.000000	3.000000	5.000000	3.000000	19.000000
13.000000	9.000000	8.000000	15.000000	4.000000
9.668320	10.020333	10.023107	9.537162	12.000000
14.000000	7.000000	6.000000	14.000000	11.000000
2.000000	12.000000	10.000000	16.000000	18.000000
8.000000	1.000000	9.000000	6.000000	7.000000
10.052389	8.775738	8.752975	9.609325	11.000000
20.000000	6.000000	19.000000	7.000000	20.000000
2.000000	7.000000	2.000000	2.000000	17.000000
5.000000	8.000000	4.000000	10.000000	1.000000
6.000000	3.000000	4.000000	15.000000	11.000000
1.000000	14.000000	11.000000	10.000000	19.000000
17.000000	6.000000	7.000000	18.000000	19.000000
17.000000	17.000000	4.000000	15.000000	15.000000
3.000000	9.000000	1.000000	16.000000	10.000000
10.792562	10.138731	10.023433	9.599692	2.000000
9.029368	10.610540	10.543330	9.372280	13.000000
15.000000	14.000000	6.000000	17.000000	15.000000
9.286623	9.281934	9.037363	9.781600	3.000000
11.000000	19.000000	11.000000	6.000000	5.000000
6.000000	9.000000	13.000000	6.000000	16.000000
15.000000	3.000000	16.000000	3.000000	15.000000
10.460403	11.195412	10.728625	9.504600	17.000000
17.000000	12.000000	2.000000	14.000000	8.000000
8.000000	10.000000	12.000000	19.000000	4.000000
14.000000	1.000000	2.000000	5.000000	7.000000
19.000000	10.000000	7.000000	11.000000	7.000000
2.000000	17.000000	10.000000	10.000000	12.000000
16.000000	19.000000	15.000000	20.000000	4.000000
3.000000	16.000000	15.000000	16.000000	2.000000
14.000000	3.000000	11.000000	5.000000	2.000000
15.000000	19.000000	2.000000	8.000000	15.000000
7.964116	8.738801	7.461712	7.117507	9.000000
2.000000	8.000000	17.000000	3.000000	17.000000
8.000000	19.000000	7.000000	3.000000	10.000000
10.000000	17.000000	18.000000	16.000000	13.000000
19.000000	9.000000	15.000000	9.000000	5.000000
16.000000	15.000000	15.000000	10.000000	3.000000
9.000000	9.000000	20.000000	4.000000	15.000000
8.000000	18.000000	14.000000	5.000000	20.000000
2.000000	4.000000	10.000000	8.000000	18.000000
20.000000	17.000000	15.000000	9.000000	4.000000
7.000000	7.000000	4.000000	13.000000	7.000000
9.112309	9.720031	8.362516	8.895407	10.000000
16.000000	11.000000	10.000000	15.000000	7.000000
9.242914	8.271995	8.888456	9.270523	11.000000
15.000000	10.000000	14.000000	5.000000	17.000000
7.172160	8.447133	9.238044	7.788122	4.000000
8.000000	16.000000	10.000000	3.000000	8.000000
16.000000	11.000000	8.000000	9.000000	13.000000
9.000000	16.000000	15.000000	19.000000	3.000000
13.000000	14.000000	17.000000	8.000000	3.000000
7.000000	3.000000	12.000000	12.000000	7.000000
1.000000	3.000000	2.000000	5.000000	12.000000
5.000000	5.000000	7.000000	6.000000	7.000000
8.263739	8.979026	8.112859	7.440193	2.000000
1.000000	15.000000	9.000000	8.000000	5.000000
11.000000	20.000000	10.000000	7.000000	8.000000
12.000000	5.000000	2.000000	16.000000	9.000000
8.000000	8.000000	11.000000	1.000000	12.000000
15.000000	17.000000	8.000000	1.000000	2.000000
15.000000	7.000000	14.000000	3.000000	13.000000
10.533582	10.549083	11.413160	10.745859	11.000000
8.499872	9.599778	9.466485	9.628666	5.000000
7.622260	9.033630	9.698155	8.179834	3.000000
9.000000	9.000000	10.000000	12.000000	1.000000
13.000000	6.000000	17.000000	1.000000	18.000000
18.000000	7.000000	5.000000	4.000000	9.000000
17.000000	10.000000	4.000000	15.000000	17.000000
6.000000	17.000000	15.000000	8.000000	8.000000
11.000000	8.000000	3.000000	3.000000	2.000000
5.000000	12.000000	10.000000	6.000000	15.000000
3.000000	19.000000	12.000000	19.000000	11.000000
10.236945	9.038405	9.932780	9.885637	4.000000
17.000000	1.000000	5.000000	1.000000	7.000000
2.000000	6.000000	3.000000	8.000000	5.000000
11.000000	18.000000	5.000000	5.000000	20.000000
6.000000	2.000000	3.000000	7.000000	7.000000
9.000000	9.000000	5.000000	20.000000	20.000000
7.000000	1.000000	20.000000	3.000000	17.000000
3.000000	20.000000	18.000000	19.000000	12.000000
16.000000	12.000000	17.000000	19.000000	19.000000
14.000000	1.000000	16.000000	18.000000	5.000000
16.000000	3.000000	6.000000	10.000000	1.000000
5.000000	19.000000	10.000000	1.000000	18.000000
1.000000	8.000000	10.000000	20.000000	10.000000
10.484792	9.755466	9.736543	9.684562	4.000000
12.000000	11.000000	16.000000	1.000000	1.000000
9.022377	8.864710	7.469478	8.870297	11.000000
18.000000	17.000000	5.000000	3.000000	18.000000
5.000000	19.000000	16.000000	6.000000	20.000000
8.700676	9.126650	9.195843	8.971899	9.000000
16.000000	13.000000	14.000000	9.000000	8.000000
18.000000	20.000000	11.000000	13.000000	20.000000
8.757091	9.368740	9.167056	9.492434	7.000000
15.000000	1.000000	15.000000	11.000000	15.000000
13.000000	8.000000	14.000000	20.000000	13.000000
13.000000	5.000000	3.000000	19.000000	12.000000
11.000000	6.000000	4.000000	5.000000	6.000000
4.000000	2.000000	6.000000	14.000000	6.000000
17.000000	16.000000	3.000000	10.000000	19.000000
2.000000	16.000000	11.000000	8.000000	7.000000
18.000000	20.000000	6.000000	11.000000	20.000000
10.000000	15.000000	16.000000	12.000000	5.000000
7.000000	3.000000	2.000000	11.000000	7.000000
8.000000	14.000000	20.000000	13.000000	19.000000
9.136371	10.735395	10.432515	8.690907	10.000000
17.000000	20.000000	18.000000	7.000000	8.000000
16.000000	4.000000	7.000000	1.000000	6.000000
18.000000	10.000000	20.000000	14.000000	2.000000
9.908680	8.861187	8.524976	9.512912	2.000000
2.000000	13.000000	7.000000	1.000000	17.000000
9.902769	9.608843	8.184527	9.096752	3.000000
7.000000	7.000000	15.000000	4.000000	5.000000
2.000000	19.000000	9.000000	20.000000	11.000000
14.000000	18.000000	20.000000	6.000000	3.000000
1.000000	9.000000	14.000000	16.000000	6.000000
8.000000	17.000000	10.000000	14.000000	9.000000
10.616293	10.021159	10.680482	10.148509	1.000000
8.000000	1.000000	19.000000	2.000000	16.000000
3.000000	3.000000	6.000000	3.000000	14.000000
16.000000	9.000000	3.000000	15.000000	14.000000
17.000000	8.000000	14.000000	11.000000	3.000000
20.000000	10.000000	12.000000	1.000000	3.000000
9.604135	8.244751	8.860831	9.160069	13.000000
5.000000	4.000000	13.000000	15.000000	5.000000
8.000000	10.000000	19.000000	5.000000	12.000000
4.000000	20.000000	20.000000	7.000000	6.000000
5.000000	3.000000	13.000000	19.000000	5.000000
9.301880	10.453623	10.190627	10.021750	2.000000
10.041059	10.115723	10.110476	9.853900	14.000000
12.000000	10.000000	17.000000	16.000000	4.000000
9.377408	9.564527	9.195278	9.334954	19.000000
17.000000	7.000000	18.000000	8.000000	13.000000
4.000000	13.000000	7.000000	8.000000	3.000000
12.000000	15.000000	4.000000	5.000000	5.000000
5.000000	5.000000	15.000000	5.000000	18.000000
8.000000	8.000000	7.000000	17.000000	4.000000
9.914598	9.047779	9.027760	9.437737	4.000000
17.000000	11.000000	2.000000	6.000000	10.000000
6.000000	9.000000	14.000000	12.000000	9.000000
16.000000	3.000000	3.000000	11.000000	20.000000
8.599412	8.421021	8.667915	8.947181	12.000000
13.000000	1.000000	19.000000	19.000000	9.000000
2.000000	9.000000	18.000000	12.000000	15.000000
9.520203	9.335018	9.675772	9.881163	13.000000
6.000000	19.000000	14.000000	20.000000	2.000000
2.000000	7.000000	17.000000	16.000000	18.000000
16.000000	15.000000	5.000000	11.000000	8.000000
16.000000	4.000000	9.000000	14.000000	2.000000
17.000000	8.000000	2.000000	6.000000	19.000000
8.000000	10.000000	18.000000	4.000000	3.000000
2.000000	2.000000	13.000000	7.000000	13.000000
8.208596	8.711411	8.993209	8.015644	16.000000
9.510571	10.179090	11.224899	10.919119	12.000000
18.000000	19.000000	15.000000	6.000000	5.000000
9.655889	10.180237	9.515957	10.112158	12.000000
2.000000	10.000000	1.000000	11.000000	5.000000
16.000000	12.000000	6.000000	20.000000	19.000000
18.000000	6.000000	18.000000	9.000000	20.000000
13.000000	8.000000	9.000000	3.000000	20.000000
7.766922	8.872355	7.354042	7.562054	17.000000
14.000000	7.000000	2.000000	17.000000	9.000000
5.000000	18.000000	10.000000	6.000000	8.000000
6.000000	13.000000	12.000000	4.000000	12.000000
10.000000	1.000000	10.000000	19.000000	1.000000
9.000000	12.000000	9.000000	10.000000	6.000000
20.000000	10.000000	17.000000	9.000000	8.000000
5.000000	3.000000	15.000000	18.000000	19.000000
10.031683	8.813635	9.148359	9.929220	8.000000
10.645335	9.448713	10.023986	9.683601	4.000000
9.440704	8.982736	9.013127	8.704681	19.000000
17.000000	13.000000	2.000000	17.000000	2.000000
7.000000	16.000000	3.000000	15.000000	5.000000
10.000000	19.000000	19.000000	16.000000	16.000000
17.000000	10.000000	18.000000	17.000000	5.000000
17.000000	5.000000	18.000000	8.000000	3.000000
1.000000	3.000000	15.000000	9.000000	6.000000
8.960052	10.211878	9.514523	8.731116	14.000000
3.000000	12.000000	10.000000	5.000000	18.000000
6.000000	7.000000	16.000000	4.000000	14.000000
3.000000	20.000000	4.000000	13.000000	9.000000
20.000000	1.000000	13.000000	17.000000	9.000000
8.415470	8.245585	8.994305	8.515228	18.000000
8.000000	5.000000	15.000000	18.000000	10.000000
11.315310	10.524684	10.845803	10.280143	17.000000
10.019824	11.431260	11.640389	11.418649	18.000000
9.668056	10.333840	10.189763	10.260349	4.000000
17.000000	15.000000	4.000000	9.000000	3.000000
10.328408	10.504053	10.346208	10.119320	20.000000
2.000000	14.000000	5.000000	8.000000	3.000000
6.000000	16.000000	14.000000	19.000000	17.000000
2.000000	20.000000	11.000000	16.000000	17.000000
20.000000	16.000000	8.000000	9.000000	10.000000
11.000000	17.000000	4.000000	6.000000	18.000000
7.000000	10.000000	5.000000	10.000000	15.000000
4.000000	3.000000	20.000000	20.000000	11.000000
8.841167	10.816279	9.187081	9.050003	16.000000
8.674568	9.096053	8.608512	9.505659	5.000000
3.000000	17.000000	12.000000	10.000000	5.000000
1.000000	12.000000	13.000000	17.000000	10.000000
10.000000	15.000000	19.000000	14.000000	16.000000
13.000000	10.000000	19.000000	13.000000	9.000000
9.000000	6.000000	6.000000	18.000000	13.000000
9.150887	9.358743	9.875484	8.885158	9.000000
6.000000	10.000000	17.000000	17.000000	12.000000
13.000000	9.000000	15.000000	5.000000	5.000000
4.000000	15.000000	19.000000	14.000000	20.000000
15.000000	7.000000	9.000000	13.000000	11.000000
18.000000	13.000000	8.000000	3.000000	10.000000
8.270874	9.694711	9.078785	9.222916	3.000000
14.000000	7.000000	4.000000	10.000000	15.000000
7.000000	14.000000	3.000000	14.000000	18.000000
8.000000	17.000000	4.000000	18.000000	11.000000
10.905935	10.975055	11.217173	10.970002	16.000000
11.000000	1.000000	20.000000	10.000000	16.000000
2.000000	10.000000	11.000000	7.000000	11.000000
5.000000	20.000000	9.000000	20.000000	1.000000
3.000000	7.000000	14.000000	18.000000	20.000000
3.000000	5.000000	8.000000	7.000000	14.000000
10.000000	2.000000	18.000000	10.000000	5.000000
5.000000	12.000000	6.000000	5.000000	2.000000
13.000000	18.000000	11.000000	3.000000	4.000000
14.000000	19.000000	3.000000	14.000000	18.000000
15.000000	17.000000	4.000000	20.000000	6.000000
15.000000	2.000000	2.000000	15.000000	20.000000
10.300064	10.537321	10.283861	10.076655	6.000000
18.000000	17.000000	9.000000	15.000000	13.000000
10.000000	7.000000	10.000000	13.000000	1.000000
8.535830	8.686250	8.852663	9.323005	11.000000
16.000000	1.000000	19.000000	20.000000	20.000000
4.000000	6.000000	13.000000	5.000000	20.000000
5.000000	20.000000	8.000000	17.000000	3.000000
13.000000	6.000000	11.000000	13.000000	20.000000
3.000000	3.000000	18.000000	12.000000	7.000000
18.000000	16.000000	4.000000	16.000000	2.000000
10.787342	9.336942	9.720645	9.551485	3.000000
13.000000	8.000000	8.000000	18.000000	13.000000
20.000000	2.000000	4.000000	7.000000	10.000000
18.000000	11.000000	8.000000	9.000000	3.000000
19.000000	11.000000	17.000000	17.000000	15.000000
3.000000	14.000000	10.000000	18.000000	2.000000
12.000000	4.000000	13.000000	5.000000	8.000000
7.000000	18.000000	15.000000	6.000000	15.000000
8.627748	9.029179	9.430786	10.049867	3.000000
9.000000	20.000000	5.000000	16.000000	8.000000
20.000000	7.000000	10.000000	8.000000	3.000000
10.037341	8.838039	10.052918	9.600941	20.000000
9.000000	5.000000	3.000000	13.000000	1.000000
9.088070	9.496956	8.942958	9.479940	5.000000
4.000000	15.000000	1.000000	3.000000	9.000000
16.000000	12.000000	20.000000	12.000000	19.000000
19.000000	11.000000	5.000000	8.000000	11.000000
19.000000	12.000000	13.000000	19.000000	17.000000
4.000000	7.000000	13.000000	19.000000	12.000000
13.000000	20.000000	10.000000	11.000000	16.000000
8.745108	8.720316	8.722513	9.397898	1.000000
11.000000	14.000000	4.000000	10.000000	5.000000
2.000000	8.000000	8.000000	19.000000	7.000000
18.000000	9.000000	18.000000	2.000000	7.000000
6.000000	17.000000	6.000000	18.000000	15.000000
17.000000	11.000000	15.000000	18.000000	13.000000
2.000000	4.000000	10.000000	4.000000	10.000000
10.000000	14.000000	15.000000	13.000000	15.000000
9.837593	10.379223	10.040308	10.061485	5.000000
1.000000	15.000000	5.000000	10.000000	8.000000
12.000000	16.000000	5.000000	9.000000	13.000000
19.000000	5.000000	15.000000	5.000000	2.000000
8.704072	10.394284	9.959155	8.727453	2.000000
6.000000	18.000000	8.000000	20.000000	11.000000
2.000000	11.000000	17.000000	16.000000	8.000000
9.062689	8.576431	8.631170	9.246599	5.000000
2.000000	20.000000	12.000000	18.000000	8.000000
5.000000	9.000000	12.000000	19.000000	13.000000
6.000000	18.000000	11.000000	2.000000	6.000000
5.000000	8.000000	3.000000	12.000000	19.000000
5.000000	5.000000	9.000000	1.000000	20.000000
9.000000	13.000000	7.000000	3.000000	2.000000
8.383125	8.780493	9.267827	8.391568	14.000000
1.000000	11.000000	2.000000	4.000000	10.000000
6.000000	1.000000	19.000000	9.000000	3.000000
16.000000	13.000000	10.000000	18.000000	4.000000
20.000000	3.000000	8.000000	1.000000	15.000000
20.000000	9.000000	20.000000	18.000000	3.000000
13.000000	1.000000	10.000000	5.000000	8.000000
15.000000	5.000000	18.000000	8.000000	1.000000
19.000000	14.000000	1.000000	17.000000	2.000000
3.000000	4.000000	6.000000	4.000000	2.000000
1.000000	16.000000	16.000000	20.000000	16.000000
9.837201	10.669368	10.053214	11.140454	9.000000
18.000000	5.000000	1.000000	19.000000	10.000000
8.000000	14.000000	6.000000	6.000000	1.000000
8.744570	11.091707	10.162910	9.548057	13.000000
19.000000	1.000000	16.000000	4.000000	17.000000
9.000000	4.000000	12.000000	16.000000	4.000000
9.074295	8.424598	9.199367	8.943214	2.000000
9.041278	10.230303	9.460275	9.220176	1.000000
16.000000	2.000000	14.000000	1.000000	19.000000
7.000000	7.000000	15.000000	12.000000	5.000000
7.000000	11.000000	17.000000	14.000000	14.000000
13.000000	15.000000	10.000000	16.000000	2.000000
5.000000	14.000000	11.000000	10.000000	7.000000
13.000000	4.000000	9.000000	19.000000	18.000000
10.000000	6.000000	11.000000	15.000000	6.000000
10.000000	1.000000	4.000000	4.000000	13.000000
20.000000	2.000000	3.000000	9.000000	7.000000
8.000000	13.000000	1.000000	17.000000	9.000000
15.000000	1.000000	2.000000	17.000000	11.000000
1.000000	9.000000	6.000000	9.000000	19.000000
3.000000	10.000000	16.000000	13.000000	5.000000
2.000000	14.000000	17.000000	17.000000	17.000000
9.000000	17.000000	18.000000	3.000000	17.000000
10.500336	10.947345	11.482122	11.620584	19.000000
17.000000	3.000000	12.000000	11.000000	20.000000
14.000000	11.000000	20.000000	11.000000	11.000000
11.000000	13.000000	13.000000	6.000000	17.000000
11.096936	8.701207	10.425462	9.509021	16.000000
9.044783	8.309831	8.485670	9.817493	20.000000
20.000000	5.000000	2.000000	8.000000	13.000000
13.000000	17.000000	8.000000	16.000000	19.000000
19.000000	1.000000	1.000000	18.000000	11.000000
11.000000	20.000000	15.000000	3.000000	6.000000
3.000000	3.000000	4.000000	5.000000	8.000000
11.000000	4.000000	13.000000	14.000000	4.000000
4.000000	5.000000	20.000000	6.000000	13.000000
12.000000	18.000000	1.000000	11.000000	5.000000
19.000000	9.000000	5.000000	19.000000	7.000000
15.000000	1.000000	18.000000	9.000000	16.000000
3.000000	11.000000	18.000000	19.000000	16.000000
5.000000	1.000000	11.000000	9.000000	15.000000
10.313378	9.579787	9.399794	8.662523	10.000000
3.000000	8.000000	7.000000	15.000000	19.000000
11.000000	13.000000	7.000000	15.000000	11.000000
5.000000	1.000000	4.000000	3.000000	9.000000
19.000000	17.000000	11.000000	16.000000	7.000000
18.000000	13.000000	8.000000	20.000000	1.000000
14.000000	5.000000	5.000000	4.000000	1.000000
14.000000	7.000000	9.000000	12.000000	13.000000
19.000000	2.000000	6.000000	5.000000	8.000000
8.000000	2.000000	20.000000	11.000000	16.000000
9.224154	9.000238	9.170221	9.951137	17.000000
11.000000	20.000000	9.000000	10.000000	12.000000
1.000000	3.000000	8.000000	6.000000	6.000000
9.000000	19.000000	4.000000	9.000000	11.000000
17.000000	7.000000	4.000000	2.000000	3.000000
4.000000	1.000000	4.000000	15.000000	12.000000
10.218741	9.454293	9.085783	9.890461	17.000000
11.793045	9.836378	10.083153	9.333376	6.000000
19.000000	17.000000	8.000000	7.000000	14.000000
5.000000	7.000000	12.000000	9.000000	7.000000
14.000000	5.000000	13.000000	10.000000	18.000000
7.000000	5.000000	10.000000	3.000000	19.000000
11.527124	10.195357	8.722471	9.757544	19.000000
9.000000	12.000000	15.000000	9.000000	8.000000
8.799778	10.399975	9.946301	8.606194	5.000000
9.000000	4.000000	3.000000	12.000000	12.000000
9.000000	18.000000	8.000000	13.000000	7.000000
17.000000	20.000000	11.000000	6.000000	2.000000
9.000000	19.000000	14.000000	14.000000	3.000000
10.258432	10.071588	9.877326	9.716763	2.000000
1.000000	19.000000	1.000000	8.000000	17.000000
5.000000	8.000000	20.000000	20.000000	20.000000
9.041064	10.172243	8.966454	9.939374	13.000000
15.000000	18.000000	12.000000	17.000000	4.000000
8.531466	9.591182	9.504498	8.464030	10.000000
16.000000	2.000000	16.000000	9.000000	1.000000
17.000000	2.000000	19.000000	17.000000	9.000000
7.000000	14.000000	9.000000	19.000000	13.000000
8.000000	1.000000	12.000000	8.000000	3.000000
8.145895	8.478729	8.137161	8.579717	10.000000
15.000000	19.000000	18.000000	8.000000	9.000000
8.000000	3.000000	10.000000	15.000000	4.000000
10.000000	3.000000	5.000000	20.000000	12.000000
5.000000	7.000000	5.000000	13.000000	17.000000
9.545996	8.742867	9.327309	9.267925	19.000000
19.000000	8.000000	12.000000	11.000000	14.000000
1.000000	5.000000	5.000000	19.000000	5.000000
13.000000	18.000000	19.000000	2.000000	12.000000
2.000000	4.000000	6.000000	6.000000	3.000000
17.000000	11.000000	1.000000	1.000000	3.000000
12.095431	10.428946	11.145101	10.844734	13.000000
10.563882	10.396239	9.649743	9.894177	6.000000
7.596938	8.064048	7.297614	7.706171	19.000000
7.000000	13.000000	16.000000	5.000000	15.000000
8.823724	9.207479	8.952117	9.474850	12.000000
9.696058	9.116850	9.782838	9.139994	14.000000
7.474977	8.681516	8.491462	8.497016	18.000000
10.000000	19.000000	14.000000	1.000000	7.000000
19.000000	18.000000	16.000000	1.000000	6.000000
14.000000	7.000000	19.000000	2.000000	4.000000
5.000000	12.000000	10.000000	14.000000	8.000000
10.895055	11.100052	9.655811	9.680174	13.000000
14.000000	15.000000	18.000000	19.000000	9.000000
7.000000	1.000000	19.000000	12.000000	1.000000
6.000000	3.000000	18.000000	13.000000	15.000000
16.000000	18.000000	14.000000	6.000000	11.000000
17.000000	2.000000	3.000000	6.000000	7.000000
8.402292	9.045327	7.693124	8.985629	4.000000
9.712953	9.137454	10.145984	8.925448	6.000000
18.000000	15.000000	6.000000	17.000000	7.000000
6.000000	14.000000	9.000000	16.000000	18.000000
3.000000	11.000000	7.000000	8.000000	16.000000
18.000000	4.000000	17.000000	12.000000	9.000000
8.529657	10.626945	9.554210	8.907684	15.000000
2.000000	8.000000	9.000000	12.000000	4.000000
9.687946	10.428285	10.739440	10.068185	17.000000
17.000000	17.000000	2.000000	17.000000	12.000000
9.599798	9.575132	9.597256	9.665705	19.000000
1.000000	7.000000	2.000000	9.000000	10.000000
11.000000	3.000000	2.000000	9.000000	11.000000
16.000000	10.000000	19.000000	5.000000	13.000000
14.000000	10.000000	2.000000	4.000000	1.000000
10.000000	20.000000	17.000000	12.000000	16.000000
20.000000	2.000000	7.000000	5.000000	11.000000
8.564758	8.533675	8.706735	8.154222	13.000000
18.000000	8.000000	15.000000	12.000000	8.000000
17.000000	7.000000	10.000000	15.000000	3.000000
2.000000	1.000000	13.000000	15.000000	4.000000
5.000000	5.000000	16.000000	1.000000	16.000000
11.000000	12.000000	9.000000	9.000000	16.000000
12.000000	5.000000	12.000000	12.000000	3.000000
4.000000	10.000000	2.000000	10.000000	1.000000
10.000000	18.000000	19.000000	19.000000	5.000000
2.000000	12.000000	5.000000	6.000000	7.000000
8.000000	10.000000	11.000000	3.000000	2.000000
18.000000	6.000000	5.000000	18.000000	14.000000
8.548707	9.210303	9.109108	8.641479	1.000000
8.547731	9.188394	9.448317	8.953757	7.000000
9.836198	10.173770	9.563375	8.717369	13.000000
8.000000	5.000000	5.000000	4.000000	10.000000
3.000000	12.000000	11.000000	13.000000	6.000000
4.000000	2.000000	3.000000	8.000000	19.000000
9.645287	8.821372	8.362858	9.947201	13.000000
10.115814	9.847311	9.685052	9.688061	4.000000
16.000000	6.000000	7.000000	12.000000	9.000000
11.000000	19.000000	14.000000	15.000000	3.000000
15.000000	9.000000	6.000000	18.000000	1.000000
3.000000	1.000000	2.000000	18.000000	1.000000
13.000000	6.000000	11.000000	12.000000	4.000000
4.000000	3.000000	14.000000	13.000000	7.000000
17.000000	1.000000	4.000000	15.000000	12.000000
12.000000	6.000000	2.000000	17.000000	12.000000
16.000000	4.000000	1.000000	13.000000	1.000000
13.000000	16.000000	13.000000	7.000000	5.000000
5.000000	19.000000	10.000000	16.000000	10.000000
5.000000	11.000000	4.000000	18.000000	15.000000
8.962204	9.018407	8.969025	8.927466	13.000000
6.000000	8.000000	10.000000	20.000000	17.000000
9.442655	10.058159	9.605137	9.297018	8.000000
12.000000	18.000000	15.000000	4.000000	4.000000
19.000000	1.000000	2.000000	8.000000	8.000000
3.000000	4.000000	18.000000	18.000000	1.000000
12.000000	19.000000	18.000000	19.000000	3.000000
2.000000	16.000000	2.000000	3.000000	15.000000
18.000000	16.000000	10.000000	17.000000	20.000000
17.000000	20.000000	17.000000	3.000000	16.000000
8.706581	8.986115	9.470026	9.236856	20.000000
3.000000	19.000000	3.000000	12.000000	16.000000
15.000000	15.000000	14.000000	4.000000	13.000000
8.953403	9.323030	9.656055	9.735751	8.000000
9.165347	8.903619	8.699615	9.720551	16.000000
10.592127	9.230740	10.063538	10.726286	14.000000
2.000000	15.000000	14.000000	17.000000	19.000000
13.000000	11.000000	18.000000	15.000000	2.000000
5.000000	9.000000	17.000000	19.000000	5.000000
9.000000	18.000000	10.000000	9.000000	19.000000
9.000000	4.000000	6.000000	12.000000	7.000000
13.000000	18.000000	19.000000	19.000000	8.000000
4.000000	1.000000	14.000000	18.000000	9.000000
13.000000	2.000000	12.000000	2.000000	9.000000
10.126564	10.092576	9.644437	10.140277	16.000000
13.000000	2.000000	14.000000	14.000000	10.000000
8.971407	10.035546	8.761503	9.110437	6.000000
12.000000	13.000000	3.000000	2.000000	4.000000
2.000000	5.000000	16.000000	16.000000	14.000000
4.000000	8.000000	8.000000	15.000000	1.000000
7.358830	7.938244	8.271530	7.451453	20.000000
2.000000	1.000000	13.000000	7.000000	14.000000
15.000000	10.000000	16.000000	19.000000	11.000000
1.000000	2.000000	3.000000	3.000000	3.000000
8.707198	8.087272	7.702831	7.987083	20.000000
9.151895	9.359369	9.521159	8.908564	3.000000
10.996163	11.595284	11.129056	10.540143	7.000000
6.000000	9.000000	7.000000	18.000000	15.000000
20.000000	12.000000	17.000000	8.000000	3.000000
7.000000	8.000000	4.000000	1.000000	3.000000
8.792283	9.988084	10.164721	10.199497	19.000000
10.000000	14.000000	7.000000	20.000000	18.000000
2.000000	18.000000	8.000000	7.000000	5.000000
6.000000	12.000000	14.000000	4.000000	2.000000
20.000000	16.000000	5.000000	16.000000	3.000000
7.000000	14.000000	2.000000	11.000000	15.000000
16.000000	9.000000	13.000000	14.000000	18.000000
9.307955	8.718212	8.781609	9.521243	2.000000
20.000000	15.000000	11.000000	20.000000	1.000000
16.000000	5.000000	5.000000	1.000000	9.000000
6.000000	20.000000	4.000000	2.000000	8.000000
18.000000	9.000000	1.000000	19.000000	11.000000
8.377126	9.713883	10.171188	9.016995	20.000000
8.693591	10.266596	9.225491	8.994141	7.000000
16.000000	14.000000	1.000000	19.000000	13.000000
11.034997	10.645920	10.728238	10.533746	6.000000
9.000000	2.000000	5.000000	4.000000	4.000000
4.000000	13.000000	4.000000	5.000000	12.000000
8.484387	8.849897	7.836386	8.155754	14.000000
9.000000	7.000000	7.000000	3.000000	20.000000
13.000000	11.000000	5.000000	5.000000	9.000000
7.959022	10.144745	10.422218	8.726981	2.000000
19.000000	18.000000	15.000000	15.000000	14.000000
18.000000	19.000000	6.000000	13.000000	15.000000
9.000000	10.000000	17.000000	18.000000	17.000000
10.000000	7.000000	15.000000	8.000000	9.000000
9.216193	8.756037	8.822838	8.826473	16.000000
8.664835	9.328044	8.849076	9.053736	9.000000
14.000000	2.000000	18.000000	20.000000	17.000000
11.000000	10.000000	7.000000	17.000000	2.000000
1.000000	5.000000	12.000000	17.000000	3.000000
8.000000	19.000000	9.000000	15.000000	6.000000
9.594599	9.396719	8.664536	8.951994	11.000000
5.000000	18.000000	2.000000	17.000000	2.000000
10.000000	2.000000	3.000000	8.000000	2.000000
10.228464	10.580101	11.131660	10.507177	6.000000
4.000000	17.000000	3.000000	15.000000	6.000000
5.000000	15.000000	4.000000	5.000000	9.000000
1.000000	5.000000	9.000000	10.000000	4.000000
19.000000	15.000000	2.000000	1.000000	11.000000
7.651602	8.662193	8.763934	8.679663	1.000000
6.000000	8.000000	11.000000	8.000000	16.000000
8.000000	11.000000	5.000000	10.000000	6.000000
10.000000	6.000000	12.000000	5.000000	2.000000
9.909288	9.603302	9.351852	10.469566	15.000000
10.000000	10.000000	1.000000	3.000000	2.000000
3.000000	17.000000	4.000000	7.000000	6.000000
16.000000	12.000000	5.000000	18.000000	19.000000
20.000000	6.000000	2.000000	4.000000	7.000000
7.000000	5.000000	13.000000	18.000000	9.000000
8.222434	8.617928	8.738273	8.121643	8.000000
20.000000	2.000000	9.000000	12.000000	16.000000
11.000000	14.000000	5.000000	6.000000	1.000000
10.000000	1.000000	4.000000	14.000000	19.000000
15.000000	5.000000	16.000000	16.000000	9.000000
9.075949	11.696821	9.988560	9.409005	3.000000
14.000000	20.000000	11.000000	19.000000	11.000000
10.000000	10.000000	4.000000	10.000000	1.000000
9.751987	9.433647	9.131834	9.284515	5.000000
9.012686	9.280683	8.520119	9.790938	10.000000
16.000000	16.000000	14.000000	3.000000	3.000000
9.069943	9.118975	9.806879	9.041373	10.000000
10.000000	4.000000	9.000000	12.000000	2.000000
11.000000	1.000000	3.000000	7.000000	2.000000
9.561255	9.901114	9.721938	10.208151	13.000000
8.259012	9.934302	8.685646	9.521817	7.000000
9.343045	9.205393	9.161516	10.131889	16.000000
16.000000	17.000000	20.000000	3.000000	7.000000
10.105309	9.698681	10.692089	10.003586	3.000000
10.389764	9.688216	9.560286	9.642232	5.000000
16.000000	19.000000	2.000000	9.000000	6.000000
14.000000	7.000000	3.000000	2.000000	13.000000
10.033725	9.841503	9.366586	9.716810	2.000000
2.000000	9.000000	18.000000	13.000000	3.000000
8.756828	9.703224	8.926018	8.320524	9.000000
8.302373	9.441422	8.804572	9.854748	11.000000
4.000000	18.000000	9.000000	18.000000	6.000000
6.000000	11.000000	4.000000	9.000000	5.000000
9.000000	9.000000	3.000000	7.000000	15.000000
16.000000	8.000000	3.000000	13.000000	1.000000
18.000000	8.000000	13.000000	11.000000	12.000000
2.000000	19.000000	18.000000	1.000000	20.000000
20.000000	16.000000	9.000000	8.000000	13.000000
7.000000	6.000000	16.000000	2.000000	6.000000
12.000000	10.000000	6.000000	14.000000	16.000000
20.000000	10.000000	16.000000	3.000000	14.000000
8.000000	20.000000	14.000000	12.000000	2.000000
10.406659	9.874961	10.784500	9.806604	5.000000
12.000000	14.000000	13.000000	12.000000	2.000000
17.000000	18.000000	7.000000	12.000000	20.000000
4.000000	3.000000	1.000000	9.000000	9.000000
9.000000	9.000000	10.000000	16.000000	3.000000
15.000000	15.000000	14.000000	8.000000	6.000000
15.000000	13.000000	11.000000	7.000000	19.000000
15.000000	10.000000	12.000000	19.000000	1.000000
13.000000	16.000000	11.000000	11.000000	19.000000
2.000000	14.000000	14.000000	2.000000	3.000000
14.000000	2.000000	3.000000	3.000000	17.000000
5.000000	9.000000	3.000000	18.000000	17.000000
9.000000	12.000000	1.000000	19.000000	10.000000
19.000000	5.000000	19.000000	10.000000	4.000000
12.000000	15.000000	19.000000	2.000000	17.000000
17.000000	3.000000	3.000000	2.000000	16.000000
5.000000	15.000000	10.000000	19.000000	17.000000
18.000000	3.000000	18.000000	1.000000	20.000000
14.000000	9.000000	3.000000	14.000000	7.000000
5.000000	4.000000	11.000000	3.000000	13.000000
10.289950	9.281837	9.304906	9.926645	7.000000
16.000000	13.000000	1.000000	18.000000	14.000000
9.000000	14.000000	9.000000	18.000000	12.000000
17.000000	15.000000	6.000000	14.000000	7.000000
8.713219	8.354129	9.769746	8.975194	4.000000
13.000000	3.000000	7.000000	16.000000	18.000000
9.700110	9.104350	9.706619	8.840261	17.000000
9.381535	8.928963	8.729077	10.236401	6.000000
9.387075	10.369212	10.226214	10.062490	19.000000
2.000000	11.000000	14.000000	7.000000	16.000000
12.000000	3.000000	7.000000	7.000000	2.000000
10.000000	11.000000	4.000000	9.000000	6.000000
9.347479	7.703564	8.286015	7.831786	1.000000
15.000000	5.000000	10.000000	3.000000	6.000000
9.816846	10.344602	10.001683	10.087792	2.000000
6.000000	7.000000	4.000000	19.000000	6.000000
11.000000	11.000000	8.000000	17.000000	9.000000
9.000000	7.000000	19.000000	5.000000	15.000000
17.000000	17.000000	6.000000	15.000000	20.000000
18.000000	9.000000	16.000000	19.000000	3.000000
2.000000	14.000000	10.000000	9.000000	11.000000
11.000000	14.000000	9.000000	6.000000	5.000000
14.000000	17.000000	7.000000	2.000000	13.000000
7.000000	2.000000	11.000000	17.000000	6.000000
5.000000	13.000000	15.000000	2.000000	7.000000
14.000000	12.000000	15.000000	2.000000	10.000000
8.398615	8.668831	7.695477	8.483066	15.000000
9.481731	10.600837	8.994233	9.158440	7.000000
4.000000	7.000000	15.000000	2.000000	20.000000
7.575849	8.811184	8.580143	8.698009	5.000000
11.000000	14.000000	9.000000	5.000000	8.000000
16.000000	11.000000	19.000000	2.000000	12.000000
8.000000	11.000000	6.000000	3.000000	1.000000
20.000000	19.000000	1.000000	19.000000	12.000000
19.000000	15.000000	11.000000	13.000000	16.000000
2.000000	12.000000	16.000000	15.000000	1.000000
12.000000	6.000000	6.000000	20.000000	2.000000
5.000000	7.000000	12.000000	3.000000	9.000000
8.801582	9.572727	7.642094	8.877074	5.000000
11.000000	19.000000	3.000000	11.000000	10.000000
7.000000	2.000000	16.000000	9.000000	6.000000
3.000000	10.000000	17.000000	18.000000	5.000000
9.000000	1.000000	2.000000	7.000000	13.000000
3.000000	11.000000	19.000000	7.000000	6.000000
8.951652	9.377897	8.372390	7.844447	9.000000
9.504521	10.483784	10.105314	10.777983	2.000000
20.000000	4.000000	15.000000	15.000000	12.000000
20.000000	18.000000	14.000000	9.000000	7.000000
10.526231	11.710319	10.669944	10.528912	15.000000
20.000000	5.000000	6.000000	10.000000	11.000000
11.000000	9.000000	12.000000	10.000000	17.000000
12.000000	13.000000	8.000000	2.000000	10.000000
9.000000	2.000000	6.000000	3.000000	8.000000
9.000000	14.000000	17.000000	14.000000	2.000000
4.000000	3.000000	11.000000	3.000000	5.000000
8.919930	10.259913	9.862721	10.758447	3.000000
4.000000	12.000000	11.000000	15.000000	13.000000
8.000000	18.000000	5.000000	15.000000	20.000000
7.000000	15.000000	13.000000	4.000000	9.000000
12.000000	4.000000	14.000000	9.000000	18.000000
16.000000	12.000000	20.000000	6.000000	14.000000
17.000000	2.000000	7.000000	18.000000	4.000000
1.000000	1.000000	7.000000	12.000000	16.000000
10.924672	11.376184	11.849776	10.845369	5.000000
9.491853	9.242870	9.354257	9.322547	17.000000
9.142052	9.623630	9.199611	10.513529	8.000000
18.000000	11.000000	11.000000	9.000000	16.000000
16.000000	5.000000	18.000000	14.000000	2.000000
1.000000	14.000000	15.000000	7.000000	5.000000
2.000000	18.000000	15.000000	6.000000	2.000000
11.000000	2.000000	15.000000	13.000000	9.000000
12.000000	3.000000	20.000000	4.000000	19.000000
7.000000	1.000000	9.000000	17.000000	1.000000
17.000000	12.000000	18.000000	6.000000	5.000000
9.101652	9.736306	9.816526	9.504758	4.000000
15.000000	6.000000	14.000000	10.000000	12.000000
15.000000	12.000000	13.000000	1.000000	5.000000
13.000000	4.000000	19.000000	13.000000	7.000000
17.000000	11.000000	19.000000	18.000000	8.000000
20.000000	14.000000	11.000000	17.000000	19.000000
8.000000	7.000000	16.000000	18.000000	12.000000
10.162131	11.092980	10.478292	10.929945	13.000000
20.000000	10.000000	17.000000	12.000000	3.000000
1.000000	5.000000	6.000000	19.000000	9.000000
13.000000	8.000000	19.000000	11.000000	5.000000
18.000000	2.000000	10.000000	9.000000	18.000000
8.000000	8.000000	17.000000	15.000000	17.000000
10.484755	10.164208	11.433264	10.773468	1.000000
5.000000	16.000000	2.000000	1.000000	19.000000
9.104730	9.239787	9.229727	8.650268	11.000000
3.000000	2.000000	10.000000	2.000000	4.000000
14.000000	19.000000	6.000000	3.000000	19.000000
9.100486	9.579092	10.230137	9.859339	16.000000
14.000000	10.000000	13.000000	6.000000	18.000000
9.584371	9.974539	10.231725	9.512324	2.000000
3.000000	10.000000	2.000000	18.000000	19.000000
4.000000	12.000000	12.000000	14.000000	5.000000
10.225631	10.146750	9.968890	9.661378	14.000000
6.000000	15.000000	15.000000	4.000000	17.000000
3.000000	9.000000	19.000000	7.000000	14.000000
8.422984	8.783321	10.158559	7.662910	16.000000
16.000000	14.000000	5.000000	9.000000	3.000000
9.057985	10.452180	9.474082	9.504088	10.000000
19.000000	9.000000	8.000000	14.000000	20.000000
13.000000	20.000000	14.000000	20.000000	15.000000
3.000000	2.000000	15.000000	1.000000	20.000000
1.000000	16.000000	10.000000	15.000000	7.000000
5.000000	3.000000	20.000000	10.000000	3.000000
9.369315	10.813151	10.135091	9.519005	18.000000
16.000000	19.000000	18.000000	4.000000	13.000000
17.000000	8.000000	4.000000	3.000000	7.000000
10.000000	5.000000	20.000000	4.000000	5.000000
19.000000	4.000000	12.000000	8.000000	19.000000
10.000000	13.000000	13.000000	9.000000	14.000000
15.000000	3.000000	17.000000	2.000000	3.000000
9.769221	10.271679	9.490438	10.249647	12.000000
9.010978	9.663478	9.634963	9.014457	14.000000
18.000000	18.000000	10.000000	18.000000	1.000000
10.327202	9.455830	10.826194	10.031658	4.000000
15.000000	6.000000	8.000000	19.000000	6.000000
13.000000	13.000000	1.000000	9.000000	6.000000
15.000000	7.000000	3.000000	16.000000	9.000000
6.000000	1.000000	20.000000	17.000000	1.000000
5.000000	7.000000	18.000000	14.000000	4.000000
11.000000	19.000000	11.000000	7.000000	15.000000
14.000000	13.000000	12.000000	13.000000	11.000000
8.750319	10.017081	9.171201	8.861506	18.000000
1.000000	16.000000	4.000000	15.000000	12.000000
12.000000	12.000000	4.000000	4.000000	1.000000
11.268247	9.984511	10.259531	9.808671	2.000000
10.117263	8.776135	10.615829	8.662290	2.000000
7.000000	6.000000	14.000000	10.000000	10.000000
16.000000	19.000000	7.000000	11.000000	20.000000
4.000000	11.000000	16.000000	7.000000	5.000000
10.022040	10.824028	10.466382	11.145434	13.000000
16.000000	6.000000	1.000000	14.000000	20.000000
14.000000	3.000000	15.000000	13.000000	15.000000
17.000000	11.000000	12.000000	10.000000	1.000000
9.267365	8.240002	9.712544	9.247694	8.000000
9.971993	9.731556	11.619694	9.901502	12.000000
14.000000	16.000000	14.000000	1.000000	9.000000
6.000000	9.000000	7.000000	18.000000	2.000000
6.000000	3.000000	17.000000	12.000000	8.000000
11.000000	8.000000	18.000000	14.000000	10.000000
9.625933	9.940684	10.895733	10.427875	9.000000
14.000000	11.000000	14.000000	3.000000	8.000000
6.000000	16.000000	15.000000	11.000000	16.000000
8.187571	8.085543	8.408333	9.496328	6.000000
9.054485	10.254380	9.444215	8.973624	18.000000
9.630229	10.157154	9.818392	10.287451	9.000000
9.338326	9.814425	9.892482	10.922776	14.000000
14.000000	5.000000	4.000000	20.000000	7.000000
8.864275	9.298788	9.769002	9.156780	7.000000
10.000000	20.000000	14.000000	5.000000	20.000000
8.976644	9.912874	10.259837	9.362525	15.000000
7.000000	17.000000	10.000000	15.000000	1.000000
9.349712	8.155866	8.808432	9.018694	12.000000
10.160475	10.353585	9.693013	10.495209	12.000000
15.000000	6.000000	8.000000	9.000000	3.000000
14.000000	10.000000	14.000000	20.000000	6.000000
11.299556	10.112808	9.075898	10.148367	20.000000
10.446401	9.496773	9.847844	10.719881	7.000000
1.000000	17.000000	7.000000	7.000000	4.000000
10.000000	7.000000	9.000000	18.000000	2.000000
7.804950	8.051902	8.298231	7.855479	5.000000
8.658698	8.319864	9.386847	9.588441	16.000000
11.000000	7.000000	6.000000	18.000000	20.000000
17.000000	4.000000	12.000000	5.000000	19.000000
10.000000	18.000000	7.000000	16.000000	4.000000
8.764133	8.930949	8.645291	9.415362	7.000000
3.000000	2.000000	11.000000	2.000000	13.000000
7.000000	10.000000	18.000000	12.000000	4.000000
5.000000	2.000000	2.000000	10.000000	12.000000
13.000000	19.000000	7.000000	16.000000	15.000000
5.000000	5.000000	12.000000	11.000000	12.000000
16.000000	13.000000	9.000000	9.000000	15.000000
15.000000	12.000000	17.000000	17.000000	5.000000
9.000000	3.000000	14.000000	18.000000	14.000000
9.000000	3.000000	7.000000	10.000000	4.000000
10.000000	15.000000	2.000000	16.000000	10.000000
8.019873	8.890125	7.421811	8.115369	15.000000
18.000000	15.000000	19.000000	6.000000	4.000000
14.000000	12.000000	7.000000	10.000000	8.000000
11.000000	10.000000	2.000000	16.000000	20.000000
