7.000000	5.000000	14.000000	6.000000	6.000000
9.000000	15.000000	20.000000	3.000000	11.000000
9.951410	9.188585	9.382035	9.392655	10.000000
9.515496	10.424641	10.253168	7.975116	11.000000
12.000000	20.000000	14.000000	10.000000	1.000000
14.000000	20.000000	10.000000	15.000000	7.000000
1.000000	2.000000	3.000000	6.000000	7.000000
10.149104	9.985556	11.110858	11.024509	9.000000
9.000588	9.092669	9.376206	9.953682	20.000000
20.000000	12.000000	5.000000	16.000000	18.000000
10.067057	11.030152	10.259337	10.734414	8.000000
17.000000	13.000000	19.000000	19.000000	20.000000
6.000000	11.000000	13.000000	20.000000	9.000000
11.000000	20.000000	15.000000	3.000000	20.000000
3.000000	6.000000	12.000000	13.000000	2.000000
9.027156	7.754834	8.177597	9.120261	20.000000
15.000000	14.000000	18.000000	3.000000	13.000000
18.000000	12.000000	18.000000	16.000000	2.000000
17.000000	1.000000	4.000000	9.000000	13.000000
12.000000	19.000000	12.000000	6.000000	13.000000
3.000000	20.000000	18.000000	7.000000	4.000000
9.510018	9.162288	9.316496	9.743286	17.000000
19.000000	14.000000	10.000000	16.000000	16.000000
8.004883	9.216709	8.913353	9.125126	1.000000
20.000000	11.000000	13.000000	16.000000	11.000000
5.000000	7.000000	9.000000	17.000000	5.000000
2.000000	19.000000	4.000000	11.000000	17.000000
20.000000	14.000000	6.000000	7.000000	1.000000
7.972686	8.612939	8.456925	8.302817	12.000000
1.000000	9.000000	17.000000	12.000000	11.000000
17.000000	3.000000	2.000000	9.000000	18.000000
12.000000	6.000000	5.000000	13.000000	2.000000
1.000000	6.000000	12.000000	4.000000	8.000000
9.000000	15.000000	1.000000	6.000000	1.000000
13.000000	8.000000	5.000000	18.000000	2.000000
9.000000	11.000000	10.000000	5.000000	2.000000
13.000000	13.000000	4.000000	6.000000	13.000000
10.081133	9.810793	10.965121	10.689960	1.000000
11.000000	18.000000	18.000000	3.000000	13.000000
6.000000	3.000000	8.000000	6.000000	8.000000
20.000000	11.000000	7.000000	17.000000	8.000000
8.228329	7.138855	8.468530	8.947090	1.000000
11.000000	2.000000	13.000000	7.000000	7.000000
5.000000	20.000000	16.000000	3.000000	9.000000
8.000000	13.000000	18.000000	6.000000	7.000000
2.000000	3.000000	9.000000	9.000000	8.000000
9.000000	1.000000	10.000000	15.000000	17.000000
18.000000	15.000000	1.000000	19.000000	17.000000
1.000000	2.000000	10.000000	5.000000	8.000000
9.000000	9.000000	19.000000	4.000000	11.000000
19.000000	3.000000	16.000000	16.000000	20.000000
2.000000	17.000000	2.000000	3.000000	18.000000
9.211284	9.584688	9.321115	8.923549	17.000000
9.108053	9.757668	9.731977	8.652692	19.000000
20.000000	18.000000	20.000000	1.000000	2.000000
19.000000	9.000000	2.000000	17.000000	4.000000
5.000000	15.000000	7.000000	20.000000	2.000000
6.000000	13.000000	18.000000	8.000000	15.000000
15.000000	9.000000	17.000000	4.000000	11.000000
6.000000	9.000000	11.000000	9.000000	6.000000
9.000000	20.000000	3.000000	20.000000	20.000000
16.000000	18.000000	9.000000	10.000000	6.000000
4.000000	14.000000	12.000000	10.000000	5.000000
13.000000	8.000000	17.000000	10.000000	7.000000
4.000000	17.000000	7.000000	20.000000	20.000000
17.000000	5.000000	1.000000	7.000000	5.000000
10.328001	9.154193	9.597849	8.629419	6.000000
8.000000	8.000000	15.000000	8.000000	17.000000
10.489532	10.102240	10.525199	9.468021	1.000000
8.927534	10.257502	10.307226	9.283497	5.000000
6.000000	18.000000	1.000000	12.000000	17.000000
12.000000	8.000000	14.000000	12.000000	7.000000
10.000000	18.000000	5.000000	6.000000	18.000000
11.000000	5.000000	17.000000	17.000000	12.000000
14.000000	17.000000	2.000000	15.000000	7.000000
14.000000	1.000000	2.000000	5.000000	15.000000
6.000000	10.000000	12.000000	18.000000	13.000000
9.576340	10.097596	9.350629	9.065287	13.000000
19.000000	15.000000	2.000000	15.000000	12.000000
11.000000	17.000000	16.000000	7.000000	14.000000
9.050886	9.368894	9.243031	9.419237	7.000000
9.023569	8.930439	9.090026	8.983890	10.000000
5.000000	6.000000	20.000000	8.000000	3.000000
4.000000	7.000000	16.000000	16.000000	12.000000
8.000000	6.000000	6.000000	1.000000	1.000000
9.000000	11.000000	17.000000	4.000000	9.000000
10.472383	10.338997	10.384632	9.812927	13.000000
19.000000	19.000000	18.000000	17.000000	7.000000
8.000000	13.000000	5.000000	19.000000	20.000000
9.963145	9.214284	9.363955	10.152537	10.000000
9.000000	1.000000	15.000000	6.000000	13.000000
15.000000	14.000000	3.000000	4.000000	17.000000
4.000000	13.000000	10.000000	4.000000	4.000000
3.000000	2.000000	2.000000	20.000000	10.000000
10.781713	10.484761	10.241346	11.231099	9.000000
1.000000	3.000000	3.000000	18.000000	16.000000
12.000000	7.000000	9.000000	6.000000	12.000000
1.000000	13.000000	6.000000	16.000000	16.000000
14.000000	19.000000	8.000000	16.000000	14.000000
11.192334	10.148131	10.451883	9.448911	9.000000
4.000000	4.000000	20.000000	17.000000	7.000000
8.000000	17.000000	1.000000	10.000000	14.000000
17.000000	1.000000	12.000000	5.000000	7.000000
4.000000	17.000000	11.000000	1.000000	12.000000
6.000000	14.000000	10.000000	5.000000	9.000000
3.000000	8.000000	18.000000	9.000000	3.000000
8.966264	9.327581	9.821132	8.772285	20.000000
17.000000	5.000000	8.000000	17.000000	15.000000
10.000438	9.756605	10.350387	10.955853	9.000000
7.983394	10.571558	10.628247	9.874324	20.000000
9.602924	8.392695	9.195314	8.525021	5.000000
14.000000	13.000000	4.000000	12.000000	2.000000
6.000000	10.000000	17.000000	4.000000	7.000000
9.000000	20.000000	11.000000	16.000000	8.000000
5.000000	1.000000	1.000000	12.000000	6.000000
1.000000	16.000000	5.000000	6.000000	19.000000
5.000000	3.000000	10.000000	10.000000	13.000000
14.000000	15.000000	5.000000	9.000000	6.000000
18.000000	15.000000	7.000000	15.000000	10.000000
13.000000	3.000000	1.000000	4.000000	10.000000
9.766438	10.308356	10.732935	10.767697	11.000000
8.000000	1.000000	7.000000	4.000000	6.000000
10.030993	9.424420	9.242991	9.438119	9.000000
12.000000	12.000000	16.000000	9.000000	20.000000
1.000000	6.000000	14.000000	8.000000	12.000000
15.000000	12.000000	14.000000	15.000000	15.000000
16.000000	15.000000	15.000000	6.000000	14.000000
5.000000	5.000000	14.000000	3.000000	8.000000
20.000000	19.000000	8.000000	11.000000	5.000000
8.000000	3.000000	8.000000	3.000000	3.000000
9.454776	9.003583	10.122364	9.855314	15.000000
20.000000	7.000000	6.000000	5.000000	14.000000
13.000000	12.000000	8.000000	7.000000	17.000000
10.403935	9.484967	9.295425	9.605492	18.000000
1.000000	18.000000	16.000000	20.000000	8.000000
12.000000	7.000000	2.000000	19.000000	2.000000
4.000000	18.000000	17.000000	4.000000	10.000000
9.706707	10.284197	8.727494	9.354033	19.000000
13.000000	12.000000	11.000000	20.000000	10.000000
19.000000	13.000000	13.000000	12.000000	19.000000
2.000000	4.000000	8.000000	17.000000	3.000000
15.000000	1.000000	1.000000	9.000000	11.000000
7.924420	9.120802	8.675301	8.410374	15.000000
9.000000	4.000000	9.000000	9.000000	4.000000
20.000000	1.000000	15.000000	10.000000	13.000000
5.000000	20.000000	5.000000	9.000000	3.000000
15.000000	10.000000	6.000000	2.000000	18.000000
9.147241	7.445232	8.772382	7.706460	16.000000
9.000000	6.000000	20.000000	8.000000	8.000000
6.000000	17.000000	3.000000	7.000000	5.000000
8.589265	8.415383	8.294374	7.961711	7.000000
9.000000	17.000000	6.000000	13.000000	17.000000
9.000000	19.000000	6.000000	6.000000	12.000000
3.000000	6.000000	20.000000	13.000000	10.000000
7.000000	1.000000	15.000000	18.000000	20.000000
14.000000	4.000000	8.000000	9.000000	10.000000
10.303638	9.907532	10.431834	11.112990	18.000000
13.000000	9.000000	6.000000	18.000000	2.000000
2.000000	18.000000	12.000000	19.000000	4.000000
10.440527	9.934525	9.237734	9.715829	6.000000
8.235514	8.667561	9.088339	8.390865	11.000000
7.779501	7.792799	7.399141	8.052345	10.000000
7.000000	8.000000	15.000000	13.000000	8.000000
5.000000	5.000000	17.000000	10.000000	14.000000
10.000000	4.000000	12.000000	1.000000	2.000000
7.000000	16.000000	15.000000	19.000000	2.000000
20.000000	20.000000	15.000000	17.000000	7.000000
9.421961	10.442780	10.045205	9.008702	10.000000
8.896119	9.156181	9.109922	9.556955	12.000000
5.000000	12.000000	8.000000	13.000000	1.000000
7.954755	9.493418	9.079416	7.630691	14.000000
18.000000	2.000000	10.000000	12.000000	20.000000
11.000000	12.000000	19.000000	17.000000	8.000000
6.000000	5.000000	13.000000	5.000000	18.000000
2.000000	6.000000	17.000000	19.000000	1.000000
20.000000	15.000000	12.000000	7.000000	7.000000
10.834122	10.707728	10.447269	9.149118	15.000000
13.000000	17.000000	17.000000	14.000000	20.000000
8.000000	17.000000	11.000000	7.000000	13.000000
11.000000	4.000000	18.000000	15.000000	20.000000
7.000000	17.000000	5.000000	4.000000	7.000000
17.000000	15.000000	13.000000	20.000000	14.000000
11.000000	16.000000	5.000000	10.000000	7.000000
8.582611	10.748061	8.882003	9.509809	8.000000
14.000000	3.000000	4.000000	5.000000	1.000000
9.600146	11.174226	9.949708	10.065415	1.000000
7.000000	12.000000	9.000000	4.000000	7.000000
8.817518	9.232027	9.899546	10.435487	12.000000
9.940875	9.910997	9.819709	10.122684	18.000000
5.000000	9.000000	12.000000	19.000000	15.000000
19.000000	12.000000	9.000000	2.000000	8.000000
10.594847	10.140183	10.508657	10.029798	6.000000
7.000000	15.000000	17.000000	7.000000	18.000000
9.293382	9.511303	9.868320	10.235362	12.000000
12.000000	1.000000	13.000000	10.000000	10.000000
9.036779	9.312606	8.514606	9.384573	4.000000
5.000000	3.000000	8.000000	13.000000	16.000000
9.105146	10.320974	9.711065	9.174103	1.000000
2.000000	19.000000	15.000000	18.000000	5.000000
12.000000	12.000000	18.000000	1.000000	18.000000
2.000000	4.000000	18.000000	14.000000	14.000000
20.000000	15.000000	11.000000	9.000000	20.000000
15.000000	5.000000	2.000000	2.000000	18.000000
18.000000	8.000000	3.000000	14.000000	8.000000
3.000000	15.000000	18.000000	18.000000	4.000000
3.000000	1.000000	7.000000	12.000000	13.000000
4.000000	13.000000	17.000000	14.000000	6.000000
2.000000	13.000000	13.000000	12.000000	13.000000
9.544985	8.712936	8.587074	8.561877	11.000000
15.000000	14.000000	19.000000	9.000000	7.000000
18.000000	11.000000	13.000000	16.000000	20.000000
8.000000	10.000000	1.000000	14.000000	1.000000
5.000000	18.000000	14.000000	1.000000	11.000000
11.000000	14.000000	15.000000	15.000000	6.000000
7.000000	6.000000	3.000000	4.000000	11.000000
8.726598	9.543140	9.402011	8.667324	18.000000
3.000000	1.000000	1.000000	7.000000	8.000000
20.000000	15.000000	17.000000	12.000000	20.000000
18.000000	17.000000	17.000000	3.000000	9.000000
8.681749	9.725946	9.479229	9.091752	20.000000
8.000000	20.000000	17.000000	2.000000	15.000000
19.000000	7.000000	5.000000	15.000000	2.000000
14.000000	9.000000	3.000000	14.000000	15.000000
2.000000	6.000000	1.000000	19.000000	17.000000
1.000000	8.000000	13.000000	9.000000	10.000000
9.519054	9.953686	9.371355	10.259268	12.000000
5.000000	15.000000	3.000000	14.000000	8.000000
10.000000	12.000000	7.000000	6.000000	6.000000
8.000000	19.000000	6.000000	10.000000	5.000000
8.830402	10.340018	8.668139	8.920467	2.000000
6.000000	5.000000	1.000000	11.000000	6.000000
2.000000	4.000000	5.000000	7.000000	11.000000
8.000000	4.000000	5.000000	3.000000	17.000000
4.000000	12.000000	20.000000	10.000000	17.000000
18.000000	18.000000	7.000000	3.000000	19.000000
11.000000	15.000000	2.000000	20.000000	8.000000
15.000000	6.000000	4.000000	15.000000	8.000000
9.000000	16.000000	3.000000	5.000000	15.000000
9.336964	9.701938	9.356550	10.100665	7.000000
8.950047	9.276649	10.262230	9.160573	14.000000
6.000000	2.000000	3.000000	4.000000	5.000000
8.554274	9.095321	8.878721	8.879030	6.000000
18.000000	1.000000	3.000000	14.000000	16.000000
10.000000	14.000000	3.000000	12.000000	19.000000
17.000000	16.000000	15.000000	6.000000	16.000000
9.780431	10.306481	9.688027	10.164194	16.000000
13.000000	7.000000	9.000000	15.000000	10.000000
13.000000	7.000000	16.000000	4.000000	13.000000
2.000000	13.000000	14.000000	4.000000	18.000000
1.000000	14.000000	12.000000	15.000000	17.000000
2.000000	4.000000	5.000000	16.000000	9.000000
20.000000	16.000000	12.000000	19.000000	17.000000
19.000000	3.000000	3.000000	7.000000	17.000000
4.000000	12.000000	16.000000	20.000000	7.000000
20.000000	1.000000	11.000000	5.000000	4.000000
6.646876	7.597460	8.003985	7.071234	12.000000
6.000000	5.000000	7.000000	10.000000	20.000000
15.000000	9.000000	7.000000	18.000000	8.000000
3.000000	8.000000	10.000000	17.000000	7.000000
19.000000	20.000000	10.000000	6.000000	19.000000
8.000000	17.000000	19.000000	18.000000	2.000000
3.000000	18.000000	18.000000	11.000000	9.000000
1.000000	8.000000	13.000000	7.000000	17.000000
4.000000	14.000000	18.000000	10.000000	11.000000
17.000000	4.000000	11.000000	18.000000	12.000000
17.000000	8.000000	4.000000	6.000000	13.000000
9.347700	9.660360	8.560654	8.452592	2.000000
3.000000	7.000000	20.000000	12.000000	9.000000
9.319825	9.039397	8.179279	8.947563	11.000000
13.000000	8.000000	4.000000	2.000000	10.000000
8.047635	7.845046	8.689240	8.161935	16.000000
17.000000	13.000000	3.000000	20.000000	10.000000
8.000000	13.000000	14.000000	9.000000	5.000000
15.000000	3.000000	3.000000	14.000000	14.000000
12.000000	6.000000	18.000000	8.000000	10.000000
9.000000	12.000000	17.000000	12.000000	6.000000
6.000000	18.000000	3.000000	11.000000	6.000000
18.000000	19.000000	18.000000	1.000000	10.000000
7.532378	8.655667	8.634874	7.078664	8.000000
19.000000	7.000000	10.000000	13.000000	12.000000
3.000000	4.000000	17.000000	13.000000	3.000000
6.000000	1.000000	7.000000	3.000000	12.000000
12.000000	20.000000	2.000000	14.000000	2.000000
7.000000	4.000000	12.000000	17.000000	16.000000
1.000000	7.000000	15.000000	15.000000	19.000000
10.223969	10.365658	10.569874	10.722515	9.000000
8.476554	9.113722	8.942506	8.886610	9.000000
7.795956	8.128550	8.240375	7.920813	16.000000
5.000000	8.000000	8.000000	6.000000	14.000000
9.000000	4.000000	17.000000	13.000000	12.000000
4.000000	5.000000	19.000000	18.000000	19.000000
9.000000	11.000000	15.000000	5.000000	5.000000
4.000000	12.000000	1.000000	8.000000	8.000000
2.000000	6.000000	2.000000	2.000000	3.000000
9.000000	6.000000	10.000000	16.000000	3.000000
15.000000	17.000000	7.000000	11.000000	9.000000
8.977066	9.174593	10.011343	9.744208	3.000000
4.000000	8.000000	5.000000	10.000000	12.000000
1.000000	5.000000	16.000000	2.000000	12.000000
15.000000	3.000000	10.000000	16.000000	16.000000
4.000000	5.000000	2.000000	13.000000	12.000000
4.000000	8.000000	8.000000	2.000000	10.000000
16.000000	12.000000	16.000000	1.000000	11.000000
10.000000	16.000000	19.000000	7.000000	5.000000
2.000000	7.000000	10.000000	17.000000	20.000000
13.000000	4.000000	14.000000	2.000000	19.000000
10.000000	17.000000	15.000000	11.000000	10.000000
19.000000	6.000000	9.000000	6.000000	8.000000
10.000000	14.000000	19.000000	17.000000	14.000000
9.785584	8.786065	9.043277	8.545729	17.000000
5.000000	13.000000	15.000000	14.000000	9.000000
9.230054	7.923751	7.822812	8.300688	20.000000
3.000000	9.000000	17.000000	9.000000	11.000000
18.000000	7.000000	17.000000	18.000000	5.000000
9.279202	8.776348	8.727116	8.656205	8.000000
3.000000	6.000000	6.000000	3.000000	17.000000
14.000000	7.000000	9.000000	8.000000	13.000000
9.077061	8.442436	10.329497	9.858140	2.000000
10.000000	15.000000	2.000000	18.000000	15.000000
13.000000	7.000000	2.000000	1.000000	4.000000
6.000000	16.000000	15.000000	15.000000	1.000000
2.000000	17.000000	18.000000	19.000000	11.000000
14.000000	12.000000	17.000000	14.000000	19.000000
9.000000	3.000000	5.000000	19.000000	15.000000
6.000000	1.000000	1.000000	19.000000	18.000000
15.000000	3.000000	5.000000	8.000000	3.000000
20.000000	5.000000	18.000000	14.000000	19.000000
10.000000	7.000000	7.000000	8.000000	5.000000
17.000000	13.000000	16.000000	6.000000	19.000000
8.965081	9.894341	10.110164	9.530216	17.000000
7.000000	8.000000	17.000000	7.000000	18.000000
14.000000	13.000000	1.000000	10.000000	1.000000
3.000000	10.000000	17.000000	13.000000	15.000000
7.924368	8.624704	8.964804	9.495868	13.000000
18.000000	3.000000	6.000000	6.000000	20.000000
8.897412	8.774928	9.411295	7.877631	14.000000
1.000000	2.000000	13.000000	9.000000	20.000000
10.000000	3.000000	12.000000	2.000000	4.000000
4.000000	5.000000	5.000000	1.000000	9.000000
20.000000	20.000000	2.000000	13.000000	5.000000
15.000000	10.000000	19.000000	12.000000	15.000000
10.404887	9.563510	10.501979	9.783677	14.000000
3.000000	7.000000	7.000000	15.000000	8.000000
6.000000	17.000000	2.000000	9.000000	18.000000
5.000000	13.000000	14.000000	10.000000	5.000000
14.000000	1.000000	16.000000	16.000000	13.000000
20.000000	2.000000	2.000000	19.000000	5.000000
8.753889	8.829479	8.491529	7.837066	14.000000
8.000000	9.000000	13.000000	14.000000	15.000000
20.000000	11.000000	3.000000	1.000000	19.000000
13.000000	17.000000	3.000000	18.000000	6.000000
7.000000	12.000000	6.000000	2.000000	19.000000
9.168079	9.507745	9.850965	9.351450	4.000000
9.409655	9.381793	10.296429	10.329727	17.000000
9.000000	9.000000	17.000000	13.000000	2.000000
8.248822	9.282951	9.231444	7.968828	4.000000
2.000000	18.000000	12.000000	5.000000	16.000000
18.000000	3.000000	7.000000	15.000000	17.000000
17.000000	5.000000	10.000000	8.000000	8.000000
5.000000	15.000000	19.000000	7.000000	4.000000
7.000000	15.000000	12.000000	16.000000	7.000000
9.609762	8.962135	8.201157	9.374177	4.000000
5.000000	9.000000	14.000000	17.000000	5.000000
1.000000	6.000000	20.000000	7.000000	12.000000
16.000000	15.000000	16.000000	17.000000	2.000000
8.807425	8.065609	8.439713	8.845380	19.000000
11.000000	4.000000	6.000000	2.000000	19.000000
4.000000	18.000000	9.000000	6.000000	5.000000
9.791827	8.386604	9.535290	9.304406	10.000000
2.000000	17.000000	15.000000	1.000000	15.000000
19.000000	8.000000	9.000000	6.000000	16.000000
10.000000	1.000000	8.000000	5.000000	17.000000
18.000000	15.000000	20.000000	3.000000	8.000000
10.000000	19.000000	5.000000	18.000000	16.000000
1.000000	2.000000	17.000000	18.000000	10.000000
7.000000	19.000000	7.000000	13.000000	11.000000
8.408409	8.520284	8.552196	7.422391	17.000000
9.809779	10.264472	11.001455	9.799306	8.000000
5.000000	9.000000	2.000000	17.000000	4.000000
9.834698	10.465569	10.101463	10.150001	16.000000
9.000000	19.000000	9.000000	5.000000	16.000000
18.000000	3.000000	6.000000	4.000000	16.000000
16.000000	17.000000	18.000000	13.000000	18.000000
14.000000	17.000000	20.000000	14.000000	8.000000
7.967264	7.689881	8.172987	7.950070	7.000000
11.000000	2.000000	4.000000	4.000000	19.000000
19.000000	12.000000	9.000000	19.000000	17.000000
16.000000	17.000000	11.000000	13.000000	12.000000
6.000000	8.000000	20.000000	16.000000	12.000000
17.000000	1.000000	20.000000	17.000000	15.000000
19.000000	3.000000	5.000000	7.000000	15.000000
11.000000	17.000000	16.000000	14.000000	13.000000
9.096684	9.909597	8.978340	10.238959	3.000000
10.031083	9.836259	10.165705	9.687871	7.000000
8.849397	8.364136	9.675860	9.284747	15.000000
18.000000	11.000000	16.000000	18.000000	19.000000
2.000000	16.000000	13.000000	6.000000	2.000000
8.000000	8.000000	11.000000	3.000000	1.000000
3.000000	1.000000	17.000000	6.000000	8.000000
12.000000	10.000000	14.000000	2.000000	12.000000
20.000000	16.000000	11.000000	14.000000	2.000000
9.188390	8.888317	9.544453	9.331573	1.000000
2.000000	14.000000	8.000000	14.000000	11.000000
2.000000	1.000000	18.000000	12.000000	16.000000
10.000000	6.000000	8.000000	19.000000	3.000000
7.000000	10.000000	12.000000	20.000000	3.000000
7.588710	9.023323	8.598088	8.075817	5.000000
12.000000	3.000000	8.000000	15.000000	7.000000
11.275108	10.767627	10.936211	11.237518	9.000000
10.372496	10.585435	11.175545	10.512306	20.000000
9.993893	8.423413	9.968806	10.097859	18.000000
19.000000	3.000000	7.000000	11.000000	14.000000
10.057574	10.633634	10.124664	10.173054	10.000000
10.000000	15.000000	4.000000	17.000000	1.000000
10.000000	17.000000	16.000000	1.000000	16.000000
16.000000	2.000000	4.000000	9.000000	12.000000
15.000000	17.000000	12.000000	11.000000	5.000000
9.000000	9.000000	19.000000	8.000000	11.000000
12.000000	1.000000	16.000000	17.000000	4.000000
17.000000	6.000000	10.000000	1.000000	14.000000
8.156497	9.843656	8.977649	8.757615	3.000000
9.811589	8.332328	8.173265	9.255638	1.000000
8.000000	6.000000	9.000000	19.000000	16.000000
13.000000	19.000000	17.000000	3.000000	18.000000
19.000000	15.000000	18.000000	14.000000	3.000000
1.000000	3.000000	8.000000	10.000000	15.000000
1.000000	19.000000	16.000000	3.000000	15.000000
9.706711	9.290133	9.225569	10.213550	11.000000
11.000000	1.000000	16.000000	19.000000	11.000000
4.000000	4.000000	9.000000	12.000000	6.000000
7.000000	10.000000	12.000000	4.000000	16.000000
14.000000	17.000000	18.000000	13.000000	6.000000
12.000000	14.000000	17.000000	7.000000	8.000000
8.160512	9.365642	9.409215	8.543381	10.000000
16.000000	11.000000	10.000000	4.000000	2.000000
20.000000	7.000000	5.000000	20.000000	18.000000
2.000000	6.000000	19.000000	6.000000	2.000000
11.612505	10.896437	11.316251	11.650877	4.000000
15.000000	14.000000	9.000000	3.000000	13.000000
16.000000	6.000000	9.000000	1.000000	6.000000
10.000000	9.000000	9.000000	19.000000	4.000000
10.000000	10.000000	2.000000	14.000000	1.000000
11.000000	7.000000	19.000000	9.000000	12.000000
20.000000	3.000000	3.000000	9.000000	5.000000
6.000000	15.000000	11.000000	14.000000	18.000000
15.000000	1.000000	3.000000	15.000000	13.000000
20.000000	4.000000	13.000000	8.000000	14.000000
16.000000	17.000000	15.000000	17.000000	2.000000
15.000000	7.000000	9.000000	13.000000	8.000000
8.796930	10.358740	10.580109	10.595354	12.000000
6.000000	11.000000	7.000000	8.000000	16.000000
16.000000	2.000000	16.000000	18.000000	16.000000
7.985536	8.923617	8.492226	7.630174	5.000000
4.000000	17.000000	13.000000	18.000000	5.000000
15.000000	5.000000	4.000000	3.000000	17.000000
11.000000	14.000000	13.000000	12.000000	20.000000
4.000000	17.000000	10.000000	2.000000	17.000000
18.000000	17.000000	10.000000	13.000000	6.000000
18.000000	1.000000	15.000000	8.000000	14.000000
9.839786	9.357975	10.516210	9.512771	13.000000
6.000000	17.000000	17.000000	9.000000	11.000000
6.000000	11.000000	17.000000	18.000000	2.000000
8.000000	13.000000	11.000000	9.000000	7.000000
7.000000	6.000000	15.000000	16.000000	19.000000
1.000000	13.000000	11.000000	15.000000	13.000000
4.000000	5.000000	16.000000	5.000000	19.000000
8.000000	3.000000	8.000000	17.000000	3.000000
9.700485	9.249111	9.175745	10.341434	19.000000
15.000000	5.000000	11.000000	17.000000	14.000000
17.000000	3.000000	11.000000	12.000000	11.000000
10.069146	8.668264	9.315467	9.246716	10.000000
19.000000	7.000000	6.000000	14.000000	4.000000
10.055491	9.697310	9.819932	9.533880	10.000000
8.000000	1.000000	11.000000	13.000000	10.000000
1.000000	8.000000	15.000000	11.000000	16.000000
20.000000	20.000000	11.000000	10.000000	3.000000
1.000000	11.000000	18.000000	7.000000	14.000000
7.000000	6.000000	20.000000	12.000000	11.000000
3.000000	7.000000	4.000000	20.000000	18.000000
8.758901	8.550336	9.103978	9.143017	20.000000
19.000000	15.000000	19.000000	5.000000	6.000000
7.000000	4.000000	17.000000	17.000000	6.000000
11.000000	9.000000	8.000000	8.000000	15.000000
1.000000	6.000000	12.000000	12.000000	17.000000
3.000000	7.000000	15.000000	18.000000	6.000000
4.000000	11.000000	5.000000	13.000000	5.000000
17.000000	4.000000	20.000000	7.000000	8.000000
9.070908	10.746238	10.393680	9.304649	9.000000
1.000000	15.000000	9.000000	8.000000	14.000000
16.000000	20.000000	19.000000	7.000000	11.000000
7.000000	1.000000	9.000000	1.000000	19.000000
8.428553	9.233661	9.178703	9.196676	9.000000
17.000000	19.000000	4.000000	8.000000	6.000000
12.000000	4.000000	10.000000	7.000000	20.000000
8.903176	7.450912	7.848831	8.235988	6.000000
19.000000	14.000000	5.000000	9.000000	13.000000
7.000000	15.000000	5.000000	16.000000	8.000000
3.000000	2.000000	4.000000	15.000000	4.000000
4.000000	12.000000	3.000000	8.000000	19.000000
20.000000	11.000000	15.000000	1.000000	17.000000
14.000000	11.000000	15.000000	12.000000	2.000000
8.400054	8.306975	9.524161	8.926278	19.000000
11.000000	2.000000	5.000000	16.000000	17.000000
4.000000	10.000000	10.000000	7.000000	5.000000
14.000000	11.000000	8.000000	8.000000	18.000000
18.000000	7.000000	20.000000	12.000000	19.000000
16.000000	18.000000	10.000000	2.000000	9.000000
3.000000	1.000000	10.000000	1.000000	16.000000
20.000000	12.000000	9.000000	5.000000	19.000000
18.000000	20.000000	8.000000	7.000000	19.000000
4.000000	12.000000	9.000000	11.000000	11.000000
18.000000	9.000000	17.000000	17.000000	12.000000
9.518382	10.014819	9.421480	9.910439	5.000000
9.000000	11.000000	17.000000	19.000000	3.000000
4.000000	10.000000	14.000000	4.000000	14.000000
9.281415	9.439281	10.821336	9.758475	20.000000
4.000000	15.000000	3.000000	4.000000	6.000000
14.000000	13.000000	6.000000	2.000000	1.000000
9.749545	9.109620	9.073404	8.440273	17.000000
7.704135	9.238427	9.280882	8.599861	16.000000
2.000000	11.000000	6.000000	15.000000	14.000000
11.000000	19.000000	7.000000	16.000000	2.000000
6.000000	19.000000	16.000000	8.000000	2.000000
13.000000	13.000000	14.000000	10.000000	15.000000
14.000000	7.000000	3.000000	9.000000	4.000000
20.000000	20.000000	1.000000	18.000000	7.000000
9.000000	11.000000	17.000000	14.000000	6.000000
3.000000	16.000000	16.000000	9.000000	12.000000
9.000000	6.000000	2.000000	16.000000	5.000000
16.000000	9.000000	18.000000	1.000000	10.000000
12.000000	7.000000	16.000000	6.000000	7.000000
11.000000	5.000000	7.000000	12.000000	15.000000
13.000000	12.000000	5.000000	2.000000	5.000000
2.000000	4.000000	12.000000	9.000000	4.000000
3.000000	9.000000	1.000000	17.000000	5.000000
10.464911	10.919013	9.945395	11.333454	4.000000
14.000000	5.000000	10.000000	2.000000	11.000000
17.000000	12.000000	7.000000	3.000000	15.000000
13.000000	7.000000	6.000000	10.000000	8.000000
10.261895	9.555143	10.071498	9.483281	4.000000
10.588799	8.946306	9.873311	9.409986	4.000000
16.000000	3.000000	7.000000	20.000000	16.000000
3.000000	14.000000	13.000000	12.000000	15.000000
3.000000	20.000000	18.000000	1.000000	14.000000
13.000000	6.000000	13.000000	10.000000	15.000000
12.000000	12.000000	9.000000	15.000000	5.000000
12.000000	4.000000	12.000000	4.000000	2.000000
8.000000	19.000000	16.000000	6.000000	11.000000
11.000000	8.000000	16.000000	15.000000	12.000000
2.000000	9.000000	3.000000	19.000000	10.000000
9.000000	3.000000	7.000000	1.000000	13.000000
1.000000	12.000000	4.000000	9.000000	18.000000
20.000000	13.000000	2.000000	3.000000	16.000000
9.474593	8.979189	8.604311	10.010162	8.000000
8.000000	20.000000	7.000000	3.000000	7.000000
10.000000	4.000000	15.000000	13.000000	15.000000
4.000000	13.000000	17.000000	10.000000	13.000000
9.000000	2.000000	16.000000	4.000000	3.000000
14.000000	3.000000	15.000000	15.000000	6.000000
2.000000	9.000000	7.000000	19.000000	18.000000
14.000000	7.000000	9.000000	1.000000	1.000000
15.000000	10.000000	17.000000	10.000000	14.000000
11.000000	5.000000	6.000000	7.000000	7.000000
8.605144	10.065260	9.695744	8.858873	19.000000
2.000000	19.000000	14.000000	8.000000	5.000000
19.000000	1.000000	5.000000	5.000000	12.000000
14.000000	19.000000	10.000000	14.000000	11.000000
10.000000	1.000000	12.000000	6.000000	10.000000
18.000000	16.000000	6.000000	3.000000	15.000000
10.087246	9.298257	9.194261	8.721413	10.000000
9.657809	9.211749	10.210586	10.444929	5.000000
16.000000	3.000000	5.000000	20.000000	8.000000
8.000000	5.000000	18.000000	17.000000	18.000000
20.000000	7.000000	18.000000	11.000000	4.000000
19.000000	8.000000	12.000000	17.000000	3.000000
11.059840	9.266772	9.602147	10.832656	3.000000
16.000000	18.000000	8.000000	15.000000	3.000000
8.893663	10.080865	9.649139	8.690505	1.000000
16.000000	8.000000	5.000000	13.000000	4.000000
14.000000	4.000000	2.000000	12.000000	7.000000
6.000000	2.000000	6.000000	17.000000	18.000000
8.000000	14.000000	18.000000	6.000000	20.000000
9.499794	9.635282	9.711723	8.933363	7.000000
3.000000	2.000000	8.000000	20.000000	2.000000
8.000000	15.000000	9.000000	4.000000	20.000000
7.702817	9.637724	9.418433	9.644189	1.000000
9.000000	11.000000	14.000000	15.000000	19.000000
9.415277	9.408154	9.316292	10.189651	20.000000
11.000000	20.000000	12.000000	11.000000	19.000000
19.000000	14.000000	12.000000	6.000000	13.000000
13.000000	6.000000	7.000000	13.000000	1.000000
6.000000	17.000000	10.000000	9.000000	2.000000
8.292769	7.987643	7.723520	7.717421	3.000000
2.000000	19.000000	9.000000	13.000000	19.000000
8.000000	15.000000	10.000000	19.000000	5.000000
20.000000	17.000000	18.000000	12.000000	15.000000
2.000000	16.000000	12.000000	9.000000	9.000000
9.980198	8.982062	8.632301	7.927654	6.000000
10.000000	19.000000	15.000000	13.000000	6.000000
9.000000	6.000000	4.000000	17.000000	10.000000
14.000000	16.000000	16.000000	4.000000	15.000000
20.000000	3.000000	3.000000	10.000000	14.000000
9.000000	11.000000	2.000000	12.000000	11.000000
10.650078	10.137169	10.632711	11.035565	13.000000
9.531367	10.415116	9.317554	10.601092	11.000000
6.842190	6.177330	6.682867	7.773993	17.000000
17.000000	6.000000	13.000000	12.000000	1.000000
8.261984	9.862777	8.022985	7.641072	4.000000
8.962099	9.223378	10.040317	8.820207	5.000000
8.636110	9.803753	8.759905	7.963689	20.000000
4.000000	19.000000	18.000000	15.000000	18.000000
8.000000	3.000000	6.000000	7.000000	14.000000
15.000000	15.000000	19.000000	7.000000	18.000000
19.000000	17.000000	20.000000	14.000000	9.000000
9.789895	10.159712	10.089715	9.985733	15.000000
7.000000	6.000000	5.000000	10.000000	11.000000
16.000000	14.000000	1.000000	13.000000	20.000000
18.000000	12.000000	2.000000	16.000000	18.000000
15.000000	10.000000	12.000000	6.000000	8.000000
9.000000	4.000000	4.000000	20.000000	9.000000
8.469838	8.001127	8.905547	7.818817	16.000000
8.740831	9.470209	9.824833	9.734201	5.000000
4.000000	7.000000	10.000000	16.000000	19.000000
9.000000	13.000000	10.000000	2.000000	8.000000
19.000000	9.000000	9.000000	2.000000	14.000000
16.000000	2.000000	9.000000	11.000000	2.000000
8.781044	9.593928	9.653203	9.590452	4.000000
4.000000	7.000000	19.000000	17.000000	18.000000
10.785709	10.031066	10.445652	9.035503	7.000000
15.000000	5.000000	19.000000	5.000000	19.000000
8.654723	9.174217	10.321497	9.172594	17.000000
12.000000	15.000000	18.000000	20.000000	5.000000
11.000000	17.000000	3.000000	11.000000	8.000000
6.000000	14.000000	14.000000	16.000000	10.000000
11.000000	3.000000	1.000000	7.000000	19.000000
7.000000	2.000000	3.000000	17.000000	18.000000
13.000000	15.000000	12.000000	11.000000	2.000000
8.064974	8.015625	7.702784	8.362486	2.000000
12.000000	20.000000	10.000000	15.000000	10.000000
9.000000	12.000000	15.000000	2.000000	8.000000
4.000000	5.000000	10.000000	16.000000	11.000000
8.000000	14.000000	4.000000	2.000000	11.000000
13.000000	7.000000	5.000000	17.000000	17.000000
18.000000	16.000000	19.000000	13.000000	5.000000
12.000000	17.000000	17.000000	13.000000	11.000000
18.000000	2.000000	2.000000	13.000000	15.000000
1.000000	8.000000	19.000000	2.000000	16.000000
2.000000	1.000000	9.000000	17.000000	3.000000
19.000000	10.000000	1.000000	4.000000	6.000000
9.036486	10.993832	8.879566	9.259223	6.000000
9.581917	9.431787	9.466226	9.451563	3.000000
9.251225	9.394245	9.777266	9.151773	19.000000
10.000000	10.000000	19.000000	1.000000	11.000000
14.000000	14.000000	12.000000	2.000000	10.000000
6.000000	1.000000	11.000000	6.000000	16.000000
9.065450	9.863036	9.236106	10.279934	1.000000
9.591570	10.853012	9.647029	10.272505	19.000000
4.000000	1.000000	5.000000	19.000000	10.000000
16.000000	1.000000	19.000000	14.000000	1.000000
1.000000	19.000000	6.000000	12.000000	20.000000
7.000000	9.000000	12.000000	10.000000	6.000000
19.000000	17.000000	20.000000	19.000000	1.000000
20.000000	3.000000	14.000000	1.000000	1.000000
12.000000	5.000000	13.000000	9.000000	3.000000
2.000000	4.000000	15.000000	20.000000	9.000000
7.000000	1.000000	7.000000	12.000000	4.000000
18.000000	19.000000	5.000000	2.000000	20.000000
10.000000	12.000000	8.000000	9.000000	10.000000
9.000000	8.000000	13.000000	2.000000	9.000000
9.503359	8.827687	8.649262	8.314299	14.000000
7.000000	19.000000	9.000000	14.000000	10.000000
9.824311	9.274748	9.435439	9.773335	12.000000
6.000000	16.000000	2.000000	2.000000	9.000000
1.000000	11.000000	1.000000	8.000000	20.000000
2.000000	8.000000	19.000000	14.000000	10.000000
19.000000	18.000000	15.000000	3.000000	15.000000
20.000000	2.000000	5.000000	20.000000	15.000000
14.000000	20.000000	6.000000	16.000000	6.000000
17.000000	13.000000	13.000000	10.000000	14.000000
8.743085	8.839252	9.429153	9.309534	2.000000
15.000000	15.000000	9.000000	6.000000	9.000000
18.000000	16.000000	18.000000	4.000000	19.000000
9.386276	8.897554	8.604035	9.052904	6.000000
9.166087	9.012323	8.297016	8.450209	17.000000
9.768147	9.424342	10.289266	10.823560	13.000000
14.000000	8.000000	15.000000	9.000000	1.000000
16.000000	16.000000	15.000000	4.000000	1.000000
15.000000	14.000000	16.000000	5.000000	9.000000
6.000000	8.000000	16.000000	9.000000	8.000000
1.000000	18.000000	9.000000	18.000000	13.000000
17.000000	11.000000	4.000000	17.000000	17.000000
16.000000	2.000000	16.000000	2.000000	2.000000
16.000000	17.000000	17.000000	3.000000	13.000000
10.253226	9.373510	9.785008	10.519288	13.000000
18.000000	2.000000	1.000000	13.000000	11.000000
8.876772	9.264434	8.331181	9.292790	15.000000
12.000000	16.000000	17.000000	7.000000	4.000000
14.000000	3.000000	5.000000	1.000000	16.000000
18.000000	9.000000	13.000000	15.000000	11.000000
7.861017	8.550585	6.948650	7.686724	19.000000
12.000000	3.000000	1.000000	4.000000	16.000000
3.000000	3.000000	13.000000	2.000000	2.000000
7.000000	14.000000	17.000000	15.000000	20.000000
7.895899	7.819756	7.108014	7.660810	1.000000
10.227939	8.304030	8.348628	9.613430	19.000000
10.066617	10.217059	9.913583	10.244748	7.000000
20.000000	12.000000	9.000000	20.000000	7.000000
16.000000	14.000000	9.000000	20.000000	16.000000
2.000000	18.000000	1.000000	10.000000	13.000000
10.280256	10.528106	10.032536	10.390951	16.000000
4.000000	7.000000	1.000000	12.000000	12.000000
19.000000	2.000000	5.000000	12.000000	11.000000
11.000000	12.000000	14.000000	11.000000	3.000000
1.000000	19.000000	9.000000	1.000000	18.000000
4.000000	3.000000	16.000000	16.000000	12.000000
8.000000	7.000000	13.000000	11.000000	4.000000
9.069218	8.882744	8.766904	10.011637	6.000000
5.000000	3.000000	20.000000	9.000000	14.000000
2.000000	11.000000	17.000000	15.000000	14.000000
12.000000	15.000000	12.000000	20.000000	16.000000
1.000000	15.000000	10.000000	16.000000	2.000000
8.866243	10.372859	8.901956	9.148972	6.000000
9.928499	8.432378	9.389925	8.781215	20.000000
17.000000	14.000000	14.000000	8.000000	14.000000
10.760355	10.390574	10.166313	10.933948	16.000000
10.000000	19.000000	10.000000	13.000000	10.000000
17.000000	13.000000	16.000000	18.000000	9.000000
10.096468	8.727633	8.518770	8.811669	7.000000
20.000000	4.000000	15.000000	11.000000	12.000000
7.000000	20.000000	5.000000	12.000000	19.000000
8.317472	9.982412	9.197665	8.718875	19.000000
3.000000	8.000000	9.000000	4.000000	20.000000
11.000000	1.000000	4.000000	18.000000	10.000000
12.000000	7.000000	20.000000	19.000000	15.000000
19.000000	18.000000	18.000000	13.000000	1.000000
9.438598	9.391708	8.935996	9.724266	3.000000
8.432597	9.542957	9.048375	9.158070	14.000000
3.000000	3.000000	1.000000	12.000000	7.000000
12.000000	14.000000	19.000000	15.000000	11.000000
8.000000	19.000000	17.000000	8.000000	17.000000
11.000000	6.000000	6.000000	20.000000	10.000000
9.562839	8.445595	8.295492	9.261817	18.000000
15.000000	19.000000	13.000000	19.000000	19.000000
6.000000	14.000000	2.000000	18.000000	5.000000
9.754730	11.300212	10.436813	9.323691	3.000000
8.000000	5.000000	1.000000	17.000000	4.000000
17.000000	19.000000	1.000000	3.000000	11.000000
3.000000	20.000000	11.000000	15.000000	9.000000
8.000000	1.000000	19.000000	12.000000	11.000000
8.048357	8.765207	7.980759	8.628557	18.000000
20.000000	9.000000	6.000000	9.000000	6.000000
20.000000	9.000000	3.000000	13.000000	5.000000
18.000000	9.000000	3.000000	11.000000	3.000000
8.625419	8.978168	10.247021	9.585032	19.000000
15.000000	14.000000	11.000000	5.000000	17.000000
13.000000	13.000000	5.000000	17.000000	3.000000
2.000000	16.000000	11.000000	19.000000	17.000000
9.000000	19.000000	5.000000	11.000000	3.000000
9.000000	20.000000	3.000000	3.000000	10.000000
7.498609	7.695090	8.081473	7.225924	14.000000
4.000000	6.000000	8.000000	14.000000	2.000000
4.000000	7.000000	14.000000	1.000000	15.000000
16.000000	14.000000	2.000000	19.000000	5.000000
18.000000	7.000000	15.000000	2.000000	9.000000
9.703041	9.996112	10.179341	9.603956	17.000000
10.000000	16.000000	4.000000	15.000000	7.000000
17.000000	19.000000	4.000000	16.000000	4.000000
9.393960	9.401684	9.626203	9.114390	12.000000
8.624643	9.388456	9.492759	9.354375	16.000000
1.000000	7.000000	2.000000	15.000000	1.000000
9.179635	8.335931	9.971283	7.859025	2.000000
10.000000	3.000000	17.000000	5.000000	9.000000
16.000000	14.000000	7.000000	11.000000	9.000000
9.405977	9.715253	9.342754	10.038116	6.000000
8.315382	8.611478	8.589788	8.959155	1.000000
10.536904	9.733969	9.119190	9.880881	19.000000
11.000000	14.000000	1.000000	5.000000	7.000000
10.012142	10.156575	10.163784	9.741183	11.000000
10.129272	8.772430	10.426992	10.093229	16.000000
12.000000	2.000000	3.000000	4.000000	17.000000
8.000000	18.000000	8.000000	11.000000	9.000000
9.786638	9.687075	10.484143	8.902794	20.000000
19.000000	1.000000	5.000000	11.000000	17.000000
8.711341	9.270369	8.584514	8.795663	15.000000
8.960802	8.703808	8.455311	9.231366	15.000000
7.000000	19.000000	16.000000	10.000000	14.000000
4.000000	9.000000	12.000000	12.000000	11.000000
20.000000	3.000000	11.000000	12.000000	13.000000
3.000000	10.000000	6.000000	7.000000	13.000000
2.000000	2.000000	17.000000	16.000000	16.000000
11.000000	8.000000	3.000000	2.000000	15.000000
17.000000	8.000000	6.000000	4.000000	9.000000
11.000000	8.000000	10.000000	2.000000	11.000000
12.000000	2.000000	5.000000	3.000000	13.000000
18.000000	5.000000	15.000000	15.000000	3.000000
19.000000	8.000000	4.000000	15.000000	4.000000
8.784201	9.326490	8.746662	9.229971	6.000000
18.000000	3.000000	5.000000	15.000000	6.000000
14.000000	5.000000	13.000000	15.000000	7.000000
15.000000	6.000000	20.000000	20.000000	8.000000
4.000000	9.000000	4.000000	10.000000	3.000000
7.000000	8.000000	10.000000	2.000000	2.000000
13.000000	5.000000	6.000000	16.000000	19.000000
3.000000	5.000000	1.000000	8.000000	19.000000
18.000000	1.000000	3.000000	3.000000	7.000000
1.000000	17.000000	12.000000	12.000000	16.000000
12.000000	16.000000	16.000000	15.000000	17.000000
18.000000	13.000000	5.000000	20.000000	7.000000
18.000000	4.000000	11.000000	16.000000	19.000000
1.000000	18.000000	15.000000	13.000000	5.000000
13.000000	11.000000	17.000000	8.000000	13.000000
3.000000	8.000000	1.000000	7.000000	20.000000
9.000000	18.000000	7.000000	4.000000	4.000000
3.000000	14.000000	9.000000	19.000000	13.000000
15.000000	17.000000	8.000000	17.000000	4.000000
19.000000	18.000000	1.000000	13.000000	2.000000
9.396688	8.575362	8.407072	9.319625	5.000000
16.000000	17.000000	12.000000	17.000000	15.000000
3.000000	17.000000	12.000000	1.000000	20.000000
7.000000	4.000000	5.000000	15.000000	14.000000
7.437196	10.100192	8.646476	9.426932	18.000000
5.000000	15.000000	7.000000	6.000000	7.000000
8.797005	9.504807	9.065153	8.709182	16.000000
9.459413	9.393087	8.724732	9.287452	15.000000
8.916282	9.852784	10.288549	9.985845	7.000000
3.000000	8.000000	2.000000	7.000000	2.000000
15.000000	16.000000	3.000000	9.000000	12.000000
12.000000	13.000000	6.000000	18.000000	10.000000
7.738490	8.345680	8.041746	8.871597	8.000000
20.000000	7.000000	15.000000	3.000000	10.000000
9.932323	10.568543	10.974398	10.223464	13.000000
2.000000	14.000000	20.000000	3.000000	12.000000
2.000000	9.000000	7.000000	16.000000	9.000000
18.000000	7.000000	14.000000	15.000000	16.000000
3.000000	19.000000	12.000000	7.000000	18.000000
20.000000	18.000000	16.000000	6.000000	20.000000
6.000000	6.000000	12.000000	1.000000	9.000000
5.000000	14.000000	2.000000	16.000000	8.000000
14.000000	9.000000	8.000000	12.000000	4.000000
17.000000	10.000000	2.000000	10.000000	16.000000
9.000000	4.000000	6.000000	1.000000	10.000000
15.000000	20.000000	19.000000	11.000000	5.000000
7.948214	8.283113	8.268585	9.018673	20.000000
9.905912	10.139062	9.326161	9.251078	14.000000
20.000000	17.000000	2.000000	19.000000	1.000000
8.387694	8.232635	8.004384	9.603801	16.000000
17.000000	20.000000	20.000000	3.000000	20.000000
1.000000	9.000000	11.000000	20.000000	11.000000
7.000000	10.000000	18.000000	8.000000	3.000000
17.000000	18.000000	13.000000	1.000000	2.000000
6.000000	12.000000	10.000000	19.000000	11.000000
10.000000	8.000000	17.000000	11.000000	11.000000
13.000000	20.000000	10.000000	12.000000	14.000000
1.000000	4.000000	2.000000	3.000000	3.000000
9.450539	8.621074	9.250984	8.912473	8.000000
7.000000	19.000000	6.000000	11.000000	19.000000
19.000000	16.000000	3.000000	8.000000	6.000000
13.000000	10.000000	6.000000	9.000000	12.000000
16.000000	1.000000	11.000000	17.000000	4.000000
4.000000	9.000000	8.000000	18.000000	11.000000
7.507111	9.299756	8.322424	9.216968	11.000000
10.611794	10.268296	9.774350	9.960847	6.000000
12.000000	13.000000	13.000000	14.000000	1.000000
10.000000	6.000000	2.000000	15.000000	6.000000
10.543368	11.240266	11.217913	9.247945	18.000000
2.000000	19.000000	6.000000	1.000000	16.000000
8.000000	15.000000	17.000000	18.000000	12.000000
20.000000	8.000000	7.000000	20.000000	2.000000
4.000000	11.000000	7.000000	16.000000	4.000000
7.000000	5.000000	1.000000	20.000000	12.000000
7.000000	12.000000	13.000000	5.000000	7.000000
9.316495	8.946670	9.231556	9.752445	11.000000
13.000000	20.000000	5.000000	2.000000	9.000000
8.000000	1.000000	16.000000	6.000000	20.000000
10.000000	9.000000	3.000000	16.000000	4.000000
18.000000	14.000000	20.000000	19.000000	13.000000
3.000000	17.000000	16.000000	16.000000	13.000000
3.000000	10.000000	10.000000	20.000000	9.000000
12.000000	4.000000	8.000000	16.000000	5.000000
9.937426	10.748684	11.143884	10.943992	20.000000
9.717389	8.856689	8.729591	9.938658	8.000000
9.000491	9.932098	9.058408	10.164061	18.000000
5.000000	17.000000	14.000000	1.000000	4.000000
18.000000	15.000000	13.000000	20.000000	14.000000
14.000000	11.000000	9.000000	13.000000	19.000000
6.000000	9.000000	13.000000	2.000000	5.000000
13.000000	10.000000	17.000000	20.000000	12.000000
17.000000	3.000000	20.000000	9.000000	9.000000
9.000000	14.000000	5.000000	15.000000	6.000000
9.000000	12.000000	20.000000	13.000000	11.000000
9.995987	9.797316	9.032493	9.273911	11.000000
12.000000	18.000000	11.000000	4.000000	12.000000
15.000000	16.000000	13.000000	4.000000	16.000000
5.000000	20.000000	10.000000	16.000000	20.000000
18.000000	4.000000	13.000000	14.000000	18.000000
10.000000	14.000000	10.000000	9.000000	7.000000
12.000000	13.000000	4.000000	5.000000	18.000000
10.986127	11.220796	11.155302	10.720002	20.000000
10.000000	19.000000	15.000000	3.000000	2.000000
2.000000	7.000000	13.000000	3.000000	2.000000
13.000000	12.000000	5.000000	17.000000	6.000000
3.000000	19.000000	19.000000	4.000000	7.000000
17.000000	15.000000	12.000000	1.000000	20.000000
10.508368	10.101164	10.198434	10.773456	10.000000
6.000000	17.000000	1.000000	13.000000	11.000000
8.878542	9.489143	9.253954	8.628662	9.000000
10.000000	3.000000	12.000000	14.000000	11.000000
17.000000	8.000000	9.000000	8.000000	3.000000
10.168864	9.614511	8.863369	9.291108	8.000000
9.000000	19.000000	14.000000	7.000000	17.000000
9.198828	9.460720	9.800013	9.718248	17.000000
15.000000	13.000000	2.000000	3.000000	11.000000
10.000000	12.000000	13.000000	2.000000	18.000000
9.381926	9.085407	10.422883	9.480947	9.000000
20.000000	19.000000	5.000000	9.000000	9.000000
4.000000	9.000000	7.000000	9.000000	15.000000
7.286229	8.385498	8.368091	8.249885	2.000000
15.000000	6.000000	14.000000	17.000000	9.000000
9.384545	9.303116	8.795627	8.672542	19.000000
9.000000	11.000000	1.000000	6.000000	14.000000
1.000000	17.000000	4.000000	17.000000	5.000000
12.000000	1.000000	5.000000	10.000000	9.000000
19.000000	4.000000	4.000000	18.000000	15.000000
6.000000	12.000000	13.000000	19.000000	8.000000
9.174069	9.698666	9.801970	10.452200	10.000000
16.000000	5.000000	12.000000	8.000000	2.000000
5.000000	9.000000	10.000000	20.000000	5.000000
6.000000	11.000000	17.000000	10.000000	12.000000
6.000000	20.000000	8.000000	1.000000	17.000000
14.000000	6.000000	1.000000	6.000000	5.000000
20.000000	10.000000	19.000000	17.000000	6.000000
10.384445	10.188828	9.359050	9.201856	12.000000
8.671677	10.151632	10.039358	9.310246	8.000000
17.000000	9.000000	18.000000	13.000000	18.000000
11.066753	10.195386	9.970015	10.597274	11.000000
6.000000	10.000000	8.000000	18.000000	8.000000
4.000000	9.000000	17.000000	2.000000	6.000000
14.000000	2.000000	10.000000	15.000000	13.000000
1.000000	9.000000	20.000000	13.000000	12.000000
19.000000	1.000000	12.000000	17.000000	5.000000
1.000000	18.000000	15.000000	10.000000	6.000000
17.000000	7.000000	7.000000	16.000000	4.000000
8.388064	8.968005	10.184095	9.710216	13.000000
9.000000	8.000000	14.000000	18.000000	3.000000
18.000000	11.000000	3.000000	10.000000	3.000000
10.529363	10.315141	9.886566	9.773410	16.000000
9.922587	9.092403	9.207516	9.875896	20.000000
10.000000	1.000000	6.000000	9.000000	9.000000
1.000000	14.000000	8.000000	12.000000	8.000000
20.000000	13.000000	16.000000	6.000000	10.000000
10.283827	11.163846	10.000462	11.182184	4.000000
6.000000	18.000000	4.000000	20.000000	8.000000
19.000000	19.000000	18.000000	16.000000	3.000000
17.000000	5.000000	16.000000	2.000000	5.000000
7.536934	7.721656	8.185246	7.860302	5.000000
9.948391	10.104110	9.388827	9.860439	19.000000
19.000000	2.000000	14.000000	10.000000	14.000000
17.000000	16.000000	3.000000	20.000000	7.000000
10.000000	11.000000	5.000000	7.000000	6.000000
20.000000	3.000000	2.000000	15.000000	16.000000
10.162824	9.846954	10.776385	10.600112	12.000000
14.000000	2.000000	5.000000	2.000000	7.000000
16.000000	20.000000	8.000000	9.000000	2.000000
8.079471	9.423531	8.430481	8.846881	9.000000
8.376698	8.875588	9.835729	9.980029	12.000000
10.220700	10.356822	9.790718	10.171277	5.000000
9.685647	11.059504	9.806851	10.782452	3.000000
17.000000	3.000000	17.000000	13.000000	17.000000
8.687700	9.169238	9.619899	9.001651	8.000000
9.000000	3.000000	5.000000	9.000000	6.000000
8.901894	10.750072	10.274584	9.411774	15.000000
13.000000	10.000000	5.000000	19.000000	10.000000
8.974403	8.083707	8.938220	9.177878	9.000000
10.317111	9.614906	8.928995	9.684752	18.000000
20.000000	17.000000	6.000000	7.000000	7.000000
13.000000	8.000000	9.000000	9.000000	16.000000
10.767087	10.063046	9.314889	10.511821	7.000000
10.194072	9.561438	9.300673	10.118824	10.000000
6.000000	1.000000	9.000000	14.000000	18.000000
17.000000	12.000000	3.000000	12.000000	7.000000
6.696115	7.748511	7.015084	7.732994	10.000000
8.584017	9.637048	8.159469	9.107755	11.000000
12.000000	10.000000	3.000000	3.000000	17.000000
10.000000	7.000000	8.000000	17.000000	8.000000
17.000000	14.000000	20.000000	5.000000	7.000000
8.323776	8.898790	8.566903	8.361960	17.000000
17.000000	12.000000	7.000000	3.000000	9.000000
8.000000	16.000000	11.000000	4.000000	8.000000
13.000000	16.000000	10.000000	15.000000	10.000000
6.000000	16.000000	16.000000	5.000000	13.000000
15.000000	1.000000	18.000000	15.000000	17.000000
5.000000	16.000000	1.000000	15.000000	7.000000
9.000000	11.000000	11.000000	8.000000	13.000000
19.000000	15.000000	20.000000	1.000000	19.000000
20.000000	13.000000	6.000000	9.000000	20.000000
15.000000	6.000000	15.000000	2.000000	10.000000
7.779191	8.181392	8.694226	8.730859	3.000000
18.000000	1.000000	18.000000	10.000000	15.000000
16.000000	19.000000	17.000000	6.000000	6.000000
9.000000	17.000000	20.000000	1.000000	17.000000
