4.592834	5.210505	4.781113	5.369272	4.753201	4.747455	3.992314	4.443753	5.421879	4.668892
4.908395	7.262127	5.086018	5.316667	5.019519	5.104724	4.700190	5.223978	4.950689	5.147323
4.583745	4.688553	5.082880	5.443535	5.054969	5.049223	5.727852	5.115756	5.411180	4.423405
6.307104	4.833130	5.055609	4.725569	5.027697	5.021951	5.055528	4.536279	4.825479	5.443052
5.324097	5.513387	4.885859	5.360433	4.803952	4.833912	6.225860	5.550064	5.319042	5.224168
5.583973	4.570764	4.898350	4.920690	4.870439	4.864693	4.383744	5.096848	6.719359	4.883206
6.069647	5.067989	5.058450	5.301418	4.831424	5.233172	5.073278	5.521149	5.054558	5.286715
4.659890	4.989142	5.701032	5.206593	5.349624	3.716859	3.849815	5.013113	5.175853	5.450717
4.500406	5.647096	4.783292	6.737815	5.811605	5.110989	4.323174	4.900851	4.983009	5.682586
5.143968	5.660976	4.886959	3.448374	4.859047	4.853301	5.347665	6.001162	4.086860	4.068519
5.468589	4.520086	4.910990	4.507441	4.844491	4.929696	4.661935	6.859679	4.723677	4.890932
4.494614	5.642089	5.052125	5.150440	5.024213	5.018467	5.003883	3.190768	5.391520	5.837390
5.193446	5.929583	5.005449	3.781851	4.977538	4.971792	4.930377	4.762620	4.799361	4.809491
4.958653	4.253226	4.928082	5.301533	4.900170	4.894424	5.466914	4.785250	5.672803	4.444277
4.305566	4.752176	4.985955	4.304505	4.904047	4.934008	4.974837	5.755404	4.836806	4.776377
4.797453	5.654131	5.041745	4.664919	4.785754	4.391886	6.187847	4.672105	5.332048	4.328632
5.073296	5.552409	5.010110	4.911002	4.982199	4.976453	4.986041	5.375943	5.060205	5.171216
5.215612	3.970563	4.901614	4.808406	4.835115	4.920320	4.237300	4.086191	5.429089	5.384604
5.320508	4.112646	5.144167	4.875197	5.077669	5.162873	4.816451	5.000807	5.713109	5.784147
4.162049	4.614978	4.806873	5.303728	4.724966	4.754926	4.414293	5.360891	5.697633	5.459401
5.168433	5.277792	4.857710	4.170290	4.791212	4.876416	5.496284	6.092250	5.013451	4.804382
5.345205	5.219151	5.051860	5.739843	4.985362	5.070567	5.833798	5.647367	4.811625	5.577415
5.045244	5.419644	4.971242	5.037732	4.889335	4.919295	4.687534	5.154596	5.542011	4.602311
5.075671	5.115358	4.909528	4.629023	4.881617	4.875871	5.036612	4.311833	6.226114	5.590253
4.390208	5.632847	4.900994	5.200189	4.834496	4.919700	4.941458	5.052192	5.727662	5.330408
6.317441	4.507320	4.904365	5.155409	5.149249	4.747384	5.618981	5.397683	4.633387	5.372161
5.247259	4.701720	4.889679	4.096835	4.823181	4.908386	5.200902	5.100378	4.274635	4.323870
5.303931	5.689473	5.118617	5.625799	4.223793	5.148257	4.411330	4.573811	4.892809	5.596192
5.012294	4.128119	5.047174	5.046949	4.965266	4.995226	4.860332	3.926555	4.838610	4.393225
4.920507	4.888462	5.031123	5.889603	5.003211	4.997466	4.160282	4.433248	4.847336	4.820889
5.489379	5.458439	5.031232	4.139494	5.003321	4.997575	5.354041	4.590359	3.638033	4.910507
5.304163	4.893218	4.897031	4.970316	4.830533	4.915738	4.501962	4.800856	5.480623	5.015062
4.402710	5.247463	5.129305	5.221579	5.047398	5.077358	4.790159	5.145247	5.647556	4.934824
5.657702	4.620457	5.392444	5.306456	4.052225	5.794181	3.801031	5.454124	5.033054	5.469816
5.439115	5.653867	5.077332	5.365370	4.995425	5.025385	4.669556	5.089081	4.081145	5.281028
5.402743	4.657596	4.863781	5.953735	4.797283	4.882487	5.746941	4.717130	5.050055	5.154730
3.834830	4.351072	4.845727	4.428113	4.817816	4.812070	5.481676	5.243470	5.649421	4.807543
5.615874	3.850388	5.039231	4.416536	5.480225	5.644275	4.317379	4.610415	5.181779	4.708082
5.473228	5.319699	5.071424	4.545031	4.989517	5.019477	4.801010	4.800981	5.107970	5.034862
4.745249	4.711335	5.218885	5.808077	5.004405	5.340212	4.816724	4.405777	5.279286	4.521522
5.086783	4.895728	4.955599	5.537356	4.889101	4.974306	5.239049	5.471634	4.861279	5.399326
4.938675	5.466069	4.899012	4.498214	4.871100	4.865354	4.926547	5.718651	5.955512	5.563439
4.616882	4.643184	5.186038	5.721677	5.158126	5.152380	4.503055	4.331404	5.892676	4.666985
5.208131	4.705121	4.958180	5.515834	4.891682	4.976887	4.439349	5.675724	5.090813	4.376623
4.110669	5.416895	4.930071	4.900333	4.848164	4.878124	6.314236	5.572769	5.290837	4.418765
4.520934	5.309779	3.966722	4.571249	5.432927	5.227033	4.166910	5.466227	4.282428	5.249278
5.505847	4.690434	4.928554	4.603561	4.900642	4.894897	4.728922	4.792019	4.874064	6.206252
5.720534	6.462822	5.073781	4.952397	4.991874	5.021834	3.965808	5.361664	4.388920	4.549960
6.033045	5.037449	4.876213	4.890008	4.809715	4.894919	4.652417	4.447036	4.371657	5.089586
5.881457	5.354651	4.964352	4.990151	4.898048	5.390440	6.367577	5.119385	4.458135	6.170232
6.376156	4.396237	5.019162	4.850005	4.937254	4.967215	4.911944	4.812740	5.210169	5.395533
5.050567	4.863809	5.164977	5.806430	5.083070	5.113030	5.603846	5.283581	4.883582	4.708831
4.048975	5.058728	5.174514	4.082648	5.092607	5.122567	4.424530	4.850169	5.158294	4.463918
4.644370	5.255754	5.147307	4.183661	5.065400	5.095360	5.000682	4.480639	4.102252	5.202955
4.897400	5.824039	5.094705	5.404875	5.066793	5.061047	5.782908	4.184163	5.561254	5.680972
5.947299	5.408299	5.116126	5.488255	5.088214	5.082468	4.144571	4.308782	5.314735	5.342078
4.730564	4.588519	5.003362	5.030901	4.921455	4.951415	5.391964	6.028847	5.360599	5.605493
4.521236	4.900361	5.051733	4.448947	4.294677	4.753562	4.598677	4.899108	3.555838	5.667078
4.407617	4.397102	5.002755	5.887332	4.920848	4.950808	5.784323	4.488213	4.485772	5.513916
5.862325	3.914640	4.719316	5.252725	5.617279	5.214637	4.523405	4.761684	5.149652	5.190169
4.305906	4.102139	5.018729	6.321438	4.936822	4.966782	4.236975	5.026406	4.576736	4.712051
5.719663	4.458758	4.862109	4.954977	5.057844	4.675842	5.369729	4.404088	5.849395	4.117890
5.517652	5.038482	5.034272	5.346324	5.006361	5.000615	4.663121	5.360479	5.159152	4.766943
5.341141	4.270256	5.065048	5.439100	4.983140	5.013101	5.752707	5.888148	5.724453	4.118710
5.170923	5.120229	5.638877	4.086549	4.697936	4.781200	5.920416	4.677530	4.907663	4.958709
3.755697	4.566975	4.983043	4.497038	4.916545	5.001750	5.741348	5.408934	5.133889	4.835306
5.627898	4.154754	5.164772	5.700895	5.082864	5.112824	5.038165	5.276459	5.859962	5.001194
5.353859	4.692382	5.091176	4.598189	5.024678	5.109882	4.619233	5.043188	4.974448	5.428753
5.480743	4.719028	5.010765	4.547747	4.982853	4.977108	5.040270	5.097309	4.468997	4.565919
5.198551	5.003476	4.918159	5.405688	4.851660	4.936865	4.144787	5.015393	5.595476	5.214143
4.860679	4.333743	4.828922	5.601273	4.911141	3.962457	4.906394	4.859146	4.332602	4.302002
4.731314	4.498555	4.958735	4.600300	4.930823	4.925077	5.840446	5.095225	4.193506	5.692331
4.543482	5.982571	4.248090	4.338183	5.590898	4.979298	5.743892	5.417620	5.561132	5.504421
5.173294	5.059015	5.229645	4.177341	5.147738	5.177698	6.273687	3.251027	4.943236	4.186120
5.319323	4.576177	4.982168	4.320629	4.900260	4.930221	4.019969	5.187069	5.778520	5.076784
5.200541	4.924955	5.050416	4.913334	5.022504	5.016758	5.042089	5.064629	4.426497	6.160306
4.755645	5.555935	5.100618	5.741138	5.072707	5.066961	4.550353	4.613181	5.670817	5.291935
4.918258	5.313446	5.187191	4.168030	5.159280	5.153534	4.736373	5.444436	3.774968	5.894093
4.922906	4.714892	5.060028	5.567227	4.993529	5.078734	4.832324	3.868654	4.768611	6.053765
5.353576	5.057317	5.431438	5.031298	4.744123	5.002077	5.215544	5.129598	5.305909	4.999500
5.978070	4.212637	4.124375	5.376887	5.627621	5.047958	5.619998	5.386982	3.840367	4.857801
5.224341	5.612699	4.314647	4.742678	6.012384	4.598894	4.600159	5.194328	3.537483	4.400962
4.197867	4.934902	5.039926	6.170923	4.958019	4.987979	3.916745	4.614950	5.043596	4.998551
4.403502	4.970816	4.903069	5.278473	4.836570	4.921775	4.573180	5.402053	5.760295	5.667675
4.341197	5.500637	4.949682	5.576813	4.921771	4.916025	5.011031	5.336083	4.332279	5.048782
5.542085	4.514035	4.477871	5.332257	4.820653	5.541006	4.950565	5.803675	4.334152	5.048037
3.991122	5.058459	5.134946	5.023419	5.068448	5.153653	4.532141	6.016203	4.913867	5.378796
4.644761	4.824760	5.090432	4.914576	5.906949	3.857450	4.828721	5.156496	5.567413	5.253785
5.192086	5.246244	4.991069	5.022736	4.963158	4.957412	5.034115	4.319207	4.163363	4.848575
6.016423	5.465257	4.922891	3.547346	4.840983	4.870944	5.924966	5.576465	4.482953	5.634279
4.741404	4.454752	4.947401	5.444169	4.865493	4.895453	4.816127	5.134110	5.085034	5.653440
5.339159	5.240108	4.908351	4.202419	4.880439	4.874693	4.841504	4.861478	5.628481	5.195088
5.523776	4.988744	5.106513	5.059814	5.024606	5.054566	5.403875	5.169796	5.244477	5.889568
4.828420	4.950846	5.054560	5.491372	4.988061	5.073266	5.124055	6.116879	5.495958	4.834583
5.872322	5.245067	5.227679	5.790046	5.161180	5.246385	3.917063	5.853705	4.504436	4.219254
5.425089	4.023303	5.288214	3.649821	5.206307	5.236267	5.021214	5.656589	5.497609	5.109221
5.779922	5.267646	5.508536	5.403456	5.136957	4.511304	4.869452	4.853273	4.717490	4.789561
4.581530	5.394297	6.608331	4.521666	4.714244	5.045279	4.217912	4.792053	5.254028	4.248714
6.356514	5.450815	4.982753	5.216375	4.954842	4.949096	5.079149	4.069623	4.856469	6.909710
4.767880	4.980482	5.095803	5.498739	5.013896	5.043856	5.423744	4.757668	4.335409	4.816181
5.149957	4.886173	5.102627	5.872211	5.020720	5.050680	4.881062	4.959220	5.340485	4.824817
5.754190	4.698202	4.986442	4.729306	4.904534	4.934494	4.609118	4.263813	4.462801	5.763449
4.848699	5.825219	4.852616	5.347812	4.824705	4.818959	5.337442	4.733143	4.188261	4.664942
4.568142	5.308786	5.188173	4.665510	5.121675	5.206879	4.581260	4.819863	4.097980	4.235986
4.253547	5.176084	4.907968	3.633963	4.826060	4.856020	4.495584	3.789413	4.201436	4.582220
4.964930	3.881562	5.149208	4.812066	5.121296	5.115550	4.729019	4.719587	4.733990	4.386723
5.215236	4.467824	5.181891	5.257103	4.997647	4.157050	5.332179	5.394824	4.472774	4.934600
5.374600	5.838925	5.086792	5.868921	5.020294	5.105498	5.261855	5.062481	5.322319	3.875699
5.004712	4.432810	5.018389	4.112930	4.990478	4.984732	4.678687	6.178563	5.378439	4.564574
5.786748	5.663451	5.877027	5.641500	5.466053	5.655029	4.799524	5.149327	5.215740	5.222956
4.100975	4.305544	5.104597	4.174716	5.038098	5.123303	5.095991	5.738139	4.676403	4.508996
3.712264	4.587851	5.048456	4.384068	4.981958	5.067163	5.170654	4.665426	5.265211	5.188682
4.690412	5.546453	5.027359	3.835018	4.999447	4.993701	5.074014	4.675563	5.619184	5.979462
5.443483	3.996959	4.893117	5.614316	4.826619	4.911824	5.460573	4.997788	5.151127	5.701587
4.281219	5.539403	5.172450	4.885227	5.144538	5.138793	4.977287	5.178627	3.685397	5.832892
4.403880	4.689195	5.069411	4.314284	4.987504	5.017464	3.794995	5.265858	3.945072	4.619281
4.101112	5.118840	5.032084	5.724074	5.074855	4.696113	5.106532	4.879594	4.894424	5.388395
4.029068	4.153465	4.898981	4.109324	4.817073	4.847034	4.950156	5.029840	4.662355	5.502028
4.666169	4.796480	5.358536	4.743965	4.767562	6.399824	4.536074	4.715062	5.015753	4.004149
4.115316	4.753493	5.146895	4.520799	5.118983	5.113237	5.339005	4.729661	3.893971	5.308217
4.758739	5.225722	5.207958	5.018531	5.126051	5.156011	4.563486	5.288179	4.594914	4.591490
4.961068	5.665577	5.047241	4.212062	5.019330	5.013584	5.098414	6.211471	4.137710	4.872053
5.448601	4.893370	4.396257	5.144901	4.566372	5.309858	4.524791	4.293034	5.120138	4.339362
4.600147	4.344073	5.039619	4.896430	5.011708	5.005962	4.745259	4.928713	5.008164	4.829260
2.967137	5.669572	5.097703	3.891957	5.069791	5.064045	4.921181	4.698396	4.814542	4.017148
5.327886	5.003499	5.207305	5.731410	5.368399	5.561069	4.322687	4.869906	5.323800	4.731935
4.823362	5.001433	4.942256	5.415913	4.875758	4.960962	5.621581	5.776075	4.417447	4.947927
5.075445	4.765857	5.647576	5.102785	5.542198	3.889441	4.935067	4.725506	3.291922	4.887771
4.390035	5.198848	5.082450	6.503926	5.000543	5.030503	4.682936	4.309344	4.404681	5.124586
4.239402	3.993151	5.950777	5.429973	4.740318	5.038062	5.191629	5.080254	4.861348	4.438069
5.376863	5.465313	5.079625	4.726313	6.384415	5.747667	4.849111	5.169928	4.995911	4.677419
4.795318	4.156985	5.006115	5.545508	4.924208	4.954168	5.048645	5.476548	5.691562	4.924988
4.506382	5.188817	4.994877	4.758568	4.928379	5.013583	4.381560	4.796093	5.219954	4.937240
4.690024	5.834392	5.021025	4.749569	4.954526	5.039731	5.338921	4.655918	5.372825	5.617143
4.764551	5.260747	5.186398	4.656047	5.158486	5.152740	4.669903	5.005694	5.543427	5.876576
5.720618	5.200854	4.829541	4.627385	4.801630	4.795884	5.081970	4.838098	4.366011	4.220757
5.009567	4.867780	5.246221	5.096243	5.164313	5.194273	4.975408	5.303766	4.319109	4.810939
5.354971	4.017231	5.142697	4.932836	5.060790	5.090750	5.581165	5.359455	4.779646	5.825658
4.550985	4.278131	5.058905	5.703519	4.976998	5.006958	5.823605	5.763629	5.655651	5.008749
4.560378	5.228150	5.425173	4.199594	4.462701	6.659239	4.951207	5.663126	5.212149	4.032335
5.510956	6.010365	5.091288	6.047589	5.009381	5.039341	4.321813	5.046246	4.683484	5.039944
5.341457	4.170889	4.962726	5.270029	4.896227	4.981432	4.689003	4.244832	4.983718	5.044949
5.110457	4.298492	4.979258	5.228192	4.951346	4.945601	4.869157	5.472778	5.382793	5.366786
5.325222	3.887416	4.712420	4.519310	5.186556	4.929555	6.506641	3.888918	5.109814	5.050103
5.761399	4.926168	4.987211	4.304372	4.920713	5.005918	5.520608	5.768608	4.027061	5.319776
5.535524	4.506116	4.965187	4.757257	4.898689	4.983893	4.217968	4.600885	4.766273	5.178161
5.432625	4.485904	5.216378	5.292181	5.188467	5.182721	4.926964	5.742621	5.160398	5.035147
5.022696	5.570149	5.051201	5.595107	5.023290	5.017544	5.443467	4.009099	5.167192	4.954934
5.093530	5.235389	4.845713	5.132321	4.837314	4.738147	5.638190	5.637920	5.199311	5.159125
5.149061	5.240601	5.071524	4.604066	5.005026	5.090230	4.608561	4.679184	6.208509	5.054627
5.615796	3.897704	5.037971	4.500267	4.971473	5.056677	6.567906	4.843362	4.329270	4.124785
4.691235	5.909543	5.051114	3.383133	4.984616	5.069820	5.645169	5.037224	4.675986	4.663178
4.574798	4.103007	4.946006	4.796275	4.864099	4.894059	4.649738	4.790718	4.433825	5.410714
4.572679	4.944203	5.060519	4.599453	5.032607	5.026861	5.262092	4.496899	4.784965	5.450222
5.232934	4.931679	5.191154	4.281868	3.686831	4.218923	5.457485	5.694877	4.809155	4.848666
5.845228	5.536100	4.888921	5.303668	4.861009	4.855263	5.107128	5.443024	3.902314	4.274804
6.005053	5.458059	4.999598	5.746336	5.029080	5.779456	5.706995	4.428570	5.396475	4.510380
4.207185	4.872827	5.302585	5.576018	5.103221	4.008892	5.163480	5.221187	4.804755	4.984541
4.011620	4.432856	4.642758	3.683287	4.643310	5.831233	5.710256	4.854337	5.105247	5.552687
5.112343	4.771405	5.638174	3.808222	4.232034	4.095725	5.377046	4.781703	4.764551	4.573134
4.766565	5.309954	5.183075	6.185611	5.101168	5.131128	4.559503	4.223637	5.372394	5.267242
5.323551	4.563631	5.007750	4.742565	4.925843	4.955803	5.868172	4.102980	4.623906	4.829462
5.175533	3.900868	5.022288	5.068414	4.955790	5.040995	4.658197	5.193208	5.271473	4.809478
5.834768	4.759615	5.388846	4.526571	4.452934	5.524083	5.337574	4.616055	4.256650	4.596396
5.059626	5.867703	4.808781	4.784789	5.617400	6.248676	5.302963	5.624685	5.142392	4.750427
5.680990	5.843313	5.152423	5.963112	5.124512	5.118766	4.795509	4.498624	4.645028	6.253863
5.808936	5.916928	5.058613	5.444182	4.992115	5.077319	5.404745	5.630430	4.769278	4.599463
5.153846	4.816845	5.104503	6.470915	5.022596	5.052556	5.723967	5.700178	4.760873	5.662407
4.692106	5.516267	4.987924	4.731617	4.921426	5.006630	5.470617	5.374715	4.966076	4.638660
5.201581	5.646357	4.738572	4.498970	5.271160	5.308824	4.712605	4.426381	4.281504	4.431418
4.512149	5.061781	5.236646	3.961543	5.300960	4.046473	4.652010	4.159313	6.177083	5.448591
4.868028	5.296618	5.038671	4.842216	4.956764	4.986724	4.936245	5.875055	4.884787	3.772525
5.393803	3.970903	5.025352	5.569572	4.997440	4.991694	5.895656	6.174080	5.320795	4.447913
4.752857	5.257794	4.875375	4.509732	4.808877	4.894081	5.114035	4.087309	5.753701	4.695446
4.594290	5.767420	5.014405	4.122440	4.947906	5.033111	5.042630	5.777730	4.729293	4.416017
5.356627	4.380517	4.815896	5.466094	5.333462	4.982292	5.200042	4.042533	5.005362	4.132967
4.932612	4.650622	5.092033	4.688110	5.025535	5.110740	5.152451	5.114635	3.739145	4.776577
5.415565	5.180771	4.620052	5.737295	5.004644	5.700550	4.652526	5.905824	4.880227	4.675585
4.120476	3.991257	4.910672	5.826021	4.844173	4.929378	4.680534	4.510294	5.653748	4.700874
5.269109	4.709445	5.099929	4.692361	5.018022	5.047982	4.800732	5.300651	5.547909	5.307713
5.364767	4.897446	4.976596	4.777897	4.910098	4.995303	5.152642	4.825557	5.504471	5.640670
5.514923	4.384569	5.072385	5.422351	5.044474	5.038728	4.592319	4.708921	4.978135	3.884414
4.687529	3.672297	5.055515	5.127392	4.989017	5.074222	5.225956	5.137934	5.434312	5.455592
4.845519	4.981220	5.155060	4.799263	5.073153	5.103113	5.092071	5.574499	5.141755	4.967829
5.142328	4.919087	4.823621	4.914549	4.757123	4.842328	4.392487	5.320436	4.783207	4.888331
5.196035	5.944969	5.057174	5.933553	5.029263	5.023517	5.455404	5.145763	4.385346	4.792749
5.114126	3.969041	5.103192	4.911278	5.021285	5.051245	5.097411	5.884669	4.923479	4.586179
4.854592	5.042940	5.044545	4.546137	4.962638	4.992598	4.840871	4.121408	4.951275	4.750514
4.925776	4.506855	5.060726	4.418532	5.032815	5.027069	3.971540	5.401758	4.106746	6.240422
3.934294	4.992856	5.050244	5.321624	4.983746	5.068951	3.828022	5.321821	4.703012	4.122713
5.073026	4.836882	5.040054	5.299459	5.012142	5.006396	4.645356	5.010662	5.090772	4.216928
5.894123	4.188602	5.181771	5.243340	5.115273	5.200478	4.558189	4.659038	5.501049	5.757471
5.064171	4.652333	5.157851	5.611200	5.091352	5.176557	4.148264	4.365674	5.148793	4.971670
5.555224	5.368769	5.327290	5.582001	5.829394	4.500708	4.952903	5.270366	5.532990	5.074475
5.054676	4.963111	5.014580	5.015944	4.948081	5.033286	5.044600	4.874126	4.537373	5.518740
5.599918	4.035419	5.081898	5.250628	4.999991	5.029951	5.075304	4.466296	5.820508	5.182848
4.254225	4.746469	4.875518	5.730263	5.433643	4.307196	5.967057	4.820460	5.847457	4.958992
5.249678	3.714751	5.057328	4.896568	4.975421	5.005381	5.570216	4.214845	4.393915	5.606514
4.524745	5.179851	4.945412	4.261343	4.878914	4.964118	4.062587	5.496256	4.895445	6.044021
5.308407	4.655647	4.707176	4.175815	3.780886	4.871630	5.127443	4.963632	4.957831	4.312777
