4.914893	6.064569	4.781513	5.934922	4.753601	4.747855	4.521931	5.501425	4.264281	5.052417
4.150167	5.647251	5.136306	5.718746	5.069808	5.155013	5.391208	5.065005	4.123292	6.013710
5.460905	4.082264	5.083281	5.830369	5.055369	5.049623	4.945494	5.336888	5.921376	4.909228
5.209727	5.515331	5.056009	4.810623	5.028097	5.022351	4.251937	4.773847	4.611920	5.855426
5.033278	5.711738	4.902040	5.067082	4.820133	4.850093	5.178561	5.773749	5.052688	4.699972
5.202525	4.799685	4.898750	5.184316	4.870839	4.865093	4.315773	4.600674	4.631645	5.505433
5.007821	5.019212	4.425261	5.295858	4.370451	5.515061	4.153162	4.385465	5.157701	4.856456
5.029022	4.775567	4.942932	5.599625	6.423415	4.593667	4.844046	5.127776	5.657623	5.204194
5.166483	4.868180	5.562325	5.295388	5.561816	4.471292	4.100604	5.751468	5.067980	4.297400
4.205725	5.374074	4.887359	5.624096	4.859447	4.853701	4.992611	4.282910	4.546362	4.686078
5.098316	4.363523	4.961278	5.046825	4.894780	4.979985	5.707053	6.036136	5.130936	3.865049
5.293799	4.291000	5.052525	4.639096	5.024613	5.018867	5.048972	5.902483	5.208248	4.235857
4.821607	4.479543	5.005849	4.837278	4.977938	4.972192	5.627778	5.429218	5.881070	5.530137
5.472198	5.427255	4.928482	5.440934	4.900570	4.894824	4.462339	5.299665	5.376316	4.364329
3.669190	4.636235	5.002136	3.402621	4.920228	4.950189	4.882200	4.934213	5.285091	4.764802
5.363736	4.286087	4.552783	5.381311	5.560042	5.516936	4.932557	5.707835	4.824521	4.035637
4.944197	6.860578	5.010510	5.306900	4.982599	4.976853	5.086642	4.682661	5.274935	4.429418
5.473855	5.325425	4.951902	5.385546	4.885404	4.970609	4.158166	4.967482	4.890039	5.337416
4.939010	5.632604	5.194456	5.305530	5.127957	5.213162	5.087866	5.197913	5.599624	4.490702
5.213022	5.530163	4.823054	4.215013	4.741147	4.771107	4.942212	4.855423	5.327955	4.381497
5.077088	5.398074	4.907999	5.048592	4.841500	4.926705	4.763680	5.405965	5.487107	4.658546
4.566426	5.213590	5.102149	5.204550	5.035651	5.120855	5.106287	5.092220	4.868522	4.743331
5.252539	4.133672	4.987423	5.242504	4.905516	4.935476	6.375350	4.752213	5.443933	5.831994
4.966351	4.833754	4.909928	6.282203	4.882017	4.876271	4.424681	4.592659	6.373228	5.299552
4.749413	6.025670	4.951283	5.570328	4.884784	4.969989	4.930521	6.005102	5.380971	5.229907
5.099183	3.724471	5.271204	6.124732	5.155607	5.044330	5.196621	5.198598	3.927981	4.855827
4.504170	4.296365	4.939968	5.486813	4.873470	4.958674	5.287679	5.549639	5.459311	5.228852
5.496483	4.911683	5.321489	5.200811	4.699956	5.543914	5.707317	5.384558	5.219107	4.854697
4.480195	5.166234	5.063354	4.740287	4.981447	5.011407	4.955430	5.561522	5.222272	4.795498
5.142351	4.418315	5.031523	5.067536	5.003612	4.997866	4.592117	4.942094	6.615553	4.367492
4.937961	4.262089	5.031632	5.252243	5.003721	4.997975	6.210334	5.340158	5.749452	5.460065
5.192373	3.802162	4.947320	4.743282	4.880822	4.966026	5.829545	4.891375	5.020455	3.778679
5.547160	4.638105	5.145486	4.018947	5.063579	5.093539	6.227184	4.552302	4.054244	4.503636
5.267786	4.818216	4.429465	4.963332	5.842311	4.639183	5.262030	5.483185	5.160200	4.655930
4.873623	4.197934	5.093513	5.073058	5.011606	5.041566	4.910678	4.403849	3.639584	5.248703
5.040454	5.271635	4.914070	5.822860	4.847571	4.932776	5.084378	4.587683	4.343425	5.104310
4.770740	5.447587	4.846128	4.790091	4.818216	4.812470	4.607988	6.177027	4.763026	5.650752
4.314786	5.093336	5.429317	5.144432	4.860609	5.203672	5.194464	5.436172	4.680552	5.625249
4.708339	4.917782	5.087605	4.922429	5.005698	5.035658	4.624112	4.786369	4.166715	5.229298
5.261389	4.707517	4.634670	4.499723	4.385209	5.077938	5.594684	4.540092	5.319162	4.649844
3.826614	4.292973	5.005888	5.000453	4.939390	5.024594	5.735207	5.172429	4.993984	5.350582
5.858498	4.729902	4.899412	5.236276	4.871500	4.865754	5.513278	4.578341	4.891863	5.141905
5.343193	5.020794	5.186438	6.229159	5.158526	5.152781	6.263838	5.699324	4.735017	5.272453
4.197882	5.383657	5.008469	5.165602	4.941971	5.027175	3.925827	5.032920	5.552939	5.642856
5.266620	4.588269	4.946252	5.027102	4.864345	4.894305	5.034196	4.762177	6.031384	5.445800
4.316350	5.122756	5.355503	4.624109	4.649706	4.398279	5.037799	5.618444	5.825883	5.637279
6.024323	5.542266	4.928954	4.282944	4.901042	4.895297	5.437376	4.802036	5.002177	4.616378
4.777872	5.267119	5.089962	4.334708	5.008055	5.038015	4.020248	4.897966	5.590246	4.737854
5.297052	5.530296	4.926502	4.703999	4.860003	4.945208	3.775759	4.429235	5.244913	4.916508
5.313524	4.635396	5.785380	5.048665	5.210264	4.981008	5.003626	4.163492	3.578106	4.323711
4.224747	4.205535	5.035343	4.716176	4.953435	4.983396	5.599790	4.839773	4.890376	5.290658
4.346838	6.620470	5.181158	6.147215	5.099251	5.129211	5.561729	3.830997	5.927117	5.620216
5.139525	4.847818	5.190695	4.869135	5.108788	5.138748	4.495812	4.546619	5.151245	4.457836
5.549015	4.295470	5.163488	5.242773	5.081581	5.111541	4.579420	5.218687	5.281866	5.008501
4.537518	4.769829	5.095105	4.373904	5.067193	5.061447	5.250032	4.478367	4.773814	4.821549
3.186269	5.621334	5.116526	6.301068	5.088614	5.082868	6.259133	4.369172	4.982616	4.917609
4.859212	5.160976	5.019543	4.782364	4.937636	4.967596	4.998912	6.338343	4.648349	6.022424
5.856623	5.394379	4.616338	4.041851	4.850009	4.969503	4.721570	4.532873	4.677764	3.542557
4.906672	5.608153	5.018936	4.640436	4.937029	4.966989	4.737808	5.617962	5.724229	5.027101
5.599760	5.278601	5.072351	4.735433	4.980582	6.624092	4.824660	4.053561	5.473866	5.368904
5.080310	5.030417	5.034910	4.517695	4.953003	4.982963	5.709846	4.749709	5.244705	4.846506
4.568530	5.038283	4.282809	5.529862	4.715287	5.146987	5.411014	4.428347	5.078660	4.798372
3.793245	4.593409	5.034672	4.382303	5.006761	5.001015	5.224268	4.914095	4.961205	5.432145
4.571970	4.623124	5.081229	4.114107	4.999321	5.029282	5.068242	5.067243	5.251384	4.140650
4.838320	4.889112	4.930717	4.558867	5.393581	4.933158	4.731231	4.644046	6.390946	3.990611
5.132148	5.575759	5.033332	5.048695	4.966834	5.052038	5.391635	5.554607	4.214093	4.817817
5.163982	5.287041	5.180953	5.242844	5.099045	5.129005	4.336800	5.803481	4.665879	4.725569
4.934492	4.270023	5.141465	5.630032	5.074966	5.160171	5.200381	4.651670	4.316964	4.374754
4.780175	5.660009	5.011165	4.521220	4.983253	4.977508	4.302686	5.431560	4.478838	5.317671
4.945654	5.405825	4.968447	5.013937	4.901949	4.987154	5.305003	5.132478	4.714752	5.479851
5.146516	4.658105	4.976792	5.235171	5.441828	4.141986	4.920337	5.198292	4.847593	4.829051
5.528480	4.903768	4.959135	4.160368	4.931223	4.925477	5.194971	5.102046	5.832483	5.292620
5.337308	4.860880	5.450836	4.329119	4.929899	4.682844	6.437769	4.384362	4.899271	3.836483
5.042984	4.692905	5.245826	6.095782	5.163919	5.193879	5.216267	5.350468	5.234164	4.876422
5.807923	5.922542	4.998349	4.786747	4.916441	4.946402	5.145020	5.442483	5.351745	5.610649
4.274862	5.266517	5.050816	5.683937	5.022904	5.017158	4.537656	4.110981	4.572386	5.210444
4.664156	4.840474	5.101018	4.335520	5.073107	5.067361	5.313774	5.592509	4.948812	5.087324
4.020391	4.966524	5.187592	5.095967	5.159680	5.153934	4.849954	4.139648	5.710826	4.996574
5.765431	4.508698	5.110316	4.767788	5.043818	5.129023	5.288379	5.373898	4.288970	4.629633
5.533737	4.991406	3.954428	4.662607	5.293951	5.101022	4.601241	4.351868	4.862693	5.721807
4.489548	6.018855	5.581969	5.241040	4.910057	4.376050	5.267632	4.940432	6.119558	4.514809
4.770515	4.809792	3.989480	4.659401	4.972313	5.871346	5.247438	5.029918	5.417424	4.557014
5.062519	4.283864	5.056107	4.773444	4.974200	5.004160	5.259537	3.848219	4.983317	5.190068
5.209450	4.534166	4.953357	5.060483	4.886859	4.972064	4.612617	5.299161	5.574879	4.337030
5.123536	4.194658	4.950082	6.001177	4.922171	4.916425	5.295016	4.195524	5.154480	4.508672
5.323022	4.826953	5.173733	4.952529	4.579514	5.515216	4.884571	5.569452	5.155633	4.965253
3.610212	5.876072	5.185235	5.185298	5.118737	5.203941	4.913413	5.571389	4.991392	4.102398
4.899335	4.776285	4.934835	4.185187	5.116331	5.198639	4.784906	5.148096	5.334435	4.924568
4.892914	4.169333	4.991469	5.428038	4.963558	4.957812	5.283491	4.818800	4.890706	5.344625
5.177487	5.410640	4.939072	5.559107	4.857164	4.887125	5.523081	4.422786	4.873529	5.762307
5.302396	5.275947	4.963582	5.574123	4.881674	4.911634	4.759149	5.122576	4.787690	4.858970
4.393211	5.132239	4.908751	4.791809	4.880839	4.875093	6.220461	4.556403	4.449367	5.408763
5.110060	5.080634	5.122694	4.356122	5.040787	5.070747	4.184894	4.852392	5.129206	4.902069
4.865592	5.281671	5.104848	5.097074	5.038350	5.123555	4.430034	5.106330	5.004416	4.468384
4.862170	5.183415	5.277967	5.403418	5.211469	5.296674	4.705824	4.887341	4.248971	4.065810
5.255712	5.150729	5.304395	4.811262	5.222488	5.252448	4.498068	5.477561	5.095286	5.252682
5.349552	6.334735	5.153655	5.186278	4.476620	4.985435	5.525568	3.254429	4.545581	5.038881
5.119405	5.164506	4.513805	5.046189	5.587938	5.311077	5.389632	4.716840	4.863570	5.171003
4.554241	5.362870	4.983153	5.093119	4.955242	4.949496	5.194443	5.009754	4.439218	5.593337
4.878997	5.143942	5.111984	5.183552	5.030077	5.060037	5.059997	4.900791	5.646336	5.269945
4.801915	5.167686	5.118808	4.599732	5.036901	5.066861	5.176619	5.094362	5.315901	5.289803
5.215620	4.494821	5.002623	4.201946	4.920715	4.950675	4.553252	5.163519	5.336817	5.246755
4.796036	5.708694	4.853016	4.850332	4.825105	4.819359	4.828773	4.882059	5.614133	5.175303
5.108617	5.779956	5.238461	4.606175	5.171963	5.257168	4.781720	5.054063	4.660128	6.297352
4.562927	5.166915	4.924149	4.461203	4.842241	4.872201	6.097084	4.999673	5.295370	4.830714
5.728452	5.145458	5.149608	4.357025	5.121696	5.115950	4.798689	5.120341	4.853014	5.869505
4.404907	5.074026	5.631900	5.454951	5.316302	5.181914	4.232637	5.012372	4.359235	5.323503
5.272695	5.519054	5.137081	4.473244	5.070582	5.155787	4.849788	5.466556	4.398604	3.939716
5.475072	5.481926	5.018789	5.808372	4.990878	4.985132	4.366303	4.494188	4.771041	5.045669
5.131957	4.883491	5.152268	5.333279	5.476586	5.492076	4.534034	6.270898	5.035630	5.369216
5.131999	4.853060	5.154885	6.108148	5.088387	5.173592	4.521894	5.289648	3.600468	5.490428
4.036702	5.108953	5.098745	4.569727	5.032247	5.117451	4.651257	4.866568	5.404930	4.169383
4.739026	4.504640	5.027759	5.515844	4.999847	4.994101	4.599743	5.109190	5.857573	4.896224
5.233998	4.765618	4.943406	6.422103	4.876908	4.962112	6.046758	4.968613	4.176715	4.828613
3.758976	4.620923	5.172850	5.107583	5.144938	5.139193	5.254578	5.007318	4.370616	4.389254
4.720428	4.627962	5.085592	4.745760	5.003685	5.033645	4.435197	5.830936	5.499665	5.460139
4.761762	5.220498	5.309056	4.307436	5.268289	4.356007	4.221578	5.065461	5.639260	4.724248
5.461445	5.267713	4.915162	4.649561	4.833254	4.863214	4.268625	5.225348	5.844289	4.543909
4.551202	5.906758	4.891774	5.250362	4.526891	5.145504	5.310933	5.707741	4.538249	4.848647
4.823903	5.241131	5.147295	5.279955	5.119383	5.113637	6.273598	3.656279	4.845107	5.615957
5.795565	5.807376	5.224139	5.345108	5.142232	5.172192	4.681529	5.171420	4.885526	4.741352
5.726704	5.557595	5.047641	4.086283	5.019730	5.013984	5.526003	4.652919	4.726004	6.251526
5.236449	4.626164	5.135852	4.476302	4.950651	5.392096	4.258964	5.442310	5.572400	5.839079
5.051167	4.292276	5.040020	5.181861	5.012108	5.006362	4.350377	5.384523	6.275720	3.993217
3.972098	4.951247	5.098103	4.543966	5.070191	5.064445	4.790490	5.194249	4.324503	4.608250
4.993969	5.030914	4.296476	4.654165	5.412176	4.600873	5.593403	5.063335	5.414241	4.800991
5.351257	4.717321	4.992545	6.273601	4.926046	5.011251	5.349723	6.064615	4.338882	5.683235
5.164755	4.684827	4.713791	5.999794	5.609395	5.602398	5.810088	5.919289	4.967186	4.176302
4.683112	4.973586	5.098631	5.302679	5.016724	5.046684	4.067672	5.027498	5.945019	4.460666
4.108239	4.334153	5.377374	5.294461	4.730000	5.159246	5.691818	4.292297	5.253521	4.064112
5.115411	5.217450	4.955684	5.318078	6.112763	5.295615	5.317408	4.550985	4.456219	5.397838
4.627866	4.543550	5.022296	4.794697	4.940389	4.970349	4.892766	4.198473	5.070452	5.108945
3.994735	4.882250	5.045166	4.477964	4.978667	5.063872	4.901822	4.700447	5.136024	3.859683
5.400124	4.214626	5.071313	4.797787	5.004815	5.090020	5.215044	5.606900	5.150646	5.114090
4.684910	4.480741	5.186798	5.088902	5.158886	5.153141	4.580256	4.698973	4.328912	4.575101
5.227636	5.025511	4.829941	4.543129	4.802030	4.796284	5.089725	4.956231	4.624312	5.646595
4.972258	4.619487	5.262402	4.416714	5.180494	5.210454	4.352106	5.718656	5.354614	3.647586
4.504855	4.783961	5.158878	5.887280	5.076971	5.106931	5.477285	6.563810	4.863450	6.075427
5.544920	5.307499	5.075086	4.677916	4.993179	5.023139	5.442589	5.304483	4.547044	4.493711
4.879124	4.905464	5.775306	5.697901	5.473651	5.203317	4.481643	4.830886	5.466462	4.329009
4.866529	4.620941	5.107469	4.380879	5.025562	5.055522	4.748707	5.333273	5.140053	4.877910
4.156733	4.987846	5.013014	4.620149	4.946516	5.031721	5.373908	4.681127	3.962197	4.751606
5.291475	5.045185	4.979658	4.815346	4.951746	4.946001	4.526686	5.097929	4.888392	4.355611
5.085567	4.165805	3.461333	4.805586	4.737630	5.690475	5.440598	4.974537	5.509993	4.703294
5.882970	4.468549	5.037500	4.136126	4.971002	5.056206	5.745228	4.854495	4.793696	5.990802
5.172691	5.267059	5.015476	4.508473	4.948977	5.034182	5.506681	4.915157	4.657933	4.604496
4.747157	5.390778	5.216778	5.805792	5.188867	5.183121	4.416914	5.107060	4.577666	4.996124
4.775980	4.894494	5.051601	4.940134	5.023690	5.017944	5.209878	4.477921	4.960816	3.915288
4.203133	5.438762	4.948625	5.311233	5.387473	4.889847	5.876295	4.547989	5.224596	4.692213
5.057857	5.677041	5.121813	4.356566	5.055315	5.140519	5.401842	4.059917	4.153737	6.102346
4.973084	5.061882	5.088260	5.091556	5.021761	5.106966	4.650470	5.081987	5.262392	5.028920
4.963830	5.178967	5.101403	5.261752	5.034904	5.120109	5.086307	4.707209	4.295777	5.916343
4.472600	5.025966	4.962187	4.210074	4.880280	4.910240	5.223598	4.230209	5.030823	5.930884
4.513500	3.733467	5.060919	5.643824	5.033007	5.027261	4.984997	5.898145	5.041508	5.016811
5.005287	5.785077	5.464402	5.465429	4.585547	4.588047	5.242307	5.418922	4.758890	5.217561
4.449128	4.632883	4.889321	4.681331	4.861409	4.855663	6.348602	4.884767	5.526840	4.487138
4.409701	4.040651	5.159379	4.890419	4.593592	4.419178	4.822064	5.181104	5.319633	4.888768
6.837779	5.564236	5.849099	5.322599	5.122544	4.651516	3.919402	4.935480	4.679170	4.773022
5.047091	4.519649	5.212056	4.204217	5.534650	4.420654	4.707242	4.065789	5.071943	6.082436
4.690154	5.345609	4.755073	4.723882	5.584610	5.417331	5.957180	5.588416	4.785515	5.927139
4.203647	5.151038	5.199256	4.794827	5.117349	5.147309	5.529929	5.720420	4.994363	4.367152
4.707971	5.976086	5.023931	5.323963	4.942024	4.971984	4.945432	4.717360	5.743365	4.494220
5.515854	4.502334	5.072577	5.211474	5.006079	5.091283	4.711048	4.434653	5.505846	4.086307
4.217297	5.203729	5.183566	4.629473	5.118518	4.356613	5.040817	5.709761	4.163650	4.352439
4.954601	5.347165	4.975817	3.939082	4.470517	5.487798	5.539963	5.355690	4.310484	5.442120
4.494969	5.624103	5.152823	4.840676	5.124912	5.119166	5.594774	5.349904	5.903486	4.820204
5.118919	5.302374	5.108902	4.881321	5.042403	5.127608	4.967525	5.155867	4.845343	4.853008
5.386101	5.171607	5.120684	4.822461	5.038777	5.068737	5.344095	4.743061	5.379632	4.897986
5.040596	5.098705	5.038213	5.487137	4.971714	5.056919	5.274111	3.392976	4.585909	4.847930
4.737461	4.384871	3.640957	5.510254	5.023365	3.266584	4.688948	4.817929	5.198712	4.796232
4.286436	4.678626	5.307243	4.295382	5.432516	4.116553	3.724658	4.938304	5.096012	4.805511
5.730566	5.461193	5.054852	4.730997	4.972945	5.002905	5.725378	5.040874	4.136436	4.084834
5.092259	4.225404	5.025752	4.731689	4.997840	4.992094	4.429359	5.753082	4.413077	4.460488
5.528421	4.423357	4.925663	6.079067	4.859165	4.944370	5.063301	4.421549	4.713361	4.378785
5.370381	6.214122	5.064693	5.280180	4.998195	5.083400	4.791672	4.833875	4.717862	4.548502
5.136146	5.670171	4.257565	4.846313	4.476579	5.239539	4.733905	4.621782	5.661515	4.046623
5.269639	5.418324	5.142322	4.755772	5.075824	5.161028	5.658827	4.425080	4.488460	5.249146
4.887284	4.720034	4.261624	4.470300	5.006887	5.111891	5.134528	5.200860	4.846593	5.846429
3.790287	4.878334	4.960960	5.262209	4.894462	4.979667	4.952936	5.444170	5.209671	5.087269
5.411051	5.056228	5.116110	4.551258	5.034203	5.064163	4.854105	4.634098	4.882300	5.739256
4.896915	3.716775	5.026885	5.211803	4.960387	5.045591	4.841064	5.867833	5.451331	5.186911
4.827234	4.984213	5.072785	4.942834	5.044874	5.039128	4.634585	5.735228	6.064500	5.195582
5.935104	5.086038	5.105804	4.732403	5.039306	5.124510	5.082366	5.073371	5.319142	5.341774
5.351040	5.501199	5.171241	4.768176	5.089334	5.119294	4.952631	4.885759	4.369952	4.507232
4.815197	5.026112	4.873910	5.111628	4.807412	4.892616	4.408898	5.069268	5.811641	5.033496
5.100227	4.821404	5.057574	6.352027	5.029663	5.023917	4.475514	5.056496	4.529854	4.730914
3.997228	4.720214	5.119373	4.558135	5.037466	5.067426	5.687686	4.667206	5.618385	4.185548
5.595212	4.037524	5.060726	5.132731	4.978819	5.008779	5.246158	3.804269	5.094604	5.755060
5.614002	4.824081	5.061126	4.910559	5.033215	5.027469	5.156306	4.636779	5.542757	5.710285
4.794117	5.055176	5.100533	5.137908	5.034035	5.119239	5.352187	5.841600	5.884787	4.618211
6.099205	4.693954	5.040454	5.175607	5.012542	5.006796	5.590483	4.100669	5.207507	5.008760
4.725220	4.040349	5.232060	4.666951	5.165562	5.250766	3.745402	5.370140	4.748015	4.493958
5.240725	4.782465	5.208139	3.872140	5.141641	5.226846	4.009283	5.007398	4.712969	3.992484
4.774884	4.753124	4.157685	4.834310	5.168341	5.019878	4.862693	4.135361	5.163884	4.540108
3.812893	4.390958	5.064868	5.097399	4.998370	5.083575	4.521241	4.578451	4.719203	4.778062
4.942598	4.755505	5.098079	5.578365	5.016172	5.046132	4.103370	4.915320	5.017365	4.176689
5.256008	5.215355	4.226094	5.068837	6.081414	5.077088	4.968564	4.700714	5.576206	4.739649
5.272522	5.787526	5.073509	4.652870	4.991602	5.021562	4.698936	4.745870	4.882338	5.487329
3.883410	4.407458	4.995701	5.695141	4.929203	5.014407	4.309399	5.012158	5.069494	4.852502
4.306451	4.702528	4.734865	4.950728	4.946727	5.423175	4.974908	5.548976	4.924608	4.871571
