4.870926	4.517978	4.524271	5.943517	5.553015	4.669140	5.577378	5.361416	5.976161	5.091912
4.770140	5.794345	4.487169	3.655088	5.048499	5.603840	4.881708	3.848867	5.730073	4.742174
4.735327	4.318186	5.154636	5.548839	4.476470	4.567478	4.254677	5.085964	4.725364	5.443786
4.238909	4.807506	5.658547	4.748122	4.903858	4.899257	4.987333	4.919866	5.257081	5.794314
5.063846	5.045470	4.850021	4.903365	5.134770	5.025735	4.731875	4.559158	4.969246	4.367827
4.617665	4.802524	4.891179	5.443635	5.360273	4.163625	5.969428	4.831426	4.885281	5.618801
5.725298	4.958735	5.086463	5.251997	4.884043	5.573440	5.299716	5.345479	4.091520	5.293056
5.260545	5.374799	4.667052	4.320415	3.463037	5.037224	4.994500	5.219101	4.600167	4.146363
6.239728	4.828339	4.965886	6.085378	5.098104	4.731901	4.851639	5.573953	6.168056	5.298121
5.324636	4.889143	4.738847	4.856156	4.916928	4.325597	5.503738	5.217671	5.750329	4.506326
4.262627	5.492776	5.124930	5.281206	5.589479	5.794258	5.120831	4.834296	4.611459	5.338868
4.469636	5.288922	5.947719	5.658914	5.841837	5.469023	6.075429	4.601666	4.874690	5.220582
4.737925	3.765321	5.719921	5.264642	5.273499	4.154947	5.568400	4.524558	5.157670	4.686001
4.862858	4.921997	4.474795	5.116243	4.981582	4.673606	5.733479	4.289052	4.785798	5.185315
4.720614	4.920877	4.619381	5.198840	5.212794	4.302178	5.224008	5.754714	4.873459	5.001565
5.638383	4.801217	4.925672	5.208744	4.739913	6.018876	5.429429	4.568921	4.793472	4.971583
4.652185	4.863641	4.567436	5.969000	4.087154	4.831453	4.727276	4.915453	5.027650	4.712739
4.249284	4.503650	5.251250	5.301361	4.927947	4.855107	3.839762	5.082224	4.897561	4.952035
4.429964	4.339926	6.098124	5.865881	5.073911	3.673830	5.581460	4.999907	4.292901	4.330513
5.342630	4.993576	4.923863	5.216953	4.260657	4.451215	4.941074	4.863971	5.382339	5.538706
5.741404	4.730949	4.575080	5.039163	4.592002	4.718060	4.729143	4.931735	5.391275	4.550008
4.795835	4.469016	4.335659	6.328031	5.207042	4.111027	4.873826	4.985417	5.290274	4.188452
5.199274	4.233809	6.059743	5.479489	5.027522	3.688550	4.638808	5.183830	5.328454	5.141603
5.166874	5.860829	5.622371	3.959537	4.939075	5.241494	5.053131	4.143029	5.436158	4.154457
4.792464	4.967525	4.922034	4.978238	5.755263	4.993167	5.815999	4.920556	4.824655	5.921780
5.933628	6.187811	5.216745	5.452096	4.254767	4.408169	5.785312	4.237687	4.171286	4.384070
5.277540	5.308249	5.242291	5.301566	6.800694	5.190499	5.348902	5.761679	5.920913	4.742318
4.973291	4.807973	4.750554	6.475269	5.593028	4.804938	4.788862	4.808073	5.520276	4.340057
5.283064	5.056375	5.500676	5.137241	4.811563	4.834565	5.085927	4.998717	4.329095	5.035955
5.209913	5.509655	5.319164	3.855525	4.118387	5.511209	5.183023	4.591116	5.192669	4.165790
5.229052	4.629633	5.054611	4.503976	4.902952	4.353827	5.330396	5.199572	5.188612	5.452722
4.065428	4.904696	5.190262	5.095191	5.360156	5.130834	5.015242	4.402497	5.006197	4.718071
5.898926	4.929576	5.008625	4.631396	5.913430	5.448197	5.458967	4.850021	5.415921	4.778006
5.513669	5.997457	5.470560	5.019581	5.159158	4.935686	5.529920	4.346340	5.179228	5.423139
5.721565	5.730411	3.897974	5.448748	4.394694	5.218596	5.579852	4.772020	6.140518	4.632569
3.889785	5.196637	4.690840	4.747760	5.012311	4.920158	4.642481	4.959913	4.676603	4.007260
4.701873	5.449042	4.873794	5.288905	5.970020	5.552263	4.435161	5.005382	5.218840	4.665553
5.246883	5.325454	4.696394	5.146679	5.447419	4.528071	5.444963	5.629272	4.316400	5.582817
4.356916	5.888680	5.099515	5.116020	5.513322	5.850476	4.945651	4.408993	3.858361	5.365677
6.173310	4.659482	5.268244	6.117082	4.900145	4.612643	4.296668	4.523519	4.983139	4.660743
4.887814	4.268649	5.020607	4.029006	5.250906	5.279250	4.786004	5.126995	5.591534	5.153825
4.292151	4.741099	5.579876	5.095096	4.880919	4.602284	5.495518	6.230481	4.132069	5.360811
5.245762	5.389535	5.714964	4.482685	4.486600	5.205607	5.704956	4.078781	4.028853	5.722807
4.582102	5.188603	5.090937	5.336830	4.836404	5.984428	5.996846	5.005159	5.451788	5.772215
4.195400	5.008913	2.827513	4.650643	5.494781	5.652222	5.204991	4.680159	5.653503	4.590511
4.150755	4.847724	4.963823	5.236240	4.173563	4.475214	5.299242	4.960900	4.595407	5.540400
4.195129	5.943463	5.627742	5.627489	3.748558	4.891999	5.096578	5.005703	4.901447	4.988938
4.774772	4.101939	5.016203	5.553638	5.437464	5.461764	4.583188	5.455307	4.335052	4.693893
4.983481	5.026835	5.572749	4.621805	5.325325	4.075432	4.551490	5.145431	4.726663	5.387211
5.730898	5.298553	5.283439	4.981950	5.406015	5.561053	5.480536	5.904403	5.105675	4.461411
4.944555	5.721845	5.438760	5.274130	4.953357	4.907320	5.141823	5.788038	4.676719	4.501375
4.267428	5.458016	4.628784	4.740922	4.670542	5.351975	4.721253	5.947458	4.798497	5.802218
5.877596	5.623328	6.348239	5.426259	4.723560	5.370686	4.931675	5.555394	4.692226	4.838539
5.861244	5.217066	5.742571	4.874790	4.861919	4.829773	6.145268	4.231536	5.936267	3.703070
5.447931	4.993741	5.086063	3.785549	5.001750	5.787531	5.949074	5.027743	4.548851	4.572641
4.444485	5.548186	5.966307	5.580085	5.505144	5.557685	4.844034	4.763092	5.789660	5.369025
4.841631	5.096100	5.181284	5.752220	5.088261	5.545644	4.378432	5.510592	5.337451	5.090795
5.049383	6.166850	4.963821	4.682357	4.172745	4.875916	5.641090	5.386011	5.275428	4.233433
4.356623	4.860720	5.333953	4.082327	5.916564	4.870454	5.065685	4.248717	4.801825	5.187297
5.571672	5.446495	5.133080	4.899465	5.340564	5.786650	4.777024	5.275738	4.894158	5.435558
5.080840	5.711629	5.106169	5.857283	4.679855	5.644837	5.721472	5.764757	6.197831	5.294264
5.212958	4.646263	5.119218	5.020987	5.024916	4.854937	4.812096	4.628716	4.717297	5.117131
5.772776	4.747690	4.059485	4.092883	5.702319	5.247590	5.797204	5.882888	4.407668	5.121438
4.872591	5.426340	5.739446	6.193045	5.014774	4.695990	5.989603	4.570514	5.403836	5.139354
5.214748	5.504680	4.489429	4.655383	4.296691	5.241410	5.265445	4.595385	5.151210	4.111394
5.189948	6.177011	4.169446	4.414705	4.034050	4.447586	4.607193	4.797430	4.062090	5.807544
5.091120	4.101951	4.870616	6.162751	6.194518	5.116715	5.033471	5.028997	5.472026	5.081238
4.559058	5.144187	4.415333	4.751166	4.426029	4.985843	6.237418	4.464503	5.645737	4.905422
5.270440	4.695751	4.791430	5.547151	5.272743	4.636864	4.922512	5.878464	4.354133	5.618414
5.263768	5.007360	5.523468	4.924574	5.058569	4.922737	4.716574	5.297158	4.991237	4.071922
5.211709	5.124418	4.716347	4.827742	5.008195	5.637268	4.955842	4.623841	4.621866	5.332253
5.253210	4.199573	5.303621	5.025012	5.716207	5.053662	4.924014	4.567124	5.200406	5.626753
4.890437	5.414064	6.350763	5.184596	4.480712	5.090168	5.692727	4.136595	5.478750	5.013588
4.594654	4.572076	4.676741	5.609634	5.106770	5.293474	4.993140	4.990190	5.167516	5.363573
4.125957	5.176268	4.216794	4.402428	4.314722	5.247360	5.630933	4.926418	4.270046	5.693209
5.439703	5.283685	5.950579	4.773811	5.272071	4.121062	5.351453	5.799795	6.460721	4.433173
5.869824	4.696730	5.614077	4.450702	5.173893	5.614693	4.414100	4.925780	5.528259	5.925818
5.250841	5.359381	4.041208	4.852268	5.751556	4.906936	5.111606	5.365647	5.271462	5.802217
5.688571	4.943244	5.269578	4.792605	4.902503	4.972482	4.996795	5.085195	5.556007	4.580256
4.500664	4.852948	4.751928	5.480146	4.145013	5.008124	4.808333	5.696951	5.031029	5.578429
5.607101	4.904335	5.570884	4.895534	5.022197	4.343253	6.009486	5.089637	4.717549	4.753593
6.027440	4.529800	4.509960	5.431654	4.606976	5.392076	4.610132	4.396457	5.343466	4.015968
4.196635	4.929162	5.338393	5.441188	3.709800	5.534841	4.518688	5.088209	5.211045	5.363375
5.091874	5.706828	5.294919	5.402715	4.697613	3.866485	4.031571	4.557693	4.978600	5.597520
5.306901	5.278337	4.391633	5.306972	5.013671	4.562878	4.704457	4.754906	5.632073	5.157320
4.987862	5.553699	5.314752	5.701889	4.527514	4.574054	5.035523	4.364808	3.842056	5.372870
4.671008	5.726285	4.119506	5.127851	4.542893	4.661367	4.887268	4.131324	4.658825	5.553079
5.088473	4.604737	4.670661	3.514846	4.223624	5.525476	4.331258	4.679601	3.925063	5.865120
5.348561	5.046136	4.878652	5.092661	5.750758	5.511001	4.543591	5.146156	5.059963	4.585013
4.464314	5.137261	5.214979	3.936802	4.802442	5.188964	5.845779	4.664804	5.290903	4.573707
5.072525	5.030583	3.923130	5.453366	5.271242	4.998770	5.004306	5.079652	4.321670	4.903007
6.526799	4.888271	5.646954	5.194730	3.925318	4.684217	4.260837	6.077879	4.756094	4.286954
5.119130	5.471965	5.406568	4.971741	5.933871	4.995702	5.287815	4.758388	4.877359	4.824727
5.195479	5.277338	5.757885	5.550335	5.684423	4.402120	4.806705	5.217167	5.243676	4.311049
5.396788	5.454489	5.707935	5.112602	4.645038	5.180505	4.972020	4.486126	5.222756	4.718683
4.458231	4.930710	4.620777	5.222885	4.698576	5.347585	4.604654	4.858318	5.610193	4.739154
4.773151	5.415882	4.858907	5.370259	3.833970	5.045806	5.857047	5.248652	5.196501	5.202498
5.384583	5.184853	5.241316	5.227020	4.354962	4.588911	6.413102	5.098687	5.092395	5.029059
4.962849	4.985404	5.177723	4.827341	5.737224	5.482522	5.091120	4.295362	4.723660	5.788721
4.993080	4.410133	4.078942	4.861372	5.517859	5.270962	4.280228	5.115295	4.841574	5.567635
5.536855	5.271526	5.913037	5.090485	6.332351	4.695755	4.771684	4.308614	4.864490	4.656969
5.702520	5.570549	5.176533	4.412653	4.654962	5.264878	5.318524	3.540392	4.569179	4.229187
4.815290	4.941740	4.452088	4.932585	4.680952	5.047496	4.481927	4.590211	6.679487	5.457625
4.773057	5.492066	5.218599	4.395253	4.514019	4.780089	4.734150	5.186402	4.929311	5.412948
5.262287	4.006501	6.003252	4.644839	5.061146	5.038683	4.944397	5.161636	4.150185	5.672862
5.172616	3.979407	6.049605	4.991149	4.188522	6.042725	5.177817	4.542176	5.145909	5.736382
4.835729	4.199716	5.154905	4.238438	4.832741	5.395073	4.826002	5.228481	5.580589	5.155108
5.067125	4.329888	4.217326	5.057489	4.385116	4.965087	5.996426	4.608104	5.002709	4.318808
5.157748	5.354134	5.812593	4.740479	4.926867	5.005469	4.107679	4.185515	5.082230	5.822735
5.031499	5.306522	4.791538	5.093513	5.213502	5.684117	5.065999	4.757986	4.940553	5.409287
5.065414	4.374100	5.112729	4.214382	5.173377	4.850605	4.342083	4.090909	4.531085	5.172782
5.103567	4.876568	4.475450	5.552028	4.541574	5.369264	5.556100	4.745271	5.582901	4.155863
4.635473	4.708277	4.907760	5.879397	5.334669	5.837799	4.008463	4.430869	5.561039	4.334591
5.677176	4.640405	5.777809	4.705965	5.857881	4.432058	4.294242	5.736142	5.812382	5.745012
4.948668	5.732263	4.045095	4.933816	4.320043	3.522645	5.366872	5.458656	5.237640	5.569483
5.174573	5.288946	4.536496	4.901889	4.464362	4.805090	4.198321	4.536910	5.400647	6.089800
4.456634	4.146741	4.488840	4.356649	5.327310	4.133876	5.403473	4.475380	5.351447	4.996701
4.676358	4.156140	4.459468	4.166681	5.199818	4.601400	4.822716	4.933397	4.714966	5.610768
5.161040	5.006040	4.824389	4.856700	5.133659	4.478186	5.024565	5.003464	4.678758	4.443984
4.621313	5.241898	5.750544	5.336797	5.390617	5.860795	4.528181	4.892093	5.466268	5.469285
4.829464	5.370919	5.885356	5.530449	5.571864	4.382270	4.731206	5.763001	4.456349	5.283413
5.961215	5.149336	4.530595	5.124551	4.409562	5.101208	5.583313	5.125499	5.422359	4.950622
5.709309	4.956352	5.014349	4.931277	4.805513	5.898378	5.662193	5.037167	4.974758	4.768388
4.944015	5.287975	5.521808	4.935394	4.783879	4.658641	4.169715	5.844565	4.432134	5.004013
5.128401	4.937019	4.874452	5.241189	5.194241	3.998952	4.323197	5.147360	4.190615	5.002667
5.006246	5.772656	4.096737	5.527433	4.677001	6.001461	5.123460	4.233675	4.902096	6.450045
5.043208	5.174712	5.494087	5.201196	4.851788	4.339026	4.903483	4.908251	4.991636	5.217956
5.636498	3.612208	4.751569	5.767553	5.461579	5.865858	5.570368	5.521229	4.991755	4.522470
4.872782	4.891015	4.641354	5.177886	4.919691	4.864596	5.702765	5.383370	5.658610	4.741932
4.385692	5.416536	5.471391	5.178839	5.422364	4.998162	6.070675	5.476079	5.955832	4.619229
5.062681	5.663006	5.001882	5.474350	5.121237	4.925528	4.147824	4.706128	5.269576	4.932765
6.390732	5.199004	4.586984	5.502565	4.533798	5.397372	4.597318	5.123392	5.115858	5.122330
4.663846	4.432165	6.077848	5.241384	4.488503	4.585438	5.584467	4.508215	4.689501	5.791490
3.747434	5.505470	5.399819	4.471618	4.877159	5.070607	5.468874	5.005449	4.924438	5.109335
4.433554	4.671400	5.195357	5.322312	5.449025	5.434461	5.438918	5.099280	5.122436	4.771953
5.097072	3.641998	5.767231	3.901586	5.060416	5.094347	5.234115	4.866249	4.880390	4.858702
5.377791	5.177809	5.577896	4.424797	6.005144	4.405397	4.208581	5.421542	4.734875	4.511805
4.837640	4.829230	5.083555	5.057709	4.960617	4.435466	4.967432	4.839941	4.255061	4.891035
5.171647	5.539754	4.737775	4.637578	4.828520	5.168684	6.157974	4.225383	4.921968	5.497255
4.553313	5.152496	5.334838	5.229628	5.561779	5.898935	5.536126	4.514468	4.549980	5.261856
5.506865	5.011649	4.892904	5.314959	5.303188	5.302431	4.915970	5.592670	5.107705	4.919365
5.831846	5.185644	5.398201	6.096009	3.561779	4.630008	4.239623	5.828024	4.972575	5.745045
3.305766	4.701745	4.236834	5.299184	4.612490	4.514505	4.851690	4.958459	4.524796	4.824307
4.853503	4.713413	4.325455	4.877735	5.158256	5.039950	4.714084	4.795259	4.703988	4.821836
5.848283	4.521125	3.821306	5.156291	5.257744	4.826265	5.559925	5.430021	4.868527	4.672849
5.069515	5.592796	5.345074	4.528479	5.788368	4.848884	4.879074	3.857698	5.070145	4.827932
5.325849	4.572535	5.391423	5.839562	4.075681	4.959353	4.859069	4.253361	4.636890	5.210815
5.581146	5.690237	5.313049	4.867272	4.333738	5.030261	4.733057	5.414968	5.174158	5.370351
3.693637	3.758514	5.456937	4.545991	4.386582	5.367507	4.978231	5.413810	4.837444	4.616354
5.309748	3.867672	5.142874	5.279457	5.093979	5.647616	5.738469	4.695459	5.181348	5.250653
4.978096	4.853847	5.134234	5.063096	5.021232	5.317134	5.402172	5.011886	4.359840	4.998637
4.828750	4.721876	5.232772	4.840504	4.508825	4.813654	5.496805	4.774141	5.409043	4.763913
4.882189	4.632425	5.281744	4.360857	4.764101	5.592113	5.140917	4.999747	5.976472	4.501130
3.951015	5.824809	4.977370	4.219056	5.852474	4.898386	5.650556	5.157488	4.731240	4.833450
4.601364	5.010382	5.516121	5.675035	5.233675	4.798451	6.376343	5.697872	5.079398	4.968572
4.691872	5.221348	4.945905	5.434319	4.280872	5.392644	4.629666	4.460879	5.486550	3.525201
5.072035	5.527046	4.411901	5.104135	5.409254	4.772445	4.934454	5.041091	4.867524	4.974652
5.705229	5.566059	4.904627	5.323807	3.657414	4.636219	5.677514	4.434721	4.489992	5.009311
5.008232	4.703664	4.460823	4.700721	5.719294	5.022507	5.498527	5.410574	4.555203	5.152811
4.804041	4.806215	5.472296	5.419363	4.627929	4.960071	5.074304	4.366914	4.826035	4.203319
5.201785	4.321332	4.451431	4.886991	4.859801	5.095780	5.032125	3.538302	5.111933	4.395637
5.055650	4.947863	5.006372	5.473180	4.537228	5.378399	5.362973	5.033423	5.979777	3.923631
4.957461	5.208481	5.444766	5.470769	4.065345	5.444938	5.606145	4.261879	5.132442	4.045696
4.508815	5.098986	4.857819	4.921002	4.471191	5.011529	5.141137	5.452241	4.877512	5.340374
4.596967	5.531615	4.671332	5.371522	5.816472	5.416373	4.555609	4.810349	5.040066	4.038610
5.780633	4.781984	5.024444	5.811009	4.747283	4.317309	5.171452	4.608506	5.286628	5.427361
4.547011	4.772099	6.553082	5.171478	5.821013	4.145722	4.781716	4.479763	4.785140	4.647135
6.070499	4.632346	4.700155	5.535995	5.338205	5.258492	4.795953	5.304245	5.860780	4.427301
4.187855	5.032673	4.571589	5.090357	4.593955	4.739034	5.336047	4.879180	5.252748	4.335980
5.452064	4.890385	6.089649	4.600995	4.083112	5.716611	4.204417	5.544362	5.437175	5.045980
5.280704	5.595455	5.035697	4.826354	5.099099	5.121171	4.659035	5.347963	4.910716	5.124155
4.628448	4.433799	4.277506	5.537229	4.551699	5.028255	4.569807	4.834756	4.776863	5.183936
4.757211	3.891821	5.371419	5.143128	4.883594	4.249392	3.955603	5.403411	5.083837	5.114594
4.644074	4.305434	5.322054	5.588678	4.786157	5.299205	5.604559	4.751951	5.855906	5.220645
4.115080	4.891310	5.088574	5.054481	5.246471	5.423736	5.637874	4.608391	4.476614	5.100690
5.174761	5.175602	5.592530	4.437434	5.157663	5.039244	4.519587	5.770494	5.079640	5.494669
4.513795	5.147732	5.778072	5.721953	5.214189	4.696029	4.732881	4.691240	4.956473	5.350128
3.773374	5.367573	5.633848	4.837253	5.307175	5.716245	5.490215	4.953628	5.484069	5.329071
4.106901	5.138654	5.107059	4.663262	4.510759	4.595952	5.231020	4.590684	5.503382	4.659146
5.208508	4.921747	5.720283	5.463314	4.020597	5.833948	6.224594	5.105642	5.387598	4.432787
6.684760	4.802935	5.379248	5.181525	5.002321	5.049924	5.277103	5.759603	5.823613	5.117575
4.143432	4.691243	5.497107	5.032978	5.654196	5.031674	4.684911	4.796856	4.633693	3.976331
5.931410	4.939651	5.687715	5.279443	5.201051	4.801218	5.724957	6.092266	4.436029	5.607790
4.815013	4.688542	5.298796	4.542730	4.161024	5.373200	5.252484	5.241925	4.979789	4.283577
5.109888	5.379275	5.374554	4.713805	4.939185	3.790703	4.693582	5.590008	5.066974	4.736252
4.816760	4.191509	5.316067	5.118943	4.388768	5.551355	5.210321	5.802412	5.922579	5.443531
4.757165	4.632390	5.684416	4.566158	4.279028	4.642099	5.612708	5.299771	4.070124	5.004647
4.209347	5.356748	5.092590	5.312675	3.941432	5.069235	5.120189	5.016613	4.735590	5.349324
4.075202	4.421852	5.534162	5.001346	4.715281	4.695614	4.857045	5.079573	4.858881	4.545320
4.777451	6.033298	5.333219	5.345664	4.445352	5.657275	5.136115	4.258227	3.554698	4.690730
4.829759	5.015660	4.313707	4.464699	5.108296	4.431346	3.930886	5.850688	4.811858	5.671003
6.128493	4.929440	4.617240	5.695417	4.672110	4.736678	4.589463	5.066748	4.260973	5.265315
4.852099	4.036873	4.466306	4.874402	4.492863	5.051863	4.964428	5.173006	5.218208	5.843131
4.572087	5.163607	4.074518	4.521632	4.945938	5.780068	4.211787	5.241496	5.204537	5.680925
5.170686	5.223462	4.666121	5.078145	4.873053	5.189397	5.067341	6.011803	5.787755	4.601903
3.396501	4.634068	5.444263	4.429371	5.298151	5.445202	6.248520	5.467767	3.692241	4.393579
4.859863	4.647910	4.136878	4.192076	4.092383	5.107080	4.863380	5.184746	4.654701	4.848546
4.931241	5.313323	4.875434	5.553568	5.659500	4.893895	5.170905	4.201084	5.616337	5.513218
5.039125	4.778749	6.521496	4.797269	5.011080	4.116187	3.821136	5.450200	6.202170	5.562178
5.159978	4.630998	4.448465	5.044218	5.287324	5.784963	4.187027	4.412419	4.888262	3.939855
