5.016893	6.007832	4.693254	5.080960	4.845839	5.442028	5.976549	5.249381	4.899630	4.266815
4.720583	4.015398	5.042256	5.567776	4.485559	5.220538	6.119413	4.539320	4.331099	4.876650
4.959597	5.246798	4.151363	5.136451	4.102839	6.214100	5.032472	4.890565	4.279816	5.702075
4.153433	3.430668	5.259553	5.152887	5.555758	6.124615	4.916325	6.093910	5.118850	6.099085
5.420748	5.342966	4.466724	5.620754	4.945828	4.663499	5.016246	4.770951	5.365700	5.125172
5.720275	4.845450	4.466655	5.084758	6.195347	4.396505	5.507169	5.099485	4.946535	4.701876
5.011764	5.527399	5.242009	5.637791	5.067960	4.861300	5.329305	6.013607	5.787522	4.840983
4.633074	4.618846	5.655136	4.881874	4.595305	4.803336	4.398943	3.743376	6.127495	5.703423
4.594636	4.625723	4.716408	5.641863	5.006430	5.081007	5.174868	4.549891	5.260141	5.609961
5.135642	4.609079	4.903296	4.376125	5.277203	4.488381	4.613390	5.216968	4.209311	5.156098
4.934025	5.053087	4.518021	4.782766	4.669477	5.400467	3.853904	4.652387	4.868592	5.522099
4.638366	5.416239	4.233122	5.104659	4.314382	5.279907	5.657521	4.464952	5.126085	5.575995
4.565867	5.416720	5.217770	4.482954	4.794852	4.851705	5.568128	5.569893	5.196490	4.513412
5.068714	4.513825	5.214402	4.685720	4.394820	3.629653	5.812974	5.156891	5.378002	5.586819
5.480809	5.154322	5.174651	4.658911	4.896313	4.887646	4.897229	5.966108	5.432963	6.193058
5.194335	4.481568	4.875376	5.932379	4.865093	4.708107	5.330852	5.114111	5.291925	5.058356
5.797615	5.177621	5.205078	5.197754	5.109605	5.573047	5.519563	5.642807	4.455137	5.394010
5.262325	4.903062	4.454143	5.084947	5.337772	5.092919	4.098790	5.020288	4.065777	4.682028
5.114196	5.505292	4.745320	4.798175	4.989941	5.451223	5.052584	5.647352	5.300124	4.096783
4.373919	5.405652	5.327396	5.003405	4.311022	5.677331	5.223998	5.174657	5.811728	4.691113
4.302802	5.218438	4.750418	4.506260	5.233468	4.343955	5.113579	5.424994	5.261168	4.885597
4.333140	5.073195	5.367445	4.159277	5.223043	4.867665	4.705745	4.332319	5.342185	4.774553
5.268385	4.735882	4.611564	4.944368	4.138968	4.780194	5.007937	4.676776	5.362201	4.976446
5.360348	5.734608	4.507114	5.589314	4.327328	5.252281	5.359353	5.094013	5.409351	5.078064
4.892528	4.674514	5.320304	5.095128	4.194440	4.993043	4.646732	5.305313	4.852003	4.972731
5.376610	3.861579	5.589369	4.821131	5.941925	4.689558	5.702320	5.036721	4.571703	4.183178
4.938486	4.704767	4.644611	5.421098	6.105686	4.502771	5.513242	4.659588	4.991349	5.647076
3.906312	4.556619	4.676174	5.230138	4.842419	4.812468	4.327929	4.962389	5.324373	5.499514
5.197243	5.206599	4.889051	4.933284	4.901100	5.509772	4.979368	4.626430	4.541860	5.714773
5.282719	5.321198	4.833873	5.028768	5.986548	5.214175	4.738216	4.371418	5.024335	5.840187
4.586520	5.153371	5.172072	4.774487	3.561368	4.532766	5.005201	3.687170	4.766613	6.200071
4.246216	5.733356	4.851909	4.794826	4.178165	4.815754	4.763131	5.432065	4.724040	4.166080
4.564927	4.687927	4.688551	4.359391	5.100319	4.166853	5.582869	4.825491	3.521495	4.807952
5.286150	5.385997	5.102536	5.574624	4.003633	5.122468	4.364628	5.363461	5.313396	4.981948
6.108888	5.505534	5.075893	4.099082	4.793387	3.958830	5.075331	5.976022	5.181227	5.422580
5.136893	6.048097	4.829322	4.868231	4.944634	5.839656	5.275715	5.563669	4.898645	5.659241
4.654908	4.875971	4.808221	5.632102	4.986866	5.657086	5.348149	6.388632	5.410721	5.293740
4.617668	4.842416	5.905069	5.970824	5.992654	5.959146	4.380650	5.803029	4.982189	4.608699
5.829090	4.878644	4.505722	4.838457	4.177787	5.152548	4.607854	5.902991	6.099598	4.721169
6.041352	5.112372	4.509068	4.672064	5.842929	5.303178	5.218309	4.608980	5.066634	4.431637
4.571015	4.859554	4.899008	4.303574	5.148719	5.091550	4.019965	4.989569	4.814764	4.326759
5.114667	4.697021	5.752041	4.274868	4.968403	4.549644	5.317366	5.558964	6.391124	4.972556
5.348527	3.338665	4.403965	4.559549	4.591644	6.235394	4.554305	4.570121	5.701509	5.513466
4.830037	5.250205	4.217229	4.587649	4.512779	3.869046	4.421217	5.145376	6.232795	4.512487
5.622440	4.065199	5.863286	6.033795	4.861796	5.073903	4.856793	5.280948	5.258290	4.295613
5.129732	4.099419	5.303112	5.365173	4.815421	4.224800	4.899043	5.183306	4.855720	4.429278
4.893868	4.351937	5.393355	4.248288	4.803327	5.486021	5.254285	4.984979	4.520904	5.400021
4.651179	4.949983	5.415178	4.685533	5.954588	5.654415	4.967116	5.069417	5.354164	4.583512
6.009514	5.382211	4.326705	4.589997	4.606861	4.067112	3.714892	4.874405	4.948997	4.715345
4.850200	5.159035	5.128167	4.702217	4.877421	5.319889	4.527832	4.839587	4.828107	5.317588
4.598366	4.806068	5.603096	4.788818	6.257805	4.825002	4.249483	5.350482	5.277154	5.293939
5.890516	4.255978	5.263459	5.644875	5.604111	4.899962	5.747344	4.642414	4.102616	4.492664
4.260655	5.371862	5.303691	5.369935	5.130558	4.806426	5.200510	4.583681	5.009845	6.232838
4.992778	5.437432	6.046202	4.770408	4.598931	5.845860	4.673833	5.415112	4.996343	5.184813
5.176618	4.632287	4.827426	4.733404	4.316899	4.208611	4.676790	5.550779	5.180257	4.950720
4.615278	4.415720	3.895902	5.762635	4.926372	4.632780	4.894193	4.077690	4.204229	4.472555
4.086313	4.399131	4.756152	5.174341	4.946444	4.164354	6.021635	4.204274	4.428657	4.400031
5.727004	6.505989	5.372835	5.068583	5.015460	5.211525	4.937026	5.315164	4.350901	5.449202
4.614765	5.031180	4.812037	5.874578	4.986690	4.130940	4.816383	4.552619	5.071460	4.711458
4.367002	4.769176	5.459262	5.232622	4.685273	5.530703	5.180142	4.228064	5.766409	5.277262
5.561413	4.147148	4.854935	5.441206	5.184069	4.742460	3.910870	4.832031	5.095026	4.310218
5.466352	5.471905	5.278019	4.945356	4.604873	5.066875	5.788301	4.998797	5.217533	4.888923
4.221489	4.749678	4.612863	5.628252	5.261715	5.931314	5.993438	5.407477	5.192167	5.344336
3.626154	5.470941	5.118831	4.678678	4.721786	5.596904	4.849281	4.844764	4.610590	5.304088
4.751271	5.527186	4.745279	4.612349	5.247926	5.599314	4.407315	4.245423	4.980642	4.714763
4.480562	5.157447	5.610550	5.878168	5.817838	5.455627	6.268352	4.865324	4.531582	4.282247
5.073776	6.134706	4.996374	5.001863	5.042429	4.726858	5.638597	4.238607	5.383078	4.434465
4.123116	5.331046	4.938945	3.546907	4.242422	4.867347	4.835084	5.309650	4.560987	4.730536
5.334430	5.508806	6.061991	4.438458	4.591354	5.676170	4.049593	5.158190	3.921299	5.045846
5.287973	3.658912	5.308233	5.088158	5.104898	5.491016	4.381592	4.880259	4.545562	4.891331
5.082329	4.848871	5.212235	5.152889	5.283981	4.917281	4.677759	4.588779	5.153214	5.201831
5.083138	6.002246	4.099496	4.993653	4.751833	3.649375	4.763976	5.346457	4.365017	5.302770
5.570369	4.718305	3.533551	4.323366	5.473625	5.085220	4.665642	4.046725	5.204428	4.922738
5.350846	5.719702	4.495971	5.003323	4.927365	4.308483	4.885008	5.760487	5.244958	4.835347
4.217612	4.838760	4.233153	5.696024	4.730754	5.513935	5.157853	5.338474	4.456445	5.675869
4.871590	4.659339	4.854445	4.769972	5.071424	5.422081	4.514902	5.284615	5.173966	5.260370
5.501185	5.437155	4.746324	4.219032	4.650331	5.722127	4.300244	4.977674	5.250640	5.731215
5.080168	5.491812	4.828912	4.907316	4.348433	4.766209	4.575348	4.152262	5.111193	4.970240
5.767768	4.956161	4.951541	4.653113	5.008261	5.014794	3.659220	5.981431	5.693052	4.991319
5.243301	5.021312	5.000884	5.620977	4.944419	5.138499	3.802850	5.515554	4.181437	5.114254
5.659117	6.134406	5.687465	5.371522	5.159440	4.441210	5.072348	4.411359	4.723168	5.276512
4.332288	6.171345	5.746692	4.452942	5.032546	4.406470	4.684319	5.968174	5.218318	4.745017
4.984220	5.833331	5.525051	5.188454	4.431340	4.835144	5.324938	4.554963	5.041994	4.760839
6.144028	4.998216	4.457605	5.024103	4.506757	4.190845	5.673994	4.939167	6.520823	5.157980
4.904424	4.237399	4.279571	4.456400	5.223280	4.158371	5.337074	4.761200	5.512507	4.763543
6.248679	5.172138	4.780223	5.492983	4.957290	4.495902	5.150370	5.111715	4.987466	4.821137
4.252709	5.111067	4.931773	4.810329	4.810279	4.854568	5.050927	4.293081	5.062123	5.066485
4.720173	3.971617	4.735959	4.388624	4.433574	4.909369	5.192975	5.615828	5.207559	4.108534
5.241619	4.690443	4.720610	5.680387	3.209701	4.509367	4.208697	5.284304	5.302985	5.217443
5.013844	4.845488	5.118650	4.733622	5.138287	4.102878	4.879342	5.430585	4.261652	4.608165
4.679332	5.250265	4.829168	5.829044	5.535507	3.821550	4.920580	5.042635	5.497882	4.941174
5.055536	4.564565	4.191643	5.540878	4.617292	4.336380	4.814402	4.305270	5.845535	4.918579
5.179540	5.881108	4.908711	5.606022	5.547083	5.268654	5.050202	5.341687	5.218642	5.324558
5.075322	4.859333	5.248253	5.584584	5.305855	4.437335	4.246783	4.115109	4.946429	5.819032
5.089749	5.146376	4.881183	4.489491	4.755401	3.963611	5.079651	5.068099	5.297074	4.514904
5.705534	5.294834	5.220754	5.184437	4.298265	5.288425	6.930423	3.966127	5.255930	5.420366
4.991879	4.892648	6.909439	5.612309	5.070737	4.104630	5.500352	3.971375	5.353652	4.752044
5.388860	5.582335	4.847685	5.478109	4.601520	4.803544	4.453209	5.290827	5.565531	5.059429
5.591691	4.851439	5.723775	5.005989	4.978012	4.491931	4.964823	5.881075	4.720813	5.646541
5.697273	4.704970	4.143586	5.240707	4.485686	3.960559	4.863817	4.154612	4.030644	5.025636
5.399584	5.727026	5.063629	4.972658	4.184104	4.154560	5.131338	4.847008	5.138446	5.268542
4.509124	5.111867	5.162453	4.720038	4.838396	4.330948	5.472489	5.491916	4.797509	4.377614
5.585736	5.645062	5.029072	5.176968	5.301161	4.359888	4.526182	4.580377	3.936365	4.230416
4.416529	5.061730	5.420765	5.886948	4.623434	5.813470	4.789404	5.808265	4.019302	5.241995
4.548889	4.971765	4.234221	5.249206	5.588954	3.909379	4.308722	5.320820	5.013850	4.889587
5.215438	4.992104	5.266496	5.983072	4.987427	4.392548	4.978621	5.437748	4.870935	3.674419
4.955679	4.556043	4.922944	5.503167	4.604489	5.927166	4.653117	4.617476	5.578746	5.229368
4.214137	4.975706	5.453453	4.762190	4.834414	5.141163	4.828300	4.432479	4.915324	5.252083
4.916399	4.648193	5.138220	4.789174	5.546898	6.279192	3.710545	4.904372	3.787933	5.303678
5.839024	4.295316	4.764294	4.470806	5.244757	5.373309	5.935048	5.965266	4.804029	4.846107
5.049740	5.144751	5.431514	5.430760	4.556633	4.728265	5.316744	4.594251	5.301587	3.840142
4.789748	5.565786	4.263398	4.885516	4.788652	3.290545	4.664643	5.242723	6.129760	5.161663
5.568794	4.848194	5.045841	5.441704	4.902065	5.041345	5.504568	4.658028	6.359193	4.480203
4.842131	4.988355	5.096881	5.249549	4.950761	5.282386	5.081059	5.168743	5.559875	5.383860
5.331132	5.427517	4.011246	4.503411	4.478103	4.741189	4.240734	5.369611	5.111856	4.778491
5.043505	4.566548	5.693914	5.423111	4.891667	4.800539	5.548295	5.382266	5.023339	5.279683
5.154272	4.751948	4.122803	5.857617	4.939147	4.133060	4.779149	4.397053	4.769807	5.450349
4.086475	4.688169	6.060312	5.910874	5.555212	4.768157	5.224561	4.859143	5.650579	5.880662
4.837651	4.456741	5.416887	5.185445	4.882589	4.101120	4.911365	5.170398	5.108666	4.143366
3.959924	4.839538	4.317746	5.072052	5.055501	5.213488	5.097877	5.736587	4.431252	5.322386
4.517487	4.438410	4.714777	5.575262	6.133346	4.952403	4.816150	4.719053	5.669799	4.487799
5.617980	5.708626	5.392077	5.006873	4.994295	4.408972	4.822740	4.785126	4.434978	4.764907
5.215974	5.228950	4.817019	5.194153	3.997888	5.640065	4.692657	5.053285	5.299853	4.826335
5.065810	5.175836	5.682955	4.047653	5.150741	6.229352	4.672340	4.248654	5.147257	4.718977
4.083299	5.660325	5.045978	4.763453	5.975023	4.545902	5.828011	6.394458	5.553691	4.113879
4.433492	5.164423	4.714552	5.132512	5.574957	5.049620	6.443957	6.317274	4.653243	6.095232
3.992382	5.423274	4.699291	4.861019	4.330169	4.468966	4.690114	5.092832	4.296844	5.487210
5.660546	5.606490	4.850379	4.429640	5.087545	5.023226	4.497978	5.834217	4.414561	4.913687
5.244902	5.124445	4.380136	6.066768	5.363143	5.834938	5.721971	5.216592	5.010630	4.277905
4.765924	5.158814	4.721869	4.992990	4.940890	4.635983	5.241894	4.525612	4.632024	5.264635
4.602707	4.114563	5.223256	6.084343	5.485662	5.024638	5.055611	4.679868	4.576993	4.036362
5.631368	4.711633	5.789621	5.564710	5.560250	4.148622	5.519212	4.583142	4.307453	4.843842
4.918514	4.841636	4.926301	5.283130	4.526639	5.214395	5.119761	5.118469	6.171185	4.695141
5.427582	7.020207	4.204138	4.791131	5.402529	5.454751	6.024606	5.326561	5.925771	5.431874
4.798293	6.481899	5.953745	6.127981	5.090426	5.026864	4.928948	4.942479	5.450689	5.143778
5.831578	4.144487	4.993155	6.243479	4.418966	4.573672	4.422093	5.283000	5.142047	4.561028
5.370124	4.229375	5.090769	5.667762	6.105047	4.024872	4.177617	5.128953	5.095391	4.652491
4.550999	5.665866	5.965918	5.680970	4.191642	5.468860	5.065018	4.495821	4.746603	4.745862
5.499358	4.794402	6.202851	4.814433	5.703878	5.798057	5.278264	5.017169	4.593519	5.839853
4.729801	6.179994	4.552774	4.870628	5.798453	6.120334	4.645842	4.401875	4.776316	5.966965
3.865643	5.028923	4.549685	4.718744	4.940046	4.800951	3.979859	4.675139	5.737695	4.616181
4.756611	5.061699	5.518815	4.781608	4.848317	4.689639	5.120307	4.070249	4.688913	5.001738
4.992877	4.630594	6.202058	6.406069	4.018404	5.191332	4.473724	5.310487	5.027036	6.272209
5.477550	5.132440	5.620375	5.561958	5.147389	5.202891	5.618309	5.884999	5.318701	5.155012
5.159825	4.352067	4.998389	4.823014	5.560281	5.531888	5.013555	3.629376	5.531123	6.146223
5.360734	3.627299	5.541650	5.418856	4.766725	4.214925	5.870103	4.324969	4.782658	4.799237
5.038923	3.903790	5.493138	5.430281	4.384271	5.088608	5.114234	5.280174	5.018498	5.423979
4.853856	4.138731	5.029412	5.480618	3.936133	5.743908	3.975533	4.726364	4.261153	5.444495
4.593966	4.369413	5.018303	5.356960	4.779499	4.537462	4.727134	5.392158	4.920738	5.467852
4.502370	4.061104	5.437548	4.496137	5.197768	5.160262	6.633888	4.936309	5.283010	4.737844
5.103103	5.073374	5.194845	5.192003	5.042996	5.480346	5.473217	5.474850	5.502619	5.010407
5.469193	4.534666	5.617441	4.729316	4.484059	4.794488	5.680320	4.572024	5.626153	4.663002
5.013474	5.096106	4.524890	6.142709	5.238555	5.169567	4.702421	4.157698	4.917425	4.557540
4.768616	5.432455	5.183967	5.090947	4.982163	5.059958	4.761223	4.811192	5.383041	3.904856
5.914311	5.083365	4.542983	5.029049	5.166042	5.565088	5.662357	4.486831	4.035920	4.729872
4.435277	5.263574	4.903349	5.067702	5.530953	6.149901	5.808655	4.794905	4.734970	5.251346
4.979131	4.383344	5.843831	5.364438	4.866825	4.528305	5.005425	5.059570	5.230575	3.800634
4.665421	5.693810	5.261729	4.447966	4.621667	4.554324	4.985169	5.248141	4.781692	6.315272
5.546509	4.505750	4.772874	4.865173	4.487737	4.854089	4.989074	4.790011	3.940655	4.988893
5.531223	5.180414	6.431068	5.528471	4.540250	5.507433	4.464292	3.583563	5.041305	5.699638
4.290871	5.672279	4.348422	4.882333	4.960624	4.100880	4.193345	4.805769	3.968965	4.478077
5.699171	3.839972	4.534094	5.138816	5.607640	3.787658	5.055109	5.579681	4.235296	4.689988
5.257603	4.489259	4.893625	4.588726	4.805927	4.918828	4.436755	5.159442	5.613144	4.074813
5.363479	4.917150	4.991271	4.723794	4.103062	5.062467	5.057962	5.631679	4.764668	5.440496
5.006958	4.615657	4.971393	5.480834	3.861789	4.227777	4.736369	5.652773	4.535938	5.334445
5.389322	4.808869	3.938969	5.912478	4.124566	5.092572	5.424403	4.556980	5.467392	4.635480
5.151044	4.490013	4.941224	4.655216	4.957759	6.177988	5.652821	5.199974	4.342791	4.864758
4.994271	5.265692	5.642080	5.464877	5.198181	4.346665	4.943367	4.363582	6.036788	5.121161
5.184919	4.831009	5.189007	4.377286	5.627440	4.262626	5.657613	4.430581	5.748899	4.979199
5.687751	5.520017	5.615966	4.535074	4.883901	5.220134	4.277318	5.270990	3.992755	5.874597
4.789386	5.033916	4.953818	5.101365	5.218526	5.075361	4.755800	5.167839	4.865648	5.438595
5.270306	4.035260	5.344555	5.992417	4.392618	4.565682	4.525817	4.912301	6.091729	5.077175
4.599610	4.010229	4.704979	5.091951	5.098594	5.518697	4.225326	5.897793	4.383382	5.185955
4.965627	4.619494	4.178511	4.488931	5.913407	4.400909	4.969711	4.810466	5.270995	5.399286
3.769074	5.450630	4.965231	5.396405	6.367172	4.888455	4.492741	5.208670	5.439025	5.111128
4.952127	5.600234	5.805568	4.230769	4.482474	4.787647	5.094270	4.764443	4.959212	4.231154
5.019098	5.120923	4.840066	4.313036	4.479939	5.320004	5.446150	5.270826	5.100681	4.486961
5.354147	4.366888	4.816025	5.433345	4.001223	5.305537	5.785788	5.845556	4.408987	5.884297
5.152592	5.487411	4.816052	5.464053	4.780520	4.562562	5.584845	4.548616	5.087624	6.209053
4.981221	6.407606	3.624295	4.863184	4.229342	5.294491	5.453980	5.008142	5.449654	4.525996
5.182581	5.356712	4.555614	4.226872	4.079606	4.790347	4.894697	4.561264	5.704795	4.588700
5.846422	5.144042	6.099387	3.876460	4.334712	5.959682	4.667443	4.560616	4.747209	5.476714
5.407871	4.611656	4.426173	4.412021	4.236199	6.312704	5.215106	6.059263	5.560494	4.834108
3.547357	5.316606	4.971550	4.629670	5.440759	5.237755	4.664442	4.626724	5.721426	5.086292
5.434324	4.846643	5.582216	5.102045	4.517300	4.998871	4.556472	5.625645	4.611269	5.575210
4.987200	4.567471	5.031363	5.203272	5.365567	4.675249	5.017214	5.122558	5.012137	4.794845
5.254786	4.989847	5.395391	5.718109	5.268253	4.654927	4.858552	5.415340	4.878772	4.122118
4.507544	4.207634	4.726143	4.923294	5.095760	5.941530	4.994515	5.057756	4.865492	4.471425
4.746844	5.709723	4.965897	5.299370	4.608469	4.574613	3.968759	5.430988	3.881905	5.077236
4.486057	5.000616	5.388536	4.896450	5.500924	5.834761	5.497620	5.855204	4.724205	4.821294
6.193465	5.324748	5.043887	3.834802	5.136975	4.662970	4.115973	6.098153	4.455120	5.741822
5.327357	4.831439	4.849321	5.233555	5.339106	4.383921	5.423359	4.530895	5.026969	5.228662
5.504701	4.959206	4.834233	5.414877	4.891969	4.838744	4.863638	4.572747	4.787191	4.773151
4.783893	5.375373	4.568203	4.701840	5.810075	5.166684	6.778101	5.396005	4.988000	5.229441
5.430787	5.326872	4.772256	5.394624	4.332635	5.323570	5.795341	5.738983	3.822152	5.116075
4.750091	4.967871	5.765556	5.437932	5.307566	4.615296	4.715226	4.187922	4.975528	5.133976
6.113275	5.133664	4.797347	4.404070	5.167553	5.038156	4.980321	5.248672	5.232025	5.079168
5.475749	4.214062	5.446182	5.157818	5.354628	5.372955	5.531622	5.193743	5.380849	4.311611
4.602460	5.311926	4.895655	5.795944	5.253304	5.189191	5.225026	4.812885	5.064634	4.542032
5.199573	6.006614	4.465211	5.474380	4.459229	5.050596	6.223275	4.385529	4.232788	4.298296
