4.863309	4.639387	4.764181	5.198937	4.736269	4.730523	4.975372	4.031404	4.525694	5.200141
5.132762	5.776892	5.080366	3.963195	5.013868	5.099072	4.968278	5.151372	5.832336	5.313940
4.352796	4.633119	5.065948	4.889206	5.038037	5.032291	4.604791	6.034560	5.434481	4.089549
5.132158	5.756817	5.038677	5.609071	5.010765	5.005019	5.069815	5.342695	4.660165	5.030244
5.852019	5.688279	4.878605	5.166204	4.796698	4.826658	4.351237	4.566204	6.207494	3.991123
6.131470	4.116090	4.881418	5.948375	4.853507	4.847761	5.680235	5.077331	5.219613	4.190294
5.497080	5.718946	5.158602	3.446389	5.880661	4.392641	5.797645	5.245334	5.355234	4.758493
5.290076	5.245021	5.396677	4.714826	4.773298	4.992158	4.612764	5.369853	4.334852	5.297659
5.435267	4.842181	5.156961	5.308963	4.897073	5.914103	4.853704	4.518773	5.260765	5.041182
5.562423	5.017457	4.870027	5.695790	4.842115	4.836369	4.713603	4.534586	4.674973	5.132532
5.126407	6.380385	4.905338	5.861406	4.838840	4.924045	4.502370	5.805804	5.579732	5.244778
4.323034	4.431791	5.035192	5.330618	5.007281	5.001535	4.917969	4.880506	5.297372	5.088324
5.166884	5.273069	4.988517	4.763664	4.960606	4.954860	4.109531	5.188457	4.895767	5.659840
5.627578	4.047381	4.911150	5.574388	4.883238	4.877492	6.494445	5.036288	5.312573	4.748879
4.731378	5.751561	4.978701	5.667679	4.896793	4.926754	4.905744	5.679925	5.407951	5.558137
4.647984	4.377130	4.841808	5.100690	6.065743	4.261638	6.005445	5.483806	5.086238	5.206893
4.284681	3.905901	4.993178	5.560945	4.965267	4.959521	4.745991	5.702535	5.302109	4.472915
5.029508	5.716174	4.895962	3.688530	4.829464	4.914669	4.642450	5.022613	4.406393	5.977468
4.964682	4.407586	5.138515	4.536455	5.072017	5.157222	5.091128	5.418192	5.296761	3.610116
4.548162	5.055086	4.799619	5.168972	4.717711	4.747672	5.619307	4.870354	4.282402	5.185263
5.101951	5.373381	4.852058	4.513447	4.785560	4.870765	4.005144	5.402810	5.697449	4.553299
4.823850	5.680255	5.046209	4.645130	4.979711	5.064915	5.011048	5.475803	4.711010	5.775623
4.335395	4.844985	4.963988	5.887513	4.882081	4.912041	5.499137	5.135091	5.415858	6.176322
5.413088	4.859928	4.892596	4.253416	4.864685	4.858939	4.893864	5.324666	3.614504	4.978359
4.794416	4.571676	4.895342	5.550425	4.828844	4.914049	5.204789	4.882987	5.548251	5.961631
3.845912	5.193034	5.866577	4.728358	5.269940	4.130421	5.520763	4.880033	5.073433	5.154109
5.002115	4.389139	4.884028	5.646935	4.817530	4.902734	5.478501	3.290087	5.963890	4.908675
4.786894	4.477120	5.728873	4.696422	4.620390	4.340042	4.395528	4.972211	5.238436	5.104422
5.131373	5.428751	5.039919	4.901222	4.958012	4.987972	4.930840	6.107516	5.103536	4.837826
4.248664	5.668109	5.014191	5.333701	4.986279	4.980534	4.469128	4.924319	5.843781	4.499836
4.997204	5.075667	5.014300	5.968122	4.986389	4.980643	4.902342	4.787442	4.071531	5.483490
4.685741	4.346717	4.891380	5.492870	4.824882	4.910086	5.992919	4.807122	5.104983	4.619061
4.759276	5.479922	5.122051	5.014346	5.040144	5.070104	4.925557	4.436521	4.588685	4.825308
4.678799	4.596649	5.368159	5.570724	4.877027	5.076446	5.224117	3.968948	5.677139	5.479627
5.474665	4.719357	5.070078	6.276120	4.988171	5.018131	4.709228	5.968394	5.328909	4.051075
5.074404	3.791124	4.858130	4.934841	4.791631	4.876836	5.262783	5.297114	4.877433	4.638055
4.578386	4.510211	4.828795	5.140675	4.800884	4.795138	5.308889	4.209825	5.450863	5.514935
5.066280	5.795603	5.179125	4.711413	5.438713	5.570057	5.093947	4.419739	6.064432	5.412843
5.527298	4.570246	5.064170	3.931843	4.982263	5.012223	5.559022	4.676927	5.936974	5.789989
3.739514	5.151670	4.829204	5.334277	5.168661	5.220686	5.308969	4.505520	5.499232	5.031576
5.536091	4.428124	4.949948	4.414217	4.883450	4.968654	4.743421	5.330245	5.947866	4.691607
4.641474	4.532351	4.882080	5.152719	4.854168	4.848422	5.026897	5.753260	4.541723	5.211374
4.324196	5.512626	5.169106	5.309306	5.141194	5.135448	4.660505	4.186636	4.959974	5.234115
4.501001	5.406982	4.952529	5.696747	4.886031	4.971235	3.955823	5.274498	5.777322	4.414743
5.329253	4.646627	4.922817	4.177880	4.840909	4.870870	4.623411	3.757777	4.946705	4.689462
5.003242	5.392599	3.913805	4.257291	4.531348	5.421858	4.787530	3.817417	5.408512	5.574637
4.118335	4.159205	4.911622	4.262488	4.883710	4.877964	5.860681	5.031877	5.062267	5.911326
5.110979	3.977701	5.066527	5.159359	4.984620	5.014580	5.418663	5.598065	6.153824	5.625940
4.563874	4.293453	4.870562	5.298131	4.804063	4.889268	5.221055	4.942093	4.239272	5.439240
5.533774	4.884709	5.892406	4.356336	4.913985	5.331450	5.093853	5.564809	5.100521	5.669010
4.364441	4.810430	5.011908	4.326092	4.930000	4.959960	5.212170	4.740701	5.260676	5.219961
4.094675	5.157796	5.157723	5.773062	5.075816	5.105776	4.529079	5.120952	5.461099	5.343348
4.510077	5.308843	5.167260	4.310047	5.085353	5.115313	4.067211	5.026769	5.084183	5.206735
4.654619	5.302951	5.140053	5.676927	5.058146	5.088106	6.041199	4.925654	5.290632	4.978057
4.983012	5.204988	5.077773	5.579283	5.049861	5.044115	5.211599	4.471682	4.377346	6.612393
5.667261	4.624021	5.099194	5.491649	5.071282	5.065536	5.568650	5.467400	5.219094	4.655262
4.250486	5.012730	4.996108	4.971077	4.914201	4.944161	5.546636	5.569526	5.325712	5.147683
4.481126	4.451237	4.784389	4.130008	5.821007	4.310163	4.720555	5.097795	5.616407	4.594350
5.414458	4.814443	4.995501	3.864494	4.913594	4.943554	5.086749	5.567466	5.319269	5.897711
3.879543	3.999786	5.371924	5.151431	5.134944	4.761277	4.815897	4.614698	4.798852	3.999861
5.085566	4.391350	5.011475	5.339868	4.929568	4.959528	4.987565	4.834217	4.837838	5.303255
4.710527	4.938634	5.706285	4.454625	5.202842	5.372787	4.669081	5.121132	4.460548	4.281600
4.535059	4.856695	5.017340	4.710741	4.989429	4.983683	5.199090	4.774402	5.024809	4.031775
5.089324	5.349367	5.057794	5.121483	4.975886	5.005847	5.212080	5.423888	4.391232	5.730651
5.682408	4.892991	5.303598	4.875247	5.161084	6.031700	4.227766	5.741613	5.397257	4.325330
5.938697	6.003282	4.977392	3.800689	4.910893	4.996098	4.616896	5.023987	5.269304	4.827050
4.514427	5.838846	5.157517	4.535878	5.075610	5.105570	4.942563	4.180313	4.972692	4.265725
5.765444	4.725561	5.085525	4.888867	5.019026	5.104231	4.609066	4.585352	6.003809	5.149383
5.386797	4.305179	4.993833	5.856620	4.965921	4.960176	4.494867	6.372778	5.139130	4.542197
4.990037	5.931529	4.912507	4.830986	4.846009	4.931213	5.083593	4.547382	4.437412	4.923998
5.731951	4.995943	5.559599	4.824214	4.772969	4.454994	5.292016	4.397270	3.910069	4.504198
4.122998	5.272358	4.941803	4.525830	4.913891	4.908145	4.702255	5.019728	4.724323	4.885781
4.790594	5.758506	5.825212	5.540173	5.520878	5.884473	5.789525	4.694915	5.250994	4.821801
4.968525	5.458448	5.222391	3.895029	5.140484	5.170444	4.512736	4.285530	5.000936	4.850584
5.115811	3.720696	4.974914	4.553630	4.893006	4.922966	5.123250	4.743550	5.224786	4.834793
5.062022	4.841328	5.033484	5.099102	5.005572	4.999826	4.866192	4.284959	4.760133	5.531280
4.476068	4.550237	5.083686	5.034755	5.055775	5.050029	4.943114	5.102168	4.520744	5.315056
4.399609	4.506258	5.170259	4.262901	5.142348	5.136602	5.222158	4.583351	4.092891	5.758397
4.080018	5.147748	5.054376	4.483112	4.987878	5.073082	5.288972	4.248946	5.071025	4.646481
5.594336	4.301317	4.940529	5.788891	5.635721	4.684002	5.655982	5.247344	4.986313	4.597993
5.323335	4.872203	5.129665	5.823965	3.765941	4.985192	5.032548	5.144701	4.552661	4.840199
5.794851	4.949799	5.105284	4.234736	4.978424	5.648378	5.639606	5.733479	5.559071	4.242730
4.640172	6.552368	5.032672	5.155184	4.950765	4.980725	4.819055	5.196955	4.422656	4.868836
4.082108	4.213806	4.897417	4.596442	4.830919	4.916123	5.279126	3.781229	5.754148	4.974988
4.414390	4.659389	4.932750	4.514656	4.904839	4.899093	5.013029	6.025827	5.444883	4.589468
4.619503	4.923914	5.672856	5.221945	4.770398	4.634272	5.560814	5.005116	4.649030	4.771886
5.812548	4.483129	5.129295	4.797755	5.062797	5.148001	4.580256	5.419698	4.816827	5.774176
5.258946	4.669322	5.364675	4.286821	3.846918	5.841619	4.572805	4.522499	4.113038	5.203074
5.482213	4.826965	4.974137	5.046208	4.946226	4.940480	4.431745	5.157972	4.671560	4.834667
5.091885	5.942231	4.915637	5.571108	4.833729	4.863689	4.129214	4.606151	5.212799	5.449745
5.841030	4.747654	4.940146	5.770981	4.858239	4.888199	5.101909	4.369886	5.554175	4.224658
4.872243	5.335291	4.891419	4.534999	4.863507	4.857761	5.779779	4.964281	5.048397	5.394874
5.858296	4.812256	5.099259	4.878693	5.017352	5.047312	5.224331	5.398278	3.951442	4.361270
5.484402	5.457759	5.048908	5.180076	4.982410	5.067615	5.499480	5.064534	4.078518	4.341784
5.125518	5.579861	5.222027	5.444477	5.155529	5.240734	5.264609	4.763484	4.822810	4.798720
4.098518	5.967080	5.280960	4.520134	5.199053	5.229013	4.639235	6.039386	4.935607	4.693748
4.772071	4.826346	4.388481	5.146237	4.571225	4.402608	5.531523	5.862498	5.503513	4.165149
5.481194	3.851421	5.282540	4.858347	5.842159	4.970201	5.298954	5.053840	5.461806	4.669072
5.429317	5.078659	4.965821	4.471284	4.937910	4.932164	4.384669	5.110186	4.181001	4.909922
4.808476	4.542225	5.088549	4.885649	5.006642	5.036602	5.204767	4.526698	5.606393	5.970505
4.971014	4.601867	5.095373	4.909561	5.013466	5.043426	4.815557	3.608814	5.063768	5.210641
4.575362	5.634098	4.979187	4.403586	4.897280	4.927240	5.339797	5.287529	5.146733	5.121596
5.029427	5.320283	4.835684	3.762279	4.807773	4.802027	5.210253	4.382407	5.511654	5.948584
5.233972	4.746705	5.182521	4.760356	5.116023	5.201228	5.335883	4.089321	5.585419	5.053576
5.285752	4.351839	4.900713	5.820505	4.818806	4.848766	4.521472	4.381084	4.998839	5.016900
5.642741	4.781771	5.132276	3.262108	5.104364	5.098618	4.951552	4.633424	4.424549	4.407474
4.584531	5.961773	4.138672	4.612126	4.658426	5.038429	4.778361	4.796082	5.114025	4.830368
3.754515	4.762371	5.081141	5.247946	5.014642	5.099847	5.365603	6.040635	4.948233	5.676922
4.167882	5.145011	5.001457	4.846620	4.973546	4.967800	5.247334	4.718580	5.420490	4.894788
5.244818	5.843732	5.710968	5.034113	4.763291	4.721803	5.385674	5.369395	4.958922	5.310012
6.288533	4.885490	5.098945	4.086309	5.032447	5.117651	5.205746	5.086017	4.879175	5.296490
4.808800	4.786089	5.042805	3.564146	4.976306	5.061511	4.840302	5.518269	4.948544	5.353776
5.029752	5.181761	5.010427	4.922843	4.982515	4.976769	4.406342	5.713662	4.673826	5.624166
5.269350	5.488790	4.887466	4.625405	4.820968	4.906172	4.682386	4.585093	5.554960	4.450862
4.797607	3.629272	5.155518	4.938799	5.127606	5.121861	3.850620	4.344268	4.439745	4.849288
4.701348	4.855132	5.062157	3.888381	4.980250	5.010210	5.274538	5.017742	4.980536	5.841205
4.569724	4.940421	5.344032	4.383044	5.704854	3.532935	4.523023	5.242760	4.004277	5.767178
4.841398	5.596647	4.891726	4.983362	4.809819	4.839779	4.682663	3.474106	4.949428	5.101984
5.916525	5.042884	5.658112	4.720887	4.992561	3.640067	4.608767	5.497413	4.626746	5.246916
5.011579	4.432754	5.129963	5.722245	5.102051	5.096305	4.613819	4.088813	5.155919	5.139593
4.880289	4.940638	5.200704	5.113246	5.118797	5.148757	4.932115	4.589535	5.062833	4.830285
3.879243	5.809818	5.030309	5.556788	5.002398	4.996652	5.813955	4.035470	4.846900	5.152290
4.589432	4.040068	4.018458	5.824861	6.102633	5.095502	4.656377	5.185698	5.116422	4.947541
5.268456	5.482555	5.022687	5.765708	4.994776	4.989030	5.176207	4.880407	6.318933	4.994772
5.012551	5.078734	5.080771	5.434280	5.052859	5.047113	4.787725	5.951417	5.612293	4.157680
5.037873	4.547649	4.976870	4.900153	5.242991	5.483320	4.706554	4.922485	4.669138	5.085522
4.717267	4.855326	4.936604	5.326385	4.870106	4.955311	5.161964	5.240923	4.876657	4.413825
5.290235	4.359465	5.419093	5.233767	6.134344	5.777105	4.191208	4.985291	4.655833	5.427322
5.283607	4.551918	5.075196	5.482655	4.993289	5.023249	4.949440	3.950766	4.658188	5.471456
5.539425	5.758621	4.445125	5.365460	5.429438	5.651745	5.161674	4.381976	4.816580	4.955743
4.992676	4.558381	5.070857	4.416781	5.215790	5.128858	4.983248	4.901245	5.346322	4.846342
4.938848	5.292603	4.998861	5.562325	4.916954	4.946914	4.856272	5.705821	5.345566	5.260694
5.401216	4.357845	4.989225	5.797466	4.922727	5.007932	5.367978	4.638134	4.325765	4.743163
5.729056	5.144550	5.015373	4.611184	4.948875	5.034080	4.052241	5.410472	4.865574	4.801829
4.968716	3.768096	5.169466	4.091866	5.141554	5.135808	5.530818	5.037160	4.416644	5.400348
5.198740	5.014118	4.812609	4.567261	4.784698	4.778952	4.813494	5.756966	4.754920	4.600543
5.426908	5.350068	5.238966	5.420995	5.157059	5.187019	4.387694	6.324998	4.706072	4.911687
3.938216	4.444890	5.135443	5.021123	5.053536	5.083496	4.757358	6.297356	4.497749	4.613221
4.890552	4.545526	5.051651	5.269655	4.969744	4.999704	4.423340	5.960668	5.119630	4.958989
5.081909	5.453024	4.910167	4.532248	5.347123	4.920238	5.214084	5.114895	5.584347	4.758678
5.172368	5.311015	5.084034	4.740436	5.002127	5.032087	5.549540	4.382557	4.940588	4.848809
4.521385	4.400422	4.957074	5.261078	4.890576	4.975780	4.804019	4.380043	4.736512	4.035475
4.247086	5.078064	4.962326	5.219018	4.934414	4.928668	5.883349	5.448089	4.993011	5.343223
4.591984	5.488299	5.394019	3.866539	5.169865	4.723032	4.736581	4.294971	4.551938	5.345915
5.195840	5.096532	4.981560	4.810761	4.915061	5.000266	5.540663	4.598882	4.975832	4.138633
5.319813	5.569290	4.959536	4.393015	4.893037	4.978242	5.514800	4.425607	5.715088	6.181080
4.303754	4.462998	5.199446	5.104328	5.171535	5.165789	6.031224	4.216243	4.787092	4.829504
4.284815	4.588983	5.034269	4.674162	5.006358	5.000612	5.118346	5.382515	6.057405	5.346030
3.916487	4.102473	5.588377	4.781589	5.241223	5.191947	5.022038	4.483221	5.178260	4.951602
4.885742	5.153747	5.065873	5.592443	4.999374	5.084579	4.611659	5.105657	4.689807	5.976955
4.838925	5.416490	5.032320	4.655008	4.965821	5.051026	5.587149	4.681038	4.616790	4.568676
4.812709	5.588228	5.045463	5.553368	4.978964	5.064169	4.785025	4.546126	5.837202	5.422075
4.666855	4.532452	4.938752	4.796511	4.856845	4.886805	4.398543	5.123171	4.699121	4.126656
4.717111	5.027204	5.043587	4.649278	5.015675	5.009929	4.711550	4.524570	5.053600	5.651966
5.115132	5.197918	5.245590	4.361080	4.532575	5.030558	4.583794	4.323219	5.158352	4.733640
5.003758	5.003880	4.871989	3.963992	4.844077	4.838331	4.186749	5.593625	5.391092	4.513719
4.469889	5.176467	5.120048	5.000794	4.233672	5.648559	4.817634	3.537416	4.649428	4.495754
4.871421	4.536702	4.938544	4.793499	5.406925	5.792403	5.179915	4.314785	4.995935	5.457507
6.426513	5.794795	5.700093	4.918265	5.572287	4.844353	5.433222	5.357103	4.281522	5.516466
5.234478	5.384947	5.413479	5.896226	4.572653	3.657131	5.681622	4.529866	4.084887	5.387616
5.582212	5.463788	5.175821	5.393301	5.093914	5.123874	4.553249	3.974360	5.778094	5.495731
4.337990	4.996802	5.000496	4.273869	4.918589	4.948549	4.834987	5.459645	5.508196	4.909085
5.199008	4.167778	5.016637	5.128205	4.950139	5.035343	4.907885	5.954371	5.127736	4.725325
5.209232	5.935036	6.211115	5.117010	5.513724	5.862372	5.235291	5.091802	4.548723	3.412395
4.581664	4.755711	4.875267	4.939806	5.466309	5.389883	4.506373	4.635681	5.242798	4.352223
5.034789	5.646877	5.135491	4.958929	5.107580	5.101834	4.219095	5.088717	5.188882	4.228945
4.191566	5.632552	5.052961	5.121686	4.986463	5.071668	5.048661	5.489987	4.669591	4.492975
4.184978	5.202105	5.097249	5.708069	5.015342	5.045302	5.373021	5.381798	4.543815	5.741690
5.033036	4.499627	4.982273	4.326731	4.915774	5.000979	5.089801	4.634778	5.054177	5.152715
4.809967	4.631015	5.302616	5.322407	5.108792	3.872979	4.356497	4.986269	6.250949	5.508416
4.154176	5.428309	4.224832	4.827862	4.807554	4.975656	4.705750	4.220993	4.121542	4.991221
4.647403	4.838833	5.031417	4.164155	4.949510	4.979470	4.657581	5.384178	5.564983	5.038764
5.193433	5.120585	5.008420	4.773695	4.980508	4.974762	5.462941	5.471786	5.187164	5.274179
4.582767	5.561616	4.869723	4.445564	4.803225	4.888430	5.294795	5.196884	5.072111	5.150023
5.279086	5.558183	5.008753	4.655083	4.942255	5.027460	5.292864	5.230280	4.759970	5.633613
5.620563	5.131900	5.341328	5.323978	4.874880	5.633463	4.529091	4.393241	4.154784	4.970957
4.982663	4.575424	5.086382	5.842676	5.019884	5.105088	4.954338	4.447667	3.959037	5.153096
5.895705	4.588002	3.771491	4.190878	5.652595	5.900945	5.115446	4.176888	5.575438	4.802109
3.934394	5.111371	4.905020	4.904058	4.838522	4.923727	4.561686	4.889726	4.041958	5.706354
5.108621	6.401370	5.092675	4.422747	5.010768	5.040728	4.991383	4.620125	5.552866	3.890121
5.076328	4.857978	4.970945	5.709833	4.904447	4.989651	6.158905	4.490252	5.668614	4.383225
4.890150	5.782125	5.055453	3.393118	5.027542	5.021796	5.375544	4.851501	5.433375	4.760757
4.251600	4.968124	5.049864	4.856510	4.983366	5.068570	4.670307	4.340386	4.698916	4.527021
5.676526	3.987135	5.147806	5.336455	5.065899	5.095859	3.728754	4.833768	5.051038	6.313818
5.383362	6.126408	4.817970	5.747487	4.751472	4.836676	5.978857	4.655069	5.256059	4.436110
5.018990	5.361309	5.040242	4.508667	5.012331	5.006585	5.823371	4.073539	4.429200	4.626787
5.222543	4.555386	5.095938	4.225165	5.014030	5.043991	5.677351	5.135745	5.047884	5.066935
5.267021	5.508457	5.037291	5.327954	4.955384	4.985344	5.057350	6.274861	5.564590	5.534768
5.562481	4.789801	5.043794	5.198642	5.015882	5.010137	5.164007	5.381648	4.505652	4.889190
5.159240	5.636218	5.044593	4.162424	4.978095	5.063299	5.317617	5.612428	4.624417	4.613333
5.121535	5.044445	5.023122	4.677989	4.995210	4.989464	5.656685	4.877127	5.438436	5.131175
4.576774	5.598638	5.176120	5.246503	5.109622	5.194826	4.836544	5.543185	5.366594	4.919970
5.255073	4.391850	5.152199	4.247728	5.085701	5.170906	4.974089	4.886317	5.500607	5.023582
4.341048	5.838106	5.261913	4.929743	4.861261	5.444033	4.391924	5.144777	4.902155	6.463671
5.107269	4.926344	5.008928	4.871474	4.942430	5.027635	4.317222	4.687873	5.375513	6.218641
5.123526	4.746148	5.074644	5.902385	4.992737	5.022697	5.542355	5.085999	4.626317	4.997245
5.647034	5.131841	3.929265	5.581873	4.845367	3.234318	4.441845	4.472483	5.557529	4.249598
6.074828	5.087142	5.050074	5.138759	4.968167	4.998127	4.829861	4.584784	4.795901	3.954422
5.113346	4.189699	4.939761	5.135227	4.873262	4.958467	5.073675	5.350398	4.296394	5.295399
5.418564	5.543855	6.362464	4.787063	6.007679	5.166209	4.482594	4.966763	5.145874	4.571537
