5.524964	4.70024	3.960485	5.780175	3.297426	4.212274	3.310645	5.214975	4.847687	5.073137
5.252313	7.220672	4.51546	5.862376	5.03511	4.22271	4.945118	5.358995	4.755471	4.276951
4.298676	4.735589	5.48949	5.609304	4.612517	4.510047	5.818917	5.689205	6.12168	5.488757
4.627698	4.745442	5.052639	5.303011	4.822358	6.86801	6.314095	4.409812	4.300497	6.138805
4.731223	3.56361	4.562646	5.232058	4.107661	5.022509	5.345315	4.846509	4.688959	5.496531
4.454937	6.268753	6.214012	5.675646	3.280945	6.120548	3.885235	3.986003	8.112195	3.496852
5.996852	4.864552	4.949232	4.988255	6.226812	5.424384	4.403711	6.103555	4.365743	5.087273
4.101313	4.507032	4.713024	6.178598	6.929171	2.264769	2.561551	5.098703	6.082657	4.521209
4.111661	6.525458	5.407681	7.099112	5.057643	5.553842	4.684453	5.623059	4.535676	6.244631
5.311037	6.923398	6.006647	6.322146	5.352964	7.820798	4.713764	4.946907	3.816386	4.107924
4.88098	5.585439	4.417656	5.2537	4.729138	3.489754	4.229358	6.070036	4.774444	3.991976
3.694504	5.881172	3.977642	6.728537	3.86433	7.589206	3.938301	2.80163	4.88698	5.94143
5.996772	6.329623	5.119482	4.700379	4.373249	6.332913	5.386418	5.187747	4.703963	5.367432
4.094961	4.51877	6.092239	4.948535	5.869696	6.009922	5.411857	4.483085	5.47128	2.857235
4.716057	5.454992	4.842861	4.680361	5.007895	4.884157	3.341461	4.760579	4.775949	4.868207
5.406323	6.089926	4.529581	4.493575	5.050955	5.598455	5.794616	5.967185	5.59438	4.140494
5.461452	4.044516	6.122947	5.058153	4.939401	4.369904	4.402931	4.808617	6.082186	5.636752
5.425303	3.998702	5.840868	4.675742	5.714805	4.276987	4.489941	4.004644	5.692676	5.905632
4.969289	3.842397	5.067492	4.565054	4.758525	4.023478	3.343544	3.75968	5.2353	6.005982
5.090095	4.903609	4.223909	5.899242	5.207954	5.551449	3.149673	5.908628	5.051618	5.398163
5.955655	6.336585	4.224746	4.683449	3.66694	5.030246	4.837354	4.67035	4.01687	4.829471
3.5973	5.777475	4.69506	6.30375	5.260391	5.454373	5.994471	5.419951	5.329308	4.985557
5.671946	5.480181	4.094932	5.140164	5.143011	4.675786	4.117603	5.21059	5.293067	5.174527
4.381258	3.867903	6.133043	4.811075	3.672461	4.845976	5.273994	4.742019	5.656396	6.119918
4.399441	5.290542	3.378265	5.087654	4.603273	4.838823	4.682587	5.648132	6.276552	4.982479
5.164424	3.259275	5.059616	3.665724	4.788657	4.435797	6.117189	5.538161	4.078233	4.530105
6.546473	4.743302	4.061854	4.836667	4.82693	5.797973	5.848418	4.730782	4.504302	4.425706
6.167236	4.951398	4.242761	5.968577	3.504267	4.918054	3.097309	5.308925	5.1279	4.973461
2.85057	3.948919	3.666637	5.462208	3.625704	6.276416	4.53763	3.649666	4.683059	4.132289
5.368119	4.345247	5.053411	5.17899	5.344016	5.54621	4.928396	6.007285	5.401076	5.27401
4.419254	6.271092	3.909059	6.714149	5.658591	4.590045	4.831097	4.797044	3.931536	4.433018
6.487329	4.546714	4.39989	5.692493	4.191028	2.882748	4.953112	5.462701	5.628769	5.261394
5.635817	5.81675	5.589417	4.253341	3.733779	6.146068	3.216336	4.885634	5.521232	5.713929
5.662359	4.408482	5.092237	6.750865	3.44588	5.005966	3.614759	6.026926	5.197321	5.591777
5.949957	6.412431	5.324419	6.187361	5.740207	6.019156	5.37111	4.124483	2.696084	5.832754
4.942765	3.691481	5.570643	5.836028	5.059345	4.035894	5.502582	3.98598	5.353505	4.853838
4.436786	2.86427	4.718177	5.094698	4.034322	4.692192	5.494973	6.292811	5.648315	4.872689
4.713679	3.689292	5.022159	4.965159	4.789062	4.875345	4.096898	4.485722	4.91237	5.443984
7.195561	5.493955	3.689884	3.909132	5.18189	4.729261	3.931459	4.211277	4.697326	5.27689
4.955059	5.529009	6.46356	5.606554	5.545278	5.43393	4.469801	4.420711	5.2443	4.388798
3.984037	4.92604	4.753733	5.083648	6.283864	5.627166	5.625272	4.385889	4.970665	5.277541
3.541295	5.793887	5.009012	4.787733	5.081692	4.275303	3.939053	6.230841	6.216835	5.700216
4.833013	3.807739	5.116812	6.755544	4.117247	3.420723	6.001688	3.531626	5.596427	4.419618
4.500378	3.990398	3.368829	5.855795	4.962398	5.176094	6.147853	5.879749	4.159483	5.271051
3.872082	5.236206	5.248861	6.690586	5.737388	6.517287	7.123784	5.477345	4.978038	3.716718
5.492349	4.952412	3.328694	5.91234	4.989634	6.097479	4.208992	5.942309	5.719734	4.926845
4.62114	5.384443	4.113241	5.458911	4.935045	4.967366	5.486705	4.514928	4.804288	6.986135
5.008001	6.253007	5.515291	5.585033	6.379607	3.525902	4.272325	4.931038	5.044496	3.960837
6.316498	4.359478	3.998861	5.350414	5.852276	6.509958	4.375188	5.82849	5.030487	5.968305
6.815521	6.405273	5.34273	4.924732	4.812857	5.973524	5.682336	4.659822	4.075133	5.839754
6.078695	4.422552	5.036274	4.946013	4.918339	5.556267	5.411754	5.910406	3.995784	5.200221
5.450952	4.618315	4.510895	5.265851	4.38551	4.123655	4.820877	5.815883	4.70667	3.999535
4.398683	4.094277	4.759954	3.797931	5.336222	5.206264	3.735378	4.996194	5.675717	4.489867
5.241689	4.679639	3.393606	4.453937	4.854431	5.605054	4.465746	5.72346	4.555768	5.956442
4.70202	7.392873	4.656405	5.619459	4.861204	4.94855	5.965344	3.648403	6.754123	5.049445
7.298622	6.149486	5.265188	5.536731	5.418226	4.790143	4.654542	3.765261	5.689304	4.440297
5.328809	5.62175	5.052232	5.05507	4.024651	2.161458	5.205916	6.141971	4.226263	6.262017
3.908071	5.057305	6.238851	4.612916	4.013354	4.750619	5.484278	5.279397	4.360972	4.71655
4.093493	3.513512	4.964019	6.09262	4.144052	6.178161	4.668247	4.278467	4.088562	4.875218
4.891281	3.769269	3.917854	4.825857	4.557078	4.006659	4.166946	3.732143	5.234596	4.554767
4.298773	3.399316	5.900149	6.256392	3.137196	4.535192	2.99367	4.099339	3.841725	4.373055
5.644446	5.445431	4.617588	5.352589	3.671396	4.61458	5.754407	5.180475	5.418947	4.874026
5.793185	6.0953	5.687835	5.053867	5.249443	4.825882	4.956357	6.117551	4.005509	4.132215
4.775566	4.597844	4.876866	5.774221	5.541701	6.195427	6.645681	5.087201	6.312739	3.670536
4.232349	3.996643	6.952361	4.276127	4.382485	5.705978	6.911072	3.929555	5.745063	4.585685
3.435011	5.6541	5.681272	4.312792	5.937544	6.292122	4.940899	5.570647	5.358007	5.247058
5.084491	5.178317	6.295961	5.89201	5.578534	2.799391	5.285936	5.69705	6.766758	5.739715
3.723643	5.294715	4.808379	5.450843	5.185858	5.03786	4.957778	5.242818	4.257667	4.646007
5.410851	5.101924	5.513015	5.928708	6.357335	5.146326	4.973536	4.477746	3.631679	4.658605
6.271801	6.452206	5.602325	5.365098	5.77777	4.520002	4.238334	4.798304	6.080596	5.200552
4.700558	3.672929	4.245039	5.496523	5.547476	4.844946	5.215635	4.911615	3.724941	3.88611
3.892354	4.948514	4.61769	5.725253	2.513572	4.685485	5.654076	4.253574	4.083324	5.247689
2.921363	5.975016	4.027701	4.424012	5.063012	5.10346	5.742224	4.472506	5.705746	5.235398
5.280196	3.994645	4.529899	3.174453	4.623842	4.466156	6.365592	3.579529	5.163204	3.424504
4.7972	5.307286	6.015997	3.352184	7.458953	3.942564	4.086125	5.741434	5.029529	4.802031
4.978644	4.780927	5.621392	5.112117	3.943798	6.606841	4.045941	4.599666	4.971498	6.488752
3.952919	5.890353	3.70401	6.144683	4.110641	4.821898	4.372379	3.459597	5.467153	4.118356
4.072761	4.764044	6.513951	4.957349	6.413314	6.365952	4.300948	6.323351	3.570877	7.019735
4.917433	4.8691	4.409994	5.665759	4.641851	5.56728	5.32849	3.934283	4.303001	5.760795
6.591603	4.490704	5.575813	6.018333	4.593717	5.218542	4.71315	5.208813	4.936922	5.615427
6.836023	3.896805	3.4572	5.444304	5.615858	4.98127	6.296169	6.510362	4.116652	5.151241
5.193637	5.355875	3.769026	5.05142	6.451241	3.529816	3.399066	3.948596	3.178099	4.51825
3.88984	4.63121	6.27922	5.54247	4.524095	4.864985	4.220004	5.132706	5.52428	5.030541
3.601229	4.496298	5.040878	5.493022	4.957819	4.598347	3.481455	5.064851	6.051145	5.436535
5.43803	5.387108	3.802755	5.074066	3.243599	4.929162	6.163492	5.992376	5.026886	4.975474
4.851526	2.399171	5.164408	4.491491	4.627522	5.654594	4.337887	5.629084	3.08534	4.958174
2.862574	4.709126	4.548407	5.360337	5.638826	6.139394	4.308389	4.824843	5.096475	4.944151
4.95039	4.888525	5.227521	4.602981	4.762161	3.710004	3.770424	4.304718	5.598724	5.481682
4.328622	4.871621	4.506965	4.313096	4.29816	4.832603	4.001647	1.854461	4.316699	5.836605
6.642251	5.964261	5.944197	4.088062	3.095354	3.987549	6.130368	4.234509	4.702845	4.965562
4.770451	4.858042	4.994142	6.125916	6.361279	7.241797	5.555141	6.44444	5.811469	5.405842
5.574644	5.528454	3.676839	2.54827	5.248269	5.664545	4.982404	4.591069	4.333344	4.550618
6.251162	4.578417	6.947393	4.797303	5.373526	6.424174	5.683664	5.116208	4.592577	5.829706
4.305897	5.855989	5.867795	6.16436	3.821073	4.665211	4.573053	5.491701	4.640991	6.468348
6.679621	6.134846	5.850545	5.759243	4.955883	5.081167	1.815137	5.941877	4.684727	4.865683
5.413083	4.231985	4.808154	3.303229	5.141186	4.387214	5.523746	4.57308	5.801729	5.068641
5.693802	5.516731	5.821908	5.088355	3.649814	4.224687	5.160563	3.939752	3.655653	4.882425
5.477807	4.192485	7.418256	3.945755	4.121835	5.921988	4.588385	4.644497	5.502647	3.689009
6.531796	5.322983	6.508375	5.232135	5.244407	5.647425	5.120543	3.652011	4.446313	6.086622
5.017152	4.036311	4.22772	6.352414	4.703352	5.97712	5.916899	3.757255	4.064664	5.025013
5.362508	3.820056	5.618515	5.876008	4.695066	4.199758	4.884856	5.031706	4.81254	4.0745
5.144022	5.288371	4.758125	5.669625	4.664348	4.004416	5.057369	3.977756	3.505339	5.071343
4.543106	5.369934	5.53183	5.034297	5.435614	5.402857	5.487135	5.473358	3.350127	4.302701
4.577645	6.618782	6.353188	4.353934	5.518407	3.487296	4.383026	5.428051	4.753733	5.144964
3.203144	5.638021	4.575168	3.73131	5.160701	4.42013	4.52622	3.446413	4.477987	3.642302
5.22712	4.446893	4.806495	3.941151	6.669626	6.08103	4.90845	5.482831	4.942823	3.320121
5.057588	4.989328	4.003304	4.740666	4.873005	5.142572	4.609453	6.431796	4.389473	4.022473
5.866883	5.551386	3.581614	5.693504	4.927571	5.274077	5.770603	5.476024	4.738834	3.921443
5.467697	5.944429	4.985706	5.480186	3.820828	4.427767	3.797622	5.644919	5.584748	4.55864
6.110029	5.324493	5.626581	4.87107	5.020404	6.142507	5.285784	5.115606	5.370018	4.470512
3.917709	4.058904	5.660309	3.620131	5.560902	3.125045	4.318106	6.876608	5.205959	5.844264
2.833407	4.341959	4.247906	3.806881	4.740093	2.675633	6.085857	3.230881	6.057318	3.655205
4.895836	6.341861	6.923581	4.713813	5.742465	4.471398	4.67542	4.806431	5.676247	4.780123
6.540674	4.325162	5.152887	3.786447	4.912453	4.805501	5.213285	4.77319	4.763268	5.459382
4.124918	5.606896	4.640634	4.342412	5.588753	4.651014	5.132984	4.762565	3.911147	6.049702
5.116094	4.805583	5.157635	3.067784	5.348413	3.946	3.845484	5.545065	2.998623	4.770953
4.059665	6.032643	5.950313	5.161747	4.253738	4.122055	4.163831	3.820137	4.908568	6.69763
3.057392	3.813936	4.39039	4.759152	4.829847	4.414354	4.131884	5.390056	4.619462	4.395748
5.135834	4.93184	5.014733	5.008537	5.939785	6.822443	4.485946	5.232258	4.252035	3.697021
5.068641	4.193812	4.469063	4.621155	6.307923	4.775529	5.802778	4.860585	3.81957	5.763989
6.187582	4.792211	5.409798	4.554293	5.284181	3.559667	6.394526	5.045936	5.523767	5.218733
4.581946	5.345632	5.122186	5.043107	4.665012	2.568272	4.488431	5.854243	4.601729	5.846714
4.650384	5.410284	4.680074	6.454567	5.10216	4.506921	3.948652	3.862731	4.079631	3.486772
4.404279	4.012462	4.960436	4.306547	5.26068	6.614132	3.910748	6.578122	5.949365	5.770821
3.670275	6.225523	4.995147	4.788281	6.134194	3.046723	3.965371	4.747172	6.062446	3.702143
6.44867	5.139563	5.275867	5.942102	4.276214	5.593709	4.166965	4.239432	5.513636	5.217133
4.70002	7.586494	6.437932	5.211908	3.482358	5.589543	4.779587	4.743514	4.226772	4.52149
6.041771	3.51695	5.900797	5.206225	5.454651	3.425182	3.158544	4.65909	3.868568	3.277241
4.899588	5.839543	4.756761	7.461691	6.629222	4.448514	3.503991	4.104156	4.111736	5.927504
3.687215	4.39578	6.534883	5.308255	5.206151	4.747102	6.785671	4.392781	4.853653	3.931508
5.1083	6.047022	5.812204	4.265612	6.850213	5.480847	4.489585	6.173172	4.50834	6.007399
7.06904	3.617883	4.31115	3.95299	4.305451	5.007317	4.917329	4.866867	5.572831	5.762665
4.013022	4.159534	5.55394	4.447391	4.753768	5.485778	4.564516	5.363922	4.958902	4.428178
4.564979	4.473323	5.034354	5.030821	4.486259	5.506674	5.955967	4.485704	4.968095	5.501753
4.932858	4.120527	3.756006	5.284735	6.53483	5.140123	4.952053	5.094763	5.463415	5.737177
5.509071	4.183593	4.378211	4.996851	3.917321	5.716269	5.227148	4.737304	4.783332	4.393043
4.114307	4.553238	5.222095	5.587059	4.695106	5.326874	4.879492	4.939078	5.023901	5.148803
5.731932	3.667073	5.378055	5.541642	3.185824	4.542249	6.273826	4.936968	4.366936	5.849302
6.10253	3.834204	2.766633	7.161595	3.289011	3.603559	5.52245	5.51055	5.084395	4.269856
4.772345	5.251358	5.282584	3.544214	4.512726	8.141149	5.542315	4.960919	5.050376	3.606443
5.108716	6.059141	5.144641	6.75176	5.189631	5.071517	4.848105	4.592001	5.664663	5.596297
4.048569	4.457407	5.009443	5.670033	4.684413	3.732478	5.024147	4.583197	6.367381	5.379078
5.601353	3.692473	7.425511	4.589931	5.612644	4.329018	6.465985	5.299565	7.273665	3.65296
5.236515	4.3129	4.666053	4.623649	3.967743	5.010049	6.544651	3.517128	5.871039	5.019209
6.864935	3.802496	4.453896	5.183355	3.885266	4.741932	6.112335	5.364316	3.838766	6.500296
4.867676	3.945169	6.269625	5.961957	5.767245	6.918837	3.230924	5.246428	5.039723	6.656391
6.307965	4.560841	4.627274	3.605814	3.932128	4.01382	4.750338	5.123768	6.852705	5.060426
4.939367	4.338814	3.12742	5.789876	4.428411	7.051428	5.266233	4.269264	5.218365	5.166682
6.33994	5.086697	6.298562	3.784072	6.019067	3.726007	4.192773	4.427891	5.196447	2.976512
4.412229	5.328928	5.784847	4.728708	4.871868	4.074137	4.202428	4.818905	6.051867	4.621914
5.107085	4.572964	5.720725	4.979172	6.639047	4.995059	6.825652	4.866161	3.889589	4.802915
5.092924	4.380984	4.994636	3.813134	4.424451	3.261932	5.057864	4.687654	3.090844	4.547356
3.177594	4.803833	4.856446	3.38858	6.037192	4.309198	4.694395	6.068498	5.071864	6.010262
4.005841	4.844324	5.218545	4.711498	4.229129	5.044936	5.072108	4.994962	4.823839	4.912043
3.946291	5.511165	4.884477	4.950078	5.127156	3.763268	6.086491	5.90806	4.928874	4.547636
5.295933	7.124632	4.250731	4.295771	4.192277	6.045852	5.590913	4.255649	5.023293	4.201849
6.205338	6.425334	5.320269	4.373456	4.458299	6.27091	5.001978	4.564644	5.773037	4.83797
4.234643	4.774692	4.744448	5.951218	5.6797	4.181108	5.773168	6.092142	4.24015	4.58055
4.585479	4.298701	4.497721	3.609247	4.430874	7.080531	4.943073	5.924839	4.523695	4.820438
4.820961	4.493556	5.968899	3.7663	4.374414	3.388648	4.947042	5.180315	5.051735	3.749427
5.244531	5.240417	5.764296	5.384778	6.424585	6.265671	4.299423	3.621997	5.086127	5.148098
5.937627	4.393744	5.325095	5.250687	5.482374	5.558972	6.884999	4.500842	4.092628	3.233388
5.757931	3.811926	4.264126	6.383278	6.352442	3.458331	4.673069	5.011759	4.997227	4.984001
5.074893	4.295428	6.026139	4.195949	4.601152	5.311424	5.658536	4.437602	4.287508	4.198301
4.339063	6.823145	5.398123	3.869549	5.243497	6.441098	4.669932	6.954681	4.826509	5.257207
4.946487	6.441857	3.48661	6.895886	5.338352	6.279358	4.427413	3.297406	4.705614	6.979943
5.779282	5.440093	5.945243	5.535807	5.030384	5.367112	5.650815	5.062654	3.972547	4.900757
4.05722	4.910185	5.902962	5.548249	4.426774	4.71214	4.905078	5.278307	3.883437	5.018074
5.280843	5.060478	4.138776	3.068165	4.213032	5.442901	5.705528	4.953017	4.876794	4.325053
6.006608	6.407107	5.114414	4.205336	6.268095	4.373431	4.288951	3.830473	4.442547	5.982522
4.493035	4.770077	7.409251	4.711535	6.133707	3.931132	4.128779	4.770135	6.111231	5.312397
4.449413	5.503318	6.720901	4.265879	3.006608	6.486234	6.176222	6.697879	5.295172	4.916699
5.282251	3.547726	4.067097	6.717649	4.147958	4.813595	4.975105	6.590882	4.932429	3.959083
4.267841	5.960042	4.76221	4.500745	5.157553	5.131057	4.740925	3.473805	5.89219	3.624884
3.703636	5.399416	5.197057	3.313787	4.764886	5.127473	5.508842	5.824888	5.093044	5.473123
4.616567	4.736066	5.242559	6.570438	5.881895	4.294248	5.124525	3.357352	3.944692	3.910909
7.696062	4.347273	4.716468	4.393609	5.363901	3.86466	6.965867	5.359466	3.141559	4.496469
6.102493	3.825759	5.078952	4.792583	5.587684	5.999789	3.555728	4.95086	5.252538	5.130024
4.539473	4.53882	7.33189	5.739469	4.552527	5.619941	3.568859	6.002258	5.521304	5.135908
6.148103	3.649356	5.289832	4.443244	5.832938	5.088793	3.593593	4.839837	5.036489	4.778963
5.723685	5.196834	4.996598	4.37808	3.489453	6.624317	5.612739	6.182066	5.364509	6.641287
6.564573	3.422087	6.698957	5.434529	5.943613	4.152536	3.437208	4.522754	5.624061	4.241312
4.752136	3.230601	3.323583	5.732363	4.84737	5.708682	6.252413	4.432338	5.299114	5.906774
4.720654	4.792362	4.145369	5.040235	4.896532	3.439762	5.367963	4.696989	5.416611	4.499745
4.397017	5.605787	4.95998	5.541512	5.18335	3.990003	5.386064	6.455439	4.599261	5.390953
6.000052	5.461465	3.226235	5.24782	4.666975	4.734929	5.607255	6.278957	4.291685	5.349123
4.834002	3.592268	3.124226	4.083643	4.713652	7.111279	5.54372	5.977668	3.282945	5.600134
4.392272	4.459446	4.742139	4.994233	6.14046	6.594776	4.51938	6.287969	5.136957	4.086059
4.551444	5.097772	4.189338	4.418468	4.727305	4.088148	3.815615	5.437521	4.938663	6.416475
5.169218	4.27754	5.412114	5.198688	4.693152	4.57475	3.599209	4.036956	4.524	4.628973
4.80863	5.386324	5.828901	6.707653	5.725563	5.408968	4.660493	6.050362	4.964963	4.359246
6.065063	3.67868	5.483732	5.615276	5.960965	6.10324	5.098634	4.976216	6.290012	6.043211
4.346684	4.759383	5.47322	5.517057	5.615986	3.735771	4.282151	4.27936	4.668954	4.269289
6.789285	5.485406	6.040338	5.810222	5.597385	5.607727	5.619479	6.292505	4.502844	5.299308
5.193085	4.372151	5.042584	5.06834	5.508224	4.605936	5.403666	3.150809	5.196766	5.362463
5.563399	4.343507	6.280187	4.924156	3.755196	6.059833	5.406012	3.527331	5.814748	5.405138
3.996843	5.404694	4.877111	4.990759	5.559069	4.933597	5.98351	5.547715	4.97628	4.07193
5.483827	4.192595	5.319169	4.111647	5.469888	4.05174	5.401248	4.719672	4.133161	4.403697
5.461957	5.574414	6.322222	5.556315	4.719096	5.150476	4.227951	5.379361	5.258205	5.916011
4.769353	4.065648	3.927777	5.020848	4.195136	5.472492	4.890507	3.901978	4.418301	3.70491
