3.888341	4.989374	6.154298	3.737384	4.731752	4.817286	5.901681	4.446408	5.511085	4.044842
4.299462	5.162773	4.92941	2.897716	3.573055	5.691753	3.947986	4.955345	5.706709	6.08059
6.264928	5.967227	5.674335	4.558941	4.909679	5.865871	6.14591	5.02424	3.961998	3.673501
5.320551	5.776479	4.711542	6.167122	4.799798	5.084875	5.160176	5.992961	4.168535	3.828816
5.572623	3.960159	7.469982	5.870678	4.683871	4.512393	3.876203	6.229136	4.790049	6.529652
4.772103	5.230149	4.756512	4.903831	4.175259	3.873071	5.674069	4.253764	4.65846	5.603533
6.854962	5.573473	5.176031	4.479826	4.027611	2.558029	5.268696	5.587363	5.884773	4.697335
4.85681	4.487917	5.466146	5.613584	4.215874	4.437732	3.978225	4.657434	3.892986	4.871194
4.856868	4.896841	4.171403	4.247547	5.281572	4.428306	5.431204	4.24526	4.873262	3.8084
3.463341	4.779047	3.42464	5.63014	5.136724	4.471692	4.34563	5.486807	4.645342	5.649166
5.65663	5.151266	4.399822	4.501844	6.030053	4.073661	4.934566	3.93719	6.042493	4.823758
5.227139	5.249846	4.285081	4.847626	3.686616	5.044479	5.681314	6.835816	4.399038	5.461753
4.598114	5.178517	4.65647	4.560051	5.519492	4.612784	5.464119	5.596107	4.779959	4.651638
5.967194	5.428197	5.866179	2.983357	5.442971	4.895724	6.195745	5.173464	5.013324	4.191378
4.514839	4.239491	4.066795	5.734802	4.934452	5.471061	4.258487	5.3633	5.453651	4.790992
4.533534	3.836759	5.005956	5.176763	4.670968	5.784701	4.390911	4.529955	3.595965	4.255949
3.524366	4.147264	5.382063	4.903365	5.32409	3.824228	4.999597	5.198629	4.372509	4.246982
5.738941	3.44929	3.923296	5.289724	4.334818	5.716624	5.140664	5.107747	5.899277	5.054636
5.473313	4.133961	5.74562	3.385942	4.378771	5.363931	4.290325	4.079304	5.854429	6.255498
3.694432	4.598585	3.887608	4.787479	5.893481	3.574948	6.411783	5.481718	3.706099	5.923644
4.522869	5.253367	4.774763	5.69647	5.195779	6.549162	3.785441	3.444231	4.630765	5.358338
5.750933	4.989762	5.599249	4.557621	5.230133	5.212109	6.316853	6.663744	5.401322	3.451992
5.126441	6.38498	4.903629	5.017181	6.12214	5.43126	6.485776	5.707424	4.778019	5.53185
3.681854	4.420046	4.068439	5.392955	4.348194	5.94449	5.655324	5.134576	3.459925	4.238138
5.419815	4.473629	4.980382	4.248122	5.627576	5.377116	4.494461	3.958865	3.903328	4.016812
4.966165	5.006575	6.223313	4.922377	4.027318	3.789296	6.536274	5.031859	5.038007	4.77827
3.610087	4.88791	5.238963	4.365409	6.545812	5.114065	5.195405	4.570865	5.258749	5.386048
4.883881	4.056304	3.06593	4.599777	4.994412	3.297332	4.73579	5.621738	5.684675	5.463418
5.096471	5.395035	4.891812	3.917667	5.695123	5.22685	6.077464	4.632108	5.217793	3.792436
4.805562	7.000346	4.397984	6.715686	3.445924	6.547918	4.464762	4.495704	4.786102	5.414933
3.926702	5.84811	3.95925	4.615237	4.325106	4.4585	3.953933	4.014592	4.697509	4.653372
5.756251	4.872606	4.742553	4.552933	5.108239	6.711703	5.299613	3.687326	5.161109	4.750523
6.149893	6.702214	6.037976	5.188208	4.576529	4.918012	4.694606	4.554545	4.708575	4.44185
5.327783	4.865611	5.731034	5.423933	5.218941	6.15659	4.916045	4.465871	4.321308	6.223742
6.535087	4.939843	5.453244	4.644989	4.853124	4.198991	8.080297	4.208625	4.414986	4.238093
4.917699	5.097493	4.432329	4.48905	4.215009	5.493553	5.22944	4.604459	2.912691	4.778044
4.876628	6.255282	5.766696	5.73891	4.935271	4.279125	4.741024	4.468736	5.656894	4.545773
7.182525	5.692382	5.027395	7.301901	4.369236	6.015702	6.455721	4.567146	4.778969	5.584538
4.96521	5.944803	3.434315	4.356955	4.941101	4.958138	4.170477	4.158567	5.314521	4.987513
3.875509	5.007809	6.412498	5.020919	5.325185	3.9461	4.81041	4.082239	5.161071	4.86974
5.632987	5.359334	6.269334	4.213085	4.275062	4.446521	3.97084	5.752053	5.70297	5.686085
4.655887	4.66603	4.664062	4.736117	4.161003	4.958339	5.719509	5.680771	4.434506	4.263945
5.854324	2.485839	2.90384	3.292467	5.414831	5.036169	5.535793	5.175068	3.137948	4.169277
5.937981	4.60856	4.858528	5.668492	4.921894	4.493736	6.232726	5.056152	5.812399	3.975713
6.507938	5.171938	5.968247	6.07056	4.690228	4.371495	4.3735	5.322096	4.688925	6.395132
5.723491	6.058146	5.461566	4.491228	5.8906	4.407166	5.185076	5.022352	4.859394	4.766068
5.487047	5.229782	6.506362	5.804625	6.567136	4.988694	4.681165	3.871656	6.331833	4.520044
5.113837	4.275979	3.757278	4.430774	5.070388	3.860053	3.957187	5.259596	4.926062	4.391366
6.604756	3.939291	4.365223	6.060776	4.174706	4.762207	6.47013	5.402102	5.17895	5.24102
4.845857	4.172081	6.225413	3.326629	5.734348	5.829174	3.196576	5.092425	4.87574	4.480638
4.794019	4.056875	4.666627	3.966555	5.001722	3.492186	4.485487	4.70022	4.549947	3.524372
4.690681	5.586145	6.997624	4.373501	6.825976	5.173113	5.56884	4.116428	6.949363	5.515086
3.413005	6.590399	6.199814	5.881391	4.031761	4.014213	6.319558	5.547187	4.719734	4.551541
4.098764	3.971549	5.225561	4.549041	3.989852	5.984969	5.099517	5.190508	5.076265	4.707666
5.768686	3.749603	5.557893	4.814757	4.636694	5.707037	5.162625	6.089952	4.581066	4.41795
3.452039	5.092772	4.690089	3.702196	4.435647	3.766921	6.870368	5.209037	4.671224	4.010971
5.80986	4.462607	4.776086	4.199076	4.617469	5.755335	5.736504	4.831237	4.111783	3.86808
6.724345	5.426176	5.816019	5.727278	6.353609	5.705579	4.71878	5.205509	6.15234	4.512011
5.535645	4.27826	4.884102	5.328587	5.530805	4.579235	6.097379	5.168081	5.70172	5.34175
5.067154	5.895679	5.899883	4.570881	5.813948	4.217314	3.736691	5.073572	5.092385	5.389581
3.638261	4.316546	4.395039	3.532986	3.281685	5.145718	4.412992	4.910433	4.760103	5.34339
5.465975	5.817571	4.913054	5.534467	5.075394	5.853291	6.549974	4.020402	5.569693	6.299778
4.377395	4.398832	4.60881	4.480454	3.749007	3.558395	4.774557	5.685385	4.57095	5.266879
3.142742	6.045465	6.268036	4.327774	6.150172	3.415392	6.405136	3.689837	5.227345	4.394796
3.762757	4.375105	4.072197	3.633469	3.81964	3.890205	4.846006	3.218664	5.795777	5.243216
5.978282	4.331477	2.852095	6.552838	4.509632	4.875957	5.251863	5.408648	6.516031	4.783105
6.168414	4.185484	4.723553	5.021692	4.436161	2.522729	4.953294	6.768912	5.531165	4.285696
3.897762	5.220523	5.474525	5.750318	4.254471	4.904107	4.948365	4.471289	4.69668	4.157942
3.845333	6.00979	5.119506	5.381589	5.714698	5.203781	4.092934	6.872435	5.045642	4.806722
4.610991	4.365144	4.672926	3.091339	4.747298	6.889911	4.942339	5.099031	5.997564	4.766195
5.082679	5.490561	4.62098	4.056378	4.36996	5.13727	4.190278	5.768029	4.152995	5.523477
6.271136	6.652137	4.785786	4.368091	5.315935	4.950191	4.051308	4.640065	3.973123	4.592295
5.421526	5.277351	5.383225	4.551058	4.99642	6.064965	4.161785	3.789822	5.688236	5.165538
4.200154	6.272285	5.961019	5.355426	5.489207	4.318127	4.254786	5.603325	4.723787	4.7518
5.540204	6.083332	6.817463	5.726425	3.798079	4.054958	4.846507	5.37919	4.785677	4.516071
5.719602	5.669909	5.303126	6.180075	5.622536	5.635649	7.153717	5.014834	4.873612	4.954553
6.236956	4.310245	4.759535	6.937805	6.003099	4.612576	4.027317	5.492321	5.09453	3.944659
5.983812	6.001054	5.532844	5.812342	5.157753	4.861488	6.664958	5.138059	5.119945	3.86999
2.806653	5.804688	3.405444	6.716059	4.996737	4.310565	5.61413	5.302095	5.215915	4.229765
3.713992	6.10086	6.320144	4.531226	2.519445	5.960526	6.585817	5.025187	5.597069	4.318085
5.519079	7.139316	5.235655	5.169031	5.646175	6.241578	4.691895	3.929241	3.372731	3.646836
5.928607	6.128204	4.87376	5.34717	5.060421	4.643579	5.760459	5.996401	4.370218	5.159886
5.155623	5.236868	6.898039	3.918957	3.897873	5.356971	5.767031	5.044851	5.078786	4.412773
4.072095	4.779675	5.012774	5.372361	6.436593	4.269183	5.451498	4.392981	6.271747	4.74418
3.791243	5.40449	6.209711	5.482343	4.458221	5.616767	5.47333	4.710437	5.220403	5.49264
3.204926	6.247515	4.903734	5.27275	4.03505	7.704021	6.446009	5.737012	5.463313	4.292883
4.506562	6.331511	7.718631	4.243996	5.785449	5.460778	3.894924	5.426656	6.244214	5.99351
6.269338	4.860681	6.010144	5.539975	5.753867	5.2934	5.916712	4.973281	4.825019	5.435259
4.885472	3.623369	6.790741	6.074338	4.388495	4.71899	5.335006	4.341427	6.000101	4.719227
4.632576	5.437969	5.516315	4.33637	4.774688	5.138565	2.801598	5.384915	5.658875	4.666228
4.289789	6.677137	6.441521	5.763228	6.490132	3.154188	4.08441	5.774345	5.40131	5.46172
5.33213	4.612659	4.035969	6.923314	4.76602	4.342919	5.636704	5.853692	4.996475	5.43479
4.22737	5.583837	5.190216	6.194662	4.564721	5.016034	5.415172	4.103234	3.892155	5.518166
5.520289	5.830539	4.446702	4.834866	3.635453	3.886485	2.863981	4.521371	3.367114	5.358416
4.605995	5.23425	5.134037	5.962642	6.095558	4.263131	6.264153	5.579871	5.59427	6.21901
5.20997	6.058022	6.12578	4.344882	3.769938	5.467131	4.395447	5.402816	4.377691	5.630875
5.578119	3.620822	5.516232	5.241716	4.993104	3.885229	2.778272	4.967508	4.196378	6.416599
3.930353	4.386539	4.409506	6.006631	5.039653	4.724086	4.911311	5.144763	3.878953	3.616213
6.584517	6.210629	7.179975	5.487984	4.260747	5.847258	5.695089	5.591099	4.161037	3.958074
4.967093	6.058267	6.110876	6.824384	4.899709	5.570907	4.259194	3.389487	4.94625	3.623756
5.292197	3.957083	4.803846	6.270677	2.837094	4.980753	6.103068	5.082015	3.743671	5.831645
4.405946	4.859401	4.270793	4.011249	4.596063	6.501639	4.915665	4.185439	6.817696	5.408354
6.369445	4.774999	4.80429	4.778054	5.071242	5.055339	3.37762	4.476231	4.058988	4.803449
7.363478	5.319928	5.59004	5.474419	6.540831	5.1102	5.009476	2.464696	5.183907	4.244063
4.33818	6.25948	4.443425	5.595867	6.339178	4.6226	5.862942	5.095509	6.10443	6.676958
4.750037	4.895597	4.643182	3.955549	4.665529	4.267351	5.803807	4.633902	5.267465	4.126626
3.603465	4.498503	6.141356	5.797853	6.253017	6.501781	6.834165	6.248367	4.487874	6.688945
6.803225	6.661088	4.553369	4.991223	5.803198	4.784159	5.240592	6.877289	5.332809	3.900655
6.073195	5.715515	4.842291	5.292344	3.98509	5.052846	3.623299	6.393049	6.116014	3.720224
5.022111	5.301862	4.300018	4.583382	3.578806	5.565974	3.950775	4.876936	5.155726	6.381643
5.402637	5.860532	5.925728	4.309638	6.210581	2.928702	5.134881	5.34725	4.80654	5.59701
4.717459	5.040187	5.894177	4.864563	5.124265	4.16244	3.383008	5.439081	4.574872	5.103965
5.187069	6.066966	3.101986	4.306662	4.659647	4.834145	5.12148	4.714427	6.206445	4.800605
4.042021	4.613503	4.30097	3.992349	4.471474	4.678106	7.162498	5.32961	5.47783	5.276031
5.54535	4.988849	5.848796	5.78434	5.432897	5.462798	3.936764	5.561244	4.234509	5.378534
6.550066	5.947998	6.038091	6.04453	4.617222	5.296581	4.700647	4.819157	5.166244	5.441401
5.490467	5.494565	3.581948	3.815075	4.888415	5.600795	5.602328	5.460746	3.731901	5.336467
5.804566	5.127011	6.043188	5.641232	5.032021	3.514632	6.545451	4.345086	5.214569	6.180084
6.679711	6.09148	5.543394	6.76346	4.936103	6.032635	3.161312	6.441323	4.9556	4.323298
4.482807	4.549012	5.727837	5.010141	3.661297	4.746383	4.524492	5.252181	5.426235	5.52225
4.235256	4.880427	4.709114	5.761529	4.454369	5.302373	5.630106	2.999108	6.373003	5.206133
4.562366	4.345208	5.198763	4.073503	4.385907	5.473351	4.732447	5.289375	6.067016	4.611963
5.914106	4.62343	7.02116	4.648721	4.241115	5.866083	6.168499	6.381152	4.08853	4.971863
5.605648	3.010166	4.207112	6.259373	5.020153	4.958453	3.73425	3.956146	6.66995	6.071278
3.303603	4.204849	4.198712	4.28548	5.302297	4.273372	4.405886	5.030604	4.321019	4.109372
3.148518	5.782017	5.865558	6.161053	4.338993	6.191389	5.241796	5.338313	4.827165	5.295812
5.286793	4.606493	5.923119	6.417074	4.052557	4.235023	4.925836	4.182579	4.758337	3.201244
5.080027	4.695213	6.666164	4.359475	5.653849	3.820863	2.728711	5.357766	3.785076	5.108394
5.468735	3.167253	7.129896	4.765366	5.203473	6.037164	5.237405	5.658625	2.788019	4.742435
4.694692	6.40211	6.140506	6.797502	4.640546	7.2743	5.830777	5.266387	5.234884	5.066412
4.965237	3.874333	3.420774	3.55335	6.236002	5.213105	4.519249	4.556525	4.100286	4.626575
5.332789	5.966507	6.25343	4.405172	3.519058	6.804551	5.161785	5.404872	5.750601	5.123652
5.908003	4.289116	6.049901	5.134549	6.339598	4.111176	5.712168	4.641806	5.763559	5.470508
5.439747	4.339797	5.313348	5.728099	5.074931	3.938234	4.647435	3.463489	5.545846	3.189881
5.531203	5.305866	6.259371	5.117038	4.965187	5.196725	3.789366	5.064948	4.235761	3.642449
5.247461	3.635988	5.982987	5.739747	6.292393	4.777864	5.119063	5.046303	3.615338	3.40218
5.88662	3.019221	5.779763	5.977812	4.317963	6.617458	5.751156	5.326876	4.273916	6.297844
6.725684	4.744401	5.771804	6.106921	5.592316	4.61522	5.994565	3.223184	5.031659	5.66185
4.611687	5.181424	4.972856	6.616844	4.974871	5.927812	6.373864	5.755623	3.135684	5.981508
4.337329	6.029853	5.542775	5.253381	3.570526	5.021681	4.612086	4.758125	5.414503	3.788193
5.819423	5.031396	5.609719	4.963791	4.904521	4.421423	3.960293	3.850169	5.07594	4.207784
5.57338	3.284863	5.599645	6.152863	5.391721	5.985258	5.273572	4.401726	4.615877	4.930696
4.223611	3.587986	5.187846	6.003086	3.567029	3.49596	6.056513	4.115991	5.162926	4.898035
5.373169	5.417667	5.009307	5.06715	6.984976	4.392838	4.647736	4.795513	4.706629	4.629808
3.668737	4.905072	4.95119	4.933661	5.598181	3.837993	4.354693	2.987117	5.129176	4.492291
4.403129	4.533973	5.695843	4.722751	5.605731	5.788442	5.251417	6.525827	4.534954	4.853604
4.173281	3.610768	5.131202	5.828525	4.568034	3.846975	3.56235	5.183326	4.184871	3.692272
4.583018	4.297351	4.78918	5.257067	4.8972	4.601641	5.507536	4.518589	3.228048	4.440644
5.460268	5.177999	3.530776	5.734164	3.925943	3.878846	5.301453	4.332304	5.005446	4.895998
4.739137	4.38484	3.146042	5.669245	4.99036	5.112636	5.154628	5.644114	4.345448	4.230117
5.307406	4.454758	5.684445	4.728405	4.704836	5.757895	3.610204	5.673935	5.770495	7.159929
5.555757	5.798827	4.613867	4.81642	3.64944	4.787286	5.007845	5.484929	4.722006	5.028564
5.324891	4.00708	5.577775	5.019558	5.127844	5.742795	3.045845	5.963924	5.530885	5.804304
4.66921	4.045409	5.848329	4.954849	3.818682	3.599712	4.984227	3.396363	6.084314	5.491016
5.3623	4.892269	4.317288	3.478408	4.319965	4.587713	4.961902	6.204639	5.404106	4.625653
5.671473	4.795268	4.596476	5.796819	4.719747	5.980061	6.301335	5.532195	5.869575	4.578835
6.256346	4.758535	5.444677	4.585299	5.94494	5.475789	5.972206	4.457424	4.358592	5.973137
3.604402	5.513125	4.991584	6.169568	5.394704	5.381288	5.864636	3.796011	4.949202	6.272217
6.019708	6.007466	4.943007	5.37419	4.881772	6.822963	5.686719	5.14955	5.410655	6.680632
4.693922	6.397894	6.533227	5.410569	3.698847	4.710153	5.935358	4.883598	6.932107	3.931522
4.939123	6.888502	4.564511	4.983774	4.123814	6.294771	4.211558	3.596128	4.627048	5.060101
5.239038	5.711118	4.864757	5.629608	4.675041	5.164305	5.269238	4.828343	4.586412	3.574804
4.870934	4.311653	5.766686	6.533382	4.318415	5.138304	4.798569	5.19202	3.65644	6.774926
5.811446	3.500907	5.245196	4.195043	4.417859	4.991795	5.01124	5.039317	5.797682	3.207327
5.832154	4.464921	4.197553	4.009432	6.845499	4.015608	6.043336	4.667229	4.607052	5.076613
3.59161	5.029581	4.661283	5.054124	5.851293	5.577714	5.386679	4.137909	5.278685	3.589061
5.556343	5.799884	4.682975	4.698143	5.297951	3.70021	4.890878	4.529621	5.744253	5.704576
3.277907	4.907198	5.946019	3.999405	4.703482	6.071902	5.196812	5.470374	3.975954	3.734229
4.091475	2.9503	3.866236	4.675744	5.669173	3.234456	6.052331	4.83059	6.298063	5.08892
5.083554	4.978816	6.151304	5.920501	2.511616	4.073519	4.704181	4.841924	5.817978	3.532291
5.260028	3.671394	4.642308	6.133009	5.417677	4.361904	4.708978	5.168495	3.902239	3.3106
5.01555	3.054563	4.008193	5.571087	5.033956	6.017979	5.644746	5.812634	3.376258	4.586201
6.235439	5.834627	5.242871	3.456729	5.191877	4.97249	5.513412	6.248617	4.809164	4.74382
4.360759	3.43799	4.908933	3.158961	5.769007	4.797362	5.4668	5.047554	5.367142	4.551564
4.996336	4.502058	5.57503	6.135299	5.547441	6.132918	4.460094	4.872191	4.821048	5.691192
5.164895	5.376733	4.467516	4.024698	3.814486	4.38799	4.851793	4.93329	4.273773	4.580769
4.185816	4.95589	3.15105	6.744095	4.629291	5.462754	5.653448	4.468175	4.614559	4.929318
5.33359	7.998513	4.914273	5.122355	6.875751	6.190899	5.277688	4.579114	4.400843	5.36122
5.050498	4.632205	4.591802	4.208882	4.696514	5.427137	4.547305	5.933959	5.040389	4.194041
5.296719	6.07427	5.795276	4.518783	4.133584	4.432056	4.210577	7.473102	4.706321	6.432379
6.599438	4.23969	4.447016	4.767033	4.986321	4.526755	5.630011	6.374787	5.876293	5.251114
4.599955	5.405278	4.383842	5.741361	5.874867	6.99427	4.924451	4.362048	4.577907	4.21664
5.816352	4.531488	6.056797	5.166081	6.125252	5.65887	5.968169	4.184854	6.970147	3.77567
5.076215	4.76632	5.128716	4.795429	5.097622	4.782257	7.085979	4.564093	5.02299	5.549603
5.798922	4.646604	6.288232	4.352543	4.689212	3.448802	4.292251	5.560866	3.833752	4.630154
3.939209	5.511579	4.470569	5.777834	3.754543	6.289363	4.36091	4.020414	5.479457	5.50586
4.51755	7.480159	5.005621	5.993014	4.487425	3.996491	6.232792	5.05957	6.467743	3.951796
4.222898	4.68131	4.828229	5.284795	3.83445	5.039099	5.495488	5.368594	5.748959	4.274453
4.978611	5.394876	5.161995	5.447806	5.861877	4.277427	3.928235	4.116373	3.758588	5.358026
4.653536	6.757908	4.296731	5.905655	5.03223	5.87317	3.801545	5.867521	3.554471	5.935536
6.519634	4.813157	4.636227	4.4762	4.595993	4.012329	2.639874	4.858966	3.658432	6.503972
5.281924	4.710514	4.280134	5.058886	3.502546	4.960152	4.637846	4.515215	6.532053	5.835525
4.96559	2.880598	5.643339	4.679986	6.366624	5.186031	4.680146	3.781585	4.615943	4.919261
5.684371	6.320409	5.084906	4.706287	5.038942	4.767226	3.961881	5.970457	5.348034	4.647808
5.064814	4.130164	3.944052	4.748747	4.981274	6.472617	5.775126	6.00758	5.524256	4.432488
4.788891	5.259407	3.914409	4.545098	6.323644	5.273964	5.150961	5.1327	5.965875	6.673415
6.156591	4.325773	5.38468	3.859629	5.091349	4.981777	3.908391	5.289446	4.841236	4.815452
3.59779	5.743571	5.237635	5.318451	4.494498	5.019173	3.867236	3.945236	4.951757	4.604473
6.734001	4.623655	4.509024	4.59527	5.688145	5.17081	3.859716	4.750907	5.324955	5.26904
5.281244	5.752008	4.598028	4.486874	4.18979	4.516516	5.493062	4.182643	6.780552	3.691726
