5.12803	5.471256	6.05998	5.84366	6.011978	4.446397	4.97068	5.487494	4.910379	4.881077
6.374754	3.396875	4.789063	5.933006	4.720361	4.559987	4.88243	4.576922	6.9809	4.222661
4.133088	4.302413	3.492921	4.659963	5.958916	4.069016	5.23165	5.386724	5.470532	7.085014
5.705857	4.566226	6.252768	3.078288	5.850834	4.947092	4.473665	5.283011	5.869198	4.381567
5.615477	5.601008	4.940159	6.01021	4.361099	5.529703	5.54488	3.798494	4.435314	3.81345
5.818717	5.713159	5.297606	5.502511	4.934266	4.93987	6.862156	5.007466	4.31919	4.071832
4.251792	4.847114	4.560236	6.337537	4.803909	5.770101	6.076586	4.864916	4.932481	7.324832
4.813108	4.553679	3.72945	5.256876	5.254834	3.585787	5.743808	5.601262	2.396778	5.463036
5.842572	4.445615	6.402187	3.736557	2.484726	3.795166	4.668129	3.438298	5.234074	5.593986
2.312381	3.844004	6.522258	3.865374	2.521035	1.703076	3.881539	5.678846	6.980243	4.316509
4.72166	5.411849	5.80805	4.128053	5.092657	4.138879	3.325709	4.277843	5.421876	3.693845
6.245338	5.208988	4.669218	4.371135	4.955949	4.696996	3.426429	4.955325	4.581427	4.944096
5.057458	5.09968	3.400124	4.888878	4.013738	4.694268	4.773909	5.815778	4.391243	5.256252
4.607357	2.796443	4.399547	5.02931	3.821143	6.012407	4.294496	5.782054	5.167631	5.20292
3.138676	5.241395	5.051573	4.809236	6.810779	4.320929	6.414933	5.370163	3.529962	4.314896
5.032198	4.787793	5.395723	6.222554	5.016155	5.489851	4.308238	4.332751	5.655185	5.282619
5.239666	5.918238	3.636724	5.89253	5.085059	5.541881	6.865704	6.28752	4.792628	4.808078
4.309738	3.737999	5.509495	4.703661	6.070541	5.72499	5.057413	4.318935	6.280781	4.173557
4.701374	5.818635	5.729116	5.051072	5.709296	4.969484	5.028758	3.012703	3.564365	4.797761
5.13449	4.911484	6.128389	5.653947	5.071968	6.205015	5.157856	4.886999	5.225882	5.107091
4.394557	5.448805	6.398216	4.906632	5.582247	5.630239	5.411016	3.986295	3.533975	5.887297
5.779097	5.789414	5.233909	6.002805	4.174527	5.0608	5.022957	6.717	5.349359	5.885639
3.971799	6.255263	4.904623	5.66513	4.098402	4.853515	5.002762	3.265078	5.821356	4.507102
3.917369	5.801567	6.481278	4.550548	4.092731	4.617547	5.873805	5.492554	4.357633	5.628839
5.549789	4.87603	6.237815	5.814563	3.624576	6.456703	5.566524	4.464615	5.044551	4.865129
4.947652	5.54161	4.393037	4.962795	4.011769	6.29879	4.3593	6.09734	5.59348	2.511512
5.35026	4.779961	6.376977	5.626519	5.532082	5.674292	5.134515	3.963477	4.172642	4.417612
5.440667	6.030346	3.91674	6.612918	3.697193	3.765493	5.014513	6.55302	4.346008	3.205552
5.294785	5.09224	4.355227	3.753831	2.488068	4.2932	4.402321	6.144235	5.701586	4.366597
5.0924	5.200549	6.061808	5.208517	6.408388	5.380572	5.32037	6.210765	4.431006	5.285871
5.724704	5.831435	4.658256	5.730771	5.128905	6.005992	5.485743	3.718564	4.779235	4.488883
5.859308	4.691464	3.589691	4.566852	6.554867	4.954202	5.56342	5.525296	6.413949	4.212831
3.939442	4.062855	4.718434	5.324861	6.173251	3.629512	5.261797	4.436037	5.707088	3.978676
5.744278	5.189307	3.834345	5.374009	6.786204	4.734049	5.289249	3.835492	4.189802	5.63266
4.729215	5.509464	4.894012	3.192826	5.120293	4.237528	3.19827	6.651303	4.403395	5.41243
8.272533	5.533147	4.419389	3.928115	5.138039	4.732842	3.007657	5.146236	5.509097	7.044406
6.13378	3.789913	3.390946	6.923633	4.881747	5.103548	5.582617	4.723125	4.294579	6.242339
5.630283	3.184504	5.548782	6.901478	5.165525	3.726483	3.682239	5.791499	5.366327	4.836354
5.776943	3.559846	6.233017	5.043339	4.859213	5.514546	4.227474	4.603341	4.812507	4.975535
5.069136	4.911395	3.213974	4.914528	3.925064	6.122317	4.108258	5.339135	3.924893	4.596979
3.479291	4.558796	5.259996	5.400394	3.961827	5.24403	4.582132	4.513978	5.824103	4.43341
5.825655	4.006141	4.302728	6.375929	6.390625	4.493301	5.258523	4.919784	5.933608	4.633758
4.438396	4.958852	4.632287	5.16502	4.853779	4.320479	3.956117	5.705884	4.78301	4.030506
5.565322	4.656731	5.210096	5.192449	4.977428	5.148695	5.21402	4.356324	4.991208	5.267835
3.433432	4.502838	5.633664	4.485449	4.673207	5.528576	4.79366	4.557344	4.954706	4.418986
6.351194	5.164882	5.458414	5.442908	4.270185	6.412257	5.781874	6.061105	3.876091	4.466829
5.023866	5.087482	5.608113	5.141673	3.812181	5.16824	6.493103	3.081298	5.755063	4.343925
5.384575	6.131469	4.439203	7.025809	4.905218	4.524834	5.181261	6.143606	3.54601	5.879902
6.212927	3.824095	5.963691	4.398879	6.866537	4.783371	4.650689	3.764874	5.301189	4.630895
4.605571	5.099968	3.899125	5.621523	4.0112	5.183071	5.343645	6.568088	5.780999	3.167691
3.398664	4.058641	4.199977	3.725775	4.001428	4.637893	5.319125	6.932521	5.989883	5.828025
4.266489	5.140062	4.324241	5.208077	5.248991	5.633645	4.620988	6.330818	5.46442	4.892497
5.667176	3.84008	5.906511	5.34408	5.259206	4.418912	3.373991	4.797787	4.302866	3.410242
5.422817	5.325651	5.880939	4.90272	6.024481	4.467325	3.981416	5.749537	4.041427	5.786387
6.014052	4.370769	4.023044	4.058919	3.917697	5.743671	4.415849	4.288707	5.770754	4.455893
3.922882	3.675745	4.966506	5.460245	3.612863	6.464058	5.468854	4.887666	4.609621	3.332052
3.508008	6.094107	2.440813	4.724506	4.948247	4.525004	3.465618	4.935742	5.737168	4.125021
5.157155	5.681551	4.217145	5.985336	4.669808	4.456839	3.957201	5.221612	5.192513	4.894605
5.956721	4.670787	4.50918	5.195384	5.828403	3.233298	4.631955	4.958007	5.456948	3.547329
5.570028	6.203464	5.456641	3.122347	4.071252	4.520864	4.92951	4.671624	4.922368	4.224895
3.273602	4.931572	4.176091	5.229244	6.127107	5.991051	4.3158	5.199795	3.915377	4.569383
3.556206	4.366433	3.580464	5.160758	4.766065	4.968441	6.328133	4.880315	5.143012	3.740687
5.606111	4.535357	6.028146	5.703723	5.667334	4.712005	5.157068	3.217344	3.992198	5.897845
6.551378	5.592879	5.714761	3.483725	5.692084	5.64471	4.258691	7.004916	5.637918	5.497873
5.766937	5.213746	4.305992	5.119925	4.261105	4.818135	5.228989	4.787363	3.76642	3.90654
6.114295	5.258826	3.724092	5.046897	5.151184	5.037059	3.927474	5.747444	6.54226	4.600127
6.280433	5.899286	5.630024	2.963427	4.681359	3.895961	5.933434	5.016809	4.708806	5.364925
4.068286	5.215608	5.040902	5.902676	4.617738	4.53863	7.20575	5.569338	4.527083	4.601622
4.713859	5.078856	5.503128	4.573776	5.048398	4.065129	4.53986	4.314685	5.757872	5.244558
4.089155	3.870824	4.430958	4.742415	4.444509	5.417435	5.139224	4.485294	3.51932	2.808476
7.523941	6.304919	5.824086	4.576892	4.342131	4.787662	4.131146	6.376612	4.638956	5.749826
6.665752	4.226813	5.382754	4.655376	3.578038	4.593415	5.637959	4.444187	4.416532	7.022229
5.50806	4.71535	4.631055	4.322861	7.037695	5.832548	4.898032	4.955211	5.004854	5.592466
5.611284	6.54642	5.838553	6.470109	5.878878	4.712003	4.684264	4.740831	3.746173	6.063922
4.293128	5.49172	4.958477	5.374321	4.760544	4.651451	5.702234	4.191839	5.786319	6.282838
3.480474	5.401283	5.107861	4.051303	4.108636	5.137358	4.676932	6.421649	5.018446	4.253675
5.390807	5.211981	4.763648	5.353129	2.908788	5.281916	5.568266	5.20861	5.759956	4.636896
4.228156	4.62842	6.454	5.907479	5.711815	6.861364	5.432591	4.850694	5.450407	5.625542
5.292564	5.277111	4.146801	5.754979	5.615998	5.052231	3.899881	6.071595	4.611079	4.221779
4.425123	5.048703	3.673454	5.596685	4.731131	3.793625	5.09387	5.167786	3.725336	5.314468
4.491549	4.339156	4.077404	5.016849	4.101296	5.543344	5.691575	5.076104	4.195097	5.610367
5.650145	4.739517	5.559242	4.881639	4.048059	4.545746	5.726114	6.268263	4.13299	4.322833
5.766474	3.330199	2.984009	3.75026	6.193052	4.813537	3.867764	3.572757	5.329144	5.609396
3.46501	5.04536	3.908226	4.553318	5.075605	5.650475	5.651385	4.816809	5.270212	4.54547
4.145158	6.211107	6.089012	4.578583	4.874114	5.130091	5.981616	6.625332	3.931292	5.914595
3.951124	3.698597	3.961019	3.334892	3.942535	4.466776	2.762825	4.430927	5.077439	3.983749
4.539618	5.05283	4.796663	3.490477	4.470909	7.047907	4.572953	4.678713	5.66316	3.56387
4.611726	4.249872	4.238819	5.674588	4.547602	4.339088	6.952526	4.320343	4.601831	6.213268
4.741977	4.019987	5.409796	4.482897	3.576612	5.011952	5.795091	4.441038	6.164826	5.169534
4.294299	6.014345	6.347282	2.830008	3.768732	5.209417	4.893557	5.146222	5.752493	5.998873
6.17626	4.163058	6.108916	4.365605	4.481603	3.500454	5.318316	5.201307	4.685485	4.796459
5.179572	5.749925	5.617144	4.890785	4.065765	4.855831	2.700195	6.489702	6.100285	4.176674
5.464426	3.842945	4.429435	3.345262	5.851932	5.16462	4.520485	4.971745	5.639154	3.313658
4.8658	4.075744	5.375878	5.575481	4.744603	5.435404	5.243623	4.119136	5.168333	4.351938
5.545874	4.829178	4.930375	6.521625	5.38268	5.579847	4.272723	5.282608	5.139832	4.51724
4.336742	4.057453	4.713536	4.575251	5.985619	4.506075	5.213909	4.825131	5.961882	6.28709
4.537167	4.759932	5.156119	5.408586	5.960356	3.44459	4.512697	3.787614	7.396575	5.731862
5.938364	6.070127	5.385031	5.425975	5.306891	3.653288	3.434868	4.460053	6.063409	4.983646
3.905019	5.411632	5.057082	3.435363	5.638713	4.929399	5.127996	6.218537	4.176572	4.513148
4.769957	5.381408	6.829486	3.160084	6.316299	5.545476	4.358916	5.654984	5.554658	3.444541
3.37076	3.60349	5.025687	5.319133	6.117637	4.668559	4.649352	4.724683	5.318685	6.033972
4.804244	4.819548	4.321337	5.762429	3.905634	6.755942	5.539384	4.178333	5.022212	5.404795
3.036174	4.789421	4.730595	6.016546	4.695374	3.777497	3.989906	4.723974	5.902949	4.750046
5.442488	5.193475	4.561621	4.893848	5.176441	6.327571	3.221384	5.23755	5.530267	5.267003
5.94559	6.182203	4.572215	4.795552	3.845701	4.173695	3.640261	4.649421	3.50218	5.559205
4.717312	4.861078	5.525943	4.444427	4.255978	5.344817	4.455562	4.677333	4.540627	4.655854
5.381333	5.445038	4.047728	5.358753	6.127694	5.871839	7.191016	5.852124	5.821228	4.240345
4.93797	5.515989	6.397221	5.84576	6.186761	4.2575	6.52142	6.027982	5.419721	3.810546
5.178775	6.11935	6.253752	5.915915	6.716742	4.087235	4.968841	6.021758	5.454834	4.569613
4.464615	5.189443	7.276	4.175052	5.492791	5.645355	4.89066	5.051029	2.69383	4.45554
3.457006	4.232281	3.102688	4.103599	5.681894	3.690292	5.309755	5.740046	4.202295	3.901848
6.777641	5.617424	5.976587	5.137897	3.397912	3.86778	5.188414	4.829812	6.217789	5.454895
4.834421	6.262146	4.275383	5.895258	3.204986	3.568424	5.786117	4.500076	3.133306	4.238456
3.458657	3.31466	5.849675	5.019633	6.000386	4.602304	5.397916	4.759164	5.000539	4.720161
3.456328	6.039123	4.623973	5.000491	4.343741	3.155357	4.700788	5.138328	4.219472	5.001606
3.647014	3.971618	4.697172	4.594741	4.398252	5.404808	3.716722	5.584484	5.249537	4.385792
5.223942	6.304654	5.348976	3.99365	5.044252	6.260717	5.483264	3.725224	3.939545	4.440316
5.614612	5.027937	5.916915	4.879527	4.987262	5.38095	4.652052	3.865515	3.883724	4.000062
4.719463	4.289782	5.638583	4.677613	4.555787	5.924218	3.617063	4.201833	3.943536	4.777138
5.680574	6.418742	6.172406	5.273137	5.516459	5.467491	7.254603	4.577939	6.321562	4.663521
5.157121	3.799947	5.046294	3.043552	5.792777	4.865158	6.328593	3.857626	5.498104	4.585887
4.40523	4.602073	4.863977	5.69988	5.056986	5.453307	6.228791	6.03867	4.660351	6.086397
4.061555	4.348114	4.754116	5.576729	4.377032	2.909485	4.384104	5.863612	5.093179	5.13513
3.885009	4.771092	4.53731	3.545133	4.520478	5.082032	5.141223	4.399011	3.977918	5.853324
5.730021	4.269271	6.329338	4.823465	4.238352	3.923187	4.13798	4.679628	4.540448	5.972536
3.820175	4.446941	4.961554	4.841267	5.948718	4.777106	4.743043	4.696658	6.23201	5.111599
5.311192	5.744618	5.124596	4.580379	4.878816	5.10992	4.709322	4.085809	5.311644	5.88342
6.367612	5.480476	5.840981	3.890444	4.793695	4.57329	5.750888	5.541695	6.013018	4.88006
4.118216	4.881408	4.045296	4.40866	4.277451	5.376641	4.870414	6.807413	3.990726	3.69799
5.506856	5.50708	6.376214	6.900364	6.529218	5.384977	4.61913	4.403979	4.982202	5.228226
3.313637	3.902908	3.857213	5.953532	6.663752	5.23489	5.44315	6.403361	5.338395	4.690518
3.938726	5.600281	4.37835	4.105153	3.426392	3.606204	5.982155	5.431025	4.305623	4.788404
5.066651	4.652351	5.576428	4.354344	4.488011	5.791708	4.652295	3.264354	4.87666	4.204943
4.439832	5.820174	5.206762	5.755121	5.653453	4.54369	5.676605	6.605738	5.242188	5.961974
2.389838	4.559797	4.577207	5.14891	4.088532	4.446418	3.984806	3.548883	4.559301	4.503309
3.435791	4.187731	5.496757	4.953838	3.185315	5.415624	4.432494	4.885667	3.844907	5.458411
5.945358	4.271604	3.836183	3.767518	4.576026	5.153665	4.30458	4.86563	5.611592	4.325392
6.404943	5.836117	4.800426	4.109993	3.673746	4.140793	6.099053	3.246326	4.861435	7.012101
4.953128	3.962084	6.079922	5.378567	5.635437	5.704381	6.392437	4.679724	5.36663	7.084688
3.576046	3.94923	4.789217	5.523691	3.909398	5.933876	6.119475	4.914077	4.608522	3.897991
5.041506	5.817641	5.506524	5.952269	5.522001	5.160134	5.430696	3.456405	5.756971	3.043481
3.854168	5.158092	4.98243	4.070203	4.594034	4.758139	3.934258	4.353329	4.753491	4.27535
6.696935	4.605148	5.134313	5.176583	4.899794	6.278821	5.398674	5.661287	4.8424	6.560223
4.890144	4.513549	4.907451	3.618903	4.452007	5.011075	5.227496	4.513325	5.508461	6.631316
5.31558	4.24657	6.167769	5.282866	4.796237	5.127127	5.47919	5.594715	2.742963	5.21406
4.691749	5.178317	3.936917	4.61982	3.589685	4.710648	5.110289	4.895149	5.101758	4.568423
6.01928	6.155239	5.687777	5.467415	5.186702	4.739987	5.281913	4.230929	5.879417	5.340636
5.796436	3.185021	6.476539	5.762171	5.936707	6.39326	5.350313	5.103194	3.075707	4.72959
5.210954	5.043503	5.283001	3.928037	4.605235	4.397326	3.923636	4.101489	4.760358	4.430465
4.458066	5.603107	5.244709	5.593303	2.263552	5.748593	4.481219	5.287096	4.951052	4.13015
3.807337	3.969736	4.591142	4.92529	3.756764	6.508965	4.788705	4.102727	5.20872	4.775741
6.879659	5.161547	5.129825	5.045	5.220261	5.39039	3.695507	4.933901	4.124538	4.703789
4.046121	4.750229	5.361001	5.944082	4.109311	5.029317	6.007929	5.247834	4.636744	4.344248
6.201081	5.082736	5.44219	3.395695	5.653118	4.546049	4.974937	4.381047	4.951815	4.720033
5.817537	3.728636	4.706916	5.622715	4.752328	5.186357	2.553231	6.001433	6.129749	5.516123
5.237031	5.971531	4.61479	3.773608	4.242349	4.545272	6.062462	5.789461	5.656024	5.716549
4.461871	4.919191	7.378947	5.267082	5.251879	5.065438	5.423373	4.745724	5.965371	5.284592
5.504653	3.156785	4.327652	4.952822	5.257328	5.489075	5.560647	5.467949	5.267188	4.699924
6.942438	5.214811	5.979976	4.212406	4.04224	3.816003	5.290702	6.069842	5.083445	5.973065
4.537125	4.497117	3.801556	5.612392	5.857112	5.513356	5.764721	5.401782	5.524186	6.579164
5.965497	4.43904	4.628855	5.756637	4.668685	6.273441	3.917671	4.798986	4.532007	5.710258
4.027845	4.736305	5.580115	4.693831	5.744674	3.949916	7.102082	4.342655	5.785143	5.037814
5.05992	6.898962	6.324311	3.959069	4.627859	5.559059	5.067924	4.893768	5.433024	5.411901
5.325939	5.583459	5.508742	5.577242	5.003386	3.841546	4.207677	6.515571	5.832942	4.122162
5.814689	5.578187	4.787034	5.458336	4.120358	4.976859	3.85506	5.052665	5.695601	3.581436
4.758098	5.229151	4.887816	5.418538	5.493714	5.50598	4.897414	5.761885	5.220797	3.850578
6.618906	4.481151	4.455698	4.926515	4.953713	4.765258	4.756129	5.206954	5.779042	4.964656
5.445099	5.229173	4.768245	5.065882	5.028454	5.039054	5.774064	4.463057	7.400659	6.201807
5.453247	5.455973	5.299577	4.13356	4.058399	3.871056	5.040215	3.438281	5.598827	4.568758
6.333439	5.372128	4.638163	5.153492	3.921493	5.399353	6.109665	3.864958	5.138862	5.549638
4.668632	5.450979	5.786356	6.407425	5.635883	4.665308	3.431192	4.538987	5.292398	6.744397
3.169153	3.924079	4.842951	6.728387	3.697174	5.241195	4.433505	6.338649	5.064414	5.920838
5.644886	4.230546	4.04567	4.577876	5.377309	4.377075	6.455562	6.233952	6.013105	6.116608
5.332003	4.203384	6.223872	5.31148	5.218967	4.591208	4.608169	5.70911	4.582106	3.447496
5.303499	5.422728	6.928414	4.827693	3.709634	5.075261	4.07724	5.202555	5.606815	6.789782
1.45074	4.386079	5.522986	4.738705	5.572478	5.41432	4.763737	4.197269	5.736155	5.910817
6.526052	5.333272	4.413647	4.11452	5.702858	3.322829	5.262063	5.917891	3.81362	4.570207
4.827675	4.932945	4.482643	5.712672	5.050979	4.961726	4.893956	4.768044	3.53066	3.067057
5.548496	5.124673	4.123872	5.550904	4.103725	5.485533	4.464296	6.840868	3.640677	6.166837
4.617626	4.849826	4.880645	2.89964	4.299231	5.469882	5.255096	5.166515	4.08783	4.485881
5.02871	5.221598	4.475409	5.139618	5.329748	4.440547	3.78177	6.195102	4.457917	4.338096
4.825448	5.571464	6.119668	3.338907	5.286665	4.115967	5.765184	5.002238	4.394791	4.488185
4.430496	5.927114	6.124861	4.729306	5.217368	5.373092	6.220462	3.687187	4.886561	5.047712
4.295662	5.430201	5.168954	4.527678	4.2667	4.912661	4.556159	5.852776	6.830052	5.838946
6.477246	6.950425	4.109897	3.211231	4.141073	4.547549	5.114047	5.627262	5.613322	5.452743
4.440953	5.920991	6.355429	3.480084	4.381303	5.043153	4.504879	7.000155	5.690001	5.522508
4.573987	5.395119	4.804455	5.892739	5.534958	4.656246	3.903141	6.30685	4.70237	5.546978
5.886212	5.48922	4.600527	4.878423	6.57743	3.440342	5.480306	4.439497	4.70067	3.25911
4.957656	4.644271	4.550407	4.030931	5.5748	5.355546	3.566399	5.038889	4.497155	4.163318
5.755123	6.423736	4.661192	4.713168	4.361879	5.351839	6.162792	5.900089	5.352084	5.26169
5.647479	5.922451	4.270808	6.055705	6.026042	5.88709	5.273033	4.591917	4.024992	4.951881
5.463788	5.712014	3.528901	4.050994	6.397738	3.380937	5.854473	4.270412	7.121353	5.047607
3.869998	4.807731	4.781742	4.908593	5.353164	4.87991	4.881496	5.288476	3.454006	4.387129
5.118117	4.167988	5.163148	6.302227	6.160324	5.797247	5.994951	5.223041	6.117151	5.027274
6.136312	5.576025	5.750412	5.542066	5.21555	3.51463	4.707144	4.769037	5.01228	4.897524
4.874009	5.052842	5.099282	4.365228	5.016232	4.99409	5.233842	6.93689	4.159702	5.7224
5.861637	5.174468	5.044343	5.499536	5.252666	3.905823	4.34651	3.528644	4.618994	5.572451
3.403632	6.344838	5.267662	5.022772	5.468356	5.837128	4.457267	4.773474	5.84125	5.830466
3.901198	4.456555	4.199067	6.628188	5.064831	4.904712	4.395844	5.969886	3.590884	3.76159
3.145012	4.920481	5.353257	4.545162	5.46396	5.147675	5.381389	4.719244	5.427121	6.396239
