5.5682	7.415577	3.862374	6.736413	5.675853	4.724597	4.418142	4.04203	4.473971	3.637433
3.958226	4.285295	4.976691	5.692035	3.778506	4.960147	5.529256	5.274601	3.372617	5.986369
5.900645	3.685398	5.812992	5.716391	3.75462	5.228285	4.474341	6.120054	4.791044	4.02499
4.809426	5.735867	5.902948	5.646762	5.553395	5.122867	3.709692	4.468426	4.84395	5.249877
4.125537	5.910323	6.040239	5.646505	4.737834	4.078842	4.575737	5.470098	3.257503	6.403646
4.925607	4.07937	5.643156	6.098844	5.666282	3.717134	5.48614	4.27735	6.353618	4.191858
4.888553	5.866521	4.950173	4.275513	4.625434	5.516498	4.203781	4.857612	4.885885	5.327508
4.839572	5.686239	4.476166	5.566115	4.921694	4.572203	4.722858	5.426588	6.37818	5.088341
6.027457	5.829992	4.749267	5.267601	5.076676	3.753277	3.756691	6.335396	5.179056	4.453773
3.73459	5.174796	5.778444	6.567216	7.017009	3.577504	5.568097	3.50333	4.952692	4.851701
5.505398	3.851708	6.236461	6.045662	4.93361	4.143823	6.436562	6.901826	5.696777	4.250519
4.446234	3.965477	4.651285	4.428274	6.945573	4.977618	3.212346	5.209328	5.429146	4.451246
4.504335	5.728625	3.460637	5.161086	5.816172	5.033006	5.69848	4.768957	5.730726	6.181153
5.648381	5.712642	4.185998	5.643426	6.167959	4.485063	4.237535	5.852607	4.227257	3.156424
2.668258	4.669224	5.073155	3.14199	5.518077	5.32588	5.218472	5.761047	5.457927	4.440498
6.272872	4.975478	4.306924	5.345492	6.166804	5.651937	5.236972	6.324361	5.030186	4.483737
5.017263	7.094504	4.18947	4.484438	5.021872	4.069877	5.997184	6.321324	5.551564	4.231308
4.99358	6.019921	3.754894	4.854857	4.891242	3.126689	3.168674	4.969018	3.807322	5.795036
5.183404	4.726726	5.016179	4.207429	4.041634	4.752814	6.65823	5.641893	6.350687	4.62347
5.441577	5.197716	6.18862	4.729376	4.813351	4.767276	3.36004	5.070665	4.214481	4.357031
5.523637	4.728578	5.188866	5.893911	7.088154	6.281305	5.00187	5.314502	4.725394	4.743241
4.397315	5.170369	4.561947	5.84102	4.507173	5.644693	5.337964	5.18511	3.830043	5.341671
4.8234	5.209574	4.872588	4.669682	5.393408	4.974993	7.134568	5.187433	5.710689	5.231251
4.976918	4.458612	3.627765	6.891242	4.923489	4.440547	5.636681	4.014063	4.973483	3.869382
4.939791	5.963397	4.493708	4.944672	5.947841	4.725964	5.895164	6.252861	6.431544	5.454753
5.714237	3.991851	3.772876	5.552364	3.627069	4.1084	4.293123	4.091537	3.813913	4.569656
4.105087	3.107447	5.001724	4.849786	5.920293	4.759473	4.40749	6.417878	5.428646	5.879151
4.257883	5.009236	4.442106	4.701882	4.576433	6.35726	6.625516	6.55266	5.174716	4.401487
3.449504	5.559238	4.971924	4.493877	4.642946	5.124187	6.281442	6.343915	4.762555	5.649974
4.880631	4.897438	5.128487	6.386547	5.203108	4.77457	5.436005	5.299375	6.162326	4.62221
4.570471	4.500867	6.155097	4.397122	5.064086	6.940619	5.736153	5.849616	6.74439	4.703263
5.456208	3.693985	4.809089	4.281391	4.998022	5.693997	5.666937	4.669219	3.94504	4.775223
6.678081	3.551953	4.377744	2.833108	5.545888	5.669588	6.621579	6.678773	4.079926	4.460556
5.566022	4.611398	5.209211	5.135544	5.524499	4.518304	4.732662	5.307121	5.082196	4.360805
5.147139	3.642706	4.314316	4.893354	7.040564	4.569108	4.931237	3.788587	3.63034	6.479305
6.307056	5.122908	4.061694	5.651845	5.829416	4.367257	4.258528	4.947281	4.987868	5.39891
5.623245	4.636105	5.672703	3.743651	4.360032	5.623169	4.347577	5.627033	5.509984	6.187975
5.322683	4.8622	6.503388	4.387169	4.78337	4.149916	5.712359	5.096479	4.156297	6.842606
5.189301	3.685894	5.031291	5.306186	3.633542	2.519898	3.488611	4.742621	3.42359	4.365313
5.460684	5.260652	4.426094	5.873828	4.670644	4.344099	5.711055	3.407621	5.470728	4.145864
3.229015	4.698367	4.864138	5.955639	4.531144	4.399373	5.304622	5.679178	5.385765	5.592039
6.102138	5.308193	7.336516	5.061566	4.538093	5.540765	5.720813	4.947115	4.732645	3.824502
4.250571	4.569708	4.367644	6.230134	4.091227	4.655271	6.028032	5.900162	4.483231	6.714635
4.214875	5.709872	4.831568	6.213213	4.098581	5.63974	4.624918	4.913221	4.901091	4.749529
4.838417	4.620114	4.624842	3.994004	3.532051	6.115291	5.780612	5.130003	6.554893	5.564704
4.716739	5.261498	5.627141	4.827437	3.805407	4.407246	5.525359	6.450937	6.123091	5.876173
6.270677	5.817313	5.596813	4.154305	6.097529	3.87324	6.285853	5.4322	5.43508	5.753939
6.295266	4.82015	5.084466	5.099783	4.937871	5.045909	3.258728	4.157434	4.919808	5.67974
4.435036	4.341808	4.738868	4.865864	3.52964	5.194634	3.40507	4.22518	5.087947	4.521317
5.484466	6.015891	4.325603	4.312459	4.105762	3.063602	5.079333	3.751984	4.116628	4.217144
3.701828	5.024426	5.51925	4.618906	3.457551	5.643128	4.818872	5.572416	3.658342	5.539377
4.979105	6.307917	6.020415	5.975062	4.676123	5.775101	7.161011	4.059462	6.769547	4.481052
4.672616	4.020333	5.111519	5.018142	4.582866	5.200454	3.746763	4.796953	4.341215	5.36211
6.864178	5.066158	5.202006	5.147064	4.766745	4.759082	3.611701	4.363756	5.258429	4.84528
5.515472	5.838632	6.46968	3.141666	3.693232	4.306576	4.950724	3.117542	5.531729	4.110357
3.62263	4.8263	5.530393	6.351468	4.295142	4.632782	6.449626	3.971966	4.922762	5.151752
4.384652	4.936923	3.78615	5.033061	5.04009	5.223818	5.341275	6.460823	4.415516	5.394734
6.01736	4.6019	5.042529	3.39019	5.627498	5.479531	3.853783	4.379385	6.160465	3.21537
4.592798	6.21475	5.427571	5.068089	4.469748	5.730082	4.512314	5.541306	5.412492	5.697041
5.553247	5.58613	3.986622	6.289158	5.545192	5.969489	4.879685	3.667596	4.930268	4.600243
3.389387	5.947776	4.137098	3.727606	4.063059	5.749723	5.650325	5.340261	5.766655	4.168621
4.943386	5.740567	5.137119	6.299279	4.945755	4.914337	4.790679	3.13317	4.085299	4.466777
2.837999	4.766533	3.559832	4.818119	6.024437	5.546694	4.864601	4.408472	4.128959	4.586209
4.301668	4.6213	4.484959	4.10669	5.4981	4.744827	4.467024	4.899631	5.627476	3.885794
4.746734	5.417207	5.076159	4.269416	7.150351	4.099045	5.127162	3.100668	7.054789	4.084188
2.577825	5.881066	4.581137	4.768633	4.71984	5.529773	6.075863	5.431548	4.862415	4.256299
5.903413	5.189785	5.584486	4.988608	5.386813	4.013823	4.826598	4.639906	2.361863	4.36202
4.691142	4.065096	4.185696	5.547904	5.490528	5.388036	5.693059	4.570041	3.458262	4.078837
3.065125	5.50104	5.067345	4.542451	4.799719	4.740242	5.314315	5.939148	4.890709	4.274173
4.819703	5.241007	4.409842	6.605881	3.724272	5.998604	6.484653	5.021818	4.48537	5.780329
5.67333	3.877004	5.702891	4.42884	5.075698	5.35807	4.574866	4.316941	4.569145	4.846642
4.96991	5.342889	5.586434	4.685945	5.378935	4.478389	6.047657	5.330487	4.978401	4.932705
5.563088	4.254995	4.854292	4.212554	5.345346	4.45846	5.405678	4.716749	5.326762	3.661968
4.301037	5.054057	6.473317	6.372287	5.276721	4.663961	5.541154	4.831696	5.301301	6.532788
5.974108	7.050625	6.381591	4.616164	4.612353	5.694905	6.018863	5.137095	5.75379	5.786706
3.720217	4.169462	4.173318	6.814478	4.563828	5.985752	4.494032	4.168275	5.054857	4.102624
3.576222	4.80968	4.626717	3.419286	6.399639	5.152582	5.776436	5.748067	5.260301	4.335768
4.713517	5.804995	4.369823	4.568769	4.71354	4.377492	5.563137	5.176838	6.883494	4.226892
6.821554	5.419454	5.155726	4.072948	6.766485	5.19549	6.12812	5.66321	3.825795	5.603312
5.846585	5.020924	3.559467	4.693269	5.31235	5.352851	4.189298	4.675289	5.721923	6.034725
4.670805	6.532077	5.614762	5.216013	3.417235	3.717889	6.727419	5.16433	6.687575	4.407459
5.636012	5.628231	3.857205	4.570444	5.412779	5.518911	6.227961	5.660611	5.387997	3.853978
6.732859	4.719465	5.259239	4.145964	5.206225	4.96664	5.426299	4.638068	5.452946	5.275561
4.538669	3.709823	5.228664	5.160085	5.238981	4.429965	6.173378	5.296923	4.839834	2.969236
4.549731	3.787694	5.423178	6.415818	7.54127	5.578525	4.391914	2.929095	6.282682	5.304783
5.326338	5.77151	5.292778	6.285185	4.657994	5.362979	4.526296	5.730818	5.237206	4.77599
3.186511	5.907128	6.455884	6.212447	3.302608	3.194679	4.007548	6.962331	6.222806	3.848835
4.820475	4.253712	4.566196	4.937991	5.273436	7.370853	5.570665	4.495847	4.782597	5.463887
4.803016	4.558809	5.476215	5.130203	4.672935	4.603289	6.14808	3.4884	5.790626	4.000288
5.232428	4.312075	5.256295	4.599104	4.854983	5.964893	5.53133	4.311935	3.97584	5.980852
5.190802	5.376381	4.004675	6.550461	4.042915	3.926334	5.617741	6.128917	3.608159	5.029425
3.564921	5.835852	4.113052	3.636743	5.384528	5.020314	5.982064	3.41674	4.997373	5.243848
4.357982	3.778597	4.413414	4.23153	4.174432	4.355768	4.307809	5.582673	5.732134	4.181051
4.266815	6.863927	5.596716	4.962902	6.540809	5.127849	3.62584	4.87278	4.85429	5.310783
5.2235	4.019941	4.079636	5.438447	2.14014	5.323811	4.545813	4.583603	4.082812	3.911361
5.647669	5.690774	4.612667	5.284828	4.370385	4.340818	4.871513	5.513801	6.110363	4.52934
5.421584	5.123102	4.251756	5.384184	4.302023	5.041109	5.691689	4.273068	5.319788	4.525722
5.168367	5.557267	4.667038	5.41759	5.449744	6.042867	4.913086	4.582165	4.87004	5.393952
4.521232	5.276602	4.868868	4.627803	4.587586	4.578883	4.914164	3.946882	4.436049	4.675755
4.17599	5.501232	5.529578	5.620595	5.994388	7.348312	4.349143	5.00054	5.172969	5.592631
3.895787	4.418944	3.371234	3.212808	7.134139	5.163427	4.188442	5.477179	5.138539	4.933724
4.958107	4.952309	4.595191	5.401237	6.219519	3.919783	3.745469	5.814784	3.223646	5.622913
4.457384	5.2003	5.672566	3.591266	5.295987	6.142581	4.250376	4.333239	5.812081	4.766267
5.248696	5.408374	4.51006	3.954919	6.314372	6.70883	4.733941	4.474494	4.864182	5.79382
4.501959	5.150535	3.505356	5.958128	5.07844	3.367078	5.835659	4.654589	5.929365	4.883992
5.266072	5.230293	5.059164	6.14153	7.475756	6.147262	5.404658	6.078284	4.242157	6.312492
4.121955	4.630986	5.387431	4.557463	3.529507	5.681286	3.652471	5.060617	3.623162	5.414779
4.722661	6.301106	4.872266	4.87326	5.521517	4.412014	3.849698	4.878994	5.173337	4.506394
6.504897	5.70121	6.039915	5.407938	4.188244	4.945638	5.202303	4.773209	3.483112	4.659558
6.270352	4.584264	5.225399	4.588355	4.675025	5.45436	3.916537	5.478879	4.846776	5.88502
5.328797	4.106743	5.310786	5.996317	6.146177	4.294678	4.57273	5.209867	3.881068	6.170177
3.583103	5.303842	6.203687	5.521029	6.318293	4.775224	5.243955	4.592651	4.816206	4.30378
3.929937	5.562077	3.441443	6.220171	4.623795	5.306294	4.634917	4.753572	6.230726	4.735126
4.33176	4.084973	5.173548	7.442	4.459782	5.364634	4.966674	4.949015	3.049566	6.300293
4.092275	5.084796	5.197911	4.247201	3.401942	5.173203	5.691933	4.364275	5.172478	4.010834
5.582221	5.103337	4.204751	4.679908	4.497927	3.756553	5.333784	5.398831	6.766613	5.905345
4.483044	5.395127	5.012877	4.572803	3.804505	4.076172	4.829078	5.299485	5.583136	4.527137
6.283463	6.287145	5.698565	4.041955	4.644008	3.668878	3.995476	5.981594	6.064727	4.545193
5.761152	6.61263	4.761764	4.264355	4.190959	5.84914	6.561021	6.570735	5.316863	3.904118
3.967685	5.226542	4.662983	5.166613	4.872964	6.187202	6.544919	3.522486	4.520271	6.285919
5.41983	6.823928	6.089977	4.679621	4.296656	5.184739	5.560746	5.197989	4.856524	3.95822
4.866081	5.463205	3.703973	3.662567	5.151599	4.09101	3.695014	3.665488	5.525611	7.390782
5.269206	5.161018	4.261764	3.800705	7.008816	4.87015	4.353561	6.016184	5.747688	5.337623
4.645614	3.891954	4.497671	4.605618	4.862856	4.486791	4.499844	6.863195	6.352036	4.080832
2.695079	6.308286	5.100287	5.375857	4.879119	6.070674	5.472489	6.392616	5.317694	4.087143
6.375627	4.17247	3.786297	2.637357	5.725646	4.128112	5.594082	5.386821	5.659478	4.31697
6.25515	5.2678	5.293214	7.120808	5.129181	4.833811	5.997306	5.520219	4.254946	5.193009
4.99459	4.785766	4.376319	6.304438	5.306289	5.82926	4.698189	5.924029	5.198787	3.786369
5.072144	5.920135	4.965753	5.335048	5.622181	4.797116	4.995603	5.109211	6.340741	4.007332
4.160938	4.148426	6.777075	5.349195	3.312744	5.487744	4.187114	4.081655	3.934323	4.451587
4.099825	4.130249	5.353948	4.538615	5.488613	5.451023	5.154573	4.734033	5.783724	5.125985
3.619439	4.440822	5.842969	4.854217	3.954801	3.31722	4.945159	2.640291	5.415109	4.644623
3.306315	5.537532	5.961189	4.318412	5.617258	4.007989	4.326364	5.972932	5.846407	3.667343
5.22073	3.80354	6.290042	4.716996	3.600655	5.672776	4.977957	5.963783	6.201022	3.908022
4.043509	4.531426	4.586408	5.060227	3.658068	4.91192	5.432995	4.333508	5.229911	4.263484
5.504116	5.309443	4.352603	4.828711	3.863175	4.848775	5.089054	5.012771	4.614748	6.520015
4.479065	5.018924	6.943557	4.778473	6.175609	5.646235	3.940486	5.674228	5.116525	2.771361
4.382834	6.134519	4.9612	5.602116	7.084649	6.57878	4.900176	6.79785	4.747587	5.995208
5.147125	4.189785	5.363873	3.722699	6.558616	6.492489	5.436394	5.013078	4.48524	3.6614
5.180236	4.066845	5.822957	6.776423	4.995396	4.737152	3.989843	4.855217	5.432093	5.093471
4.416956	4.546374	5.754833	5.989974	5.702899	6.306619	3.97728	4.78263	4.905965	3.970848
4.264976	4.311259	4.593212	4.298846	4.363901	5.060389	5.171746	4.212415	4.803136	3.915722
4.199731	5.202141	4.956166	5.359377	5.641901	6.333245	4.566916	5.007201	4.599507	2.721418
5.423371	4.589724	2.688399	5.142893	5.811048	6.724915	4.960415	4.925467	6.253529	4.602161
5.894161	3.305718	6.018217	5.126549	3.650504	3.849351	6.052546	4.936578	5.794195	5.590393
5.51275	5.717992	6.632434	4.15441	5.197884	4.715069	5.890654	4.199368	4.3984	4.323321
5.252738	4.702081	5.234164	5.720487	5.596741	5.643448	3.713132	5.26076	3.783772	4.333379
4.38406	4.826387	5.75113	4.983889	6.213406	5.576686	4.39799	4.030018	4.805033	3.731467
4.237543	5.830779	4.502432	5.662655	4.69829	4.618882	6.089952	5.005219	4.004889	5.014676
5.796034	5.245216	4.202967	4.330705	4.964362	5.086477	5.570554	3.943463	4.361438	6.973708
5.504726	3.866887	5.63812	4.715319	3.431761	5.649157	4.323489	5.216182	6.25219	5.501001
5.469416	4.707208	4.695246	5.047963	5.56455	4.432809	4.626775	4.736569	4.119276	6.694066
3.13852	5.625141	5.067341	3.647553	3.828033	4.180665	5.423772	4.396944	5.620462	4.931955
4.646608	5.569839	5.377764	6.411605	3.850651	5.83514	4.590116	5.866078	6.361863	4.873907
5.26709	5.287048	5.696355	6.557875	5.165715	4.808685	5.519803	5.953825	4.367869	4.810777
2.465611	4.576178	3.739225	4.70388	4.288678	6.413247	7.123481	4.43958	4.171345	4.534813
3.955556	4.34263	6.427532	5.564293	4.269184	4.6617	4.564431	5.543458	5.671253	4.682446
6.460272	6.119953	6.038275	5.584394	5.11233	4.345039	3.513694	4.732692	3.789135	6.562773
5.248725	4.216918	5.138937	4.579177	4.556257	4.519975	5.747286	3.389777	4.982666	5.631269
3.816825	4.211033	4.647248	5.229439	6.146358	4.308947	5.913607	4.689625	4.506201	6.90492
3.265694	6.724272	6.227418	6.595211	4.437963	5.275261	4.118059	5.844435	5.218822	4.203417
5.53831	5.044703	4.393768	4.994917	4.467697	5.261888	4.72521	6.031946	5.161045	4.133449
5.441951	4.955001	6.290831	5.697824	5.259032	6.423086	4.819112	4.573447	5.326207	3.461164
4.55014	5.047487	4.375879	4.36289	4.783409	4.857738	4.35406	6.094843	4.101239	3.646755
4.937602	5.358862	4.531382	3.781759	3.942463	5.763576	4.608959	4.622273	4.856779	5.280967
3.887175	4.762615	4.174684	3.595771	5.338018	5.88414	5.541044	5.404043	6.558621	4.676005
6.343611	5.746727	5.241128	4.412259	5.731956	4.448402	5.07604	6.166406	4.903542	5.280685
3.440876	5.285878	5.257989	6.733129	3.939627	4.000641	4.930439	4.041977	5.682545	6.051369
5.640739	4.671382	6.858118	6.431431	4.664951	7.01512	5.176815	3.94502	5.105693	4.841287
4.984957	5.536678	4.055296	5.552409	6.079438	3.932318	3.982823	5.066466	5.180487	4.587265
5.113456	4.39259	5.125839	3.62119	4.112512	3.908978	4.757051	5.604409	4.640089	5.086107
5.014044	6.30479	6.15298	5.453096	4.215422	3.686545	5.41504	5.103451	4.560518	3.847609
3.552865	4.489262	5.456886	4.532414	4.819495	4.09206	4.602018	4.090275	5.351046	4.360306
5.802805	3.375244	5.144915	6.760618	4.769093	5.451571	4.932413	4.560719	3.896823	5.788489
5.724509	6.202397	5.97887	5.671206	2.971927	4.87996	4.56629	5.453787	5.345045	3.417815
5.642189	5.35963	4.387911	5.212578	4.309299	4.151378	5.280158	4.81921	5.15526	3.028994
5.146525	5.590567	3.667128	3.842937	4.795531	5.297068	5.353847	4.773872	5.501972	6.354946
4.619469	5.42512	4.768302	4.160707	5.19721	4.549644	4.710117	4.551569	4.007342	5.949574
2.940169	4.816646	5.511972	5.273873	5.559792	5.312872	5.62253	4.716639	5.478637	4.756746
4.388937	5.675976	5.189601	4.596517	5.89345	3.75256	4.928645	5.248235	4.176997	6.12319
4.600308	4.757186	5.605784	5.018691	4.544192	4.830922	4.061285	5.979285	4.264494	5.873233
5.229823	4.022216	4.907212	5.556636	4.779564	4.21818	5.707117	4.493215	6.740178	6.294374
6.950758	5.173328	3.80326	5.380275	5.199625	4.699091	4.814751	4.84992	4.316483	5.371619
6.739815	4.826161	4.81424	4.813319	5.73087	6.029624	5.681012	5.63984	3.625289	5.701407
4.429042	4.484188	6.528565	4.94721	6.035298	3.615004	3.741198	4.996654	5.865323	5.940901
4.775398	3.541138	5.943748	5.543142	6.528202	5.334667	5.009223	5.389422	3.858036	5.567358
3.441128	4.556577	3.976935	4.293371	4.552757	4.752988	4.729005	5.268169	5.265835	4.38715
5.270153	4.841004	4.794646	6.141678	4.317744	6.216723	5.445879	5.923197	4.051789	6.681203
4.887463	4.56629	5.751818	5.265764	5.697071	5.475811	5.166543	4.30293	5.030171	5.661317
4.947137	5.357337	6.382841	5.354565	4.838096	4.92599	6.527533	6.726717	6.400153	4.592586
5.533467	4.169357	4.679836	4.544371	4.541907	4.856565	4.927646	3.284462	5.866719	3.703715
4.175408	3.683163	5.903401	5.765173	5.112411	4.396297	4.093322	5.897005	4.921992	4.455134
5.515712	5.739898	4.795347	4.500991	4.17898	5.113361	4.097497	4.241234	4.655921	3.595899
4.615561	4.871889	4.604773	6.227762	4.222221	5.288953	3.713422	3.688275	4.174821	4.993191
3.938334	3.915241	7.108686	4.752781	4.240745	5.002382	4.540341	4.30787	2.838223	4.085437
3.89867	5.280405	5.761879	6.532864	6.423051	4.765284	3.208866	4.919911	5.070589	4.85464
5.653752	3.992661	3.505282	5.263672	5.298556	4.292488	4.469346	4.105732	5.633449	5.306031
4.809722	6.221537	5.025594	3.991459	6.069084	6.805454	4.396722	4.283933	4.703714	6.236764
4.734719	5.378443	3.771032	4.409733	4.479274	4.744819	3.909801	6.009173	5.617927	4.815968
3.13435	3.991155	4.848683	4.877952	4.175438	5.578763	5.808153	5.309987	5.112616	6.799284
