3.566791	4.228281	3.157988	4.770187	5.180633	4.893799	5.836832	5.580352	5.31402	5.067464
5.561004	5.658463	5.238228	3.972442	5.438672	5.282923	5.195342	4.546082	5.958186	3.583747
5.334666	5.216563	5.334815	5.451722	4.421591	4.758512	5.508231	5.940084	5.39871	4.599132
4.674229	5.671996	6.741411	5.34226	4.428175	4.772065	4.695857	4.087071	4.879239	5.139776
5.908032	5.067846	4.637094	5.874605	3.871608	4.990189	4.362705	6.224656	5.174124	3.43688
5.267129	5.52698	4.861714	4.534575	5.799687	3.858802	5.288789	4.03087	4.886905	6.034215
5.510501	4.61537	4.874633	4.074467	5.347086	5.273993	5.345222	5.190871	4.439101	7.293255
5.221756	5.673824	4.478301	4.931976	3.98498	5.203727	4.308682	4.88733	4.855063	3.77387
4.796747	5.771847	4.468493	5.392768	5.615673	3.799145	5.848182	4.545088	4.414789	5.251575
5.762299	4.872902	4.797764	4.121424	5.387962	4.136988	7.130562	5.550994	5.297161	5.355765
5.245444	5.442766	5.01321	5.229483	5.878313	5.381296	4.578716	5.363974	3.268158	4.171468
5.246091	3.755937	5.971937	7.098279	6.937972	5.487931	4.613425	5.347696	5.948861	5.928192
5.809607	3.810893	5.255193	5.05286	5.306729	3.312928	6.02242	4.689799	5.384692	3.088831
5.857352	3.574994	3.934624	4.737504	4.996408	5.600989	4.835999	3.954279	4.403068	5.449765
5.13995	4.381363	3.99927	6.312998	4.131016	3.590788	4.519346	6.027151	4.275185	4.373185
4.835384	5.315297	5.345714	5.712659	4.933236	4.58036	5.285625	5.300334	5.729834	4.99482
3.551275	5.027151	5.105889	5.595363	5.263947	3.80242	4.22206	6.249727	5.480228	4.760817
3.762977	4.475367	5.213107	6.312189	5.430569	4.399073	4.592132	4.732909	5.084272	5.396814
4.074625	3.365135	6.276577	6.525599	5.883716	3.283	5.669021	4.39691	4.373801	3.697742
5.151781	5.659622	4.666182	4.259656	4.625854	4.841624	4.472005	4.268484	5.56248	4.309445
5.373359	5.080194	4.941886	5.839792	5.309587	4.249286	5.179082	5.374451	5.026845	3.99162
5.614862	5.42347	4.381083	6.24064	5.773111	4.21925	4.537503	4.253034	4.910577	4.602011
6.189028	3.945848	4.992763	6.361441	5.467876	3.939281	4.933774	4.957288	6.197899	4.450987
5.625705	5.679293	5.675917	4.477833	6.00058	5.702952	4.397293	4.973368	5.246539	3.305104
4.839657	4.152066	5.145263	4.799074	6.226547	3.995162	5.101824	6.37934	4.013548	5.695567
4.612355	6.166128	7.357902	6.415749	3.19977	5.034595	4.178141	2.626654	4.213874	4.485593
5.1673	6.147548	5.037246	5.719572	7.240406	4.403978	5.341671	6.390354	6.762738	4.643834
4.982864	6.06217	4.288941	6.420956	6.607703	6.316402	5.033613	3.922493	4.457849	2.791717
6.383214	5.176648	5.639489	5.665532	4.542584	4.363459	5.435831	4.885287	4.287982	4.043594
4.524462	5.597779	6.507191	3.173266	5.198887	5.520868	4.526242	3.905882	4.9814	4.846512
4.471149	3.838854	6.29894	3.879803	4.564466	3.476953	5.261323	5.057016	6.359869	6.018761
4.121569	4.444551	5.462417	4.567254	5.839452	4.336621	4.187579	3.497055	5.507254	4.513567
5.299776	4.93634	3.142791	5.514754	4.558869	6.097752	5.870996	4.513728	6.411739	5.340889
5.621913	6.090231	5.701009	6.63693	5.559504	4.092402	5.334156	4.433219	4.65741	5.419408
5.10377	5.768132	3.89613	4.746488	5.417331	6.153489	5.249569	5.133822	6.017579	4.962418
5.427381	6.354269	5.659194	4.116025	6.597358	5.569382	4.645185	4.352086	3.655371	4.319947
4.218599	6.237633	5.550622	4.8125	5.757839	4.977142	5.923515	5.512393	5.045331	3.598646
3.952897	5.814655	4.140916	6.082145	6.106941	4.607002	5.775297	6.834276	3.243104	4.623208
4.39302	5.298402	4.734223	4.865829	5.35341	5.011804	5.25692	3.963407	5.074764	5.308758
3.920534	6.649922	5.060661	5.973855	5.590981	5.566587	4.665099	5.162419	5.309085	5.230071
3.386019	4.924687	4.831806	4.120135	5.043999	5.962832	4.209363	5.472613	6.4753	5.398287
3.464104	5.202536	5.33702	5.519707	3.513818	5.380367	6.74223	6.702178	2.877509	5.835573
4.703558	3.847901	5.810483	4.040944	4.787621	4.722393	5.407343	3.821919	3.83155	4.669927
4.084038	4.910928	6.202647	5.94088	4.743302	6.301907	6.361463	4.599452	4.890831	5.737884
4.0346	5.461071	0.881322	4.204517	5.996361	5.532663	4.844522	4.855281	6.002609	5.217841
3.419148	5.197813	4.970307	5.143461	4.426589	4.569973	5.367796	4.240119	4.940089	4.687764
4.834778	6.063378	5.413111	4.956705	3.459922	4.825579	5.01958	3.988143	4.358881	3.543313
3.859427	5.436678	5.265054	6.11143	5.858697	3.646773	5.882098	5.953422	5.192204	4.871977
5.493418	5.399653	6.460789	3.527383	5.410176	3.484405	4.67091	6.08692	4.380912	4.531563
6.131763	5.87672	4.944413	4.772734	4.925109	5.674053	6.430987	5.167572	4.924045	3.834671
4.489217	5.368533	5.523423	2.979014	5.786531	4.756049	5.107991	7.235047	4.117343	4.591718
5.603434	6.52984	5.055487	3.190349	5.44799	5.206035	5.259422	4.988036	4.571343	6.646894
5.520183	5.924516	5.692691	6.707679	6.194872	6.285352	5.794325	5.663566	4.68151	4.73395
6.752441	5.375113	6.078955	4.391567	4.997569	4.287718	5.476968	3.872019	5.408921	3.437774
4.739604	4.362788	3.30567	4.771569	6.317852	5.398526	5.022248	4.321612	6.277153	4.972475
5.785258	4.528055	5.770526	5.036034	4.772718	4.807675	4.919765	4.956404	6.249249	4.335786
4.958251	4.28515	6.310236	6.045609	5.126352	4.670168	4.805702	5.720922	4.869485	5.790759
5.515253	6.000214	4.989502	5.04819	4.67687	4.858161	4.768622	5.794394	5.00921	4.020122
3.445971	5.332404	6.168087	3.636337	6.156024	5.398599	4.88285	3.94365	5.756979	5.398029
5.359699	6.32103	4.735745	3.989046	5.519769	4.863025	4.920312	6.226979	4.215012	5.065233
5.396569	6.614978	4.496761	5.334668	5.535634	3.854308	5.092093	4.913122	6.589122	5.530703
6.206748	4.364043	4.666286	5.296242	6.365046	4.179526	4.70234	4.445146	3.720087	4.62255
6.053862	5.104133	4.176205	3.626436	5.960517	4.704556	5.806789	6.364569	5.931278	4.536141
5.269517	5.561934	5.102222	7.365998	5.968372	4.903595	6.906651	4.179527	6.353562	5.000981
5.276122	6.044525	4.744104	4.955229	2.802444	4.27039	6.915576	3.476983	4.885903	2.965128
3.615933	6.594507	2.740012	4.579145	4.125487	4.02626	3.990663	5.761823	4.795207	4.663824
4.759339	5.065739	5.023866	6.535994	5.805276	3.347168	5.203075	3.898168	5.052808	5.415143
2.811806	4.839766	4.362439	5.934198	4.507709	5.090096	5.827763	5.424067	4.941318	5.816085
5.671687	4.778763	5.642032	5.066836	4.858617	5.490765	4.474992	6.576201	4.134962	6.647131
5.263466	3.232976	6.125358	5.317702	7.293521	4.205154	3.512164	5.814336	4.837581	4.169233
7.543593	4.231808	3.543601	5.195977	5.169008	5.809155	6.989178	4.352427	3.861545	4.618999
4.736898	4.291639	4.500025	5.045866	6.616947	4.910486	5.192566	3.218623	5.501198	6.241506
5.910256	5.544499	6.139037	5.376137	4.453149	4.783075	6.219198	3.795508	5.584791	3.877548
4.857971	3.478256	4.199796	5.76284	4.575031	5.024792	5.621875	5.396328	4.879994	5.19141
6.137575	4.473693	1.975441	3.45188	3.087264	6.797224	5.390619	5.267734	5.470775	5.02991
4.892921	4.868101	6.584743	5.581337	5.342249	2.642336	4.08706	6.329978	7.293216	3.799772
5.269992	4.757581	6.109332	4.571757	5.175964	6.527945	4.962103	4.862486	4.869412	4.83379
5.363057	5.029872	3.990366	4.058985	6.726953	4.256342	5.430936	4.652567	4.872419	4.979303
5.646096	5.423556	5.392534	4.245049	5.804	4.171387	4.202002	5.168017	6.328157	6.491089
6.345865	4.98033	5.156969	5.385709	4.269563	5.140408	6.210088	5.654338	4.276239	5.860731
6.416377	5.030042	6.657414	4.785645	6.381831	4.513442	6.648218	4.971125	4.122003	5.865064
5.398427	4.435635	5.409211	5.405072	4.989183	6.256102	3.994114	4.402252	5.177828	3.712315
4.758932	4.715291	5.800913	5.447379	3.695427	5.078577	4.996727	4.801046	4.812778	4.673647
4.57191	4.950129	5.72071	5.022667	3.608974	3.706418	2.884532	4.015162	5.688426	4.962665
5.236121	3.008654	4.720421	5.394645	5.926655	4.765714	5.249009	4.378666	5.524395	6.040782
5.03357	5.452347	6.172257	5.787259	6.185484	4.875887	5.079997	4.89164	4.559488	6.1085
5.243062	5.872812	4.057086	4.551375	4.08653	5.678348	5.618631	4.119676	4.443695	6.519354
3.939898	4.939618	4.979946	3.082461	4.75896	6.576285	4.165451	4.590297	3.045221	5.746902
5.029289	4.710621	6.128449	4.544578	6.037983	6.196641	5.082267	5.726321	5.447761	4.426114
3.507133	5.738167	4.90815	3.980172	4.332385	4.824039	6.372489	5.448503	3.656503	3.886571
5.221721	3.917194	5.562397	6.642318	4.736248	4.089957	5.075254	3.950693	5.395701	4.033732
4.285952	4.768825	5.611604	6.451444	3.875364	4.419714	5.036305	5.804813	4.357632	4.04052
4.880817	6.640355	4.567953	4.9796	6.290933	4.341922	4.031537	5.312382	5.498143	3.954268
4.774916	5.69341	5.992041	5.248678	7.087986	4.056504	5.088967	5.872445	5.913697	3.796314
5.881282	4.647107	4.229177	4.59823	3.594013	5.100077	4.60607	4.973098	4.150222	4.18402
4.003281	5.030723	4.534661	6.019493	4.785166	5.592821	4.379352	4.555137	4.933732	5.065193
4.908838	5.795389	4.712531	5.93887	4.852706	5.965162	3.983744	3.849326	4.178719	4.228939
4.981817	5.91187	6.144924	5.59733	5.861978	3.947523	6.464386	4.379495	4.948741	4.666055
4.797893	4.120698	4.837342	5.131765	4.898968	6.017105	4.499352	3.902125	4.760272	5.175178
4.953203	4.233653	3.360636	3.973346	5.600029	4.402972	3.770205	4.67328	3.926191	5.879291
5.367832	6.131417	6.158615	5.094333	6.544472	4.544119	4.664354	3.905976	3.240365	4.503699
6.217209	6.101937	4.101685	3.931487	4.956065	4.910279	4.512915	3.368656	5.316931	3.483384
4.994551	3.388729	3.610201	4.012543	5.462297	5.442651	3.762389	5.408515	6.312189	4.727356
5.468621	4.464622	5.23991	4.638788	5.59941	4.671916	5.194292	5.348475	4.892288	5.274386
5.528009	5.08309	6.341599	4.905329	5.794425	5.258191	5.609956	5.821542	4.736691	5.449315
5.120884	3.915099	5.562643	4.272843	4.539979	5.94808	6.47198	4.681779	4.540918	5.687697
5.609243	3.567514	3.257931	5.290968	5.296721	5.286748	5.387098	4.439234	5.163632	5.563597
5.385486	4.157318	4.347919	5.821035	5.945664	5.552196	5.599289	3.169835	4.793221	3.89134
5.450977	4.816527	5.820687	5.149143	5.511733	6.004964	2.551105	4.297543	6.395823	5.690361
5.797536	5.153564	4.212215	5.445284	6.387002	6.057867	4.133252	5.582188	4.729655	4.991806
4.049082	4.223425	5.040335	4.679458	5.694981	3.763196	6.208904	3.901346	6.097579	5.371264
4.913622	4.608269	4.30947	5.447416	4.812842	5.242347	5.475147	3.585814	4.833176	4.108247
3.420602	4.14289	6.053265	5.654228	5.089652	6.69529	4.502326	5.333864	4.87037	5.078037
5.389753	3.577912	6.298508	5.136484	5.079325	4.013161	3.506401	4.974852	4.458634	5.388155
5.880044	5.234511	2.424707	5.835921	4.128753	2.190281	4.54067	5.449355	5.558331	4.568262
5.847368	5.436405	4.243327	4.822721	4.560896	3.541518	3.784946	4.745362	4.673092	5.562462
4.328356	3.764442	4.860798	4.163429	4.99367	4.356931	4.936124	3.717795	4.777562	5.541093
5.177666	4.357117	4.528199	5.227629	4.930645	5.54345	5.91862	5.333391	5.577739	6.271538
3.884465	4.988113	4.94705	3.927341	5.731042	4.642027	4.978739	5.68699	3.739939	4.892734
2.997906	5.736167	6.168807	5.006483	6.327316	5.008824	5.843354	4.726744	5.05373	6.017502
4.372513	4.408486	6.064311	5.228154	4.925793	4.438548	4.670375	6.122938	4.068009	4.405099
6.801963	5.29952	5.005031	5.330592	3.641496	5.811399	6.228556	5.445668	5.844643	4.892683
5.842175	4.947868	4.930817	5.689784	5.162743	4.184614	4.23226	5.441724	5.091192	4.228067
4.12649	5.948927	5.105648	5.332252	3.487362	4.836345	4.356285	5.368787	2.782175	5.879081
4.422084	4.588978	5.59806	6.684976	5.510128	4.278044	3.718488	5.225046	3.476096	4.322138
5.293509	5.365546	5.3108	6.005708	3.752148	5.904424	4.858518	4.85998	4.482163	6.612842
5.31181	5.64049	4.672252	3.1964	3.684856	5.162305	4.103383	4.023184	5.02828	5.71545
6.321273	4.792321	3.589616	5.761992	5.053546	6.252868	5.531034	4.937537	6.692677	4.257346
4.863473	5.612885	5.897445	5.575326	5.648287	4.434509	6.997184	5.903821	4.95933	4.345661
4.193831	5.012531	5.493553	4.593654	4.086362	5.158054	6.286157	5.95973	5.402753	4.503316
5.545089	6.034398	6.624501	5.347516	4.974709	4.380727	3.882376	5.283857	4.701684	5.085173
5.678049	5.853652	3.744787	5.476573	4.642155	5.735195	5.115528	4.835074	5.225599	4.223747
4.759283	3.127716	6.750678	5.02101	5.376204	4.735239	7.002589	4.408136	5.071679	7.151298
3.470561	5.160209	5.513678	4.022622	5.069425	4.939135	5.893434	4.969964	6.112131	4.553046
4.136186	4.485353	5.59304	7.352057	4.257133	5.053349	7.073668	5.253865	4.724774	4.21913
5.131732	4.070595	6.282498	3.935052	6.197605	4.865401	3.403921	5.092247	4.972127	5.920523
5.093592	5.135683	4.523533	3.53752	5.233213	3.955802	4.299188	5.925998	5.127918	3.603606
4.940569	6.25488	6.248953	6.697288	4.572332	5.753108	4.792521	5.352691	4.906768	5.813282
4.691041	5.140295	2.890715	4.681888	4.560405	5.005152	6.343908	4.218728	4.611398	5.835314
4.636654	5.121707	6.102714	6.068129	5.376189	5.290223	5.519781	5.10874	4.939961	5.373839
6.398385	5.523049	5.15302	4.98421	3.945853	4.759825	4.717259	6.212794	5.70562	5.059466
5.743466	4.86197	4.584358	6.231195	2.614229	3.413984	6.405282	4.599748	5.347995	5.762745
5.119016	5.300763	4.892474	4.839143	5.290271	3.45565	5.449965	6.339674	5.035812	4.936537
4.847444	3.61391	5.18811	4.796989	4.816668	4.095944	3.897573	4.416517	3.660325	4.432564
4.265711	5.274203	3.375536	4.645891	6.569423	4.501368	6.089445	6.550075	4.741302	3.161977
4.634383	5.62611	4.803808	5.087285	6.273279	3.53303	4.853323	3.737787	5.935553	5.299665
5.299161	4.565317	5.092431	6.228453	3.664477	4.413796	4.686846	3.502253	4.962707	3.951104
5.22914	5.268394	6.151975	5.544261	3.728031	5.107373	4.829844	5.14064	4.29745	5.139073
3.025932	2.728882	4.528449	4.998092	3.792258	6.023828	5.286319	7.434446	5.780693	5.200434
4.822708	4.623977	5.936172	6.00366	4.957578	6.305296	5.267884	4.417336	5.795743	5.211794
5.023203	4.770825	6.27541	6.457809	4.359568	6.233111	6.294338	6.16232	4.75008	4.215229
4.472582	3.925669	5.432296	4.320957	5.18307	4.704262	4.554686	3.829854	5.998294	5.100641
6.192225	4.686446	5.101499	3.669261	4.04394	6.304719	6.121235	5.324994	6.194166	4.800483
5.091217	5.943774	5.025111	4.717722	5.075693	4.79772	5.917307	6.109241	5.140163	5.305779
4.445543	5.469829	5.860366	5.979828	6.123125	5.30748	6.702532	5.87335	4.898612	4.666852
4.90894	5.804718	7.261951	5.503028	4.132891	4.539909	4.31378	3.351435	6.128536	4.141548
6.098614	5.189185	3.849029	4.795748	5.229116	4.491618	4.278776	5.134709	4.903183	5.593793
5.870282	5.033791	4.275334	4.477894	4.139106	4.239127	5.418113	3.771639	3.98332	4.63941
4.627698	4.437256	4.257941	4.895066	5.028288	4.406182	4.795377	5.923859	4.233743	5.274432
5.408503	4.068587	6.285973	6.603161	4.546312	6.442774	5.530068	3.8182	5.083926	4.724885
4.544091	4.002451	3.1176	5.026053	3.633582	4.655957	4.371431	3.356223	4.866137	4.020185
4.890818	4.588015	4.833027	5.567615	4.18401	5.71029	6.310498	6.272958	5.871894	4.030372
3.698374	4.333219	5.24617	5.614916	4.00601	5.529199	5.30059	4.284366	5.958733	4.140901
4.98501	5.634222	4.567781	5.357325	3.510264	3.730614	3.912278	4.987706	5.121578	4.484133
3.876041	5.365774	2.969047	4.638992	5.161049	6.311655	3.63719	5.140178	4.640459	3.348315
6.194609	4.783202	4.391951	6.447705	4.643077	2.61517	6.203698	4.770865	4.171347	4.657746
4.688264	3.999239	7.182021	5.66355	4.814291	5.113826	4.786227	3.839926	4.56232	5.073012
4.24242	5.282215	5.315375	4.331216	5.309806	4.039927	5.301305	4.635386	4.329228	4.49626
4.100107	4.512638	4.048223	4.669828	4.80127	5.496299	6.837446	4.922616	4.851409	3.35756
4.694214	5.77995	5.534328	3.878273	5.855558	4.882245	4.646375	7.98509	5.310379	5.439219
5.178497	5.863854	4.114775	4.628893	5.56512	5.978238	5.833186	5.467614	5.573865	6.508496
5.274663	3.292475	5.972484	5.902638	5.758394	4.817731	3.71859	5.835646	5.123103	5.621784
5.406368	3.153709	5.576964	6.11628	4.8138	4.619432	3.84416	4.171097	5.33542	5.090998
5.268462	3.788251	5.441673	5.889648	4.813994	6.010424	4.923082	5.856994	5.379979	4.808871
3.8799	4.050461	5.319969	4.418668	6.086369	5.326891	5.857518	4.717046	4.843503	5.040636
4.856263	4.014745	5.6534	3.871953	3.687521	4.154881	3.65832	6.106047	5.184445	5.47913
3.432048	6.184876	7.035481	6.882954	5.773214	3.876215	4.946192	4.952328	5.161613	5.459921
3.733106	6.703585	5.739686	5.050458	5.401561	5.132863	5.916193	4.855207	4.984547	5.231608
3.629882	5.947513	5.103738	3.848606	4.732593	5.034589	5.297652	3.902313	5.551056	3.635805
4.759335	5.693122	6.685267	5.89852	4.68345	7.252522	5.476313	5.020366	5.46685	4.664786
6.632422	4.329601	5.579134	6.414039	4.817462	4.739239	5.52838	5.131692	6.819305	4.50764
5.679244	4.350562	5.370935	5.038355	5.163496	6.150343	5.203213	3.733894	5.48947	3.224689
5.353643	5.648711	5.987378	4.702131	5.651208	4.810705	6.74647	5.70016	3.895858	5.709333
5.547285	3.890516	4.879879	4.110423	4.614039	4.898597	5.124746	3.635656	4.763342	4.036448
5.8709	6.051007	4.779948	4.024427	3.457899	3.933193	4.381707	5.350028	4.872163	4.783786
4.520095	3.757387	4.522634	4.05939	4.825691	4.304918	5.600553	5.618371	5.623057	6.659802
5.719127	3.730533	5.929145	3.825877	3.751082	4.651002	4.31768	6.575104	6.742055	3.493556
4.140049	5.013271	4.612085	6.522552	5.22467	4.186141	5.552969	5.55957	4.562236	4.475744
3.134937	3.192808	5.015317	4.579983	5.641104	4.0641	4.33607	5.399176	5.948805	5.820769
6.737702	6.903007	4.174328	6.035831	4.306491	6.886304	4.51563	3.457682	3.066385	4.59482
5.582474	6.372751	4.271525	4.093552	5.260036	4.039409	4.886944	5.714598	4.38956	6.530026
5.52511	3.569491	4.063842	5.400941	5.023574	5.145523	5.188339	5.683793	3.94699	5.309835
5.885599	3.774577	4.13354	5.225593	4.172933	6.18003	4.674907	5.009436	5.64902	7.155605
4.801989	4.505587	4.004949	3.928056	5.03992	6.249783	4.439935	3.89387	4.668541	5.060645
4.481117	4.690005	4.975998	5.938081	4.284975	4.553779	4.67529	5.708987	5.459687	5.28481
3.650125	4.201306	5.458307	5.019515	5.841992	4.570847	7.221151	6.906085	3.679037	4.10773
3.931052	5.062871	3.897744	5.302824	5.132834	5.401576	4.519386	4.263373	4.620449	3.58641
4.603413	5.797521	5.905184	5.494285	6.195237	5.234987	4.62227	3.956909	4.747212	6.460138
5.625873	3.948195	7.943829	4.561394	3.787908	3.393666	5.823136	5.228999	5.108814	4.446308
4.919596	4.781827	5.282609	5.241549	5.970823	5.258189	4.671741	5.613482	4.560876	4.279047
