5.551385	4.772269	5.47225	4.308365	6.273902	3.955002	4.15213	6.269163	4.234751	3.889827
4.835223	5.176632	4.808532	5.389176	4.694328	4.629415	4.621999	4.860491	5.797774	4.519778
5.03756	4.660108	5.836744	4.570458	5.643261	5.006593	5.801431	4.776587	5.985038	5.476897
5.633004	5.236054	5.215938	5.058077	4.976271	5.119704	4.644938	5.567883	5.820654	5.101113
4.709161	5.615657	5.098451	5.335879	5.058647	5.94853	4.889039	5.886696	5.174255	5.091744
5.031278	6.089828	4.638634	4.349188	6.298157	4.156533	4.311846	4.481677	5.516976	4.926334
5.257059	3.706759	7.893673	3.825943	6.196464	5.858363	6.127412	4.358653	5.064935	4.385076
5.621653	3.866363	5.629754	5.56404	5.676589	3.630262	5.270987	4.251548	5.052179	3.625592
6.640792	5.416461	4.180532	5.077384	5.152184	5.127041	6.540754	3.887272	4.832308	3.379964
3.366644	5.725627	4.783792	5.807937	5.513976	4.760144	5.377764	4.853419	5.586646	6.256478
3.324481	4.770665	4.690559	4.959771	4.943151	3.871993	5.245479	4.767951	3.969563	4.075867
4.918024	5.436173	4.920704	6.088635	4.076909	5.060407	4.379201	4.052999	4.719916	7.166425
6.564049	5.234905	5.265138	4.850379	3.794267	4.590151	2.88855	5.980976	5.935715	6.256976
1.368354	5.734962	4.779647	4.838322	3.768061	5.209149	5.914704	5.855943	3.806548	3.565686
5.277625	5.180152	6.192082	5.110242	4.159642	4.41818	6.295068	4.456898	4.569793	6.757546
4.13728	3.850738	5.387133	4.890682	5.589521	5.696341	6.043046	5.110008	5.602343	5.270606
4.978814	6.625811	5.709311	5.639283	4.065299	5.433622	4.965199	6.12819	6.40899	3.997938
4.503937	4.700237	5.488241	6.028769	6.961862	5.141777	4.55002	6.08029	4.900092	5.762678
5.882455	4.431407	5.968666	6.073995	4.395196	5.834562	5.505718	4.631381	6.562774	4.807437
5.17069	5.332112	4.428795	5.398536	5.233688	4.455351	4.122451	3.928391	3.836735	4.326987
4.154583	5.000976	6.174447	5.055719	4.735713	5.326149	4.57489	5.209971	5.585449	5.651625
4.513364	5.475826	6.335526	5.497995	3.734182	3.867811	4.463398	4.943089	6.139667	5.965809
6.989718	4.796062	3.940956	5.295579	3.980955	6.098459	5.330314	4.282079	6.095252	6.070866
2.939653	4.208825	4.528908	6.152678	3.152799	4.652579	6.363849	5.847568	5.782575	5.40728
3.864331	4.957434	4.639718	5.911542	4.802876	4.403784	3.672988	4.976225	3.381055	3.732466
4.560961	3.973735	5.489463	6.115811	4.9723	5.71001	5.282455	4.663522	5.820875	5.199588
6.438233	4.208131	5.681872	4.349879	3.635123	4.620186	5.644805	4.000569	4.376416	5.304707
3.452666	4.653795	4.189394	3.718067	5.935396	6.127319	6.139168	4.884796	5.489481	6.309986
4.804385	4.574244	4.775281	4.314488	4.621038	4.048276	4.149756	4.441341	6.351331	5.370758
6.378846	4.394506	3.950803	5.216413	4.693506	4.05607	3.459971	5.099855	3.817355	4.336982
5.386581	5.661278	3.644251	5.779451	4.990919	5.737841	5.63081	5.425273	5.399656	3.662668
4.256658	6.195269	5.302881	4.82218	4.951758	4.879798	3.430797	7.385402	4.282694	5.179756
5.318254	5.000243	4.98474	3.721636	3.861809	5.655352	4.247039	2.549754	4.147185	3.155793
6.338804	5.067643	5.660976	4.802395	5.23743	5.269915	5.459939	5.994905	5.01668	5.815252
5.088565	3.771053	3.315624	4.821224	4.209463	5.193516	5.661563	6.818876	5.274735	5.659394
4.603874	4.179042	5.255518	3.593122	6.193545	4.596987	5.106551	5.119049	3.795468	5.496582
4.34326	4.887111	6.141479	4.953571	4.550681	5.354293	5.878853	4.903271	5.894563	4.943879
6.27	5.496548	4.81584	3.795013	4.238351	3.549296	3.648465	6.544007	5.382251	4.498104
5.167459	5.195244	5.438843	3.22145	3.836071	4.770705	5.25373	3.126129	3.5276	5.562441
4.322945	5.478397	4.043092	5.978426	5.869793	4.178689	4.344642	4.453901	5.050968	5.370909
6.559898	4.529906	4.603965	6.681	6.303623	5.164683	4.864227	4.276671	5.759008	5.431566
5.253782	6.532911	5.823413	4.663004	5.087277	5.796405	5.211607	6.377922	5.649716	4.821819
4.603922	5.24883	4.851532	4.536911	4.626879	2.80833	3.937226	5.464901	6.418293	5.798732
5.022401	4.455295	4.892412	4.825571	4.212388	4.295454	5.553545	4.073594	4.993831	4.428789
3.007853	6.782786	4.163892	4.689219	5.811315	4.940105	4.41062	5.728603	4.626428	6.051219
3.627427	5.84653	4.051645	6.736959	5.535029	6.74004	4.932523	4.797389	3.579581	5.539685
2.992052	5.442976	4.533441	5.48096	5.73365	3.346998	5.341228	4.862598	5.151215	5.369399
4.859132	6.901761	5.280312	4.064375	4.507534	6.011988	4.052573	4.632189	5.449983	5.358648
5.537603	4.960795	4.361599	3.807057	4.100591	5.197925	6.826315	5.154279	5.454409	5.43729
4.675399	4.411211	5.364027	4.243779	6.462964	4.612522	4.932209	4.855592	4.816569	4.48763
5.419967	4.672268	5.173439	4.23078	4.441816	4.248811	3.728871	4.52279	4.880863	4.261497
5.076488	4.988423	4.435015	4.462525	5.415041	4.199408	4.105958	6.005838	4.860831	4.716154
5.442055	3.536271	4.606205	4.144195	4.81169	4.110381	6.275809	6.116052	5.817267	5.580909
6.354152	4.62743	4.511733	5.646403	5.800809	4.73299	4.642991	6.095459	7.567069	5.676402
3.798273	6.393199	5.497495	5.409668	5.280391	6.046806	3.799927	5.429134	5.399055	5.340646
5.095566	4.559185	5.342377	6.183271	4.9148	5.59439	4.793612	7.292007	4.882998	5.559206
4.714833	6.109862	5.037037	4.621771	4.605433	4.863377	6.274467	5.96064	2.910686	4.57548
4.731823	4.235775	4.652273	5.038381	3.929671	4.850692	5.239897	4.24568	5.291865	4.824905
4.300016	4.663026	5.792266	3.854049	3.689591	4.730451	4.438354	5.606482	6.603823	5.715882
5.869936	5.68852	4.335566	5.827025	3.497327	4.512792	4.898024	6.165399	4.424638	5.946286
4.997424	4.985913	4.134913	7.850251	4.789316	6.848184	3.945923	4.353916	3.981466	3.379319
3.093877	5.938476	5.303251	5.721685	5.602628	5.297028	5.532523	5.712608	6.013564	5.13566
5.127418	5.339727	4.43855	3.99128	3.091048	5.324686	5.02913	4.980092	4.768267	4.936293
4.93034	3.973157	2.355247	4.553669	5.549887	4.621562	4.888161	6.146453	5.442186	5.032167
6.392297	5.965664	5.790039	5.031595	5.333893	5.168197	5.807972	5.175055	6.071518	3.094553
5.233895	5.637907	5.374511	4.666102	4.949977	4.158054	5.603364	6.877196	5.506617	4.181338
5.641692	4.861004	4.867395	6.22185	3.696834	4.449966	4.716858	4.740608	6.266171	5.182204
4.789898	4.945811	6.17438	5.835144	3.478842	5.131633	4.501864	4.041949	5.218015	4.984373
6.455251	4.087889	5.050091	4.059484	5.303675	4.727532	4.931451	5.541656	5.902222	4.075206
5.578289	5.171128	5.927299	5.651099	4.106439	5.070761	5.231254	5.79067	5.456366	4.528065
5.292809	4.699549	5.285586	3.996927	4.920977	3.97677	5.338063	5.238355	5.460359	4.59725
4.957572	4.92519	4.66836	4.662036	5.561748	5.281517	5.488598	3.809925	6.659717	4.894391
5.334536	5.665568	4.389759	5.675344	5.302684	6.13291	3.904884	4.377229	5.319368	4.874358
6.191958	6.226443	5.807341	3.654418	4.867803	3.899524	4.727888	4.801598	4.489667	4.209837
3.860117	3.953545	6.007154	3.937888	5.114616	5.749044	4.871143	5.519691	4.528595	5.427202
4.760619	5.545527	4.043617	5.130599	4.209814	5.143582	5.570994	3.789238	6.608411	6.768414
5.765286	5.028677	4.652616	5.492895	4.722474	3.162671	4.78883	4.521257	4.721321	4.740457
5.645915	3.920184	3.35262	4.751617	5.102677	5.069308	5.149255	4.086349	4.48934	4.462922
4.336207	4.528559	4.773541	4.135272	3.56405	3.804575	3.644728	5.562938	4.909099	4.339182
5.403516	5.424132	5.721345	4.269935	5.917614	5.782945	3.702131	4.808846	5.101903	4.598894
4.624727	3.983553	5.717782	5.038682	4.895558	4.536065	5.369771	4.743733	4.178061	5.161432
5.512274	4.5542	4.54517	4.974941	5.964708	4.599584	4.22013	5.57986	4.955453	4.918105
4.602474	2.68393	5.590701	5.061946	6.088016	7.33791	4.843667	5.528668	5.605168	5.963098
4.43038	7.298422	7.986285	4.928668	5.335025	4.487515	5.279002	6.253157	4.152195	4.959225
5.06894	5.091366	4.446844	3.937903	6.199634	5.836173	4.50446	5.174015	4.814164	5.355764
5.202667	2.779055	3.956563	5.215353	5.113038	3.775479	4.737947	4.641447	4.806193	5.142932
4.857107	4.607603	6.49055	5.808051	5.006548	5.128418	5.436363	4.821972	4.219972	4.092549
5.717119	4.381515	4.5479	4.176554	4.807221	4.729309	4.41176	4.899076	5.35343	4.23227
6.385298	3.672901	7.419924	5.232596	5.137885	4.251197	6.184594	4.354154	5.399405	5.454469
5.822792	3.780676	4.696527	5.345909	4.511443	4.838409	4.418495	4.227027	5.836489	5.652198
4.20805	3.459827	4.364944	4.914595	3.618335	4.1909	4.533744	4.875977	5.792268	5.136473
5.196989	5.677825	3.895012	5.64081	5.500167	5.584539	5.626434	5.561283	5.327594	4.263614
6.498713	5.935421	6.069458	5.426929	5.933939	4.244141	6.424752	4.369788	6.835775	5.583151
5.581352	5.095786	4.737348	3.538507	3.759007	6.223795	7.604675	4.152757	7.185387	4.804877
4.053824	5.320862	4.96303	5.757437	6.063375	6.486073	4.558869	4.143113	3.860943	4.941943
4.952328	6.109128	6.258345	4.984551	4.320628	4.900055	5.438087	5.062726	6.074259	4.350799
5.903829	6.77007	6.084609	5.023518	4.297719	5.199858	4.398537	4.314005	6.020895	5.270622
5.10501	4.867945	5.631532	4.539263	4.503028	4.927938	5.017839	4.632443	4.93863	5.645527
5.908337	4.721611	6.424104	5.820991	5.163969	4.911286	3.863403	5.700015	3.068338	5.391233
5.163425	4.622924	5.44071	3.702724	3.552021	5.913457	4.268202	3.245316	5.169451	4.884394
4.449947	5.091906	4.227844	4.505259	3.754676	4.443093	4.21098	6.056942	5.147605	6.705484
5.632882	5.250753	4.794436	5.485564	6.508784	4.651298	5.06192	4.306824	6.221293	4.804412
3.911708	6.672423	4.447079	6.112543	4.823246	4.656866	5.455427	4.675517	6.436401	5.72653
5.539721	5.523611	5.285857	5.202428	4.724716	4.875107	4.462395	4.957334	4.111738	4.606019
4.241676	7.200894	4.583506	6.242646	3.823547	3.642882	5.142043	3.647472	5.531016	5.188153
4.633732	6.036671	6.123269	5.415402	4.217705	4.972699	6.300911	5.712142	6.315111	4.509761
2.308161	5.451705	4.416635	5.621722	4.223201	5.018548	5.577203	4.369527	4.682379	5.027049
5.126792	4.344722	5.558251	5.490754	4.105079	5.790478	5.494905	4.798774	5.984858	4.797723
6.703979	4.157625	4.215725	4.364482	5.150696	3.954893	4.221017	3.619196	5.607615	4.772731
5.407989	5.691805	5.668812	5.453288	5.149124	4.788963	6.215348	6.501214	5.134058	4.543725
5.198173	5.299735	4.639031	4.349409	5.944207	5.476444	3.913389	5.953308	5.674467	3.030927
5.763889	5.924163	4.555755	3.854926	4.752589	4.560543	5.238784	5.183486	5.297648	3.73463
4.315382	4.907313	4.474456	5.857153	3.767733	5.058073	5.265548	5.552318	6.045989	5.867981
3.150448	5.800015	5.774041	5.376958	4.437563	3.543567	6.134939	5.462756	3.608557	5.360052
5.630958	5.56243	2.603615	3.703693	4.806955	4.223901	5.857642	5.707723	4.22825	4.447102
4.713301	4.035632	3.977025	6.804938	3.184555	5.101576	6.463114	5.473016	5.706067	4.671876
5.91624	5.899362	5.789887	5.143397	5.551208	5.011031	5.081783	5.822857	5.213773	6.135164
5.910743	5.704338	6.117642	4.859869	6.185749	6.033544	4.679722	4.759257	5.285436	6.431782
4.137306	4.13073	5.868653	4.984566	5.378972	5.146576	4.633791	5.517848	5.793661	4.492696
4.207138	4.935166	6.105015	4.763171	4.430985	5.785434	5.930428	4.795084	5.410102	4.152287
3.759665	4.431151	4.823558	4.475372	5.422275	4.247928	4.075317	6.070477	4.413326	5.216543
4.543059	5.350248	4.238791	5.083313	5.507777	5.038909	5.646914	4.734764	4.872144	4.099906
4.244069	6.452899	5.273767	5.002414	4.925931	4.810891	4.825678	6.019082	4.975724	5.504067
5.858707	5.768653	5.178862	5.668139	5.085946	4.728066	4.092707	7.022124	4.321058	5.889091
5.296324	5.1199	5.484697	4.744634	6.640838	3.962928	4.096035	4.78956	5.092103	4.827811
3.789921	5.348776	5.30441	5.808974	6.482827	6.181932	6.758454	3.987411	5.62956	4.2975
6.41048	5.110682	4.064395	4.021087	4.865239	4.971347	4.819749	5.42428	4.65719	2.846903
5.444384	5.360009	4.776274	4.699486	4.855108	7.690236	5.412771	3.497319	4.924236	5.349169
4.071982	5.341198	3.132186	5.649922	4.101643	2.857821	5.624556	4.687597	3.283074	6.21827
6.816512	6.414345	4.046756	4.914297	5.830342	5.676651	5.158951	3.437483	4.312009	5.700187
3.340679	5.440351	4.973125	5.523167	4.438394	5.559636	6.723503	3.045863	5.545122	6.390899
4.899779	4.921162	5.650587	3.65727	4.814533	4.388399	4.767485	5.19622	3.413296	5.238457
6.0604	5.076969	5.45597	5.473015	5.929494	4.506974	3.963285	5.490809	6.282756	4.999473
5.818044	6.311362	3.217004	5.212964	3.952937	4.203076	4.394188	4.89204	5.815035	3.595045
5.364319	6.035834	5.561101	6.650651	3.770457	5.29371	4.164034	7.969269	4.96142	3.331073
5.75352	4.032123	4.098382	4.874803	5.508183	3.852865	4.424446	5.783864	5.059207	5.40963
5.455638	5.273725	6.397522	6.961267	6.457841	4.961896	3.155734	4.762769	2.707451	3.336401
5.530133	4.992489	6.521599	5.857295	3.083238	6.383666	5.645216	6.310482	5.927903	4.041105
5.667981	6.998968	5.571893	5.30774	4.151869	5.350971	5.02815	3.242248	4.915806	6.245942
4.052228	4.033545	4.899755	4.591579	5.908654	5.968744	7.090765	4.615619	4.903771	4.85262
4.208745	5.818139	4.635834	7.791523	4.256142	4.326575	3.108947	7.852152	5.568335	5.631749
5.123997	5.977201	5.367943	5.816961	5.497884	4.70111	5.407649	7.08254	5.761021	5.304218
4.641029	5.172149	5.34431	4.598513	4.177131	5.620477	4.509303	5.165979	4.27663	5.921917
5.014373	5.794504	4.325982	6.150585	5.921639	6.174109	4.618016	4.690798	4.391713	3.454184
5.861805	5.072872	4.065217	4.767206	4.033859	4.855797	4.4548	4.998458	5.822464	4.254964
5.262517	5.424055	5.061138	5.452411	6.436269	5.186433	6.387483	5.938154	5.54189	5.546418
5.913264	5.924379	6.553275	4.661525	5.033904	5.389654	4.747579	3.728453	5.30685	5.530312
3.965187	3.224845	4.887313	3.511562	6.473385	3.666208	3.658803	4.978723	5.640993	5.987859
4.90828	4.618392	4.758996	6.155655	4.621939	3.899416	3.970837	6.019104	4.311162	4.429429
4.583414	4.920106	3.520838	5.503563	3.851725	5.334866	4.641753	4.121941	5.311449	5.899518
5.825871	4.905781	5.932262	5.204951	6.752879	4.596613	5.415278	4.789235	5.024159	4.99598
5.132492	5.083904	7.554081	5.027062	6.945999	3.601485	5.642488	5.77049	7.26694	3.200515
6.274335	3.723401	4.817032	4.982259	4.065934	3.982306	4.95685	4.792511	3.969719	5.987198
4.16915	5.399157	4.361696	3.576029	6.458753	5.683963	5.165358	5.431237	3.202761	5.487527
3.78673	5.319367	5.715184	5.470602	6.050514	4.377759	5.007081	3.915419	5.137573	5.524972
5.078802	4.557779	4.243598	4.46845	4.856942	4.171524	6.093869	3.330522	6.411684	4.103395
6.236941	6.025766	6.936372	5.748343	5.782862	5.170049	5.774845	4.789829	4.3583	3.955867
6.070096	4.680031	4.296718	3.965794	4.568346	5.231021	3.844488	5.674047	6.097459	3.742673
5.361816	4.308375	6.522948	5.636772	4.227227	4.359901	4.482551	5.408933	3.863945	6.034392
5.522501	4.98046	3.408617	4.919424	6.652117	2.883924	4.542706	4.280816	4.600753	5.177676
4.67926	3.929749	5.661397	4.302503	4.755627	5.760786	5.880595	5.384587	4.153609	5.99059
4.480107	4.41719	5.144962	4.210708	4.43031	3.799719	5.188725	6.507641	5.388686	4.689156
5.399494	4.712286	4.513804	5.037893	6.021688	6.182481	5.454289	4.712871	4.447263	5.22725
5.155293	4.355054	5.521727	5.15364	4.238912	4.057627	4.800026	5.553957	5.893259	4.83889
5.53851	4.070028	5.950232	6.883919	4.487548	4.785065	4.679718	4.531295	6.961744	4.971819
4.683102	4.23228	5.683385	4.493924	3.581347	6.273319	6.013666	5.457567	4.551221	5.153744
4.050969	6.838517	3.95471	3.331163	5.776363	3.938066	4.386672	4.287695	1.569344	4.913387
5.174988	6.566586	5.303388	5.243468	5.442228	4.14241	3.699762	4.009193	6.15949	6.10323
4.079204	6.771087	5.78641	4.205336	5.484629	4.31405	4.298388	5.194223	6.210306	3.746278
5.250176	6.130556	4.666761	6.002711	4.960449	4.371853	4.479286	6.023915	5.58153	5.555323
4.677828	5.486057	5.312748	4.661586	2.951821	5.140318	4.8938	4.843939	5.103271	6.144275
6.188476	4.824202	4.727596	4.625739	5.73033	4.053487	5.482379	5.689708	5.054069	5.824602
6.872866	4.681912	4.551126	4.998642	5.163968	6.687288	3.499061	4.479451	6.368979	3.409723
4.026202	5.672411	4.92541	5.614449	5.700778	4.748395	5.341713	5.298985	4.394776	3.824791
4.624595	5.956751	5.629929	5.207255	3.767416	3.933926	4.895637	6.832952	5.677608	4.890935
6.193652	6.168638	5.442877	4.728065	5.185719	4.64381	5.082465	5.55474	5.985851	4.796515
5.980127	4.711401	5.725457	4.31069	4.106727	4.653883	4.84915	5.566338	4.620776	4.823203
5.255862	4.532666	4.790126	5.178176	3.794813	4.521176	6.561468	4.50575	6.222671	4.756233
5.806689	4.611329	4.296717	5.065854	5.698639	4.103164	6.733648	5.06757	3.663184	3.557974
5.449237	4.608083	4.587842	5.369773	5.44213	3.500901	5.966508	6.27921	5.837468	5.589647
6.367101	4.878483	5.207346	3.632284	4.508158	4.892468	5.055535	5.822742	5.801248	5.073425
4.629568	4.918742	5.961395	3.343468	4.680552	4.117004	5.746458	5.357714	4.643724	5.51014
5.420506	4.496502	4.889461	5.37779	6.082799	5.897696	5.264423	5.419522	4.822534	4.605639
6.946974	4.543146	5.444768	3.819126	5.569617	4.787899	4.93488	4.8724	4.62051	4.321841
5.81807	4.58056	4.867998	5.900938	5.401726	4.24318	5.16944	4.653455	4.483744	4.304156
4.737633	4.745939	4.411386	5.132849	5.968682	6.874892	5.294666	3.595194	6.583102	5.030091
6.931163	4.081424	5.939435	3.645005	3.115539	4.003464	6.351599	5.966897	4.04112	4.244545
6.21151	5.945207	5.684327	5.382508	4.771989	3.912711	5.719822	3.796685	4.066508	5.137617
4.329536	4.625052	6.516808	5.845117	4.690228	4.559643	5.176676	5.055129	5.518263	4.380838
4.725093	5.562853	3.998389	5.859492	6.774574	5.135249	4.733044	3.521919	4.728918	5.512095
5.783159	4.994659	5.812745	3.679698	3.623409	5.082422	6.365554	4.901179	4.914017	5.620742
4.77885	5.656537	4.521378	5.653214	4.873366	3.654127	4.892389	4.869356	4.72362	3.764429
4.636049	5.547174	6.054322	6.254132	4.270343	4.120734	4.434504	5.689578	4.61549	5.46704
4.788947	5.416284	4.86299	5.938559	5.824693	4.128363	5.261754	4.700589	5.523146	5.123893
3.620793	5.93981	4.849782	6.304841	5.751034	4.092555	4.326283	4.742606	5.050247	6.069154
5.746604	5.278293	3.730723	4.615413	5.194228	4.862392	5.163792	4.271162	5.153208	5.491266
5.395833	6.192489	5.210948	4.080841	5.129667	6.216672	6.481061	4.837478	7.753009	5.280559
5.694029	5.339357	4.455621	7.077872	4.158266	5.05373	5.724994	4.129827	6.620955	4.707613
4.711589	3.487414	3.469733	5.780107	5.943994	4.381658	3.206032	5.798155	3.20393	5.341565
4.0488	4.672688	5.419266	6.055722	6.322387	5.737304	4.572757	6.506381	5.661243	3.919012
