4.93477	4.809792	5.109801	5.685263	5.482804	4.452819	4.438615	7.021708	3.468265	3.407903
4.502157	3.976591	4.90303	5.317381	6.137964	5.944658	4.904556	5.35719	5.414289	3.988872
5.44005	4.485314	3.578398	5.345384	4.722241	5.84922	5.812315	6.194918	3.822202	4.903939
4.240819	5.872044	6.086566	6.293136	4.933949	6.512778	5.927342	5.603581	4.198639	5.235451
5.007328	4.67856	6.04346	5.822438	5.040951	3.916534	5.077508	3.897474	4.700861	6.540163
4.922069	4.273258	6.074925	6.316706	5.508482	5.042966	4.976525	5.916358	4.10889	5.989614
5.236258	4.034193	6.141294	5.813029	5.449461	5.71166	4.77478	5.219411	6.794596	6.625431
2.936217	4.695715	3.361498	3.892864	5.343177	4.026587	4.091225	3.750683	5.265995	5.015265
4.217634	4.252514	4.936131	5.91258	5.261388	4.956482	6.394668	4.953097	6.925984	4.192781
4.762137	6.708954	3.630721	4.36802	3.620787	3.501303	6.061172	5.515526	5.577947	4.628396
5.865795	5.311897	5.237412	4.959112	4.662301	5.321177	5.277919	4.793256	3.80541	5.96208
5.799387	4.697224	5.564863	3.711912	6.484204	4.900843	4.072539	6.648581	4.122504	4.878371
5.084902	5.1649	5.351415	4.420182	4.545834	4.724631	5.086162	5.220991	3.971062	2.688053
6.231038	4.212437	5.549069	4.477987	5.14547	4.230796	3.949938	4.424889	4.024899	4.149263
5.514899	4.568937	6.798445	4.478429	4.920662	4.917967	4.205544	5.139156	2.569813	4.726576
5.150359	4.962382	6.425704	5.704056	5.166908	4.898452	4.094453	5.577559	5.331462	6.026205
3.022574	4.203678	3.935264	5.042386	4.925007	4.660687	5.502522	6.195066	6.211974	4.750417
4.970984	3.934595	5.621877	5.802026	4.810972	5.237927	4.106367	5.175321	4.55281	4.635385
3.972179	5.434392	4.853411	5.811337	5.062879	3.941607	4.847836	6.530443	3.844702	4.393225
4.406089	5.682094	5.277059	3.246806	4.118734	4.994583	5.979298	5.36507	5.813523	5.559582
3.143594	5.721413	5.622253	5.065915	5.224359	4.620286	5.06389	6.291957	5.836987	3.884781
5.72219	4.581647	3.968384	4.250725	5.964152	5.774855	5.214399	4.329515	4.989383	4.831192
4.109279	6.335981	4.008316	3.9753	4.531688	4.169837	4.567769	4.772709	3.285529	3.409199
5.850813	4.073179	5.81462	4.481255	5.843504	3.913761	6.303855	5.725886	4.084855	3.886374
4.018003	5.902542	4.445249	4.817952	4.608202	3.511756	4.57753	5.754789	5.530863	4.070822
5.38179	4.56851	3.217491	4.722494	5.774676	3.67901	4.285332	5.222474	4.735998	6.149147
5.61054	4.980434	3.656783	6.228127	4.381925	4.626272	6.269506	5.724639	4.124742	4.510369
4.188383	5.539571	5.034081	4.7205	5.875973	6.115095	4.437093	3.51574	5.419434	4.772996
4.774589	5.613724	4.10452	5.727498	3.061327	4.186364	5.852815	4.154986	5.833853	6.043383
5.299716	4.250069	5.629682	4.070651	4.936055	4.660727	5.6868	4.880883	4.426652	5.465818
6.352107	5.632034	6.609455	4.519969	5.452071	4.736	5.038353	3.707419	4.243407	5.049728
5.035999	4.480633	6.059818	5.234719	4.05577	5.086712	4.523009	5.082003	4.14984	4.832791
8.132822	5.260194	4.59722	4.439994	5.137391	5.141963	4.770662	3.788921	4.39516	5.295401
6.013855	4.702871	5.552871	4.720821	5.777389	5.576493	5.848166	4.863422	4.672283	5.519254
6.01667	4.73374	5.381657	3.469281	4.617407	5.256121	5.95787	5.433127	4.520001	5.505307
4.530751	3.929481	6.881021	5.413374	5.57134	3.244828	4.111987	5.107667	4.408241	5.884469
4.875982	5.496817	5.560418	4.054914	6.556633	7.218719	4.047592	5.313226	4.717229	5.686852
5.416842	5.179174	4.977901	4.067921	6.216402	4.300389	4.040559	3.66947	6.569271	6.57252
5.358073	3.859011	5.684369	5.079244	4.630136	3.591775	5.834925	4.364623	5.747841	5.946348
5.578672	4.809219	5.123625	5.342894	3.725548	3.871898	4.843406	4.927244	5.603115	6.040702
6.606957	4.045785	5.221234	6.522136	5.960014	6.075068	6.617694	5.32524	4.32224	5.713872
5.497502	6.615316	5.25646	5.099481	6.298353	5.460933	4.606071	3.609105	4.218951	5.937454
5.839194	5.011918	5.664565	4.087016	5.405824	3.653329	4.770612	4.442378	4.135832	5.459685
4.516595	6.176274	4.687965	6.298841	2.954607	3.332807	4.695249	5.960572	4.86009	4.503689
4.928684	6.043172	4.277468	5.122628	5.630793	4.500733	6.117343	5.32407	5.780591	5.691897
5.962705	4.835405	6.214549	3.896113	3.359862	3.472945	5.319056	3.464226	4.497479	5.283802
4.684126	5.124874	3.758558	6.168948	4.634885	4.188996	3.786273	5.294153	5.131521	5.853408
6.210289	5.771205	4.870413	6.145509	3.800573	5.033342	4.766741	5.589513	6.093403	5.159825
4.299715	6.077596	5.186957	4.891131	4.306109	3.757743	4.236378	4.32231	5.141725	3.852524
4.514999	3.925044	5.723628	4.928971	4.759508	5.037608	5.723123	4.679483	4.528556	5.706174
5.709438	5.010136	3.999776	3.295189	2.884306	4.628398	6.068442	4.522089	6.188436	4.989574
4.755939	4.421501	4.379071	5.48211	7.023689	4.992803	5.467102	5.576491	5.259154	4.820523
5.202868	4.236154	6.259697	3.535534	4.869884	6.296282	3.721811	5.809613	4.70651	5.962259
5.140769	6.183377	4.099271	4.997737	4.546781	4.953562	5.40405	5.984654	4.755598	3.484142
5.444188	3.709473	6.18048	3.225772	4.144824	3.985742	6.621961	4.252626	5.701302	6.789057
4.389246	3.588712	6.752604	5.198484	4.846934	5.86675	6.102352	5.390948	6.191551	4.260761
6.348013	5.349045	4.383415	3.831083	4.515636	5.284225	6.081406	4.851335	5.28411	7.013412
5.529252	5.743928	4.538423	5.267703	6.130368	4.457294	4.046584	5.625563	5.028953	4.838958
4.5393	3.117478	6.100407	3.714705	5.270241	5.933136	5.882468	5.624288	3.335239	5.371157
5.864628	4.791836	6.694852	5.933588	5.143603	5.34251	6.723245	5.160297	6.019113	4.85811
5.490243	7.565874	4.715859	3.621754	5.867951	5.133645	4.737411	5.093729	4.475455	5.079154
5.959137	5.019338	4.012571	6.019925	3.532989	4.235118	4.59684	5.98422	4.986373	5.277739
4.735027	4.842092	4.194136	5.675561	4.849941	4.897477	4.871134	4.37531	5.763379	4.969442
5.192631	6.749704	4.914735	3.917644	4.713473	5.552553	3.921061	4.928246	4.55405	4.503877
4.681748	3.624786	4.591355	5.491749	5.524273	4.447125	3.064198	2.563921	5.884971	4.711178
5.993437	5.428079	4.975016	4.528851	4.237695	6.799147	6.917456	5.51082	5.067288	7.072816
4.197178	5.633797	3.722954	4.549948	6.34386	5.620295	4.140562	3.914614	3.664857	5.908791
5.052985	5.643359	4.74194	4.668844	5.239451	4.120714	6.075025	6.231569	4.98982	4.257695
5.212708	3.498912	4.809998	4.91936	6.773125	5.011677	5.339252	5.039256	4.749043	4.502979
4.443179	7.218497	4.865636	5.049543	5.526407	5.86734	4.675484	5.063164	6.405993	5.25337
7.651521	4.471091	4.951705	4.427876	5.441947	4.065524	4.126372	6.052651	5.827653	4.880517
5.81771	6.584582	4.589426	5.88256	5.059989	4.840985	4.388468	5.243574	4.698042	4.109358
4.523767	4.974499	4.983462	6.225299	4.594605	6.758413	4.473735	5.691829	4.660865	6.76803
5.773637	5.960413	2.724399	4.614096	5.449242	5.397743	4.244693	5.52613	4.989735	5.645562
4.679406	5.143229	5.385237	3.380442	6.030246	5.452742	5.010044	5.722109	6.316962	6.20667
7.387643	6.749925	5.356034	5.703931	4.90528	5.632372	5.622602	3.269685	5.228003	5.387077
4.645583	6.275531	5.262655	5.438305	5.060988	4.197494	4.220093	5.077096	5.451265	5.189908
3.39904	5.014731	4.636843	5.333767	4.936781	5.460007	5.276759	5.019767	5.201372	5.49145
2.937783	5.155509	3.197967	3.342526	3.904479	4.447371	5.985182	3.864141	4.269138	4.87248
4.587466	4.850942	5.745287	5.318841	6.468173	4.846927	4.912487	3.772446	5.332663	5.43269
4.687003	4.608225	6.222536	4.724095	5.415866	5.034891	4.894603	5.424425	6.024492	3.725484
5.0655	5.820955	5.333934	4.150464	4.783968	4.787619	7.228931	5.603312	5.333218	4.553056
5.042427	4.1912	4.725819	4.71561	4.076284	3.977169	6.473988	6.14264	5.096161	5.916545
6.253454	4.594713	4.961491	5.092447	4.774127	4.929448	5.137092	3.570831	5.624619	5.964668
3.895708	3.6421	3.287091	5.865015	5.36839	3.109339	4.358482	5.202164	5.62126	4.560508
3.358621	3.741708	5.166701	4.940513	3.152376	4.513336	4.956739	6.424355	3.96876	4.359511
4.484917	4.786681	4.349413	4.612283	4.427723	4.183636	3.155287	3.575112	6.58095	6.451646
4.020384	5.575953	7.023005	4.809921	5.837053	5.631208	4.486691	5.247159	5.769614	4.626889
5.858038	2.874456	4.551958	5.612341	2.673006	4.767032	4.845583	5.560677	4.795331	5.472028
5.051049	5.179205	5.33228	4.76722	4.963605	2.737134	3.045661	5.096091	3.953555	4.494504
6.012763	7.358303	5.454104	5.746617	5.005065	7.113821	6.208408	4.414411	5.178313	4.668985
5.057049	5.270549	3.652709	3.742444	5.903768	5.471818	5.941176	6.140043	5.259995	3.745106
5.298357	5.948859	4.350708	5.247325	6.55068	5.301452	4.902072	4.66845	4.45927	4.953619
4.849016	3.678028	4.273862	5.539693	5.024199	3.665429	4.01897	5.072798	6.171932	5.041567
6.101862	3.027814	3.377884	5.129748	5.762609	3.278934	4.811312	5.841237	5.121182	4.948941
3.953219	3.675857	2.759499	4.666477	6.450236	5.135342	4.057942	5.57199	4.884918	5.626675
3.933269	4.853117	6.567957	4.572595	3.504292	4.841215	5.980492	5.211921	6.736375	5.417947
5.206004	5.787095	6.387808	4.185382	5.171854	4.162682	3.655856	4.972806	5.111844	5.485672
3.596825	6.775316	5.828443	5.980183	4.088346	3.624116	4.560046	5.259629	4.689225	5.122005
4.698191	5.454679	4.541325	4.461389	4.656048	4.828526	3.496926	6.028499	4.694756	4.411937
4.941299	4.172415	3.943185	3.434926	5.089963	4.339999	5.758948	5.140146	6.057893	3.737388
4.809655	6.621009	4.369939	4.367359	5.144609	6.031416	5.568962	7.144241	5.40744	4.229264
6.13865	4.845348	5.752223	5.015267	4.028403	5.530539	5.139949	4.838614	4.257531	5.922427
6.031061	4.734664	4.887048	5.887134	4.476194	4.045395	4.932817	6.457176	5.453742	5.37009
4.920587	3.90834	6.343001	4.980534	5.857937	4.385949	7.112447	4.918668	5.287759	4.344147
4.715392	5.093813	5.376554	6.243911	4.975434	6.122492	4.053912	4.456665	5.031086	4.223861
4.07796	5.735572	5.329677	4.566632	5.552014	3.811602	4.632274	4.218903	4.795747	5.963048
3.693044	4.977436	4.57668	5.548249	6.124171	4.280124	4.21134	6.525024	3.676423	3.493699
6.082509	4.368173	5.763041	4.101283	4.23162	7.012354	4.594273	5.348766	5.538935	5.089119
5.464828	5.664237	5.257184	5.710731	5.432847	3.81672	5.007338	4.676785	6.102286	4.925499
4.960662	4.713306	3.881316	4.737933	4.118177	5.320135	5.740849	4.984437	5.7204	5.588578
4.712247	4.865922	5.31792	4.97554	7.19772	3.880644	5.54352	3.943884	5.417441	4.726285
5.183173	5.492392	6.612846	5.590569	4.311938	5.50865	4.988683	4.624548	3.662256	4.686058
4.113627	6.016101	5.426885	4.859893	5.159896	7.038608	5.020763	5.693153	3.817334	4.737782
4.921685	5.356975	5.66072	4.049914	6.262483	4.574313	5.02753	5.02177	4.570007	4.520147
2.937806	4.668383	2.868745	5.20217	5.178959	5.213378	6.431603	4.599664	4.744664	6.511493
4.418293	4.132832	5.806206	4.920166	4.580231	6.787722	3.940176	5.24157	3.743679	6.709403
4.308285	6.747365	4.255152	4.770817	5.997985	6.814708	4.69827	5.928411	5.05167	3.743663
3.499847	5.124891	5.212205	5.594528	5.247327	5.878803	5.272567	4.34815	4.658103	5.825863
4.03854	6.615983	6.365093	4.304434	5.841806	4.259577	4.408907	5.513092	5.388001	4.473189
6.498268	5.817244	5.041667	4.954243	5.180539	6.031004	4.2246	5.672456	5.581551	4.213496
5.651059	5.550902	4.320879	6.371241	6.308142	4.248341	5.330288	4.677493	5.655127	5.567312
6.033959	6.066941	4.243483	4.863181	4.521544	5.287833	5.137868	5.890701	4.591822	6.392005
4.875019	4.876189	2.562054	5.53447	5.990062	4.160259	4.061279	4.477512	4.951138	4.603829
4.177149	5.318509	6.222681	4.00148	4.613225	3.960269	4.999479	4.734323	5.39971	5.830865
4.438565	5.33019	5.080085	5.304581	6.179344	5.173941	4.823293	4.649683	4.641165	5.389347
3.967757	5.473739	4.912694	4.337201	4.198009	4.025033	5.52253	3.906552	5.45479	5.312698
5.992964	5.810193	4.731582	4.117863	4.504581	5.205826	6.322394	3.657426	4.889889	3.993333
4.708062	6.116755	6.455338	6.104478	6.208066	5.308699	6.151187	4.883214	4.573526	5.502697
6.215529	4.229392	4.278657	3.694439	4.855442	4.187744	4.944966	4.661383	4.340163	3.8554
5.518452	5.044103	3.362549	5.300496	4.519007	5.305738	5.026206	5.336942	5.223658	4.803243
5.342252	3.493363	3.989583	5.072223	4.534602	4.794476	5.101718	4.922585	4.838214	4.884745
6.476777	5.87837	4.868636	3.15499	5.477841	5.668621	4.739651	5.068381	4.464307	3.106409
6.064227	3.617324	4.878623	4.556466	4.942662	5.14473	5.667521	5.139575	4.777267	5.1733
4.153444	5.919769	3.375213	4.556711	5.754829	4.87375	5.709468	2.880346	3.960304	4.649778
3.99205	5.67827	4.822735	4.944788	5.230602	5.686636	5.247559	5.047176	4.124844	5.241356
5.828018	6.033266	4.745141	4.452998	3.563646	4.151702	5.586976	5.694864	5.354558	5.35362
4.651352	4.924215	4.24776	5.790924	4.213676	3.797866	4.178297	5.396955	5.220779	4.81092
4.020218	6.183905	5.345813	5.289355	4.954228	6.264684	5.977002	3.484714	5.969292	5.594549
4.262013	5.145858	5.230895	3.455929	4.931645	5.475116	5.379362	4.466633	5.912766	5.641065
5.192794	5.469444	5.773836	5.437721	4.781669	6.643471	5.77944	5.869925	4.880863	4.898844
4.06862	4.286325	4.165385	4.649098	5.891422	4.605558	4.615817	5.7606	4.5108	5.941719
6.361542	6.184984	4.021377	5.760579	5.000953	3.408702	6.166051	5.68602	4.106174	4.835672
4.270236	4.6574	4.019621	6.315804	3.189775	5.041429	5.566509	3.526902	5.313267	4.888802
4.524021	6.311182	4.999651	4.717002	4.56984	4.26618	6.056252	4.636584	5.568237	5.844551
5.194965	5.453985	4.963608	3.672446	5.696618	6.660518	3.724868	5.591568	5.633044	5.145886
4.282705	4.882377	6.099171	4.863027	5.057616	3.706564	6.272467	5.586358	6.277803	5.305477
6.218905	5.584524	4.546759	5.170828	5.745576	4.959651	5.930954	4.02201	5.250329	5.6436
4.223062	3.669602	5.574747	4.774856	5.047633	4.258544	6.219601	4.016635	5.20055	5.465052
5.151791	4.577018	4.708412	5.97141	4.811545	5.273177	4.399161	4.072172	3.459431	4.249329
5.0082	5.311224	6.123031	4.472163	5.947293	4.852164	4.883396	5.643204	4.676067	5.017128
4.651974	5.170122	4.263604	5.545202	5.623446	4.825253	5.747342	5.067026	4.973812	3.627615
6.339412	2.946022	5.580766	4.244117	5.152328	4.072576	5.244129	5.763615	3.664366	3.480633
5.332153	3.834779	4.568933	5.290211	6.220933	5.984817	5.369866	6.837491	4.44384	4.731218
5.895723	5.896699	5.703621	4.330601	6.628024	3.279477	6.272141	5.384639	5.262463	5.417616
4.550055	4.844421	4.157943	5.95583	2.405137	4.020944	4.470915	4.237574	5.403582	5.367396
4.160411	4.739351	5.476931	4.731135	4.437639	6.851535	5.236382	4.884007	5.398708	4.091079
4.694368	4.923812	4.031599	4.886177	4.25788	6.767227	4.783178	4.398647	5.992969	4.95396
6.571683	4.623909	5.398608	5.383159	5.765761	6.162284	3.475667	4.846741	6.26604	3.527479
4.788088	3.896329	5.1692	2.672285	4.572776	6.387406	6.353928	4.341256	5.251409	5.08503
5.049572	3.367812	6.53516	4.647284	4.170529	5.622402	5.361831	4.270191	4.817585	4.013376
4.317693	4.093767	5.526043	5.30361	4.81062	6.079171	4.45561	4.712114	5.742648	6.505141
2.783486	4.948849	6.237839	4.166959	4.199351	4.623905	4.911104	4.18766	4.264354	5.826514
4.960139	4.668949	5.814555	5.862025	4.683383	4.946021	5.356543	5.529964	5.472562	5.175019
4.573542	4.66577	4.460979	4.956721	4.582178	3.256189	4.634139	4.948245	4.58226	5.006498
6.110125	6.163434	3.78965	5.248126	4.872322	6.400491	5.430451	4.254837	4.648967	4.650072
5.096321	5.18357	4.848341	3.994737	6.078352	4.052332	4.322791	3.417442	4.713878	3.831141
3.377137	5.247541	6.103252	5.166605	6.410553	4.787846	5.674648	5.31426	5.925758	5.769538
3.431841	5.525202	3.601746	4.000259	3.723454	5.557486	5.336723	6.658363	4.708622	6.982025
3.119951	3.92032	5.036878	5.781072	4.706579	3.377321	5.618067	5.355346	4.936744	5.080055
5.221075	6.223539	4.353583	4.180992	4.89829	3.786689	5.840302	5.576269	4.478298	5.512558
5.332131	4.528508	4.079441	6.171452	3.744128	4.866914	6.077922	4.907047	3.426522	4.161896
5.990389	3.973812	6.426332	6.834421	4.258955	6.77453	6.313845	5.45612	4.176187	4.924209
4.271339	4.851364	3.760553	5.63678	4.537884	5.228415	4.224153	4.553001	6.132036	3.458408
4.697412	4.521281	2.68545	5.728477	6.45464	4.798992	4.213096	4.665837	6.07948	6.295649
6.61056	4.86562	7.144891	4.537995	4.728595	4.574826	4.18108	4.395948	4.844209	6.768669
6.355243	4.06073	4.062845	6.451213	4.736221	4.08334	6.400723	5.541518	5.530172	7.07156
4.216381	3.351141	5.094303	4.051363	4.978887	3.296406	5.282983	4.706437	5.343746	6.092529
5.425554	4.523924	4.8484	4.695248	4.572029	6.036086	4.857984	3.293164	4.832022	4.580439
3.464	5.192022	6.055446	5.193791	5.133021	5.220204	6.448147	5.577389	5.621837	4.788298
4.635994	4.579885	6.274163	4.049507	4.589618	4.859648	4.56374	5.96357	5.392761	4.76902
5.863485	3.656202	3.323631	5.837843	4.781291	4.372069	5.831312	6.365623	5.073151	4.150164
5.816566	6.067708	6.549893	5.115382	4.689833	5.452229	4.255893	4.936791	5.239911	4.966192
5.248965	4.354906	6.163462	4.60284	5.679011	5.634776	3.645146	4.950161	5.56396	5.179942
6.671358	4.458094	5.004671	4.422598	4.22438	3.541725	5.764611	6.254884	5.46284	3.777526
3.515802	5.014781	4.935178	6.082167	4.742426	6.08952	2.969981	5.455332	3.299474	4.282931
5.192078	3.765331	4.417526	4.655151	5.159501	3.651433	3.583713	2.822878	5.412326	5.445538
5.683403	3.413442	4.79302	5.43159	3.084638	4.702508	4.789528	4.572474	5.729974	3.02108
5.472089	3.574666	3.64527	3.434493	5.144559	4.990038	5.495403	5.952895	5.850497	3.957949
4.644691	5.990435	4.224493	5.655303	3.839298	3.028906	6.160525	3.782838	3.658547	5.301416
4.969034	5.038794	6.150835	5.473513	4.48491	5.499175	3.923269	3.648882	3.781284	4.620823
4.717087	3.624035	4.863125	5.462743	4.556317	5.202377	4.661766	4.804766	4.6225	6.001041
4.410094	4.15646	5.48246	6.418573	5.738639	6.308477	5.553292	5.425328	4.144577	3.800604
4.842028	3.977912	6.403991	5.594687	5.959094	5.955945	4.424314	4.948236	5.876646	6.084968
3.348939	6.042844	3.797512	4.250637	4.89259	4.366857	3.873329	4.447248	6.577209	5.169036
4.112662	5.709041	5.541316	5.633876	3.940517	4.638139	3.786083	5.031285	4.947768	4.926026
5.772018	4.896353	6.023695	4.97405	4.053472	7.77909	4.2753	4.384422	5.417992	5.25738
4.202485	4.991363	5.010934	4.538532	5.125886	4.923303	5.493092	4.580487	6.957325	3.725782
5.075655	4.513231	3.853128	4.482415	4.766462	4.314343	5.181275	5.462449	5.454988	4.117517
5.315814	4.665227	5.191448	4.740401	3.088796	3.771431	4.925602	4.535977	5.32356	4.830246
