4.685278	5.343565	3.728681	4.6099	4.362943	5.193101	6.267758	6.19524	3.920353	4.022264
5.152483	4.221295	5.314789	5.320662	3.951609	4.263974	5.995369	4.835525	4.14682	5.55517
5.042589	5.928695	4.406199	4.070209	4.405113	5.667159	4.821764	4.965509	5.539532	6.012314
5.144603	3.790409	5.922247	4.755526	5.653038	5.448134	4.758042	6.981417	5.974955	6.598737
5.37403	5.155165	5.087124	5.45377	4.86717	4.701626	5.450861	4.608467	5.2935	4.481799
6.503348	3.75578	5.330713	5.040111	5.801263	4.169022	4.798243	5.053897	5.599913	5.090059
5.018274	5.512186	5.946372	4.89945	5.172942	5.981615	5.302516	7.293121	5.879988	5.831943
4.539734	5.571478	4.731862	5.088971	4.665572	5.031296	5.83294	4.045153	4.833758	6.267877
4.685745	4.137434	4.197954	5.670585	4.881093	4.819126	6.142416	2.760029	5.138907	5.319611
5.110264	3.367874	3.845225	4.807254	4.204822	4.821648	4.263843	5.025628	4.60839	4.47313
4.543598	5.110668	4.413891	4.531086	4.422154	5.458225	3.603761	4.819765	4.077605	7.199777
4.687827	5.464681	4.648019	3.853667	4.014741	5.495173	4.471175	4.260051	5.225049	4.818875
3.522705	5.765705	5.248693	4.355172	4.06433	5.199322	5.652094	5.895885	4.558628	4.68751
5.144001	5.13008	5.505348	3.964551	4.253341	3.961675	5.704309	5.435921	5.92081	6.238844
5.176787	5.011821	5.174924	5.770546	4.9984	4.976239	4.907378	5.47695	4.501637	6.487068
4.752198	4.75382	5.471769	6.201606	5.140761	4.728516	4.085849	3.8926	4.038657	5.27967
5.732112	5.138929	5.168847	4.699181	4.520592	5.658212	6.078947	4.912174	4.003912	5.802601
5.944913	4.649279	5.399749	3.903833	5.43731	4.365377	5.274754	5.475473	5.996199	4.962293
4.792706	5.817891	5.090753	4.631568	5.214949	6.134198	5.233251	5.103818	5.407757	3.364065
4.749482	5.162369	6.271875	6.116782	4.483562	4.997619	5.386358	5.008009	5.21261	4.187728
4.905615	4.357815	4.345754	5.060374	4.760856	4.656882	4.025538	5.492614	5.03505	3.807821
4.475032	5.331505	5.386081	4.838174	6.180749	4.689873	5.035715	3.56793	4.860562	6.185192
5.89671	5.059343	3.989943	4.784459	5.376703	5.079071	4.34533	5.377765	4.478837	4.736545
4.776239	3.969363	3.609107	6.396792	4.362977	5.880695	5.75643	4.439558	6.000652	4.603864
4.345023	4.036664	4.513799	4.228211	4.468557	5.747684	4.339388	4.84208	4.236761	4.493995
4.626538	4.042603	5.220307	5.131395	4.424696	5.54341	5.628951	6.329144	4.904388	3.960585
5.320026	4.02184	3.821374	5.620611	5.128832	4.526677	5.124024	3.454536	4.640584	5.533778
5.395201	2.572592	5.15992	4.498775	4.181636	5.510839	4.010814	5.089645	4.813366	5.194917
5.5909	5.243109	3.980268	4.952977	4.666897	5.229852	3.978948	4.793044	4.273421	6.628738
4.259246	6.458902	5.058242	5.347577	6.115264	2.803225	4.168938	4.100444	4.048902	4.826707
4.580383	5.300746	4.23888	4.936227	4.108405	4.477981	5.459913	4.303422	3.48915	6.317972
4.477708	4.893815	4.108557	5.286147	4.037118	5.818502	4.915249	6.339964	5.668521	3.75666
3.975756	2.881941	4.148788	3.157098	5.652053	5.116128	5.714938	5.60251	3.441206	5.957705
4.337204	5.191015	4.833361	5.047875	3.647421	5.930401	4.153769	5.012836	6.186656	5.068325
5.968611	5.530167	5.30898	3.783667	4.093419	4.890016	5.20759	5.483652	5.323553	5.552807
4.854596	5.250785	5.612309	5.30126	4.562546	7.047589	4.793821	5.775792	4.465399	5.624471
4.572695	4.982009	4.370585	5.177323	5.076385	6.760334	4.901759	7.199389	5.373682	7.419552
5.697413	5.811964	6.27171	6.245713	5.386432	5.931219	3.937201	6.274887	3.951005	5.529602
3.228176	4.315934	3.125438	4.413764	4.812557	4.891002	5.808212	6.028532	5.581022	6.669861
4.510578	5.513477	3.202106	4.004404	5.715629	5.418499	4.584967	4.316495	5.24244	5.063895
5.916507	5.326314	4.230616	4.650309	4.83065	6.24945	5.445742	6.007185	3.379882	4.566304
3.583273	4.811605	6.838279	4.363902	3.623433	3.343193	5.062217	5.640392	5.696636	4.623192
5.253037	4.016573	3.838011	4.098528	4.965824	6.592947	4.637097	4.805239	5.91984	6.040771
4.131597	5.542193	3.781773	5.071383	4.609695	3.246557	5.146453	5.459271	5.733372	4.220809
5.076297	3.54803	6.291075	6.675881	6.564774	5.11517	6.543767	5.647124	4.975327	4.03854
6.074009	3.483171	4.657987	4.920551	5.231748	3.651406	4.941602	4.970491	4.505164	4.833264
4.383019	4.398254	5.752001	4.528211	4.352348	5.471662	3.795504	4.790549	5.239499	5.642976
4.688696	4.456224	6.0022	4.099652	6.077039	6.810027	4.446479	5.64192	5.14993	3.977339
5.932946	5.386076	3.645702	4.398022	4.041032	4.054259	4.556839	5.015871	4.467106	6.146297
5.141006	5.540151	4.945697	5.577914	4.382696	4.659775	3.55214	5.305142	3.753977	4.078061
5.047034	5.906365	5.167892	4.755486	6.838883	4.245107	5.280547	4.824824	5.048344	5.939457
4.457846	4.644975	4.691647	7.144059	7.374906	5.505183	4.520488	4.677354	5.559378	4.379481
3.340644	5.494218	4.999764	5.180929	4.432062	5.244076	5.154054	4.245718	6.391307	6.86492
4.553946	5.846944	6.823708	4.845797	3.887637	6.155288	5.053652	5.749744	4.290436	3.210332
5.003578	5.64226	4.518231	4.159187	5.657872	4.804239	5.055638	5.460893	5.395309	5.760952
5.491087	5.340607	5.904023	5.246231	4.613458	3.253979	5.646929	4.748178	4.373355	4.69995
4.026906	4.61599	4.417257	4.397348	5.437541	2.724049	6.423024	4.270836	5.109478	4.082591
5.78944	6.323747	5.588384	4.776366	4.984143	5.378786	4.451056	5.723801	4.664612	5.611431
4.595118	6.224349	5.27769	6.316438	5.309881	4.896286	3.863047	4.783074	3.623272	5.864987
3.901752	3.982266	5.458444	4.659487	3.576038	4.476861	5.889108	4.90072	5.759997	5.741307
6.180023	3.844167	5.065694	4.463419	5.803655	5.050835	3.074234	4.890072	5.305597	4.553045
4.611848	5.623677	4.850584	5.267751	5.029004	4.562709	5.992546	4.617383	5.420513	3.673678
4.638439	5.096331	5.073317	4.872139	4.415305	6.607575	5.767216	4.361248	4.68496	4.900441
2.697472	5.275991	3.877648	4.619596	4.248816	6.223687	4.732098	4.19278	5.020979	4.621475
5.941272	5.54387	3.974457	3.94857	4.432416	6.51968	3.888515	4.631914	4.945823	4.656956
5.292693	4.595294	5.485534	5.194793	5.761029	4.62129	5.949874	4.655697	4.598086	3.504635
5.506651	6.520627	3.340644	3.862627	6.030197	4.600175	5.097168	5.445149	4.971573	4.587256
4.061304	5.917278	4.428746	3.827004	5.184024	4.237062	4.853637	5.374362	4.890062	4.397207
5.477876	6.139131	6.694726	4.85813	3.171236	6.696078	3.617626	5.462165	4.001293	4.63753
5.875939	5.448151	5.188425	5.176496	4.223466	4.8041	4.421755	4.18361	5.15088	6.020448
3.526863	5.574919	5.962365	4.102114	6.13316	4.378811	5.697093	4.187263	6.168276	4.694094
5.64818	4.957669	3.932119	5.197227	5.493834	2.773318	3.289778	4.313289	5.011105	5.022976
4.706106	5.384072	4.116207	4.479887	5.396537	5.815757	3.702671	4.360018	6.072764	5.045718
5.025769	5.122149	4.725906	4.208633	5.47655	2.92767	4.504542	5.758276	6.895993	4.721772
2.953597	3.238673	3.884068	6.254257	5.106486	5.06867	4.967549	4.487779	5.084729	5.630205
4.685667	3.072925	4.06871	4.442653	5.411558	4.881688	4.799032	5.637318	4.416884	5.058608
5.275653	6.293579	4.651866	4.571384	5.424438	6.027759	5.191215	4.756408	4.234789	5.852812
4.0366	5.509773	4.963245	6.069181	6.371737	6.213921	4.829533	3.902999	5.178221	5.051789
5.017983	4.748013	4.87288	5.965285	4.005004	6.043666	5.101363	6.478617	5.416338	4.553262
5.181561	5.979378	4.955202	5.456315	5.054195	4.918493	3.448227	5.371085	4.123706	5.327453
4.594009	5.403341	5.124171	6.7275	5.47941	4.9277	5.527392	4.302303	5.146099	5.858802
4.314223	6.675152	6.129265	4.031806	5.291394	2.540623	5.006639	5.74487	5.028962	5.336681
4.473094	4.331964	4.749913	5.147624	3.108919	4.366475	5.60041	4.59964	5.037174	5.252207
5.698716	3.583631	4.846211	4.448945	4.677243	4.533658	5.626147	5.941533	6.517021	6.249526
5.743577	3.741893	4.374257	4.709249	5.991526	3.223309	5.874603	4.055301	4.497873	5.157239
6.218727	4.341763	4.931011	5.52582	5.333649	4.417819	5.122004	4.804368	6.136981	5.221917
5.015765	4.304281	5.343789	4.620195	5.994383	4.599285	4.489931	3.22516	6.281872	4.561052
6.298388	4.709963	5.493245	4.558696	4.800397	4.570872	4.750854	6.156325	5.361878	4.517792
5.19056	5.35655	4.372159	4.545774	1.838197	4.703491	5.029151	5.025541	5.293061	5.540178
5.16834	4.35269	4.753547	3.524388	5.7477	3.167263	3.936437	6.873383	2.320446	4.930325
4.927112	4.674241	5.252821	5.963547	4.999257	4.942181	4.696507	3.645432	6.082413	5.423294
5.088081	5.614488	3.553482	5.962309	3.84215	5.220134	6.467324	5.097861	5.416501	5.960283
4.651206	6.384301	4.697924	5.203658	6.068811	5.094823	4.727477	5.468169	4.796	5.148354
4.853981	3.428068	5.32726	5.051012	6.400732	4.975229	4.298827	4.150335	4.514741	7.007849
5.754194	5.407269	5.103953	4.777675	5.338623	2.623741	5.642972	3.737417	4.643835	4.856471
5.621708	4.84138	5.329598	4.392005	3.75202	4.961718	7.912797	3.35378	5.088492	3.921956
5.122296	5.239393	6.241465	6.30467	5.140286	4.043124	5.46724	3.871487	6.179918	4.412179
5.348657	6.38034	4.566927	5.012726	4.968705	5.414601	3.919498	5.24235	5.654804	4.448826
5.755495	5.268794	6.262093	4.438239	5.382312	3.559907	4.773819	5.790534	5.462211	5.934456
5.763008	5.939948	4.358893	5.490714	4.966712	3.799381	3.494241	4.612302	4.500321	5.414454
5.389798	5.268719	5.133693	4.349914	4.614051	4.48849	5.328087	5.332471	4.215776	5.537845
4.829498	4.642405	4.492057	2.571346	5.692557	5.249224	5.204874	6.037329	6.136571	4.289407
4.596271	5.587301	4.995522	4.585066	5.027119	4.831468	5.019514	5.810726	2.972999	4.425968
4.52056	4.321754	5.899038	4.491452	3.817515	6.285415	5.037995	6.574786	4.378484	5.598073
4.225615	5.033883	4.418828	6.060285	4.159658	4.412421	3.207065	4.566277	5.342182	4.016054
4.992132	4.988277	5.796282	5.679472	5.209718	4.883852	4.253747	5.461823	4.669203	4.21226
5.030602	4.495349	5.656161	5.694876	4.229644	5.949288	3.70822	6.057431	5.422213	5.847568
4.776079	3.973218	4.718494	5.336994	6.245093	4.820618	4.467334	3.521896	4.918201	3.537653
4.346538	4.255635	4.126257	4.464091	5.992461	5.363005	2.932822	5.177223	2.733758	6.033691
6.232396	3.544657	5.662466	4.761073	4.980889	6.674337	6.023709	6.057494	4.205981	4.82748
5.13433	5.274143	5.024398	5.889033	4.436743	4.722779	4.830796	4.643206	4.709886	1.872558
5.001252	4.294635	5.0869	5.131997	3.874382	2.998091	4.613203	5.193532	4.939003	4.513757
5.043411	4.593837	3.646625	6.703494	5.845554	4.543478	5.489721	4.602372	5.95832	4.414085
5.468939	5.60434	6.017192	4.901752	3.135709	5.063807	5.0743	6.212338	4.671381	6.886343
5.861125	4.973339	3.538158	3.383015	4.86922	5.07478	4.200025	4.055035	4.118324	4.338265
4.316642	4.678797	5.722489	6.341449	4.676215	4.710526	4.713477	2.688051	3.551863	5.795876
6.212916	4.95838	4.316918	6.185191	5.132771	3.164045	5.396383	4.892798	4.411187	5.221308
4.354526	4.384469	6.1444	7.116333	6.944396	3.708819	5.149415	4.117275	5.4754	5.194143
4.63956	5.287035	4.704952	4.682686	5.468128	4.349751	4.145818	4.892446	5.620172	4.655398
4.341099	5.281873	4.885441	4.932628	4.447442	5.5143	4.98805	5.167289	3.543699	5.250008
4.684765	3.360395	4.130454	5.369635	6.266431	5.711455	5.193491	5.032886	5.743186	5.617825
4.807967	6.662847	5.376014	4.480725	5.635219	3.955546	6.076522	5.647964	4.873822	4.401777
3.269625	4.364552	5.189226	3.847284	5.362175	6.014594	4.140679	4.321879	4.852195	5.862337
5.816663	6.246638	6.179112	4.943081	4.707397	8.091826	3.568602	3.657173	4.998078	4.507513
4.138751	4.493457	5.301382	5.674865	6.356297	5.036364	6.055531	7.282343	5.515266	5.291396
4.455154	4.393252	5.405883	5.29072	6.49799	4.3859	6.317768	5.650553	5.137351	6.695723
2.742991	5.872372	5.419331	4.159803	2.370083	4.477812	4.71401	5.23403	4.087683	4.958099
5.145805	6.23342	4.34262	5.146564	6.591468	4.720008	5.20717	5.438277	4.205194	4.026223
4.578785	3.565393	3.607362	6.43901	5.26687	4.81831	6.518175	6.254697	5.434686	3.095354
3.658189	5.070354	5.007601	4.669853	5.293327	4.020842	3.563085	5.720216	4.10226	5.379816
3.982012	3.897995	6.123682	5.563663	5.303098	5.089809	6.099329	3.817679	3.983243	3.281748
5.096042	4.332983	6.446572	5.036163	5.564591	3.852993	3.638425	5.637578	4.873204	4.835677
4.227855	4.189866	4.644379	4.366663	5.242768	5.174722	5.698777	3.508553	5.138568	4.777811
4.861731	7.095106	2.506488	4.453791	4.986374	5.321877	6.40817	5.636044	5.451603	5.066369
5.120587	4.866723	5.717678	6.728021	3.987607	5.451897	3.566434	5.334384	4.948908	5.258101
6.640724	4.46811	4.98321	5.471217	4.879651	4.909066	5.045823	5.07515	5.262546	4.188761
4.933114	4.158166	5.679284	5.484735	6.381483	4.104996	4.981049	4.265121	4.951585	3.705621
4.318073	4.942598	6.484662	5.142624	3.331184	6.172115	4.146102	4.958623	5.382504	3.587878
5.538861	5.110136	6.55518	5.594318	6.982233	5.688564	4.179863	5.807704	5.16163	4.747744
5.352485	6.43379	4.645492	4.366113	4.859128	6.079572	4.035868	5.274851	5.622914	5.445683
3.711457	5.414284	5.370748	4.808278	4.930056	4.640761	5.19174	4.608885	6.166223	5.188995
4.920318	4.245866	4.576267	5.070312	5.674736	4.806748	4.589525	2.374538	4.355822	5.209139
4.771472	4.711931	5.06436	6.699612	2.916695	6.638366	6.283134	5.064343	6.028534	6.004324
5.15066	5.072837	4.974864	5.844277	6.344422	5.896641	5.536501	6.045293	5.029469	7.006583
6.101496	4.703678	4.540103	4.633427	6.420157	5.797417	4.558519	4.6902	3.330502	6.659105
5.280542	3.784091	5.178807	5.718462	5.093309	4.061433	6.329717	5.605429	3.036828	5.416825
5.182768	4.133803	5.583805	5.911566	3.59073	4.183031	6.160563	4.281188	4.52101	6.057862
4.936366	3.722387	5.835061	5.058069	2.424029	6.086953	4.517892	4.853707	4.813017	4.705945
4.14145	2.818396	4.345704	5.709889	4.878451	5.53104	5.304025	6.320704	4.827605	5.507009
4.310423	4.813018	6.670359	3.728436	5.582771	5.79555	7.716489	3.76254	5.970288	4.586801
5.716247	5.836736	6.205917	5.751472	5.047038	6.087423	5.233145	5.452831	5.949846	5.448849
4.553349	5.564006	6.388002	5.558324	5.579328	4.285612	4.551191	4.81754	4.702278	4.290697
5.611335	6.812982	3.22557	5.45247	5.106428	4.63437	5.024692	4.050013	5.557672	3.550295
4.839653	6.692648	5.304695	5.45387	4.907553	5.976722	5.526192	3.709999	4.80839	4.69812
6.250062	4.247601	4.582661	4.691631	5.805312	4.291827	6.41208	4.77832	3.396548	4.38482
4.459052	5.046989	4.565864	5.31707	5.425705	6.26175	7.361691	3.889436	3.909598	4.907317
4.596232	4.006833	4.739355	5.63226	4.755883	3.899699	4.156437	5.719537	4.308906	3.088554
4.598383	6.879813	4.667189	3.42236	5.328588	4.659153	4.58358	4.681859	4.262008	6.522003
5.432127	5.727484	5.127089	6.888956	5.275928	5.181818	4.367302	4.465508	3.375594	3.888273
6.769834	5.251743	6.905288	6.492557	4.473815	5.785891	4.915886	4.877971	3.752044	5.402976
4.555298	4.489334	4.302214	5.474333	4.800623	5.896242	3.550077	3.718788	4.801155	3.808514
5.505902	3.487172	5.350003	5.726582	4.963243	4.275421	4.010744	5.448884	4.518374	4.382523
5.778372	4.665652	5.721586	4.803122	4.782223	5.61001	5.2285	7.1096	6.653179	4.698529
4.806854	6.628748	5.117838	4.817004	3.328164	5.385543	6.150079	6.017475	4.495389	4.73384
4.184825	4.040507	5.904976	4.991752	4.627979	3.851097	5.609476	5.681279	4.195376	6.243084
5.313643	4.240192	3.048132	6.214247	3.931879	5.624982	4.907025	3.956692	6.023692	4.675006
5.316885	3.473645	5.043264	4.916933	4.474579	7.034682	5.217148	5.634521	5.019868	4.527093
4.499766	4.991566	4.924734	5.657452	4.446155	3.588906	4.642406	4.815976	4.695915	5.91516
4.443566	5.915172	6.213023	5.068094	5.801703	3.148366	4.365117	4.109096	3.762888	5.896371
4.752248	5.459577	4.813773	4.416904	5.17073	5.23038	3.88082	5.041198	5.464709	6.683264
5.340972	5.556908	6.122055	3.936223	4.561274	4.652358	4.98812	5.562102	5.097579	5.988373
4.56188	4.143913	5.720769	4.943891	3.846294	4.632484	5.843718	5.741028	4.606801	5.475019
5.114709	3.403186	3.917419	5.756431	5.183375	5.197316	4.777629	5.78603	5.985284	3.856087
4.434763	5.39265	3.686327	4.908829	5.793967	4.630696	5.783219	4.592442	4.85011	5.349007
4.344954	5.770536	6.146221	5.152128	6.301089	4.576977	3.899343	4.933919	5.580923	5.98427
5.069772	3.643782	6.275392	3.798408	4.051473	5.408794	4.798378	4.117598	4.474106	3.282578
5.211841	4.921252	3.892324	3.921443	4.934249	5.999303	4.318512	5.317331	4.924346	3.852201
4.767896	3.651645	4.898202	5.056716	3.415184	6.240079	7.121149	7.067402	4.686748	6.450133
5.681198	4.421274	4.230856	5.000176	4.085968	4.660826	3.929415	3.247103	4.893509	5.597723
4.85938	7.813168	3.783242	4.783908	4.724992	5.518999	5.507052	4.389795	3.957906	4.612964
3.937097	4.978148	3.976616	5.134769	4.668142	4.328812	5.985205	5.617247	5.97054	4.465049
3.460573	5.545802	6.057915	3.644315	3.943825	7.146109	4.598934	4.333999	6.025492	4.093983
6.164207	3.345174	4.302667	3.227783	4.77775	5.956615	4.822787	7.319466	4.937473	5.618012
4.355588	5.402986	4.808604	5.437378	4.091235	5.657032	4.43789	4.232096	6.648583	4.668542
5.363252	5.891634	5.964011	4.992636	4.667386	5.348681	4.840631	5.921464	5.455948	5.547241
5.002968	4.360484	5.012512	4.164606	4.229962	4.406752	4.850146	6.359722	4.873251	4.263188
5.207487	3.997679	6.13732	5.025114	4.666844	3.473977	4.808603	5.158193	3.709429	3.959556
5.132802	3.159591	4.928014	5.93803	5.247588	6.423217	4.653415	4.962537	4.429552	4.163808
4.802788	5.274236	4.928086	4.658467	5.755807	5.012425	3.243891	4.933551	3.251349	5.519399
3.331473	5.693037	5.625207	3.965997	6.724938	7.285298	5.650939	6.285779	5.499031	5.4574
4.284394	5.295148	4.968024	2.993945	4.097364	5.487623	4.704034	6.974264	5.003514	7.122103
5.370361	4.317544	4.204359	5.028191	5.005922	4.762584	5.80205	4.565315	4.562722	4.532183
4.485023	5.325625	4.985312	4.95209	4.164196	4.98166	5.924277	4.99555	4.893547	4.12869
4.451062	4.980793	4.300351	4.871395	4.96216	4.62753	7.552032	5.267959	4.818307	5.494365
4.433588	3.93171	3.515821	5.946772	4.666828	5.769879	5.9105	6.034158	3.89203	6.291888
4.461081	5.632479	6.376809	5.84676	5.974147	4.075515	3.592565	4.571643	5.045008	4.910233
5.638509	6.638581	4.928769	4.16223	4.613328	4.387884	5.159255	3.875479	5.806332	4.695645
6.009976	4.163338	5.072759	5.304193	5.385587	5.147275	4.910644	6.279746	5.185455	2.952256
5.736193	5.036918	5.389949	6.049117	4.549761	6.244493	4.933388	4.643705	5.195027	2.956475
6.904491	5.800917	5.129572	6.296969	5.094323	4.69741	6.127419	5.148175	4.712872	3.387645
