5.402658	6.222744	5.509277	4.253418	5.153459	5.091077	5.197933	3.941775	6.280848	4.938362
6.37122	4.629601	4.921245	4.107306	4.855741	5.145054	5.070747	4.303554	4.893317	4.219396
6.108716	3.268018	4.378222	6.034733	4.607631	3.181278	4.83577	5.987882	3.34566	4.834005
5.423577	5.18156	4.93273	5.171808	5.034032	4.663524	4.656806	5.273564	6.265854	5.263304
4.908592	3.291067	6.834869	4.788817	6.348398	4.890018	6.827396	5.747165	5.866763	4.073588
5.781522	5.720556	5.470803	5.875702	4.953533	5.7159	4.661416	4.527358	5.31225	4.416064
5.441192	5.150115	6.114306	5.066235	3.606078	5.398067	3.606127	4.819799	4.972419	3.601294
5.573813	5.959648	3.726895	5.876289	5.707715	4.27058	4.968936	3.618357	4.888906	4.126956
6.129542	5.602305	5.025957	5.752573	4.304259	6.828108	6.644013	5.315536	3.662401	5.827656
3.932421	5.613437	4.791306	5.466404	5.360336	6.049042	5.260703	5.225973	4.98552	5.486137
5.095281	5.711114	5.285745	4.656031	5.450638	5.586327	5.679621	5.42574	6.180042	6.343328
4.743409	4.889187	5.466275	5.423014	4.798594	4.431177	5.583554	5.154304	5.552249	4.884031
3.531259	5.727052	5.198221	4.534523	5.467134	4.942101	5.070007	4.053923	3.784418	4.121832
4.477221	5.112972	5.261261	3.635293	4.656002	4.601578	5.895377	3.952967	5.714187	5.837098
5.63877	5.570723	4.714509	6.132078	3.985703	4.561516	5.11337	5.778502	3.429671	5.575835
4.770638	6.512105	4.231143	5.796437	5.957291	5.499111	3.676737	4.185324	4.375886	5.202297
5.540187	4.843827	4.6132	5.289003	5.916079	5.762539	5.242871	5.219649	3.944648	4.962923
5.647465	4.234524	4.935453	5.974068	4.795096	4.182017	4.819878	5.202169	4.730275	3.795118
5.831087	5.818365	5.045557	5.451005	5.305126	5.536166	3.994699	5.211412	5.515654	3.508916
5.559382	5.401601	4.332554	5.536201	4.64017	4.638656	4.312202	6.412745	4.928391	5.331766
4.223652	4.442244	5.629965	5.000385	6.209246	5.047645	3.85652	5.17595	5.285316	4.577085
4.725076	5.61484	5.828719	5.868784	4.473517	5.396169	6.126209	4.961187	5.525937	5.010473
3.340274	5.93371	5.642787	7.061956	4.865891	5.771216	5.767846	6.25049	6.51886	4.957339
5.144242	4.16417	4.563087	5.339378	5.847819	3.563657	5.978399	4.135711	3.382984	5.391546
4.274415	5.43281	6.402202	4.269767	4.716753	5.646826	4.627481	5.397759	4.093836	4.756456
3.531959	5.685979	4.467065	4.470704	5.807944	5.214774	5.423706	3.965908	4.438476	4.94051
4.976878	6.625046	4.012703	4.937729	5.192851	5.012057	7.136353	4.294408	4.607888	5.339688
3.522047	4.77853	4.845593	4.894131	6.4947	5.579131	5.381921	4.529978	5.827973	5.810334
5.778452	5.076674	3.98383	6.029042	5.324921	4.81233	5.372832	6.011168	4.719202	6.860046
4.655643	5.810678	6.520697	5.745881	5.895811	5.066223	5.419448	5.5872	3.838266	5.351511
5.488588	5.732527	2.522329	4.02066	3.582088	6.431213	4.062318	5.56424	5.629575	4.767709
3.686334	4.078657	4.938824	5.122478	5.944658	6.709349	5.397982	5.205993	4.465952	4.648953
4.951489	5.222827	4.18039	5.149848	5.898895	7.254481	3.224969	3.69485	3.905209	6.387372
5.951462	4.750022	4.952757	5.200573	4.51814	5.970357	6.129976	3.88311	4.380581	3.093064
5.556055	6.919767	5.684967	6.081058	7.237931	4.303911	4.707975	5.152728	3.604725	4.758923
4.709094	4.810239	5.776555	4.23892	5.517303	5.860557	4.691954	5.994246	3.805904	6.106118
6.013187	5.61192	4.853817	3.823265	6.101892	5.184103	3.985228	5.982332	4.1799	4.032275
4.307937	3.284852	6.813439	5.207709	5.257978	5.425101	3.22071	3.751033	6.040105	4.625801
3.192801	5.174219	4.987722	4.012415	4.405742	4.718851	6.706999	5.456336	5.263449	5.355391
5.837077	3.600643	4.426433	5.498656	5.509549	5.011768	5.881366	5.820627	5.433383	4.062982
5.381781	4.764406	4.989457	4.505906	4.874323	4.710151	6.088098	5.501304	5.857218	5.874709
6.628265	4.441136	4.675155	6.178554	5.158651	4.894122	3.294028	6.046638	5.638956	5.761939
5.775198	3.138659	5.459566	5.200367	5.345037	4.709054	5.90039	3.69877	5.611836	4.755351
3.872908	5.588301	3.687993	5.272818	4.22521	5.151107	4.144214	3.335752	3.268581	5.789125
3.814578	5.676151	3.984576	4.11518	7.64472	5.534293	4.559175	4.817354	5.557403	3.882789
3.490554	6.026367	3.429849	5.713936	5.346041	5.471612	3.723161	4.07343	5.645018	4.629798
4.848903	5.320597	3.768313	4.588504	5.47781	4.916433	4.708191	6.1857	4.904366	6.583031
6.003389	5.794677	5.752461	5.409699	4.708472	5.817482	4.299629	4.737953	4.343795	5.186283
4.809407	3.617124	6.097875	5.255091	3.455424	6.053762	5.200466	3.52208	4.985691	4.412911
5.316142	5.238373	4.866574	5.757081	5.509637	5.885856	5.27583	4.091265	4.915988	4.928595
3.932896	5.658749	3.518802	5.614505	5.88426	5.797349	7.101623	3.847692	4.087464	5.581644
5.358696	5.03465	6.113217	5.124353	4.109026	6.076243	6.481703	7.730469	4.355072	4.696769
5.813284	3.439256	4.096734	4.779005	4.384953	6.561844	4.111291	5.151913	6.107776	6.004272
6.633791	4.157324	4.862278	5.220687	5.894206	5.263708	3.437514	5.505374	4.390327	4.174797
5.904988	4.793087	5.271901	6.358302	5.355306	4.619618	3.067117	4.00409	4.751118	4.343539
3.823316	4.769026	4.018215	5.720483	5.721694	4.399654	5.037561	4.757432	4.992851	5.79794
4.798682	4.422274	4.658643	6.444689	4.518162	4.939038	5.301874	4.162902	4.140194	3.238434
4.78223	3.324447	5.720222	4.65886	4.125164	4.691523	4.598161	4.063679	5.682632	4.339471
5.612814	5.352102	5.690677	3.676563	6.139344	5.728975	6.444408	6.525102	4.548072	4.83104
4.893009	5.382314	4.609888	5.120065	5.561546	5.906274	5.954041	3.986011	4.178135	5.650578
4.37871	5.047487	5.033477	6.797021	3.985667	4.195658	6.286283	5.602675	5.685566	4.081946
6.092661	4.943505	3.959989	5.43309	3.636914	4.287751	4.712601	4.690708	4.545496	4.466329
6.146553	5.345513	5.947104	5.6834	5.345497	4.776313	5.952973	5.803034	5.18783	4.442781
6.253756	4.455623	5.356112	6.10142	5.7148	4.558964	6.057744	5.993563	4.99284	3.952574
5.824784	4.82814	6.067739	5.98925	5.592788	5.107047	3.969927	4.14356	5.918854	5.392283
4.897134	4.98356	4.476937	4.458212	5.045725	4.063171	3.585886	3.840805	5.459496	5.067774
5.240899	5.607264	5.639312	4.956599	6.050542	4.974872	6.293247	6.194518	4.54983	4.412083
5.031868	4.562523	5.921619	4.81562	5.811529	4.004169	5.522774	5.406085	6.343218	4.051473
4.151383	5.860334	5.568381	3.881465	5.256903	4.917618	7.172284	4.746439	5.460041	5.998717
3.800126	5.259101	4.733308	6.163924	4.265499	4.356751	4.496798	6.014962	3.897304	4.685325
5.822481	4.706416	4.438942	2.949225	5.847601	5.255342	5.495948	5.588692	5.931458	5.734841
4.981416	4.863976	5.925243	4.834521	6.1546	5.280182	6.375698	5.026599	4.596286	4.225009
3.673213	2.94255	5.794375	5.821331	5.766737	4.74489	5.240574	2.885956	6.119697	5.54215
6.127801	5.259612	5.395933	6.891099	5.168872	5.073269	5.333988	4.528005	4.827899	4.27873
5.809016	5.938589	6.040104	5.330279	5.5386	3.750715	5.453874	4.097321	6.236426	4.133996
4.574879	3.950407	4.019217	5.115105	4.441077	4.735017	4.367454	4.058476	5.459371	5.460122
6.670238	3.88573	4.676065	4.968056	4.917173	5.932533	3.710886	5.323267	4.573655	4.545206
4.2625	4.014373	5.457592	5.214344	5.446544	5.195627	4.448362	4.652323	5.876248	3.377413
5.239007	4.917244	3.638899	5.709599	5.897798	4.240336	4.858399	5.810168	4.557521	6.392235
5.246441	5.848816	5.895613	5.057601	5.095072	5.073002	5.091488	4.586917	4.619018	3.785933
5.171653	6.518653	5.081062	6.32056	4.834249	5.431263	4.217396	5.754507	4.727553	4.921025
5.656062	4.334334	6.171957	5.573134	4.920466	4.836867	6.174852	5.255633	4.451048	5.101875
4.34417	5.185412	5.507373	6.561373	4.570735	4.299901	5.064235	5.281287	5.249121	4.837195
5.95958	4.580724	5.048736	7.014053	5.140989	6.009662	4.426558	5.64254	6.124161	4.428338
4.92354	4.525161	4.147296	5.256926	4.530727	4.863104	5.691888	4.041568	5.446137	5.303897
3.584705	5.635485	4.536135	5.081081	3.693926	5.735518	4.389679	4.846995	5.917553	6.222357
3.83086	4.58107	4.073145	4.390769	3.906538	6.157739	2.851271	5.014617	5.394088	5.534266
4.130793	5.429672	5.399193	6.439809	5.377081	4.377892	5.501757	5.274452	5.082441	5.555577
4.044636	4.405165	4.785795	5.58596	4.304998	3.277693	3.683064	4.890872	4.909399	4.769404
4.604992	4.976204	4.635393	4.167179	5.668777	5.972463	4.089518	4.918669	5.181107	3.836702
3.906487	6.470835	4.411727	5.93433	3.385204	5.194809	4.830583	4.192816	5.352508	5.757669
5.140108	3.547556	5.562311	4.816642	4.972035	5.950728	5.773945	5.206809	7.142595	5.730979
5.704238	5.396111	5.750947	5.200408	4.367471	4.123718	5.664067	6.059156	5.110914	6.284989
4.523318	4.994453	5.030801	5.580825	5.022717	4.91749	4.667469	5.671664	5.850781	4.057599
5.084034	5.4972	5.64737	3.630511	5.135551	4.260836	6.027073	6.02716	5.628118	5.863552
5.999122	4.306908	5.06317	5.140492	4.741728	4.48317	5.788211	7.028944	4.322527	4.368626
5.698612	5.535284	5.123551	4.002281	5.790956	5.4998	5.128895	5.147807	4.040712	6.149888
3.618719	4.46076	4.476141	4.526002	5.315827	5.040843	6.169093	4.659029	6.242451	4.722377
4.773648	3.992098	3.635855	5.335875	4.707768	3.431863	4.743382	4.981098	5.851838	4.705518
3.962334	4.958835	6.116369	4.197933	5.096591	2.533952	5.622068	4.191068	4.514094	4.614762
5.501725	4.313256	5.38169	3.176429	3.16064	4.462989	4.891188	5.744039	4.704846	3.479351
6.041393	5.618135	6.060111	4.338014	3.622375	5.098401	4.506755	6.330177	6.647435	5.432468
4.095116	5.276165	5.250974	6.088059	3.990186	5.278202	5.366115	6.637659	4.49873	5.124278
3.818053	3.912461	4.341073	5.150233	5.421196	5.849741	5.10042	5.078837	4.32057	4.716341
3.356544	5.359265	5.4639	6.135636	3.824763	5.774173	3.992804	3.365103	4.819411	4.604136
4.883767	4.102952	4.534375	5.66483	6.203265	5.981366	4.500044	4.225715	4.833744	4.260486
4.779807	4.768512	4.429296	3.969548	4.686704	5.216515	4.334873	5.120423	5.258848	5.012049
3.905682	3.728409	5.828918	3.955257	4.751512	5.036433	3.841868	5.192938	3.460293	4.991477
4.593791	4.969479	4.718657	6.172119	4.932664	3.788771	6.365354	5.434661	4.908209	4.452637
4.775066	4.665525	4.083673	3.999744	4.97114	4.307169	5.793899	4.212068	4.399853	4.98809
4.225366	3.574068	3.940613	3.778521	5.848551	3.094727	6.038827	3.677917	3.966808	5.624533
4.742724	6.52399	3.818343	2.873077	5.55746	5.225729	5.174161	5.384523	5.736431	4.518952
4.968717	5.448343	3.3391	4.795073	5.136407	5.284905	5.975988	5.040663	5.630767	3.507715
5.070505	4.463346	4.0691	3.516967	4.270158	4.736583	5.807014	6.361619	4.369724	3.002787
4.688199	4.580029	3.789646	2.970864	4.632924	6.456569	4.518172	5.882972	5.077811	6.485876
5.795545	4.830309	6.083642	4.641599	3.970937	3.389964	5.277234	3.911104	4.904033	4.529915
4.101167	4.633196	5.917126	4.324172	5.343658	5.994689	4.368256	5.117612	4.720286	5.438523
5.05739	4.926633	4.812001	4.4042	5.226364	4.903635	4.539308	3.573572	5.886467	4.71479
5.525136	4.143043	5.526275	6.39686	4.393579	4.377449	4.562109	6.318333	4.673267	7.432839
5.991661	5.825772	5.224457	5.672791	5.549677	4.900492	5.747755	5.127908	5.544353	6.188871
4.569235	3.686799	4.255894	5.768703	5.379992	6.598242	5.9561	4.255342	4.414127	5.246171
5.096056	4.46842	4.07006	5.724223	4.447869	6.078754	4.682894	5.703478	6.364103	6.731924
5.257168	4.247395	4.186041	5.379428	4.411996	5.887607	4.361279	6.11649	5.377046	5.374135
4.233134	4.902373	3.269283	4.188912	5.250897	5.62502	2.738183	5.475865	5.519471	4.826711
5.389688	5.086112	5.677378	4.924916	5.46765	5.462639	5.359502	5.220335	5.474634	6.320848
3.127858	7.289867	5.320529	3.826414	5.414642	5.536943	5.328852	6.180093	6.085726	4.225266
5.739882	5.527029	5.97091	5.016721	6.018353	5.307606	5.145904	3.957839	4.470318	5.492671
3.868104	5.178181	4.986701	3.379757	4.147998	3.531237	5.401315	6.120903	5.976916	4.285509
4.25799	6.825742	5.301622	3.485447	5.194576	6.148555	4.444233	5.105698	4.244361	5.350326
5.619962	4.495163	4.401543	6.239927	4.981707	4.724064	4.503313	3.736834	3.665795	4.489618
3.674219	5.758106	4.623773	5.702077	5.744448	4.018622	5.434813	6.809132	5.262703	4.659804
3.917314	4.555783	3.044554	6.538509	6.208131	2.634477	5.756189	3.941034	5.210056	3.264609
4.828016	6.580748	4.79275	3.901569	3.701861	4.447533	4.332101	5.187779	3.407761	3.345732
5.874293	4.788682	4.675449	4.325737	5.035926	5.140003	3.959788	5.481029	5.129642	6.773126
3.678918	5.686452	4.854928	4.66177	4.293941	4.174792	3.594588	3.589407	3.811069	5.539273
5.472523	5.667685	5.675963	5.207161	4.131303	4.467702	3.633962	3.608267	4.621099	5.631214
4.280169	4.645075	6.216804	5.78803	6.274486	3.362687	5.005922	5.707938	5.195236	5.649967
5.82356	4.872768	5.525431	4.27842	5.483777	6.158456	6.763205	5.910882	5.430041	5.440238
5.949021	5.577991	5.366082	6.113688	2.498696	6.947343	5.882182	4.215096	5.520916	3.750004
5.945873	6.143596	4.357319	6.145676	5.485565	4.920208	2.246682	4.540255	5.773423	4.951137
4.127269	5.059601	5.387941	5.323139	5.436755	3.768064	4.260265	2.935014	5.507249	4.254884
6.871922	5.328901	3.537484	4.722073	3.243632	4.276103	5.287238	5.468532	5.332255	4.503829
4.78512	4.270587	3.998555	5.234785	5.114226	4.70479	4.314488	4.103563	5.882934	4.709563
5.031204	5.493983	5.371948	3.178012	6.061502	4.667303	3.250372	4.845187	5.746062	4.444217
4.461932	6.388822	7.147134	5.510165	5.660594	5.009192	5.017171	5.274845	5.373466	6.502155
4.758522	4.483847	5.649351	4.83682	4.68857	3.929001	6.063476	3.557155	5.214422	4.339246
5.646172	3.514209	6.919879	3.984426	5.416426	4.641829	3.368263	5.074999	5.223529	5.140878
4.02841	5.041828	4.176834	6.48947	5.369387	5.989973	4.96326	4.137032	4.879045	5.600101
4.952056	4.415031	5.510712	4.563666	3.165788	4.596113	2.732064	5.39335	5.479124	4.895523
5.784472	3.939572	4.815643	4.411651	3.859502	4.38712	4.35788	3.188185	5.934766	4.171493
5.668795	4.540338	4.996519	6.789031	3.864978	4.44496	4.234122	6.003862	5.278924	5.028353
6.213882	3.964414	5.768147	5.697681	5.530204	4.855598	4.457033	5.200397	4.840678	4.53301
6.744421	4.934089	5.51342	5.679098	4.988348	4.297619	6.150637	5.018857	4.805946	6.009759
3.806789	6.424975	5.10206	4.520436	4.890803	5.676822	4.039411	6.653913	4.188373	4.576853
4.605354	5.843745	5.283215	5.257154	5.731056	3.280569	5.30586	5.785025	5.169189	6.367707
4.311091	6.113435	5.146184	5.517459	3.966614	4.801466	5.322865	3.200073	4.911561	4.384101
4.664361	4.970747	4.987715	4.646081	4.728656	5.6663	3.816555	6.353302	6.081727	4.396595
4.713361	7.068882	5.716493	4.630848	6.024713	5.153011	5.363875	3.571979	4.607315	5.736581
4.888279	5.756424	6.118855	4.798985	4.645793	5.641307	5.580573	5.603103	5.064583	6.556739
5.567413	4.957323	5.109094	3.926296	5.233896	4.464715	5.182076	4.069203	4.701391	6.134949
3.315956	4.337907	6.473635	5.590831	5.394774	5.570652	4.418185	4.621556	3.911552	5.494094
5.222266	3.743242	5.543186	5.180593	5.481426	5.283308	4.642428	5.073954	4.052341	4.730338
4.37612	4.674561	4.927334	5.549183	4.550811	5.63528	5.376191	5.25304	3.432528	4.465211
5.381917	5.012263	2.410095	4.901094	4.415299	5.667742	5.715909	5.262614	5.309083	5.013191
5.936429	4.751646	5.525831	3.92942	4.919191	4.501927	4.561386	4.587105	4.035994	4.913479
6.33108	7.170103	4.518521	5.444942	6.681996	4.407533	5.438731	5.317455	4.284385	5.03279
4.342964	2.934911	5.80575	5.043987	3.560238	4.047372	5.332905	4.619045	5.397674	4.312709
5.280825	4.733095	3.703911	7.588088	6.138203	5.062422	5.003419	5.317772	5.332092	4.052767
5.387872	4.758208	6.450754	4.088571	4.390648	6.58907	3.772895	5.351311	5.749233	4.78092
5.875378	3.758649	5.651892	5.098585	2.923578	3.597502	5.234742	3.153427	5.451277	4.100568
4.854025	5.222461	5.186826	3.004666	4.054786	5.116313	4.656498	4.608339	3.424416	5.418874
5.181934	4.229181	5.435363	3.950162	6.079004	5.540388	5.172989	4.587909	4.825995	4.804187
5.942369	4.403175	3.915	5.210492	3.29656	5.357965	7.046494	4.638559	4.286453	4.850702
4.922254	4.663206	5.558099	5.559319	5.002724	6.070187	5.245287	4.605715	4.043962	3.967134
5.416297	4.903444	5.481763	5.173762	5.416903	5.285943	6.96199	5.976691	4.966133	5.08284
4.817372	5.50629	5.568939	5.698298	5.690485	5.607245	4.046114	3.369726	5.165078	6.243539
5.938908	4.313435	5.19314	3.34665	6.545676	3.991946	4.178366	4.534614	5.137012	5.375022
4.922178	4.740644	3.916704	5.017062	3.890356	5.28844	5.524208	5.352139	5.579038	6.485748
4.631436	4.570853	6.018273	5.581645	5.552062	4.395993	5.580398	5.591365	5.379618	6.198014
5.676545	4.479706	6.108569	4.604004	5.068549	5.407218	5.166317	6.169888	3.273065	5.042089
5.537146	4.887058	4.264581	4.086464	6.631663	5.492607	6.225556	5.286697	4.401347	4.849637
6.571662	4.580435	4.613237	5.78924	5.168364	4.952343	5.990422	4.567575	4.153249	7.040173
6.099219	5.459766	5.113945	5.881906	4.83831	5.003377	5.019476	4.8977	5.614581	4.287338
6.267207	3.600558	3.50035	4.668919	4.698158	4.228168	5.859029	4.517688	5.538102	5.750703
4.735341	5.867449	6.283648	5.192011	4.668137	6.536005	4.699213	5.37558	4.346004	4.809108
5.111948	5.577	6.228445	5.518134	4.76699	5.789238	5.540913	4.619255	4.502733	5.185125
7.023752	5.862068	4.045228	5.530621	4.930655	6.325248	3.964416	6.85796	4.942323	4.531745
5.12489	6.013133	4.474334	5.240548	5.514543	4.838387	2.775833	3.890448	5.86902	5.161459
4.853609	5.163275	5.098587	6.440364	5.51997	4.732028	5.474712	6.894728	4.765468	4.091823
6.087431	5.047011	5.205621	6.008327	4.889606	4.889991	5.147741	3.45021	4.869202	3.462472
6.066971	3.763997	4.613633	2.901514	4.780252	5.847324	5.86087	3.960122	4.463854	5.094764
4.859044	6.195164	6.1862	3.925754	5.051383	5.189031	4.474944	5.768773	4.429423	3.727855
5.938433	4.118482	6.040562	5.927652	6.027023	5.46143	4.966114	5.430146	6.67587	5.646008
4.979801	4.152325	5.694384	6.493421	5.313099	5.279067	3.425245	5.726802	5.141665	5.243184
6.631463	3.857615	4.0169	5.751455	5.473693	5.55149	2.945646	4.382822	3.498648	5.628301
3.341099	4.196168	5.201617	5.564378	4.345943	5.210067	4.126441	4.873831	4.531645	5.577929
6.45083	4.021823	4.855235	4.441538	6.658192	5.323722	5.015551	4.425772	5.112291	5.968624
6.005973	3.694356	5.209919	5.033731	3.476152	4.593518	4.991987	4.662917	4.738519	3.399343
2.798349	3.956321	6.721673	6.620947	4.950563	4.400534	6.050619	5.143969	7.242677	5.010428
5.140278	3.844105	3.663753	4.688124	4.144819	3.359453	5.860713	5.280703	5.851888	5.860284
