5.780787	4.366086	6.358596	5.506896	6.002295	5.305166	4.088739	3.834888	3.849814	6.219974
5.024548	5.149032	5.105351	5.602982	4.808601	5.208897	5.540078	4.920487	6.581448	5.070736
5.252043	4.375887	3.925375	5.556638	5.961031	5.047396	5.305613	6.388853	4.732757	3.615
5.698233	4.905842	4.301309	6.138029	3.452563	4.52681	6.88313	5.867565	4.385946	4.840691
6.747447	5.515184	4.099801	5.318893	4.870236	5.442122	3.700483	4.874599	6.292881	3.2394
6.439458	4.394903	5.951673	5.78188	5.750774	4.929538	5.494841	4.681786	6.081889	3.615287
4.964696	5.458341	5.621339	3.621977	6.195973	5.061385	6.085494	5.936769	5.552278	3.332943
4.581819	4.701135	4.123394	3.774846	4.776229	4.875788	3.325893	5.61237	4.121373	6.346346
4.936008	5.849464	5.390046	4.543334	3.727958	5.487987	3.396123	4.267032	5.430633	6.267988
6.093705	6.662239	5.189905	4.94351	3.587623	4.805018	3.96639	6.767834	4.155573	4.839781
5.304132	5.620361	3.605545	6.186673	3.174961	3.92949	4.282268	5.366877	5.343215	6.092525
3.974599	3.996516	4.821871	5.036572	5.632224	3.401603	6.2468	4.205575	5.85073	5.263601
6.239231	5.548969	4.686185	4.313823	4.813885	5.092296	4.70623	4.496372	4.586164	5.828265
5.949718	4.997774	6.007258	5.703446	5.702912	6.309704	6.080962	5.300844	5.784927	4.196214
4.531388	5.173984	5.625449	5.396879	4.612121	5.487866	4.677102	5.448671	5.94911	6.095235
5.2042	4.812808	4.138419	3.738956	6.383877	5.808098	4.608523	5.631712	6.014047	6.242198
3.645577	6.076168	5.50717	5.734314	3.569978	6.12117	3.92408	4.347282	4.382696	4.373749
5.124392	5.852808	5.247572	2.983992	5.481952	6.316063	5.352687	3.501485	4.1228	6.500106
5.935441	4.952157	4.193733	5.289972	3.594756	5.678541	5.743144	6.456049	6.977671	3.116387
5.282579	5.271108	3.619912	4.864679	4.994099	5.213819	3.850675	5.845894	3.585623	4.054054
4.881191	5.223289	5.122626	4.120257	5.269246	4.625314	4.770905	4.988114	5.610084	4.850456
3.781288	6.900141	4.626857	4.045063	5.464296	6.558373	4.654594	5.678096	5.007475	5.745196
3.420069	4.025359	4.94056	5.40541	5.331254	5.522871	4.667754	5.112	5.533328	5.897449
5.251067	5.710374	3.454787	3.224907	4.633969	5.056655	4.873619	4.225545	3.458108	4.138718
4.674408	2.60373	4.715128	4.991961	6.105382	5.117303	4.759932	3.804801	5.433675	6.291987
4.861869	6.283991	5.736087	3.728823	4.500426	5.057956	4.869225	5.523819	4.997371	5.622394
6.015714	5.334912	6.571484	5.660254	5.795714	4.470772	5.534153	2.626916	6.348806	4.188148
5.050526	5.504824	6.030887	5.482889	6.051529	3.860194	4.511043	5.605291	4.116778	4.82436
3.779426	6.279937	4.294183	5.280872	3.769968	6.041544	4.574902	5.929716	5.404327	4.103952
4.149061	6.028115	5.886625	4.128682	3.745315	4.344853	4.992442	4.836975	5.731655	3.377477
3.744084	3.955806	4.66157	5.952743	3.937513	4.7418	5.665637	4.552241	3.501024	5.41914
5.734572	4.296525	4.629749	5.094983	5.186546	4.288323	6.838417	4.340393	5.536747	4.914467
4.485459	6.235159	5.868647	4.451569	5.110466	4.913527	3.845288	6.019681	3.576575	4.453782
3.0469	5.231555	5.382926	5.323306	5.600574	6.10199	6.118952	3.271233	6.379508	5.010429
5.546759	3.819111	5.769699	7.1152	5.424881	3.478431	4.821917	6.490715	5.645345	4.118933
6.371229	3.363459	5.127099	5.138659	3.782126	3.574711	5.252197	4.654745	3.972816	4.906128
4.134686	5.298328	5.670024	5.585443	3.930926	5.012382	4.074736	4.737524	5.698048	5.407153
5.277877	5.601498	4.409525	4.781694	5.041552	5.395754	5.621775	3.799627	7.031106	4.680238
4.141787	4.131575	4.126912	4.854539	5.336275	5.114022	4.721157	4.577949	5.497248	5.170485
5.221604	5.548452	5.9781	5.898402	4.730532	6.521657	4.860769	3.685313	4.615544	4.898347
4.694098	5.018237	4.315819	4.999986	5.158262	5.99631	3.426286	5.102202	6.077121	5.719555
3.990963	4.189382	5.681211	5.328095	3.8004	5.633436	3.969627	5.832784	3.992422	5.411614
4.156864	6.527966	4.124377	4.047002	5.087229	6.268172	4.523509	4.434073	4.055953	5.696236
4.692429	5.485619	4.21074	6.822095	3.714644	6.598936	3.388294	5.814172	5.987205	4.680414
6.082419	4.740689	5.348339	4.353054	5.384665	5.429958	5.396608	5.47584	3.391635	4.481271
5.192025	6.067421	4.479541	3.900059	5.981897	5.642068	4.947599	3.509819	6.464454	5.15593
3.450153	4.389359	4.422397	4.384597	4.781199	5.906927	6.667603	3.68071	5.165276	6.235076
4.561235	5.260768	6.422671	5.610991	4.881176	5.571998	4.496411	5.772681	4.932628	4.566052
3.353375	4.813201	5.296003	5.659567	6.524725	4.422171	5.620915	5.408542	5.809241	5.387093
5.288594	4.454519	5.826939	5.468254	4.88725	5.002656	5.540413	5.214723	4.932551	6.178722
5.141029	5.405694	5.165969	3.579737	6.589339	4.98654	5.313092	4.414317	3.042265	6.177664
4.79007	5.184432	5.470697	5.209411	5.383844	4.16775	4.681541	4.818822	5.760769	5.240753
4.857484	5.005588	6.562501	5.576848	3.666572	5.562281	3.373339	6.053058	5.303819	5.013982
5.076598	5.477439	4.353804	6.543167	5.657077	5.822387	6.195385	3.802741	6.570959	4.074302
5.164519	5.542832	7.232848	7.256239	5.888034	3.979165	5.037011	4.417948	3.650903	5.882771
4.909394	3.706504	5.440305	5.568865	4.981111	4.663573	4.467134	5.328568	4.642899	4.658954
5.269452	5.028631	6.237559	4.361349	8.082497	6.060294	5.924606	6.025481	5.291894	5.188395
4.166541	4.169836	3.441022	2.198348	5.861002	2.877733	6.517936	5.44045	6.152358	5.433735
5.526522	3.409026	4.280329	4.047402	5.279444	3.171102	5.134044	5.321807	6.960533	6.917469
3.961872	3.63553	4.789704	4.838342	5.402269	5.794502	4.934248	4.648653	4.176159	4.587417
5.111251	5.543323	5.186185	6.021885	4.868263	5.976199	5.679573	5.313608	5.221411	5.536656
4.691377	4.519703	5.3774	4.979836	3.903192	5.318007	4.073584	5.51096	4.853844	5.030032
4.03391	5.201252	4.933103	4.864647	5.256539	6.657941	4.223846	5.767536	6.260494	4.559319
5.506024	4.932881	4.276281	5.163464	6.044116	4.745728	6.350377	5.202631	4.16064	6.602292
4.890983	4.795741	4.622985	4.96456	4.142231	6.254124	4.652104	3.906693	3.885222	4.357769
5.71269	6.648284	5.255166	3.860804	3.528417	4.990477	3.463989	4.452387	5.472211	4.869927
2.993529	5.712208	4.939431	3.862164	5.177832	4.931861	4.146564	3.617666	4.945261	3.652788
5.917609	4.94012	5.301972	4.678848	5.491454	7.003715	4.493518	4.623544	6.429255	4.387139
3.841136	3.809409	4.496964	6.000363	4.705669	6.992302	4.630761	7.566704	5.892307	4.478011
5.038879	6.072306	4.679467	4.301152	4.773777	5.381097	5.48107	3.777355	5.493654	4.987248
5.915963	2.934764	6.199488	4.843189	5.2854	5.958886	4.140166	4.221658	4.283853	4.275455
4.315671	5.504769	4.422372	3.842731	4.675053	5.78981	5.462534	5.77758	5.785293	5.896449
4.405387	4.378476	6.259705	5.625842	5.517806	5.131899	4.585539	3.731144	5.155774	4.339425
6.004265	5.30027	5.537143	3.956072	7.130438	4.490005	5.012408	5.396499	5.853357	3.31496
5.700274	3.962115	5.610211	5.208848	5.36974	3.396232	4.834683	5.369412	4.575025	3.107373
5.548507	4.602683	6.527174	4.168881	3.773553	4.805965	4.431791	4.243791	5.623234	4.714489
5.451389	4.135212	4.441853	4.7089	6.303184	6.243711	5.505086	4.408674	4.007052	5.800234
5.522566	3.551275	6.127395	3.165457	7.065825	4.013798	5.365376	4.633488	5.484435	6.280258
3.705089	4.942268	6.250123	5.205419	4.488106	5.268146	6.182182	5.06141	4.179355	4.804554
6.0011	4.663845	5.209645	6.033509	4.746116	4.253532	4.608099	3.855483	5.549003	4.897711
4.020537	5.530517	5.67169	4.69126	4.94212	4.13889	4.470067	5.177232	4.246034	4.761547
6.7397	5.052665	5.926747	5.297578	4.093702	6.66751	5.597899	5.612894	4.45799	4.179491
3.472501	7.0435	4.420117	5.240601	6.021564	5.165996	4.472048	5.503167	5.616964	4.877321
3.542747	4.217941	3.500525	4.36312	5.143943	6.206268	5.0308	3.237012	6.298681	4.456938
5.743	3.969284	3.878968	4.102419	5.908129	4.795171	4.805497	6.702421	5.514911	3.77285
5.739271	5.275333	5.863247	5.939015	5.669624	3.679812	5.214622	4.987591	3.557152	5.175056
4.675885	4.215526	5.281454	4.754767	3.4703	4.627074	4.638059	5.399945	5.113891	5.271441
4.451316	3.698936	6.455679	5.954795	2.781784	6.833477	4.260985	3.578628	4.063231	5.074311
4.718197	4.543359	6.261401	4.720129	6.198638	5.057172	5.782623	4.713327	4.529372	4.818559
5.352005	5.013259	4.68358	5.785986	5.792986	4.621577	4.8113	3.845338	6.571288	4.917608
6.584635	3.83103	5.164206	6.052032	5.151535	5.979745	5.731202	3.12967	6.212431	3.759687
5.211918	5.726291	5.407161	5.509075	4.147879	4.742343	4.386966	4.863051	5.166421	5.110045
5.155361	4.945509	4.726919	4.869751	5.947385	5.336581	4.801514	6.284152	4.643227	5.214216
4.617737	5.905314	5.364583	4.144357	5.33815	4.424341	5.726344	5.327371	4.027353	4.900017
4.032684	6.907163	6.141776	5.439816	6.052969	4.52732	4.099033	2.768788	7.135985	3.917984
4.161211	6.099393	4.870619	5.64697	4.123401	4.724586	5.940101	5.973368	4.300861	4.464484
4.539792	4.511068	4.047718	4.293745	5.114244	4.641027	4.780717	5.66553	5.714402	3.700783
5.887354	4.012602	4.755342	4.705957	5.449216	4.378466	6.441356	4.79491	5.320071	3.930343
5.316832	6.204573	4.642118	4.312894	5.557992	5.312438	4.964762	4.280805	3.566696	5.769177
4.770992	4.410868	3.551613	5.579338	4.662306	5.61331	4.850878	4.259068	6.322827	6.360821
5.915435	4.18592	5.590899	4.124888	5.271321	3.941543	5.039105	2.964501	4.157261	6.82667
4.816088	4.285326	5.666638	4.145453	3.242279	5.792899	4.656204	5.209112	3.532831	5.695359
5.592052	5.567182	5.511116	3.00141	6.486426	5.537879	5.942226	3.606128	5.012277	5.582415
5.755477	4.900381	5.192091	4.219777	5.074991	4.157956	5.924206	4.687555	6.171138	5.644861
5.171935	4.322381	4.816829	6.791595	6.043574	3.599388	5.159329	5.770904	6.174541	5.897922
6.024174	4.407084	5.286953	2.324509	4.216745	5.191928	5.332285	4.697138	5.416026	4.434789
4.674494	6.30085	3.309767	4.86939	4.332771	5.261276	3.794258	5.112966	5.430608	4.908395
2.470231	4.48562	4.17603	5.677413	6.51773	3.775962	4.740072	6.115973	5.245707	6.004596
4.780214	4.838132	4.442958	6.138891	6.236653	5.705451	6.364728	5.164204	4.468525	3.338115
5.016881	5.558336	6.211627	4.672195	5.722488	5.410629	5.930444	5.90956	4.544672	6.672968
4.453478	3.783662	6.293906	5.193686	5.217387	4.584454	5.65904	4.173367	4.878752	5.501988
4.136125	4.304845	3.494999	4.09388	3.47625	5.329468	4.811077	6.261875	4.505594	5.247997
4.446057	5.329914	4.978381	5.186875	3.713516	3.924602	4.506319	6.568369	2.668017	6.293419
4.924134	6.113842	5.038459	5.337217	6.088023	5.717779	4.279756	4.868481	5.818449	3.033297
4.609887	4.001138	7.049256	4.603299	6.442317	3.333704	4.6047	4.646219	4.630708	4.328847
5.126249	5.383316	5.073887	4.258933	4.512468	3.424489	4.861534	5.339015	4.903722	5.642026
4.404137	3.082277	5.109082	4.553246	5.376453	3.581017	5.909119	5.313305	4.075974	4.796639
4.977281	4.454204	4.105392	4.673722	4.301558	4.331821	4.934361	3.096265	4.802269	5.365306
5.944849	5.676867	4.574578	5.594057	5.283055	5.064673	3.611907	5.396697	4.725285	5.200129
5.525185	5.33077	6.845681	5.710907	4.343379	5.702935	3.745521	4.432171	4.610363	3.729566
5.196936	4.034469	4.875979	5.483534	4.518662	5.729372	4.262122	4.672668	5.139344	4.893963
3.467059	5.517531	3.370806	5.66424	5.249822	5.645119	6.233256	3.253644	4.073351	5.510592
4.794892	4.178263	4.356001	5.838702	5.788595	3.835696	4.803506	6.41555	5.238172	4.250441
5.200487	5.923143	4.266068	5.981169	4.979048	4.000159	4.971284	4.51925	4.769513	7.468023
4.272281	5.32666	3.964088	5.274874	6.562128	4.829046	4.584695	6.454494	5.400203	3.565877
5.731066	4.19864	5.341466	6.30256	3.766063	6.585996	4.678627	4.363148	3.204628	4.299272
5.506479	5.000998	8.097921	6.938018	4.893918	5.363292	4.919159	5.410355	5.381681	4.69301
5.119892	3.637389	6.277781	5.317658	7.124078	5.420083	5.213815	4.44173	3.957435	6.091346
4.837257	4.587055	5.176401	5.598093	4.207998	5.746503	4.71826	3.395613	3.807112	6.574096
4.185893	6.121989	4.840089	6.81268	6.348788	6.61274	5.941167	4.95063	5.574153	4.81282
5.675923	4.38044	4.85869	4.665886	5.337067	3.034756	5.743412	5.910803	5.448237	5.547553
4.788673	7.019528	5.639835	4.252794	4.63473	5.469702	5.779232	5.307283	4.712229	5.370139
5.339979	6.0635	4.505938	5.683353	4.386647	5.136239	5.072924	4.280521	4.966364	4.936466
6.192503	5.327944	4.43028	3.475671	4.106594	4.953786	4.027193	6.739702	4.041201	5.052184
5.87001	3.418046	4.87356	3.568758	5.686685	4.380576	7.029181	4.069354	3.708365	5.140949
5.085679	5.288521	4.626312	4.740124	4.690256	5.43784	4.695004	5.39822	4.179336	4.77269
5.458499	4.341691	5.355593	5.528429	5.708402	5.637933	5.017813	6.314588	3.953447	4.871222
3.669835	3.984929	4.547702	5.133221	4.683798	3.286736	4.015125	5.080049	5.681167	4.896711
4.573869	4.688681	4.722849	5.324171	3.866572	5.503905	4.619917	6.116555	3.810407	3.772796
3.568178	5.256155	4.567001	4.14173	5.36666	5.175061	4.232975	5.854692	4.735574	5.005579
5.331578	4.791808	3.421991	3.44694	4.948474	4.607429	5.765918	4.268937	5.796227	4.863998
6.68194	3.833664	5.741641	4.717597	5.71299	4.502012	4.952067	4.632663	5.54845	4.058217
4.064924	5.072778	4.129226	3.517738	5.851933	5.773998	5.064038	5.646627	4.971707	6.405581
4.497058	4.880383	4.78866	4.732862	4.455874	4.417137	5.75762	3.732994	4.397868	5.722728
6.258702	4.147621	4.345181	3.828315	4.61018	4.939358	5.099577	5.389628	5.151455	3.844971
4.283063	5.536825	6.486259	4.555474	5.254836	7.275138	5.764381	3.582819	5.600878	5.776888
5.258074	4.400609	4.619444	5.419535	4.837654	4.795459	6.213955	4.762832	5.843764	5.176852
4.722833	4.725756	3.730385	6.356394	5.054427	5.355888	4.838388	6.506293	6.150138	5.71277
2.852304	2.721429	6.406642	5.476162	5.613688	4.296422	4.217302	3.626678	4.428557	4.42158
4.715391	5.729151	4.546943	4.708241	4.971498	2.693976	3.846245	6.018834	4.8238	6.450727
5.356795	5.726429	2.860786	4.868474	4.947392	4.746757	4.856074	3.971445	5.335919	5.219701
4.140487	6.711294	4.155818	5.130248	5.847061	4.519951	5.237556	5.369298	6.613771	5.001982
4.658981	4.297984	6.408083	4.899219	5.650222	4.83985	3.723254	5.626301	4.15498	4.655268
4.364686	4.702243	4.837848	5.559891	5.364134	5.759108	3.994815	6.07329	5.610692	5.919562
5.38309	4.43858	6.230441	5.585053	5.67031	5.678243	3.849525	4.360974	3.784006	4.966208
4.322693	4.562517	5.662148	3.563776	4.721131	5.084727	3.91711	5.940062	5.258155	4.550623
4.279115	4.754153	4.979469	6.065546	4.950717	6.452535	5.78966	4.880414	4.041217	5.030169
5.206665	4.44642	3.953516	4.612732	6.325449	5.507976	6.711438	3.602789	5.478381	5.820529
6.690173	5.271014	5.753277	5.423687	5.47965	5.426127	4.896109	4.485063	3.635351	6.745461
5.120444	5.577205	5.400351	6.293655	3.649004	4.940948	6.41495	5.057121	4.13941	6.232407
5.333686	5.558452	5.740547	6.382786	3.745636	4.866669	5.418225	3.589774	6.545816	6.395998
4.741003	4.821998	5.679853	3.86243	3.085025	5.960517	4.80253	5.299494	5.877384	4.839057
6.722713	5.117665	4.308328	5.052854	6.764699	4.487197	4.238884	6.572863	4.083099	5.248116
6.496444	6.013764	5.894628	3.926492	3.359749	5.59148	5.568019	6.307071	4.853509	3.702676
3.543285	5.10685	6.047266	3.936373	6.021106	3.760676	5.141818	4.456855	5.515824	4.504719
4.211563	5.916411	4.388583	5.441963	5.110759	6.14957	4.518617	4.856743	5.585442	4.66781
4.975408	5.31759	4.496394	5.102105	5.287884	4.449817	5.787567	5.154261	5.619672	4.821322
4.713334	5.357189	4.315754	5.470113	3.753639	4.900918	3.793444	5.562825	4.848493	4.823756
4.482178	4.145003	4.653173	3.592732	4.26661	5.639489	4.488962	4.175443	5.497386	3.787292
5.823868	3.71341	5.599127	6.037864	3.999181	4.694258	5.795967	4.415566	4.992994	6.220147
5.662138	5.397953	4.832519	4.334586	4.962779	4.073281	6.08427	3.286909	3.73715	5.03008
3.906254	3.167111	5.391148	4.422162	4.58507	7.242196	5.50666	4.710909	5.411006	5.568819
5.752307	5.432771	5.344158	4.720824	5.970655	6.206776	6.270386	4.282057	5.75783	4.971949
4.818688	5.567098	5.403601	3.403198	5.894225	4.680433	6.294456	5.622554	3.460284	6.177871
5.473755	5.141973	4.604739	5.264811	4.263627	6.685522	5.037663	5.772692	5.419652	5.744683
6.557504	5.556987	5.383526	4.995656	4.693865	5.502272	4.181005	4.574304	3.314911	4.648866
4.834341	5.186787	5.934615	5.259763	4.389527	4.315014	4.832157	4.993622	2.758143	4.74196
7.066476	4.944767	4.469192	4.766069	5.243599	6.170503	4.666713	3.881312	4.303687	4.560003
3.236893	4.959781	3.800035	5.647983	4.221235	3.194133	4.155412	4.479579	3.122599	6.623835
6.814822	6.671032	3.614201	4.297131	4.710939	5.323549	3.669239	3.435228	5.773251	4.206511
5.202225	4.358104	3.562674	4.951161	4.384971	4.117421	4.508683	3.66926	6.968731	3.683084
5.97256	5.162691	5.370342	3.671379	4.646259	4.617636	5.623117	5.221185	5.113972	5.616323
3.347499	5.419182	5.38394	5.103453	5.581969	5.831368	3.23132	3.969052	5.625782	3.57779
5.787763	3.944168	7.149391	5.841744	4.863506	5.544923	3.720424	5.392629	4.602846	5.560211
5.809504	5.980147	4.225384	4.904754	4.886782	4.216052	5.908751	3.809735	5.575608	4.882632
4.360399	5.625852	4.697408	4.712818	6.216553	5.088465	5.489629	3.475643	4.928105	5.220238
4.628691	4.418098	4.809085	3.457292	5.17526	4.954008	5.367747	4.557451	4.063797	4.497656
5.264098	6.422936	4.948338	4.498504	4.670016	4.965899	4.299017	5.812251	5.660656	6.809636
5.829027	5.293014	4.474864	5.213764	4.5855	5.017144	5.305442	6.188842	4.685984	5.960273
4.908515	6.341536	4.630943	4.204701	4.650857	4.115576	5.860475	5.56954	4.058241	6.324546
5.397777	4.755788	4.056545	4.966927	5.082342	6.022192	3.886016	4.024914	5.04701	4.156058
4.12273	4.60905	3.096676	5.249148	4.116034	4.088413	5.031907	5.071496	5.099708	5.598472
5.423704	4.78448	5.256965	4.631996	4.307921	5.461437	5.382237	5.299085	4.16894	4.490453
4.707507	5.002883	5.848678	4.432127	6.149002	5.743933	3.279868	6.886161	5.166544	5.88652
4.90163	4.91784	3.945831	5.552601	3.820535	6.334378	4.611012	5.018258	4.371298	6.132804
4.451963	4.182893	5.059605	5.403232	3.963723	5.96874	6.162323	5.216155	4.128582	3.921461
4.85995	4.900718	4.193625	5.609894	5.939198	3.339631	4.888006	3.608498	4.631266	3.142556
6.870548	5.636093	5.519965	6.05232	4.488045	5.621028	4.349741	3.736675	4.975203	3.50332
4.076167	5.576322	3.396851	5.162053	5.306408	5.595742	5.369589	5.874554	4.889176	4.915407
4.212711	6.13711	7.361061	5.449462	6.739527	5.798203	4.790064	4.934787	3.641484	4.456354
