4.000000	19.000000	12.000000	12.000000	7.000000
5.000000	10.000000	13.000000	8.000000	17.000000
9.489276	9.886019	8.738441	8.362036	5.000000
9.644619	10.840130	9.576788	10.496623	15.000000
3.000000	7.000000	14.000000	10.000000	11.000000
17.000000	4.000000	10.000000	7.000000	19.000000
18.000000	10.000000	17.000000	9.000000	1.000000
11.490931	11.819735	10.935960	10.774822	12.000000
10.018428	8.450406	8.553118	10.565640	1.000000
1.000000	3.000000	4.000000	17.000000	20.000000
10.625267	11.122447	11.030031	10.778151	1.000000
20.000000	12.000000	16.000000	9.000000	18.000000
14.000000	6.000000	19.000000	2.000000	7.000000
12.000000	16.000000	11.000000	14.000000	14.000000
3.000000	12.000000	20.000000	19.000000	4.000000
8.987041	8.966351	9.362726	9.508953	7.000000
17.000000	5.000000	18.000000	14.000000	7.000000
11.000000	5.000000	10.000000	6.000000	14.000000
19.000000	12.000000	11.000000	18.000000	13.000000
9.000000	9.000000	9.000000	20.000000	2.000000
14.000000	14.000000	5.000000	5.000000	12.000000
10.247632	10.579061	9.605931	9.744887	19.000000
20.000000	13.000000	3.000000	10.000000	18.000000
7.015199	9.815573	7.359190	8.501214	17.000000
16.000000	2.000000	8.000000	18.000000	11.000000
13.000000	7.000000	19.000000	13.000000	6.000000
12.000000	6.000000	11.000000	8.000000	11.000000
2.000000	8.000000	7.000000	7.000000	4.000000
8.665918	8.083117	8.587904	8.945202	7.000000
6.000000	13.000000	18.000000	8.000000	15.000000
7.000000	15.000000	8.000000	14.000000	13.000000
18.000000	18.000000	11.000000	8.000000	10.000000
16.000000	11.000000	8.000000	6.000000	19.000000
10.000000	19.000000	18.000000	16.000000	5.000000
13.000000	12.000000	2.000000	1.000000	3.000000
1.000000	7.000000	7.000000	18.000000	6.000000
2.000000	16.000000	1.000000	9.000000	10.000000
8.986592	11.181448	11.191214	9.994584	6.000000
9.000000	2.000000	17.000000	8.000000	19.000000
7.000000	17.000000	9.000000	16.000000	4.000000
5.000000	8.000000	7.000000	18.000000	9.000000
9.694600	8.036945	8.604090	8.395105	8.000000
12.000000	9.000000	3.000000	12.000000	10.000000
4.000000	8.000000	8.000000	3.000000	14.000000
5.000000	3.000000	15.000000	1.000000	2.000000
5.000000	19.000000	18.000000	13.000000	14.000000
13.000000	17.000000	2.000000	19.000000	15.000000
2.000000	20.000000	12.000000	8.000000	8.000000
11.000000	19.000000	8.000000	14.000000	3.000000
9.000000	9.000000	10.000000	16.000000	11.000000
16.000000	13.000000	5.000000	10.000000	5.000000
6.000000	7.000000	4.000000	15.000000	19.000000
9.372457	9.882982	9.805602	10.672853	18.000000
8.825081	8.500511	9.540038	11.013972	2.000000
16.000000	16.000000	1.000000	16.000000	1.000000
3.000000	4.000000	9.000000	4.000000	12.000000
12.000000	19.000000	4.000000	8.000000	1.000000
20.000000	14.000000	7.000000	3.000000	8.000000
5.000000	12.000000	7.000000	12.000000	5.000000
4.000000	5.000000	8.000000	4.000000	10.000000
9.000000	12.000000	17.000000	1.000000	7.000000
17.000000	3.000000	2.000000	17.000000	19.000000
5.000000	20.000000	17.000000	20.000000	8.000000
17.000000	20.000000	13.000000	15.000000	2.000000
12.000000	20.000000	5.000000	18.000000	3.000000
10.000000	13.000000	8.000000	9.000000	17.000000
9.428590	10.204175	8.356230	9.016840	10.000000
6.000000	13.000000	4.000000	7.000000	1.000000
10.587461	9.527018	9.769589	9.909595	11.000000
9.495167	9.167862	9.809206	9.223310	14.000000
4.000000	15.000000	5.000000	20.000000	5.000000
19.000000	1.000000	17.000000	18.000000	9.000000
5.000000	6.000000	10.000000	4.000000	10.000000
19.000000	1.000000	2.000000	14.000000	20.000000
15.000000	8.000000	3.000000	7.000000	10.000000
5.000000	6.000000	20.000000	15.000000	9.000000
5.000000	10.000000	3.000000	1.000000	1.000000
9.263849	9.620067	8.510627	9.953149	17.000000
10.000000	12.000000	3.000000	11.000000	8.000000
4.000000	1.000000	8.000000	18.000000	15.000000
9.615057	9.013445	9.230342	9.460711	18.000000
8.731621	8.474222	10.086109	9.240847	12.000000
3.000000	19.000000	1.000000	17.000000	19.000000
1.000000	4.000000	18.000000	2.000000	11.000000
7.000000	4.000000	14.000000	1.000000	6.000000
1.000000	4.000000	7.000000	1.000000	1.000000
9.693449	10.568692	10.447488	9.900869	20.000000
1.000000	20.000000	17.000000	15.000000	13.000000
8.000000	17.000000	11.000000	8.000000	6.000000
9.069867	8.489891	10.060789	9.774990	14.000000
11.000000	17.000000	9.000000	16.000000	17.000000
14.000000	17.000000	13.000000	12.000000	9.000000
5.000000	4.000000	19.000000	9.000000	9.000000
10.000000	9.000000	20.000000	6.000000	16.000000
10.828815	10.551264	11.002199	9.863086	12.000000
9.000000	8.000000	4.000000	9.000000	19.000000
17.000000	11.000000	15.000000	17.000000	7.000000
4.000000	2.000000	15.000000	16.000000	14.000000
3.000000	20.000000	17.000000	1.000000	8.000000
11.572229	10.777835	10.698526	9.706758	8.000000
4.000000	1.000000	1.000000	19.000000	8.000000
12.000000	8.000000	15.000000	15.000000	16.000000
5.000000	3.000000	19.000000	20.000000	11.000000
5.000000	15.000000	13.000000	19.000000	10.000000
18.000000	13.000000	1.000000	14.000000	5.000000
1.000000	3.000000	7.000000	1.000000	12.000000
9.201896	10.224608	8.922444	8.278090	14.000000
3.000000	18.000000	1.000000	18.000000	5.000000
10.339794	11.817831	12.165002	10.937496	13.000000
9.424529	10.631975	9.864223	10.326132	13.000000
10.867286	10.242899	8.915898	9.904455	16.000000
9.000000	1.000000	11.000000	8.000000	1.000000
2.000000	14.000000	8.000000	5.000000	20.000000
1.000000	8.000000	9.000000	14.000000	17.000000
5.000000	14.000000	10.000000	4.000000	12.000000
15.000000	5.000000	14.000000	13.000000	10.000000
6.000000	1.000000	12.000000	2.000000	1.000000
19.000000	2.000000	13.000000	9.000000	9.000000
5.000000	10.000000	2.000000	12.000000	7.000000
13.000000	4.000000	6.000000	2.000000	17.000000
10.718757	10.725822	10.871346	9.874906	1.000000
13.000000	9.000000	5.000000	6.000000	2.000000
9.638978	9.386788	9.584181	10.305335	4.000000
6.000000	16.000000	18.000000	18.000000	4.000000
6.000000	2.000000	6.000000	20.000000	5.000000
4.000000	12.000000	8.000000	9.000000	5.000000
17.000000	14.000000	11.000000	18.000000	8.000000
11.000000	11.000000	17.000000	8.000000	8.000000
10.000000	13.000000	3.000000	15.000000	10.000000
18.000000	20.000000	5.000000	15.000000	9.000000
9.808784	10.116281	9.930614	9.724687	12.000000
6.000000	16.000000	15.000000	5.000000	16.000000
20.000000	1.000000	9.000000	10.000000	19.000000
9.917599	9.995903	10.195959	9.727938	19.000000
8.000000	6.000000	12.000000	10.000000	20.000000
13.000000	8.000000	11.000000	17.000000	2.000000
19.000000	4.000000	6.000000	20.000000	9.000000
9.801647	9.947039	9.398145	9.677534	1.000000
4.000000	3.000000	2.000000	4.000000	4.000000
20.000000	12.000000	7.000000	20.000000	8.000000
6.000000	19.000000	13.000000	9.000000	9.000000
4.000000	1.000000	8.000000	14.000000	9.000000
7.761956	9.420611	7.861176	8.455618	3.000000
12.000000	15.000000	19.000000	20.000000	18.000000
20.000000	3.000000	20.000000	13.000000	18.000000
15.000000	12.000000	10.000000	2.000000	3.000000
17.000000	19.000000	13.000000	2.000000	19.000000
7.601575	8.585148	8.038681	9.618379	11.000000
19.000000	13.000000	6.000000	14.000000	11.000000
9.000000	6.000000	5.000000	19.000000	17.000000
9.375805	7.344214	8.053157	7.421219	2.000000
8.000000	1.000000	5.000000	17.000000	14.000000
19.000000	14.000000	12.000000	12.000000	7.000000
2.000000	4.000000	3.000000	12.000000	16.000000
5.000000	2.000000	8.000000	11.000000	15.000000
18.000000	11.000000	12.000000	14.000000	9.000000
10.508446	10.723520	11.782040	8.734256	2.000000
20.000000	18.000000	14.000000	17.000000	6.000000
7.000000	15.000000	11.000000	18.000000	6.000000
10.260150	10.902539	10.547373	9.110091	14.000000
8.936312	8.503146	7.181619	9.896777	14.000000
8.005606	6.906382	7.575025	8.245183	6.000000
5.000000	4.000000	14.000000	15.000000	6.000000
7.000000	6.000000	15.000000	20.000000	2.000000
20.000000	6.000000	17.000000	11.000000	15.000000
2.000000	19.000000	5.000000	3.000000	10.000000
10.000000	19.000000	14.000000	16.000000	14.000000
9.889309	10.122692	9.626902	7.780205	4.000000
8.847548	9.722903	10.696718	10.186481	5.000000
5.000000	15.000000	10.000000	19.000000	6.000000
9.344470	8.354347	7.682746	9.303084	20.000000
17.000000	1.000000	19.000000	13.000000	4.000000
20.000000	2.000000	2.000000	13.000000	9.000000
16.000000	4.000000	16.000000	13.000000	10.000000
20.000000	8.000000	20.000000	19.000000	16.000000
16.000000	3.000000	2.000000	5.000000	13.000000
10.480364	10.198801	10.294581	9.704863	7.000000
2.000000	17.000000	8.000000	12.000000	1.000000
11.000000	11.000000	14.000000	4.000000	16.000000
2.000000	11.000000	11.000000	10.000000	16.000000
20.000000	9.000000	3.000000	11.000000	19.000000
11.000000	6.000000	1.000000	12.000000	2.000000
13.000000	19.000000	2.000000	14.000000	19.000000
9.672109	8.965457	9.942915	10.197996	18.000000
8.000000	17.000000	1.000000	2.000000	13.000000
9.695372	10.410819	9.484325	10.374522	4.000000
10.000000	17.000000	4.000000	13.000000	19.000000
8.690943	10.920162	9.727657	10.150757	6.000000
10.648095	10.309772	9.986581	10.814477	12.000000
15.000000	18.000000	18.000000	2.000000	4.000000
8.000000	1.000000	1.000000	8.000000	14.000000
9.449633	9.450650	9.598901	9.428745	12.000000
4.000000	17.000000	8.000000	8.000000	1.000000
11.175736	10.847196	9.167877	10.659240	15.000000
20.000000	1.000000	12.000000	16.000000	11.000000
8.067995	9.859540	9.593045	11.589462	15.000000
3.000000	12.000000	15.000000	3.000000	11.000000
9.174766	8.522062	9.214565	9.389153	6.000000
16.000000	16.000000	14.000000	15.000000	3.000000
14.000000	12.000000	16.000000	8.000000	4.000000
10.000000	19.000000	4.000000	1.000000	14.000000
6.000000	8.000000	7.000000	5.000000	12.000000
1.000000	8.000000	3.000000	16.000000	2.000000
13.000000	8.000000	1.000000	9.000000	8.000000
6.000000	4.000000	3.000000	19.000000	10.000000
18.000000	4.000000	1.000000	13.000000	3.000000
16.000000	14.000000	1.000000	19.000000	6.000000
7.000000	17.000000	13.000000	13.000000	1.000000
9.318184	8.873114	8.612202	9.214325	1.000000
2.000000	2.000000	8.000000	2.000000	10.000000
7.000000	7.000000	5.000000	1.000000	17.000000
14.000000	10.000000	20.000000	6.000000	14.000000
2.000000	1.000000	7.000000	2.000000	12.000000
5.000000	20.000000	8.000000	17.000000	13.000000
8.000000	13.000000	18.000000	8.000000	10.000000
8.095095	10.226236	9.031812	8.346484	10.000000
1.000000	15.000000	8.000000	18.000000	15.000000
4.000000	11.000000	5.000000	3.000000	9.000000
18.000000	4.000000	9.000000	17.000000	17.000000
8.616633	9.736552	9.423512	9.143198	17.000000
1.000000	19.000000	9.000000	18.000000	6.000000
11.000000	19.000000	14.000000	2.000000	7.000000
15.000000	14.000000	1.000000	2.000000	11.000000
7.000000	5.000000	14.000000	11.000000	19.000000
2.000000	1.000000	2.000000	2.000000	9.000000
9.148046	11.427758	9.975028	9.950071	12.000000
17.000000	18.000000	10.000000	18.000000	7.000000
7.000000	8.000000	5.000000	12.000000	1.000000
11.000000	6.000000	14.000000	11.000000	19.000000
9.538567	9.268799	9.901326	8.372492	12.000000
13.000000	11.000000	12.000000	6.000000	4.000000
20.000000	16.000000	17.000000	20.000000	13.000000
1.000000	17.000000	3.000000	2.000000	14.000000
9.000000	9.000000	13.000000	14.000000	12.000000
13.000000	16.000000	18.000000	6.000000	19.000000
8.000000	2.000000	8.000000	15.000000	11.000000
19.000000	7.000000	13.000000	3.000000	5.000000
17.000000	14.000000	12.000000	5.000000	14.000000
11.189832	10.788547	9.746796	11.995362	7.000000
9.426935	10.153521	10.202279	9.804755	12.000000
10.000000	19.000000	7.000000	19.000000	4.000000
8.435145	9.641562	8.749640	8.998309	1.000000
8.000000	15.000000	19.000000	13.000000	17.000000
3.000000	9.000000	10.000000	6.000000	13.000000
3.000000	2.000000	10.000000	4.000000	19.000000
9.930642	10.239434	10.336488	8.949718	16.000000
8.000000	15.000000	14.000000	7.000000	14.000000
10.000000	3.000000	20.000000	7.000000	19.000000
12.000000	6.000000	13.000000	10.000000	10.000000
1.000000	5.000000	18.000000	10.000000	10.000000
3.000000	5.000000	11.000000	12.000000	20.000000
2.000000	11.000000	10.000000	18.000000	16.000000
5.000000	18.000000	10.000000	11.000000	16.000000
3.000000	20.000000	10.000000	14.000000	18.000000
8.000000	5.000000	15.000000	12.000000	7.000000
9.000624	9.204721	8.798702	7.057885	14.000000
12.000000	16.000000	18.000000	15.000000	19.000000
17.000000	16.000000	9.000000	6.000000	5.000000
4.000000	3.000000	2.000000	6.000000	13.000000
17.000000	8.000000	12.000000	19.000000	14.000000
1.000000	6.000000	18.000000	7.000000	10.000000
16.000000	11.000000	1.000000	6.000000	17.000000
14.000000	18.000000	4.000000	3.000000	12.000000
3.000000	20.000000	19.000000	3.000000	17.000000
3.000000	19.000000	19.000000	5.000000	4.000000
11.000000	13.000000	3.000000	14.000000	3.000000
8.730645	10.736459	8.547891	8.844316	5.000000
18.000000	1.000000	7.000000	10.000000	7.000000
9.394934	8.283008	8.472207	8.014044	18.000000
19.000000	1.000000	17.000000	17.000000	3.000000
7.019169	8.277822	8.313032	8.259933	7.000000
4.000000	19.000000	12.000000	7.000000	4.000000
14.000000	2.000000	2.000000	2.000000	19.000000
6.000000	11.000000	20.000000	12.000000	13.000000
18.000000	15.000000	8.000000	13.000000	1.000000
5.000000	3.000000	1.000000	14.000000	11.000000
15.000000	11.000000	1.000000	16.000000	6.000000
8.000000	11.000000	4.000000	19.000000	17.000000
7.908097	7.358186	7.311795	8.561930	6.000000
9.000000	6.000000	8.000000	20.000000	17.000000
20.000000	17.000000	3.000000	19.000000	9.000000
15.000000	4.000000	3.000000	7.000000	9.000000
13.000000	2.000000	19.000000	14.000000	17.000000
16.000000	1.000000	19.000000	12.000000	19.000000
16.000000	11.000000	2.000000	18.000000	11.000000
11.351418	11.891304	11.924767	12.002561	18.000000
9.645487	8.306508	8.636934	9.533850	17.000000
7.904070	8.515929	8.624290	8.482772	20.000000
20.000000	10.000000	13.000000	10.000000	3.000000
1.000000	5.000000	15.000000	19.000000	16.000000
5.000000	6.000000	18.000000	6.000000	3.000000
8.000000	5.000000	13.000000	7.000000	11.000000
10.000000	3.000000	8.000000	15.000000	1.000000
4.000000	9.000000	5.000000	15.000000	18.000000
16.000000	14.000000	19.000000	8.000000	3.000000
13.000000	8.000000	20.000000	7.000000	7.000000
11.699399	8.681858	9.515829	9.657643	8.000000
7.000000	4.000000	4.000000	19.000000	11.000000
14.000000	20.000000	13.000000	14.000000	14.000000
5.000000	17.000000	15.000000	9.000000	12.000000
12.000000	17.000000	17.000000	10.000000	4.000000
12.000000	14.000000	4.000000	11.000000	20.000000
2.000000	17.000000	14.000000	5.000000	1.000000
1.000000	11.000000	5.000000	17.000000	1.000000
15.000000	2.000000	20.000000	19.000000	15.000000
6.000000	3.000000	12.000000	20.000000	3.000000
15.000000	3.000000	19.000000	11.000000	4.000000
15.000000	14.000000	17.000000	18.000000	4.000000
8.000000	19.000000	1.000000	1.000000	3.000000
8.614166	11.164711	7.552515	9.750010	9.000000
6.000000	3.000000	3.000000	18.000000	1.000000
8.849169	8.006545	8.465671	9.573908	14.000000
18.000000	6.000000	8.000000	8.000000	9.000000
11.000000	2.000000	2.000000	19.000000	11.000000
8.315364	9.580472	8.789079	8.733624	18.000000
4.000000	10.000000	10.000000	1.000000	7.000000
11.000000	18.000000	9.000000	13.000000	7.000000
9.081909	10.016099	9.536406	9.193676	1.000000
14.000000	5.000000	18.000000	1.000000	13.000000
6.000000	3.000000	6.000000	8.000000	1.000000
17.000000	5.000000	18.000000	17.000000	2.000000
15.000000	12.000000	11.000000	5.000000	4.000000
9.000000	7.000000	2.000000	10.000000	19.000000
20.000000	11.000000	19.000000	1.000000	6.000000
11.000000	6.000000	11.000000	9.000000	7.000000
3.000000	6.000000	1.000000	20.000000	13.000000
2.000000	8.000000	9.000000	11.000000	17.000000
10.000000	6.000000	8.000000	13.000000	2.000000
4.000000	13.000000	8.000000	17.000000	2.000000
9.531471	8.384178	9.292893	10.339787	16.000000
18.000000	19.000000	2.000000	8.000000	19.000000
20.000000	2.000000	4.000000	20.000000	13.000000
9.000000	13.000000	1.000000	17.000000	16.000000
10.590563	9.014804	9.643784	10.431306	3.000000
2.000000	19.000000	15.000000	1.000000	15.000000
8.230804	10.186879	9.560026	10.215794	13.000000
18.000000	17.000000	3.000000	11.000000	16.000000
1.000000	2.000000	9.000000	17.000000	14.000000
2.000000	5.000000	6.000000	2.000000	13.000000
1.000000	18.000000	3.000000	13.000000	5.000000
5.000000	6.000000	4.000000	20.000000	6.000000
11.177589	8.990747	10.733826	9.952758	15.000000
8.000000	2.000000	4.000000	2.000000	4.000000
19.000000	3.000000	6.000000	8.000000	11.000000
19.000000	9.000000	15.000000	16.000000	2.000000
19.000000	9.000000	11.000000	2.000000	1.000000
15.000000	18.000000	7.000000	10.000000	17.000000
9.732423	9.660351	7.474403	7.993818	3.000000
11.000000	6.000000	16.000000	6.000000	7.000000
20.000000	4.000000	1.000000	5.000000	3.000000
11.000000	3.000000	11.000000	17.000000	18.000000
4.000000	8.000000	6.000000	14.000000	9.000000
9.721952	9.765022	9.199827	10.460088	10.000000
8.786446	10.399781	10.373451	10.018759	18.000000
4.000000	12.000000	15.000000	19.000000	17.000000
9.147269	8.381339	9.880411	8.229614	14.000000
15.000000	17.000000	8.000000	18.000000	5.000000
18.000000	1.000000	12.000000	15.000000	15.000000
20.000000	13.000000	15.000000	18.000000	9.000000
4.000000	4.000000	1.000000	5.000000	5.000000
10.000000	8.000000	17.000000	5.000000	18.000000
10.091103	7.961694	8.806139	8.966599	3.000000
13.000000	4.000000	11.000000	1.000000	1.000000
16.000000	18.000000	1.000000	7.000000	12.000000
7.000000	19.000000	17.000000	1.000000	8.000000
9.657178	8.667338	9.622684	10.272474	1.000000
15.000000	19.000000	20.000000	3.000000	15.000000
9.000000	8.000000	4.000000	16.000000	16.000000
8.560254	8.662436	8.825625	9.311521	13.000000
11.000000	4.000000	10.000000	4.000000	2.000000
13.000000	10.000000	20.000000	1.000000	11.000000
7.000000	10.000000	7.000000	9.000000	18.000000
19.000000	4.000000	16.000000	18.000000	18.000000
2.000000	6.000000	17.000000	5.000000	14.000000
13.000000	3.000000	6.000000	3.000000	11.000000
18.000000	6.000000	6.000000	19.000000	9.000000
7.747768	9.534942	7.479809	8.032537	4.000000
10.333926	10.315471	10.468337	9.996859	6.000000
2.000000	16.000000	1.000000	18.000000	5.000000
9.026058	9.291492	9.591397	9.875708	16.000000
8.000000	19.000000	18.000000	13.000000	13.000000
20.000000	2.000000	18.000000	17.000000	20.000000
6.000000	3.000000	14.000000	16.000000	13.000000
17.000000	15.000000	10.000000	1.000000	5.000000
7.593290	8.685605	8.868510	8.776639	12.000000
17.000000	4.000000	2.000000	11.000000	18.000000
9.000000	18.000000	8.000000	18.000000	2.000000
1.000000	9.000000	15.000000	18.000000	5.000000
14.000000	16.000000	20.000000	7.000000	11.000000
12.000000	16.000000	17.000000	13.000000	8.000000
1.000000	7.000000	2.000000	13.000000	13.000000
5.000000	9.000000	17.000000	19.000000	11.000000
11.171352	10.959348	8.493568	10.082672	17.000000
9.179050	9.960221	9.527918	9.888575	3.000000
8.580244	9.612361	8.771537	8.880258	18.000000
12.000000	12.000000	5.000000	9.000000	5.000000
13.000000	9.000000	3.000000	6.000000	13.000000
16.000000	11.000000	13.000000	4.000000	9.000000
3.000000	1.000000	7.000000	2.000000	6.000000
3.000000	14.000000	11.000000	8.000000	20.000000
6.000000	17.000000	11.000000	15.000000	17.000000
9.665893	8.628329	9.232716	9.976997	7.000000
4.000000	9.000000	7.000000	19.000000	15.000000
20.000000	14.000000	17.000000	12.000000	9.000000
5.000000	7.000000	9.000000	11.000000	8.000000
15.000000	6.000000	14.000000	5.000000	13.000000
7.824486	8.303719	9.162645	8.321061	17.000000
9.000000	16.000000	15.000000	8.000000	12.000000
10.172533	9.596603	10.520006	10.372159	14.000000
9.427002	10.627866	9.836550	10.394539	10.000000
8.611040	9.193897	8.538576	8.711812	1.000000
15.000000	13.000000	6.000000	8.000000	10.000000
10.386048	9.258322	9.969143	10.332866	8.000000
7.000000	10.000000	15.000000	1.000000	10.000000
6.000000	13.000000	5.000000	18.000000	20.000000
18.000000	16.000000	5.000000	16.000000	10.000000
14.000000	14.000000	8.000000	1.000000	20.000000
1.000000	16.000000	13.000000	6.000000	3.000000
14.000000	8.000000	7.000000	4.000000	9.000000
14.000000	3.000000	11.000000	20.000000	15.000000
8.735481	10.905680	9.019825	8.339890	15.000000
9.034880	7.628256	7.853214	8.249804	20.000000
12.000000	9.000000	13.000000	12.000000	9.000000
12.000000	12.000000	16.000000	16.000000	9.000000
19.000000	9.000000	16.000000	5.000000	13.000000
17.000000	11.000000	7.000000	7.000000	2.000000
1.000000	18.000000	19.000000	8.000000	13.000000
10.133233	10.653154	10.240355	9.865988	9.000000
4.000000	11.000000	17.000000	16.000000	2.000000
17.000000	19.000000	13.000000	13.000000	15.000000
2.000000	3.000000	15.000000	9.000000	19.000000
19.000000	5.000000	1.000000	5.000000	3.000000
3.000000	6.000000	20.000000	13.000000	5.000000
8.719470	10.027342	10.530238	9.345185	17.000000
19.000000	3.000000	8.000000	7.000000	10.000000
1.000000	15.000000	9.000000	14.000000	7.000000
15.000000	7.000000	1.000000	9.000000	7.000000
11.403024	12.415896	12.386974	10.456238	4.000000
6.000000	14.000000	9.000000	6.000000	7.000000
14.000000	17.000000	16.000000	4.000000	5.000000
5.000000	14.000000	19.000000	12.000000	20.000000
9.000000	12.000000	6.000000	17.000000	17.000000
5.000000	11.000000	15.000000	5.000000	11.000000
14.000000	16.000000	10.000000	17.000000	8.000000
14.000000	14.000000	13.000000	14.000000	19.000000
11.000000	7.000000	8.000000	7.000000	2.000000
4.000000	11.000000	15.000000	2.000000	14.000000
6.000000	10.000000	17.000000	4.000000	6.000000
6.000000	8.000000	8.000000	12.000000	12.000000
9.358884	9.746382	9.881941	11.024176	13.000000
19.000000	5.000000	7.000000	11.000000	11.000000
5.000000	2.000000	17.000000	4.000000	20.000000
7.926213	8.457253	8.554954	8.665354	9.000000
7.000000	15.000000	10.000000	15.000000	18.000000
8.000000	20.000000	5.000000	7.000000	4.000000
8.000000	17.000000	20.000000	19.000000	9.000000
13.000000	17.000000	5.000000	19.000000	8.000000
15.000000	15.000000	1.000000	4.000000	11.000000
12.000000	6.000000	17.000000	5.000000	2.000000
10.201855	10.201469	11.152658	9.933094	17.000000
17.000000	6.000000	9.000000	13.000000	12.000000
12.000000	1.000000	1.000000	3.000000	11.000000
1.000000	15.000000	8.000000	5.000000	5.000000
7.000000	12.000000	12.000000	7.000000	7.000000
2.000000	10.000000	12.000000	10.000000	14.000000
5.000000	7.000000	16.000000	13.000000	5.000000
4.000000	9.000000	10.000000	12.000000	2.000000
10.588444	8.852958	9.351967	10.540450	18.000000
4.000000	13.000000	4.000000	3.000000	18.000000
9.000000	9.000000	1.000000	12.000000	15.000000
9.843210	9.599179	8.763916	9.265637	2.000000
9.000000	14.000000	20.000000	16.000000	18.000000
9.299876	8.868789	9.783825	9.199066	3.000000
20.000000	10.000000	18.000000	5.000000	2.000000
7.000000	8.000000	7.000000	10.000000	3.000000
16.000000	18.000000	11.000000	16.000000	9.000000
18.000000	14.000000	13.000000	13.000000	3.000000
7.000000	14.000000	8.000000	18.000000	9.000000
6.000000	14.000000	20.000000	4.000000	2.000000
9.071155	7.804179	9.208058	8.118658	7.000000
5.000000	10.000000	6.000000	11.000000	19.000000
8.000000	6.000000	9.000000	19.000000	13.000000
9.000000	8.000000	6.000000	2.000000	20.000000
20.000000	20.000000	5.000000	7.000000	17.000000
6.000000	12.000000	10.000000	5.000000	15.000000
12.000000	19.000000	17.000000	14.000000	2.000000
15.000000	10.000000	11.000000	13.000000	20.000000
9.255157	9.669158	10.835981	10.049391	2.000000
9.000000	18.000000	9.000000	6.000000	11.000000
9.000000	5.000000	10.000000	13.000000	12.000000
7.000000	18.000000	3.000000	8.000000	15.000000
9.403687	10.443521	9.654001	9.337717	17.000000
19.000000	13.000000	6.000000	1.000000	17.000000
6.000000	2.000000	8.000000	14.000000	3.000000
7.852161	9.031662	7.982305	8.003190	20.000000
3.000000	18.000000	17.000000	13.000000	3.000000
8.000000	19.000000	20.000000	2.000000	18.000000
6.000000	11.000000	9.000000	3.000000	1.000000
5.000000	1.000000	13.000000	10.000000	1.000000
1.000000	7.000000	15.000000	8.000000	13.000000
17.000000	17.000000	7.000000	9.000000	15.000000
8.308220	8.794937	9.800423	7.954108	16.000000
14.000000	1.000000	6.000000	6.000000	15.000000
3.000000	3.000000	17.000000	3.000000	5.000000
17.000000	19.000000	5.000000	1.000000	1.000000
18.000000	1.000000	7.000000	12.000000	9.000000
11.000000	20.000000	17.000000	17.000000	9.000000
11.000000	15.000000	12.000000	15.000000	8.000000
19.000000	20.000000	1.000000	4.000000	17.000000
7.000000	6.000000	20.000000	3.000000	1.000000
4.000000	12.000000	19.000000	1.000000	12.000000
19.000000	10.000000	5.000000	18.000000	1.000000
10.481771	9.540765	9.947071	9.978752	5.000000
12.000000	12.000000	11.000000	15.000000	18.000000
10.000000	13.000000	17.000000	10.000000	16.000000
9.671096	9.848075	9.566451	9.873260	11.000000
14.000000	20.000000	2.000000	4.000000	12.000000
13.000000	3.000000	1.000000	9.000000	12.000000
9.186440	7.758025	9.453104	9.075386	14.000000
8.582085	8.755457	7.969237	9.178527	3.000000
14.000000	7.000000	15.000000	2.000000	16.000000
3.000000	7.000000	4.000000	8.000000	3.000000
14.000000	1.000000	15.000000	15.000000	16.000000
18.000000	19.000000	10.000000	19.000000	8.000000
1.000000	3.000000	12.000000	20.000000	19.000000
5.000000	6.000000	19.000000	1.000000	3.000000
1.000000	6.000000	9.000000	7.000000	8.000000
16.000000	1.000000	6.000000	19.000000	8.000000
1.000000	4.000000	20.000000	7.000000	18.000000
16.000000	4.000000	9.000000	5.000000	14.000000
8.000000	6.000000	17.000000	19.000000	17.000000
7.000000	4.000000	14.000000	5.000000	16.000000
16.000000	17.000000	2.000000	16.000000	16.000000
1.000000	12.000000	16.000000	18.000000	2.000000
4.000000	18.000000	6.000000	15.000000	16.000000
12.309909	11.672671	10.353491	11.244002	7.000000
13.000000	10.000000	4.000000	1.000000	9.000000
20.000000	8.000000	4.000000	13.000000	4.000000
19.000000	1.000000	1.000000	20.000000	16.000000
9.934530	9.658940	8.504682	10.090393	18.000000
8.811518	9.289131	8.153994	8.825457	5.000000
3.000000	8.000000	14.000000	14.000000	3.000000
12.000000	6.000000	12.000000	15.000000	19.000000
12.000000	14.000000	18.000000	15.000000	19.000000
13.000000	14.000000	11.000000	5.000000	5.000000
6.000000	12.000000	17.000000	5.000000	7.000000
14.000000	5.000000	4.000000	12.000000	10.000000
20.000000	6.000000	9.000000	14.000000	19.000000
11.000000	5.000000	17.000000	15.000000	12.000000
15.000000	6.000000	5.000000	4.000000	1.000000
15.000000	16.000000	6.000000	5.000000	1.000000
10.000000	3.000000	12.000000	6.000000	7.000000
18.000000	11.000000	3.000000	14.000000	15.000000
9.068420	8.665854	9.666943	8.909294	18.000000
19.000000	3.000000	15.000000	7.000000	9.000000
6.000000	13.000000	14.000000	2.000000	16.000000
6.000000	9.000000	3.000000	11.000000	5.000000
3.000000	1.000000	7.000000	7.000000	18.000000
5.000000	16.000000	9.000000	7.000000	1.000000
3.000000	10.000000	6.000000	14.000000	2.000000
15.000000	4.000000	16.000000	9.000000	10.000000
4.000000	6.000000	2.000000	9.000000	20.000000
9.000000	15.000000	20.000000	4.000000	5.000000
9.207217	9.139484	8.840321	9.861284	4.000000
15.000000	7.000000	12.000000	15.000000	14.000000
12.000000	9.000000	15.000000	9.000000	14.000000
16.000000	4.000000	18.000000	3.000000	4.000000
19.000000	18.000000	2.000000	13.000000	7.000000
1.000000	1.000000	1.000000	20.000000	4.000000
8.522506	8.749959	10.478979	10.096002	5.000000
9.951360	9.379189	10.442879	9.355469	6.000000
17.000000	12.000000	6.000000	11.000000	20.000000
19.000000	19.000000	3.000000	16.000000	13.000000
7.000000	15.000000	11.000000	8.000000	7.000000
9.000000	20.000000	19.000000	1.000000	11.000000
9.867926	8.913746	8.846663	9.111809	14.000000
2.000000	4.000000	13.000000	5.000000	12.000000
9.961571	9.699998	9.815465	10.027800	3.000000
2.000000	14.000000	13.000000	17.000000	9.000000
6.000000	15.000000	15.000000	8.000000	14.000000
13.000000	16.000000	13.000000	12.000000	16.000000
15.000000	18.000000	4.000000	19.000000	5.000000
9.523955	9.619624	11.408267	10.885880	16.000000
11.000000	12.000000	20.000000	5.000000	18.000000
3.000000	19.000000	11.000000	7.000000	15.000000
8.857965	10.419766	9.555659	8.995695	11.000000
14.000000	11.000000	6.000000	18.000000	14.000000
9.809426	9.886557	9.902763	10.046682	2.000000
7.000000	18.000000	6.000000	6.000000	11.000000
13.000000	17.000000	14.000000	13.000000	1.000000
12.000000	7.000000	11.000000	14.000000	13.000000
17.000000	5.000000	17.000000	17.000000	15.000000
7.963957	7.448447	7.104778	8.518450	7.000000
10.000000	9.000000	10.000000	20.000000	9.000000
4.000000	6.000000	6.000000	9.000000	11.000000
9.000000	13.000000	19.000000	2.000000	5.000000
12.000000	13.000000	11.000000	2.000000	19.000000
9.123258	9.265050	9.606718	9.112973	15.000000
9.000000	18.000000	17.000000	13.000000	14.000000
15.000000	14.000000	15.000000	17.000000	13.000000
3.000000	12.000000	10.000000	1.000000	12.000000
13.000000	9.000000	4.000000	3.000000	10.000000
9.000000	14.000000	15.000000	19.000000	8.000000
10.103559	10.822660	10.471020	12.011151	5.000000
10.158095	10.223728	9.803276	10.688725	12.000000
7.809362	8.137608	6.194588	7.739399	15.000000
10.000000	17.000000	6.000000	12.000000	17.000000
6.636924	8.779100	9.972713	8.772840	18.000000
9.486021	9.679369	9.218139	9.944198	19.000000
8.262192	9.291464	8.653079	8.909826	7.000000
9.000000	3.000000	14.000000	15.000000	7.000000
17.000000	14.000000	13.000000	2.000000	8.000000
7.000000	4.000000	4.000000	12.000000	15.000000
12.000000	8.000000	10.000000	20.000000	19.000000
10.108308	10.783086	10.405071	9.243503	1.000000
17.000000	12.000000	8.000000	20.000000	3.000000
14.000000	8.000000	18.000000	19.000000	2.000000
4.000000	16.000000	16.000000	8.000000	9.000000
15.000000	14.000000	12.000000	10.000000	17.000000
6.000000	1.000000	16.000000	7.000000	12.000000
8.750966	8.928327	9.111879	7.989003	15.000000
9.395227	9.568213	9.332520	9.832343	8.000000
13.000000	13.000000	15.000000	10.000000	12.000000
9.000000	13.000000	19.000000	16.000000	20.000000
7.000000	10.000000	5.000000	19.000000	19.000000
13.000000	16.000000	11.000000	8.000000	3.000000
9.048240	9.747883	8.654064	9.418374	5.000000
14.000000	1.000000	13.000000	4.000000	20.000000
10.356162	10.001944	9.961900	10.768550	6.000000
15.000000	6.000000	11.000000	13.000000	1.000000
8.600233	10.330442	10.555614	9.514700	10.000000
8.000000	11.000000	17.000000	10.000000	19.000000
11.000000	11.000000	12.000000	18.000000	12.000000
16.000000	4.000000	4.000000	20.000000	7.000000
3.000000	11.000000	3.000000	14.000000	9.000000
1.000000	9.000000	14.000000	3.000000	13.000000
7.000000	4.000000	12.000000	8.000000	2.000000
8.904233	8.926204	8.138146	8.208855	17.000000
3.000000	20.000000	8.000000	6.000000	10.000000
11.000000	13.000000	13.000000	14.000000	13.000000
11.000000	16.000000	15.000000	6.000000	1.000000
3.000000	18.000000	1.000000	9.000000	20.000000
14.000000	15.000000	15.000000	17.000000	2.000000
9.000000	10.000000	9.000000	13.000000	11.000000
6.000000	7.000000	2.000000	5.000000	12.000000
11.000000	15.000000	16.000000	15.000000	20.000000
8.000000	6.000000	15.000000	15.000000	3.000000
7.000000	17.000000	20.000000	8.000000	5.000000
19.000000	13.000000	11.000000	5.000000	1.000000
9.857316	10.302473	9.216556	8.717350	17.000000
8.270273	9.338846	9.867925	9.334850	2.000000
9.173168	9.811168	9.099541	10.084150	11.000000
7.000000	1.000000	8.000000	13.000000	15.000000
10.000000	20.000000	12.000000	1.000000	19.000000
8.000000	19.000000	3.000000	19.000000	15.000000
9.562604	9.722196	9.715598	10.358083	15.000000
8.988610	10.880651	9.778562	9.912532	1.000000
18.000000	4.000000	17.000000	6.000000	5.000000
19.000000	4.000000	6.000000	6.000000	17.000000
12.000000	7.000000	8.000000	15.000000	7.000000
18.000000	3.000000	17.000000	20.000000	13.000000
11.000000	2.000000	15.000000	10.000000	18.000000
1.000000	14.000000	6.000000	5.000000	12.000000
6.000000	3.000000	7.000000	14.000000	20.000000
12.000000	12.000000	3.000000	9.000000	9.000000
19.000000	20.000000	7.000000	18.000000	15.000000
5.000000	15.000000	9.000000	13.000000	14.000000
1.000000	4.000000	8.000000	7.000000	5.000000
17.000000	7.000000	18.000000	2.000000	12.000000
8.892573	9.764310	9.006209	9.080023	13.000000
5.000000	11.000000	17.000000	7.000000	11.000000
8.476990	9.111890	9.566809	8.639252	7.000000
16.000000	20.000000	2.000000	16.000000	13.000000
7.000000	16.000000	8.000000	6.000000	14.000000
12.000000	3.000000	1.000000	2.000000	4.000000
4.000000	14.000000	15.000000	9.000000	13.000000
20.000000	13.000000	15.000000	16.000000	11.000000
5.000000	4.000000	20.000000	7.000000	19.000000
7.000000	2.000000	11.000000	8.000000	18.000000
9.191051	10.541181	9.493430	8.965806	12.000000
19.000000	5.000000	14.000000	19.000000	6.000000
9.000000	14.000000	12.000000	4.000000	2.000000
8.090117	7.993897	10.119177	9.311765	10.000000
8.615575	8.976778	10.269675	9.040824	1.000000
9.120816	9.660439	10.654611	10.292195	5.000000
12.000000	12.000000	10.000000	16.000000	5.000000
13.000000	6.000000	9.000000	6.000000	16.000000
7.000000	7.000000	9.000000	18.000000	2.000000
10.000000	13.000000	16.000000	7.000000	3.000000
17.000000	15.000000	18.000000	13.000000	14.000000
18.000000	8.000000	19.000000	20.000000	5.000000
3.000000	3.000000	16.000000	4.000000	19.000000
12.000000	17.000000	16.000000	1.000000	14.000000
9.151780	8.993808	8.660912	10.212969	16.000000
13.000000	2.000000	20.000000	8.000000	8.000000
7.673957	9.216347	9.865124	9.633592	9.000000
7.000000	17.000000	16.000000	5.000000	9.000000
13.000000	19.000000	11.000000	20.000000	15.000000
1.000000	12.000000	11.000000	17.000000	12.000000
8.090790	8.937236	8.322108	7.380122	19.000000
17.000000	8.000000	20.000000	16.000000	8.000000
8.000000	18.000000	3.000000	1.000000	9.000000
11.000000	8.000000	18.000000	19.000000	4.000000
9.006712	7.936289	7.782319	7.582055	10.000000
9.901291	8.847542	9.751303	9.695237	9.000000
11.674255	11.026671	9.837447	10.477710	1.000000
6.000000	13.000000	1.000000	6.000000	1.000000
8.000000	13.000000	18.000000	2.000000	5.000000
19.000000	5.000000	4.000000	16.000000	3.000000
9.480443	10.527694	8.963800	9.135427	20.000000
6.000000	14.000000	20.000000	19.000000	4.000000
8.000000	14.000000	9.000000	15.000000	11.000000
2.000000	1.000000	3.000000	2.000000	6.000000
15.000000	1.000000	10.000000	5.000000	14.000000
14.000000	3.000000	18.000000	10.000000	18.000000
12.000000	9.000000	10.000000	16.000000	2.000000
9.739367	8.698466	9.366821	8.935276	20.000000
10.000000	20.000000	5.000000	10.000000	15.000000
15.000000	11.000000	7.000000	10.000000	4.000000
4.000000	4.000000	16.000000	13.000000	8.000000
10.000000	18.000000	2.000000	19.000000	7.000000
10.023749	10.717058	9.908397	9.809722	6.000000
8.426324	7.923102	8.985697	8.663035	1.000000
18.000000	3.000000	12.000000	3.000000	5.000000
9.543568	9.628258	10.103176	11.369297	18.000000
11.000000	7.000000	14.000000	6.000000	11.000000
13.000000	7.000000	9.000000	15.000000	6.000000
9.451166	9.618044	9.504655	8.387014	5.000000
13.000000	1.000000	5.000000	12.000000	15.000000
17.000000	1.000000	9.000000	8.000000	15.000000
8.489322	9.929553	8.781126	9.414678	9.000000
13.000000	2.000000	8.000000	18.000000	19.000000
18.000000	11.000000	6.000000	18.000000	5.000000
11.000000	5.000000	9.000000	18.000000	18.000000
5.000000	10.000000	18.000000	9.000000	13.000000
10.383492	8.173277	8.989846	10.807613	17.000000
8.825472	9.414973	8.804271	8.215907	8.000000
2.000000	16.000000	1.000000	9.000000	13.000000
20.000000	19.000000	3.000000	5.000000	16.000000
19.000000	7.000000	20.000000	8.000000	4.000000
17.000000	12.000000	5.000000	7.000000	13.000000
9.347507	9.175142	8.057358	9.750221	14.000000
17.000000	18.000000	3.000000	18.000000	1.000000
2.000000	12.000000	16.000000	3.000000	12.000000
10.053560	10.577637	10.674029	9.220474	18.000000
6.000000	1.000000	4.000000	17.000000	8.000000
7.000000	6.000000	12.000000	11.000000	12.000000
16.000000	20.000000	1.000000	16.000000	10.000000
7.000000	13.000000	20.000000	9.000000	2.000000
7.747747	9.714207	10.144143	9.012115	12.000000
17.000000	14.000000	5.000000	6.000000	16.000000
2.000000	3.000000	17.000000	5.000000	12.000000
16.000000	3.000000	17.000000	7.000000	6.000000
8.340264	10.102414	9.445374	10.065673	10.000000
7.000000	18.000000	2.000000	6.000000	6.000000
3.000000	5.000000	8.000000	8.000000	11.000000
19.000000	4.000000	16.000000	16.000000	1.000000
12.000000	17.000000	16.000000	20.000000	14.000000
7.000000	15.000000	16.000000	3.000000	14.000000
8.446435	7.485340	8.967269	8.213784	13.000000
8.000000	16.000000	11.000000	9.000000	1.000000
8.000000	4.000000	17.000000	15.000000	11.000000
19.000000	6.000000	6.000000	14.000000	1.000000
6.000000	17.000000	9.000000	13.000000	8.000000
10.991132	9.712214	10.306338	8.716417	13.000000
8.000000	2.000000	6.000000	6.000000	11.000000
19.000000	14.000000	6.000000	1.000000	2.000000
8.266783	9.786448	9.795384	8.947945	15.000000
9.550467	8.885048	10.059253	8.958440	10.000000
4.000000	2.000000	18.000000	12.000000	14.000000
9.551726	9.464607	10.473473	9.417277	3.000000
17.000000	19.000000	4.000000	3.000000	4.000000
7.000000	13.000000	9.000000	12.000000	5.000000
10.615664	9.972799	9.292747	10.783307	15.000000
8.297133	10.321965	9.301821	9.471484	1.000000
9.259738	7.979426	9.128941	8.759567	8.000000
8.000000	6.000000	1.000000	12.000000	5.000000
10.380461	10.131392	11.842953	10.031193	2.000000
9.248599	9.146039	10.811812	10.347651	8.000000
10.000000	1.000000	9.000000	6.000000	20.000000
15.000000	15.000000	17.000000	17.000000	20.000000
9.452170	10.272771	9.722919	8.733574	17.000000
2.000000	2.000000	2.000000	14.000000	5.000000
8.454366	9.557018	9.417978	9.486224	18.000000
8.555427	8.669375	8.326372	9.062496	2.000000
20.000000	13.000000	2.000000	20.000000	18.000000
1.000000	7.000000	4.000000	9.000000	3.000000
3.000000	10.000000	11.000000	18.000000	4.000000
7.000000	11.000000	17.000000	20.000000	5.000000
13.000000	18.000000	12.000000	16.000000	11.000000
9.000000	13.000000	5.000000	2.000000	16.000000
6.000000	13.000000	8.000000	8.000000	5.000000
5.000000	20.000000	11.000000	20.000000	9.000000
13.000000	15.000000	10.000000	3.000000	12.000000
5.000000	1.000000	14.000000	1.000000	1.000000
18.000000	13.000000	10.000000	2.000000	20.000000
9.328166	10.047372	10.714733	10.477521	3.000000
8.000000	2.000000	16.000000	15.000000	1.000000
12.000000	11.000000	1.000000	2.000000	2.000000
1.000000	14.000000	16.000000	10.000000	9.000000
19.000000	14.000000	1.000000	13.000000	6.000000
13.000000	10.000000	10.000000	15.000000	3.000000
9.000000	6.000000	13.000000	1.000000	2.000000
7.000000	8.000000	16.000000	14.000000	14.000000
16.000000	5.000000	16.000000	8.000000	6.000000
18.000000	20.000000	12.000000	13.000000	9.000000
12.000000	12.000000	14.000000	12.000000	4.000000
11.000000	17.000000	5.000000	20.000000	11.000000
8.000000	1.000000	16.000000	12.000000	1.000000
10.000000	18.000000	1.000000	17.000000	4.000000
6.000000	4.000000	8.000000	2.000000	12.000000
14.000000	19.000000	11.000000	17.000000	11.000000
12.000000	8.000000	14.000000	17.000000	11.000000
9.000000	20.000000	7.000000	14.000000	11.000000
9.000000	13.000000	11.000000	17.000000	4.000000
4.000000	6.000000	13.000000	16.000000	2.000000
8.820342	10.266910	9.104408	8.902890	14.000000
8.000000	1.000000	4.000000	11.000000	17.000000
7.000000	14.000000	16.000000	20.000000	10.000000
6.000000	9.000000	9.000000	5.000000	14.000000
10.026401	8.232955	9.267639	9.427444	1.000000
1.000000	5.000000	6.000000	5.000000	12.000000
9.955809	9.589846	9.425978	9.871462	8.000000
9.861270	9.108062	8.507406	9.875026	13.000000
8.754809	9.660951	10.475259	8.345245	7.000000
8.000000	16.000000	7.000000	8.000000	12.000000
20.000000	19.000000	17.000000	17.000000	13.000000
17.000000	17.000000	9.000000	15.000000	2.000000
7.616221	8.838188	8.469303	8.703956	20.000000
1.000000	2.000000	3.000000	20.000000	3.000000
9.838180	10.503319	10.246519	8.545698	13.000000
9.000000	4.000000	8.000000	15.000000	3.000000
20.000000	15.000000	14.000000	8.000000	11.000000
6.000000	4.000000	20.000000	14.000000	10.000000
13.000000	14.000000	15.000000	18.000000	18.000000
14.000000	10.000000	12.000000	8.000000	9.000000
14.000000	15.000000	11.000000	16.000000	11.000000
15.000000	4.000000	6.000000	2.000000	10.000000
8.000000	13.000000	16.000000	1.000000	20.000000
7.000000	18.000000	16.000000	18.000000	12.000000
5.000000	10.000000	17.000000	19.000000	19.000000
7.000000	5.000000	8.000000	18.000000	12.000000
9.606180	8.585876	7.052901	7.939179	18.000000
9.336557	8.928473	9.996833	10.358812	5.000000
3.000000	5.000000	10.000000	10.000000	5.000000
8.513950	7.840111	9.112535	8.647849	5.000000
6.000000	13.000000	6.000000	2.000000	3.000000
4.000000	8.000000	7.000000	11.000000	17.000000
19.000000	18.000000	20.000000	16.000000	15.000000
9.000000	16.000000	18.000000	14.000000	20.000000
3.000000	16.000000	16.000000	12.000000	17.000000
1.000000	12.000000	13.000000	15.000000	20.000000
9.000000	20.000000	12.000000	15.000000	13.000000
6.000000	18.000000	1.000000	13.000000	1.000000
8.594273	9.648400	8.925392	8.374843	18.000000
5.000000	17.000000	13.000000	14.000000	10.000000
5.000000	8.000000	17.000000	20.000000	19.000000
13.000000	12.000000	3.000000	17.000000	18.000000
14.000000	6.000000	17.000000	17.000000	12.000000
2.000000	2.000000	9.000000	14.000000	14.000000
8.073360	9.097692	7.791481	9.176312	10.000000
10.659648	9.560514	11.536951	9.956647	16.000000
19.000000	14.000000	4.000000	7.000000	6.000000
14.000000	11.000000	9.000000	8.000000	8.000000
10.867999	10.999365	10.901497	11.589720	17.000000
16.000000	8.000000	11.000000	16.000000	1.000000
16.000000	5.000000	3.000000	12.000000	3.000000
12.000000	17.000000	17.000000	1.000000	6.000000
12.000000	19.000000	12.000000	7.000000	17.000000
9.000000	1.000000	7.000000	9.000000	20.000000
6.000000	7.000000	1.000000	10.000000	14.000000
9.304180	10.847875	10.243079	9.861551	5.000000
2.000000	7.000000	9.000000	4.000000	10.000000
3.000000	7.000000	18.000000	11.000000	19.000000
15.000000	2.000000	9.000000	6.000000	1.000000
5.000000	6.000000	1.000000	11.000000	7.000000
20.000000	17.000000	13.000000	12.000000	18.000000
6.000000	13.000000	7.000000	19.000000	3.000000
11.000000	20.000000	1.000000	11.000000	15.000000
10.888338	10.217978	9.478178	10.893033	3.000000
8.046639	9.078844	9.518680	9.938175	19.000000
10.212646	9.253557	9.152956	9.575554	13.000000
3.000000	20.000000	1.000000	7.000000	11.000000
11.000000	13.000000	15.000000	17.000000	11.000000
10.000000	7.000000	2.000000	10.000000	17.000000
16.000000	20.000000	1.000000	8.000000	18.000000
15.000000	18.000000	19.000000	10.000000	16.000000
10.000000	18.000000	18.000000	6.000000	5.000000
2.000000	8.000000	4.000000	3.000000	6.000000
7.000000	13.000000	10.000000	13.000000	1.000000
10.434027	10.619110	10.059162	10.930464	12.000000
15.000000	8.000000	3.000000	15.000000	15.000000
20.000000	9.000000	12.000000	19.000000	10.000000
19.000000	20.000000	7.000000	16.000000	5.000000
4.000000	18.000000	4.000000	7.000000	12.000000
9.000000	5.000000	16.000000	19.000000	18.000000
16.000000	10.000000	19.000000	2.000000	15.000000
10.327487	10.067869	10.335335	9.963211	2.000000
9.000000	4.000000	10.000000	12.000000	14.000000
19.000000	11.000000	13.000000	18.000000	18.000000
9.000000	1.000000	15.000000	12.000000	19.000000
18.000000	12.000000	4.000000	13.000000	2.000000
13.000000	8.000000	12.000000	11.000000	1.000000
10.189450	9.320159	8.315261	10.277950	8.000000
9.000000	11.000000	3.000000	10.000000	3.000000
9.325634	10.031969	8.888782	9.625563	18.000000
14.000000	20.000000	10.000000	1.000000	11.000000
8.000000	18.000000	15.000000	3.000000	3.000000
8.640087	9.132450	10.429261	10.360651	18.000000
3.000000	16.000000	2.000000	2.000000	7.000000
9.772863	10.838304	9.030712	9.560590	4.000000
11.000000	11.000000	4.000000	7.000000	3.000000
13.000000	1.000000	2.000000	2.000000	1.000000
9.048930	10.491982	9.828485	10.956222	4.000000
12.000000	14.000000	11.000000	14.000000	13.000000
8.000000	8.000000	8.000000	9.000000	1.000000
7.757225	8.856150	8.899371	7.195508	4.000000
7.000000	13.000000	15.000000	2.000000	20.000000
8.698407	9.985085	10.340138	9.368726	8.000000
12.000000	14.000000	9.000000	1.000000	12.000000
5.000000	13.000000	18.000000	15.000000	6.000000
10.000000	2.000000	13.000000	9.000000	2.000000
13.000000	15.000000	2.000000	8.000000	17.000000
6.000000	6.000000	1.000000	12.000000	7.000000
9.205390	9.879834	8.546184	10.776773	9.000000
1.000000	2.000000	15.000000	9.000000	3.000000
18.000000	13.000000	7.000000	15.000000	19.000000
12.000000	16.000000	20.000000	16.000000	17.000000
13.000000	20.000000	11.000000	15.000000	19.000000
19.000000	20.000000	4.000000	19.000000	3.000000
11.000000	11.000000	2.000000	3.000000	13.000000
9.506810	9.041924	8.724102	10.041952	12.000000
9.687513	9.517025	10.381965	8.879435	20.000000
15.000000	18.000000	8.000000	6.000000	5.000000
11.675732	10.697093	9.149331	11.926769	13.000000
15.000000	4.000000	4.000000	18.000000	14.000000
6.000000	8.000000	16.000000	19.000000	11.000000
9.000000	12.000000	13.000000	15.000000	20.000000
16.000000	7.000000	5.000000	4.000000	13.000000
16.000000	18.000000	2.000000	3.000000	15.000000
6.000000	18.000000	13.000000	1.000000	3.000000
5.000000	15.000000	6.000000	20.000000	5.000000
7.010215	9.048110	9.642029	8.299481	15.000000
14.000000	15.000000	7.000000	19.000000	1.000000
18.000000	6.000000	7.000000	2.000000	9.000000
10.295210	10.919718	10.319507	9.690829	4.000000
9.330395	9.550883	9.022256	8.652198	10.000000
4.000000	2.000000	16.000000	1.000000	1.000000
12.000000	12.000000	18.000000	16.000000	19.000000
4.000000	9.000000	5.000000	2.000000	19.000000
10.779693	9.891730	11.015938	10.681039	12.000000
13.000000	7.000000	1.000000	11.000000	10.000000
4.000000	3.000000	19.000000	16.000000	19.000000
20.000000	11.000000	20.000000	7.000000	12.000000
7.212005	7.368417	8.468199	8.372350	14.000000
11.054284	9.263670	9.417731	10.053204	7.000000
13.000000	19.000000	17.000000	9.000000	14.000000
9.000000	13.000000	12.000000	1.000000	3.000000
2.000000	16.000000	17.000000	20.000000	11.000000
8.000000	11.000000	2.000000	7.000000	17.000000
9.951574	10.945277	10.207224	10.595439	20.000000
20.000000	16.000000	17.000000	6.000000	17.000000
15.000000	18.000000	15.000000	11.000000	18.000000
9.921738	8.337002	8.285649	7.324278	11.000000
8.095346	9.198576	9.728709	9.666756	4.000000
11.576210	11.455878	9.238197	9.849904	7.000000
9.638179	11.032612	9.782742	9.868080	8.000000
9.000000	8.000000	15.000000	5.000000	13.000000
8.803908	9.564915	9.453486	9.253553	1.000000
19.000000	9.000000	12.000000	1.000000	20.000000
8.646762	10.506562	10.048727	8.869293	9.000000
19.000000	20.000000	9.000000	4.000000	1.000000
9.061716	8.974756	8.363082	7.097427	13.000000
9.594446	8.583057	10.594706	9.943705	19.000000
5.000000	14.000000	9.000000	19.000000	3.000000
10.000000	17.000000	11.000000	13.000000	9.000000
9.834771	10.092291	8.917553	9.398782	9.000000
9.488436	9.082864	10.848281	10.175793	18.000000
12.000000	8.000000	2.000000	1.000000	2.000000
15.000000	18.000000	17.000000	7.000000	1.000000
7.790163	9.099010	8.501366	8.120872	1.000000
9.139795	10.283983	8.216632	8.554893	17.000000
18.000000	3.000000	14.000000	3.000000	7.000000
15.000000	16.000000	13.000000	14.000000	9.000000
10.000000	6.000000	8.000000	12.000000	18.000000
9.451870	9.434264	9.029964	8.536852	4.000000
7.000000	12.000000	6.000000	5.000000	15.000000
19.000000	4.000000	19.000000	8.000000	14.000000
7.000000	5.000000	8.000000	12.000000	19.000000
15.000000	6.000000	6.000000	19.000000	12.000000
14.000000	9.000000	9.000000	13.000000	20.000000
6.000000	14.000000	17.000000	13.000000	2.000000
12.000000	11.000000	13.000000	9.000000	15.000000
19.000000	7.000000	19.000000	9.000000	14.000000
4.000000	15.000000	11.000000	11.000000	7.000000
9.000000	17.000000	4.000000	15.000000	16.000000
8.992997	9.387514	8.350594	8.848858	13.000000
15.000000	1.000000	18.000000	3.000000	13.000000
19.000000	6.000000	3.000000	4.000000	14.000000
18.000000	2.000000	13.000000	8.000000	11.000000
