18.000000	11.000000	17.000000	8.000000	13.000000
3.000000	17.000000	10.000000	7.000000	3.000000
10.532920	10.864408	8.961212	9.759581	8.000000
10.099719	10.051664	10.132675	10.267718	8.000000
12.000000	6.000000	13.000000	14.000000	9.000000
18.000000	3.000000	2.000000	10.000000	10.000000
4.000000	8.000000	12.000000	1.000000	7.000000
10.027933	10.226247	10.787754	11.293585	1.000000
9.900527	9.620635	10.478318	10.074025	5.000000
13.000000	8.000000	10.000000	12.000000	15.000000
8.925670	10.523015	11.195896	10.003992	16.000000
8.000000	10.000000	11.000000	9.000000	12.000000
12.000000	5.000000	11.000000	16.000000	5.000000
17.000000	12.000000	19.000000	12.000000	9.000000
12.000000	20.000000	2.000000	17.000000	2.000000
9.023941	8.527052	9.455423	9.081186	12.000000
4.000000	15.000000	14.000000	15.000000	7.000000
1.000000	2.000000	16.000000	11.000000	2.000000
19.000000	3.000000	6.000000	9.000000	10.000000
10.000000	18.000000	1.000000	1.000000	9.000000
1.000000	12.000000	20.000000	2.000000	20.000000
10.648271	9.856788	9.693745	9.027109	5.000000
11.000000	18.000000	19.000000	4.000000	12.000000
8.613712	8.984632	9.016751	9.209965	7.000000
6.000000	11.000000	1.000000	4.000000	19.000000
10.000000	5.000000	16.000000	10.000000	5.000000
16.000000	2.000000	8.000000	8.000000	3.000000
7.000000	9.000000	13.000000	6.000000	3.000000
8.130511	9.460624	10.492893	9.312764	11.000000
15.000000	11.000000	15.000000	19.000000	2.000000
13.000000	16.000000	12.000000	13.000000	19.000000
3.000000	2.000000	16.000000	10.000000	3.000000
20.000000	6.000000	4.000000	8.000000	5.000000
18.000000	14.000000	5.000000	10.000000	12.000000
7.000000	6.000000	19.000000	10.000000	12.000000
10.000000	4.000000	14.000000	16.000000	14.000000
7.000000	8.000000	9.000000	11.000000	20.000000
9.725422	9.652868	8.689553	9.702062	14.000000
15.000000	6.000000	11.000000	10.000000	5.000000
15.000000	7.000000	19.000000	19.000000	16.000000
2.000000	17.000000	13.000000	20.000000	6.000000
8.986535	9.485737	9.037296	8.051107	16.000000
14.000000	7.000000	15.000000	15.000000	9.000000
14.000000	6.000000	1.000000	18.000000	12.000000
7.000000	12.000000	17.000000	17.000000	1.000000
2.000000	12.000000	19.000000	12.000000	2.000000
6.000000	5.000000	19.000000	10.000000	4.000000
4.000000	5.000000	5.000000	5.000000	17.000000
20.000000	18.000000	16.000000	15.000000	4.000000
4.000000	20.000000	9.000000	17.000000	18.000000
20.000000	3.000000	1.000000	9.000000	11.000000
14.000000	2.000000	2.000000	12.000000	13.000000
9.308450	11.054863	10.513534	9.544957	7.000000
8.737610	10.262882	9.219103	10.090816	13.000000
20.000000	8.000000	3.000000	7.000000	14.000000
6.000000	11.000000	13.000000	15.000000	7.000000
2.000000	6.000000	1.000000	3.000000	14.000000
11.000000	16.000000	15.000000	5.000000	19.000000
7.000000	20.000000	16.000000	15.000000	13.000000
15.000000	7.000000	1.000000	18.000000	14.000000
6.000000	9.000000	1.000000	20.000000	16.000000
14.000000	5.000000	18.000000	19.000000	11.000000
4.000000	20.000000	17.000000	4.000000	14.000000
10.000000	6.000000	1.000000	5.000000	10.000000
20.000000	3.000000	9.000000	7.000000	10.000000
13.000000	1.000000	8.000000	6.000000	10.000000
10.178842	9.445794	10.168957	9.467616	10.000000
18.000000	19.000000	6.000000	15.000000	17.000000
10.429817	10.904531	12.144175	10.457818	5.000000
9.130014	10.684701	9.657443	9.641505	18.000000
20.000000	6.000000	13.000000	20.000000	4.000000
2.000000	13.000000	5.000000	9.000000	18.000000
6.000000	1.000000	20.000000	16.000000	6.000000
1.000000	13.000000	5.000000	6.000000	19.000000
13.000000	2.000000	8.000000	13.000000	6.000000
12.000000	7.000000	20.000000	14.000000	13.000000
17.000000	13.000000	10.000000	9.000000	12.000000
9.499239	9.377934	8.938416	8.823387	10.000000
5.000000	7.000000	3.000000	4.000000	14.000000
8.000000	4.000000	19.000000	4.000000	2.000000
9.581934	10.205913	10.014995	9.242973	1.000000
8.647806	8.447699	9.073837	8.223351	1.000000
11.000000	8.000000	5.000000	12.000000	9.000000
9.000000	17.000000	10.000000	4.000000	17.000000
12.000000	9.000000	15.000000	14.000000	4.000000
9.000000	13.000000	20.000000	7.000000	17.000000
10.929197	9.879460	10.621438	11.437799	19.000000
5.000000	15.000000	19.000000	4.000000	14.000000
19.000000	6.000000	14.000000	4.000000	18.000000
10.988471	8.790899	9.660860	10.500805	7.000000
14.000000	2.000000	7.000000	9.000000	7.000000
3.000000	9.000000	12.000000	2.000000	15.000000
8.000000	2.000000	9.000000	4.000000	16.000000
20.000000	8.000000	11.000000	18.000000	11.000000
11.549383	11.281128	10.860258	11.755242	3.000000
6.000000	2.000000	6.000000	3.000000	13.000000
5.000000	16.000000	6.000000	3.000000	16.000000
5.000000	5.000000	4.000000	16.000000	6.000000
10.000000	15.000000	7.000000	11.000000	18.000000
11.251784	10.423015	10.556946	10.600030	19.000000
8.000000	4.000000	6.000000	16.000000	5.000000
1.000000	13.000000	6.000000	6.000000	7.000000
18.000000	2.000000	14.000000	16.000000	5.000000
10.000000	20.000000	9.000000	5.000000	15.000000
7.000000	7.000000	1.000000	5.000000	17.000000
18.000000	19.000000	6.000000	14.000000	7.000000
7.922651	8.888039	9.594948	9.950824	20.000000
15.000000	13.000000	4.000000	20.000000	19.000000
10.143701	9.878789	10.101847	10.366715	17.000000
10.047392	10.621372	10.839637	9.481211	1.000000
9.203622	8.969928	9.943827	10.986168	19.000000
3.000000	11.000000	10.000000	20.000000	4.000000
16.000000	15.000000	17.000000	18.000000	8.000000
16.000000	12.000000	20.000000	20.000000	4.000000
10.000000	1.000000	5.000000	2.000000	16.000000
13.000000	9.000000	12.000000	8.000000	17.000000
13.000000	1.000000	11.000000	19.000000	14.000000
10.000000	14.000000	4.000000	19.000000	5.000000
7.000000	14.000000	20.000000	15.000000	4.000000
19.000000	3.000000	7.000000	10.000000	14.000000
11.315994	10.237177	9.779237	10.066228	5.000000
2.000000	18.000000	13.000000	13.000000	17.000000
9.470793	9.691240	9.805872	9.152852	16.000000
2.000000	1.000000	1.000000	5.000000	19.000000
5.000000	4.000000	5.000000	16.000000	10.000000
8.000000	14.000000	12.000000	14.000000	16.000000
17.000000	16.000000	7.000000	3.000000	13.000000
3.000000	4.000000	3.000000	7.000000	16.000000
11.000000	8.000000	13.000000	20.000000	20.000000
20.000000	13.000000	20.000000	20.000000	10.000000
8.888832	9.360454	9.507732	8.680833	20.000000
14.000000	14.000000	5.000000	18.000000	19.000000
12.000000	14.000000	6.000000	10.000000	16.000000
9.301115	8.632863	9.197421	9.904672	19.000000
7.000000	3.000000	6.000000	19.000000	14.000000
5.000000	18.000000	7.000000	17.000000	9.000000
16.000000	7.000000	12.000000	12.000000	13.000000
9.194332	10.748233	11.196259	9.977927	2.000000
16.000000	11.000000	8.000000	2.000000	13.000000
3.000000	12.000000	4.000000	14.000000	4.000000
2.000000	20.000000	18.000000	20.000000	10.000000
12.000000	4.000000	19.000000	10.000000	20.000000
9.401930	8.470658	9.376320	8.945727	8.000000
10.000000	13.000000	4.000000	7.000000	4.000000
18.000000	3.000000	6.000000	5.000000	16.000000
18.000000	19.000000	19.000000	2.000000	12.000000
2.000000	15.000000	3.000000	11.000000	14.000000
8.597507	8.065080	7.942596	8.437220	3.000000
1.000000	8.000000	11.000000	19.000000	18.000000
18.000000	20.000000	2.000000	14.000000	7.000000
8.161414	7.745758	8.616186	8.500266	15.000000
8.000000	20.000000	13.000000	6.000000	13.000000
17.000000	19.000000	7.000000	11.000000	1.000000
1.000000	15.000000	15.000000	2.000000	8.000000
9.000000	2.000000	16.000000	20.000000	12.000000
5.000000	9.000000	12.000000	18.000000	2.000000
10.987069	11.163750	10.737310	11.551755	3.000000
18.000000	9.000000	14.000000	3.000000	6.000000
6.000000	19.000000	4.000000	13.000000	1.000000
9.573427	11.444263	11.106172	11.272756	18.000000
9.772910	8.226893	9.267512	7.946890	10.000000
8.129447	6.348478	6.430220	7.651989	3.000000
4.000000	3.000000	16.000000	7.000000	4.000000
10.000000	17.000000	12.000000	4.000000	19.000000
17.000000	1.000000	9.000000	12.000000	5.000000
1.000000	7.000000	1.000000	8.000000	9.000000
18.000000	2.000000	19.000000	17.000000	11.000000
8.633708	9.863712	9.192957	9.777843	12.000000
9.191217	8.989714	9.056084	8.376067	3.000000
17.000000	6.000000	11.000000	8.000000	1.000000
8.036205	8.959984	8.596019	9.850186	19.000000
18.000000	9.000000	17.000000	19.000000	16.000000
17.000000	16.000000	9.000000	15.000000	4.000000
19.000000	6.000000	2.000000	18.000000	7.000000
13.000000	19.000000	2.000000	6.000000	15.000000
4.000000	2.000000	13.000000	14.000000	1.000000
11.299526	9.000902	10.196318	11.543236	14.000000
18.000000	16.000000	15.000000	7.000000	14.000000
2.000000	3.000000	1.000000	11.000000	10.000000
5.000000	1.000000	15.000000	6.000000	19.000000
1.000000	19.000000	17.000000	3.000000	16.000000
4.000000	18.000000	18.000000	16.000000	4.000000
10.000000	20.000000	9.000000	10.000000	18.000000
9.645483	9.859733	10.374625	9.246630	13.000000
18.000000	10.000000	16.000000	18.000000	20.000000
10.347583	10.944936	9.445179	9.626501	20.000000
19.000000	12.000000	18.000000	7.000000	6.000000
9.508018	10.342423	9.613329	10.336498	5.000000
8.339514	10.328335	9.967107	9.205081	13.000000
14.000000	9.000000	11.000000	18.000000	17.000000
4.000000	15.000000	6.000000	11.000000	12.000000
10.715785	10.556038	8.852386	8.672425	17.000000
5.000000	8.000000	20.000000	14.000000	6.000000
9.882029	8.803570	8.432896	10.066311	12.000000
12.000000	17.000000	7.000000	20.000000	15.000000
7.642976	8.916587	10.509066	8.793497	2.000000
3.000000	4.000000	8.000000	1.000000	14.000000
10.091603	9.534093	9.903777	9.905499	7.000000
9.000000	1.000000	6.000000	20.000000	6.000000
11.000000	5.000000	3.000000	18.000000	16.000000
6.000000	2.000000	4.000000	12.000000	13.000000
11.000000	2.000000	18.000000	5.000000	3.000000
19.000000	8.000000	6.000000	7.000000	8.000000
12.000000	18.000000	5.000000	15.000000	6.000000
3.000000	15.000000	18.000000	8.000000	15.000000
3.000000	10.000000	11.000000	17.000000	20.000000
6.000000	3.000000	1.000000	1.000000	6.000000
13.000000	11.000000	20.000000	2.000000	16.000000
9.127120	8.469288	9.093372	8.355852	19.000000
14.000000	10.000000	16.000000	10.000000	17.000000
13.000000	12.000000	11.000000	10.000000	19.000000
5.000000	12.000000	20.000000	15.000000	20.000000
19.000000	12.000000	2.000000	11.000000	5.000000
20.000000	4.000000	15.000000	19.000000	5.000000
2.000000	12.000000	17.000000	8.000000	10.000000
8.795148	7.884278	9.811325	9.149456	10.000000
8.000000	14.000000	1.000000	18.000000	15.000000
11.000000	3.000000	6.000000	11.000000	9.000000
6.000000	1.000000	13.000000	19.000000	12.000000
9.459297	11.341099	8.887053	8.282858	20.000000
3.000000	17.000000	11.000000	20.000000	4.000000
1.000000	6.000000	5.000000	4.000000	20.000000
14.000000	11.000000	5.000000	7.000000	8.000000
20.000000	9.000000	2.000000	17.000000	19.000000
3.000000	14.000000	12.000000	15.000000	5.000000
9.818769	10.786676	10.014619	10.476209	5.000000
6.000000	11.000000	1.000000	16.000000	2.000000
17.000000	8.000000	8.000000	1.000000	11.000000
19.000000	6.000000	13.000000	3.000000	4.000000
8.097930	10.012654	11.191697	8.754425	11.000000
3.000000	8.000000	16.000000	14.000000	14.000000
20.000000	8.000000	16.000000	6.000000	16.000000
13.000000	11.000000	7.000000	5.000000	18.000000
20.000000	1.000000	18.000000	7.000000	13.000000
8.000000	17.000000	11.000000	1.000000	20.000000
14.000000	13.000000	5.000000	18.000000	18.000000
15.000000	13.000000	18.000000	3.000000	18.000000
11.000000	2.000000	6.000000	19.000000	19.000000
9.214936	9.561737	11.026980	9.308367	7.000000
9.507928	9.546078	10.506799	10.322145	17.000000
12.000000	15.000000	14.000000	2.000000	7.000000
8.656974	8.747092	9.599955	9.694885	17.000000
1.000000	16.000000	9.000000	18.000000	18.000000
7.000000	20.000000	11.000000	12.000000	10.000000
10.000000	4.000000	12.000000	10.000000	3.000000
11.057650	10.122393	9.088145	9.778123	7.000000
9.000000	9.000000	14.000000	2.000000	3.000000
20.000000	18.000000	10.000000	11.000000	7.000000
6.000000	3.000000	2.000000	7.000000	12.000000
19.000000	13.000000	11.000000	9.000000	16.000000
13.000000	10.000000	19.000000	4.000000	12.000000
1.000000	14.000000	11.000000	13.000000	11.000000
18.000000	14.000000	12.000000	11.000000	7.000000
14.000000	2.000000	5.000000	15.000000	4.000000
11.000000	12.000000	6.000000	4.000000	18.000000
8.243443	9.332370	8.922794	8.537871	14.000000
9.000000	12.000000	4.000000	8.000000	15.000000
15.000000	20.000000	9.000000	17.000000	5.000000
11.000000	6.000000	18.000000	2.000000	8.000000
4.000000	7.000000	10.000000	8.000000	13.000000
13.000000	10.000000	17.000000	11.000000	5.000000
6.000000	7.000000	10.000000	8.000000	18.000000
4.000000	8.000000	9.000000	19.000000	15.000000
16.000000	5.000000	15.000000	4.000000	1.000000
19.000000	6.000000	7.000000	8.000000	20.000000
14.000000	11.000000	18.000000	15.000000	11.000000
7.729876	9.931036	9.679968	10.271262	10.000000
17.000000	12.000000	16.000000	18.000000	11.000000
9.028757	8.714488	7.878651	8.618421	19.000000
5.000000	9.000000	15.000000	11.000000	4.000000
8.818527	7.612496	8.645477	7.981946	8.000000
9.000000	7.000000	19.000000	18.000000	14.000000
1.000000	8.000000	1.000000	12.000000	6.000000
2.000000	20.000000	10.000000	17.000000	18.000000
20.000000	2.000000	10.000000	10.000000	8.000000
1.000000	15.000000	16.000000	15.000000	5.000000
20.000000	10.000000	6.000000	1.000000	3.000000
13.000000	1.000000	2.000000	3.000000	18.000000
7.907209	9.914717	7.980762	8.264823	7.000000
3.000000	20.000000	18.000000	12.000000	16.000000
15.000000	4.000000	10.000000	5.000000	5.000000
17.000000	5.000000	11.000000	4.000000	11.000000
16.000000	15.000000	1.000000	13.000000	15.000000
15.000000	17.000000	7.000000	8.000000	12.000000
5.000000	14.000000	14.000000	2.000000	12.000000
10.001858	8.996419	12.134365	10.027784	8.000000
10.757500	9.266259	10.074053	9.800546	20.000000
8.982974	8.120592	9.515153	7.635875	11.000000
7.000000	5.000000	6.000000	19.000000	9.000000
12.000000	13.000000	5.000000	19.000000	13.000000
16.000000	3.000000	6.000000	2.000000	16.000000
10.000000	13.000000	11.000000	20.000000	2.000000
10.000000	10.000000	18.000000	4.000000	9.000000
9.000000	11.000000	16.000000	5.000000	20.000000
7.000000	3.000000	4.000000	4.000000	1.000000
4.000000	7.000000	5.000000	8.000000	5.000000
9.643860	10.324258	10.739552	10.412192	9.000000
14.000000	4.000000	1.000000	17.000000	15.000000
15.000000	18.000000	5.000000	4.000000	2.000000
13.000000	12.000000	4.000000	1.000000	8.000000
3.000000	19.000000	10.000000	18.000000	2.000000
10.000000	1.000000	8.000000	15.000000	20.000000
5.000000	3.000000	15.000000	3.000000	17.000000
3.000000	9.000000	12.000000	16.000000	17.000000
7.000000	2.000000	6.000000	3.000000	5.000000
7.000000	15.000000	16.000000	10.000000	7.000000
16.000000	4.000000	5.000000	5.000000	1.000000
18.000000	7.000000	13.000000	18.000000	13.000000
13.000000	2.000000	15.000000	19.000000	16.000000
9.519915	9.922825	9.121080	8.931263	9.000000
12.000000	13.000000	2.000000	18.000000	15.000000
8.953646	7.370665	8.428702	8.794958	18.000000
20.000000	8.000000	1.000000	5.000000	5.000000
14.000000	2.000000	11.000000	6.000000	19.000000
9.258989	8.344666	7.940181	7.875230	9.000000
8.000000	12.000000	2.000000	3.000000	7.000000
2.000000	7.000000	11.000000	3.000000	16.000000
8.701546	9.767653	10.084892	8.637843	12.000000
20.000000	10.000000	20.000000	13.000000	6.000000
4.000000	6.000000	8.000000	14.000000	3.000000
18.000000	8.000000	13.000000	10.000000	4.000000
13.000000	17.000000	16.000000	14.000000	11.000000
14.000000	15.000000	17.000000	16.000000	17.000000
12.000000	5.000000	16.000000	15.000000	15.000000
7.000000	14.000000	17.000000	18.000000	6.000000
2.000000	13.000000	3.000000	9.000000	18.000000
18.000000	7.000000	5.000000	2.000000	8.000000
1.000000	14.000000	4.000000	8.000000	7.000000
14.000000	1.000000	13.000000	3.000000	8.000000
9.949418	10.730463	9.586210	8.632246	20.000000
19.000000	2.000000	6.000000	15.000000	12.000000
11.000000	9.000000	4.000000	6.000000	17.000000
2.000000	3.000000	15.000000	6.000000	4.000000
8.867062	8.884409	9.886572	8.034475	5.000000
15.000000	3.000000	17.000000	7.000000	5.000000
7.419381	8.349305	8.805039	8.541512	2.000000
2.000000	7.000000	15.000000	7.000000	14.000000
6.000000	9.000000	2.000000	10.000000	6.000000
10.000000	3.000000	8.000000	17.000000	20.000000
3.000000	10.000000	18.000000	11.000000	7.000000
2.000000	5.000000	1.000000	19.000000	3.000000
9.973154	9.294781	10.521036	9.360481	11.000000
2.000000	19.000000	9.000000	17.000000	5.000000
2.000000	14.000000	6.000000	15.000000	3.000000
11.000000	5.000000	17.000000	11.000000	1.000000
17.000000	5.000000	10.000000	14.000000	16.000000
8.000000	15.000000	20.000000	8.000000	13.000000
9.437319	9.404909	8.885584	8.482001	10.000000
9.000000	17.000000	8.000000	18.000000	13.000000
5.000000	11.000000	18.000000	2.000000	6.000000
13.000000	4.000000	10.000000	9.000000	6.000000
2.000000	5.000000	11.000000	11.000000	18.000000
10.171887	9.433146	8.477592	9.022815	18.000000
10.457965	10.919327	10.493593	10.246065	6.000000
11.000000	4.000000	2.000000	10.000000	13.000000
9.144604	10.635514	8.207860	8.532949	19.000000
1.000000	7.000000	3.000000	10.000000	16.000000
8.000000	3.000000	20.000000	10.000000	5.000000
10.000000	15.000000	3.000000	14.000000	4.000000
13.000000	2.000000	14.000000	14.000000	17.000000
11.000000	4.000000	1.000000	4.000000	5.000000
9.470206	8.774594	8.844702	10.292185	4.000000
1.000000	8.000000	10.000000	3.000000	9.000000
17.000000	3.000000	11.000000	17.000000	12.000000
16.000000	18.000000	19.000000	10.000000	11.000000
8.703499	7.602797	7.842879	9.359053	15.000000
9.000000	18.000000	10.000000	1.000000	1.000000
15.000000	13.000000	2.000000	17.000000	1.000000
9.026168	8.410102	9.302885	9.351481	12.000000
17.000000	7.000000	6.000000	19.000000	3.000000
9.000000	14.000000	12.000000	7.000000	4.000000
2.000000	8.000000	17.000000	5.000000	7.000000
12.000000	13.000000	4.000000	1.000000	13.000000
16.000000	7.000000	18.000000	9.000000	15.000000
18.000000	17.000000	4.000000	17.000000	7.000000
15.000000	5.000000	13.000000	12.000000	4.000000
8.709618	9.171237	7.526672	8.242295	7.000000
9.109416	12.251578	9.864166	10.506438	3.000000
12.000000	12.000000	8.000000	7.000000	12.000000
8.869217	9.797698	9.389891	10.633623	3.000000
5.000000	18.000000	12.000000	8.000000	15.000000
18.000000	14.000000	11.000000	10.000000	5.000000
14.000000	16.000000	5.000000	3.000000	13.000000
3.000000	6.000000	11.000000	8.000000	14.000000
8.228039	8.369658	8.686109	8.612806	18.000000
1.000000	16.000000	4.000000	11.000000	4.000000
19.000000	15.000000	14.000000	10.000000	15.000000
20.000000	7.000000	20.000000	10.000000	16.000000
5.000000	16.000000	3.000000	1.000000	18.000000
15.000000	3.000000	15.000000	17.000000	10.000000
1.000000	1.000000	13.000000	17.000000	5.000000
3.000000	17.000000	20.000000	6.000000	7.000000
9.584548	10.426295	10.551404	10.661520	13.000000
9.221687	10.350251	10.261184	9.597035	9.000000
8.883196	9.101648	10.001457	8.914714	15.000000
5.000000	14.000000	17.000000	19.000000	10.000000
19.000000	19.000000	3.000000	11.000000	16.000000
19.000000	5.000000	4.000000	10.000000	11.000000
11.000000	4.000000	6.000000	16.000000	16.000000
11.000000	15.000000	14.000000	1.000000	5.000000
14.000000	19.000000	20.000000	9.000000	18.000000
8.412595	8.704904	9.408052	8.744621	4.000000
5.000000	1.000000	2.000000	7.000000	3.000000
9.000000	17.000000	8.000000	13.000000	6.000000
10.000000	15.000000	2.000000	15.000000	10.000000
17.000000	17.000000	16.000000	10.000000	18.000000
9.023781	8.638902	9.391937	8.162991	4.000000
17.000000	13.000000	9.000000	20.000000	15.000000
10.517933	10.776656	9.845144	10.116469	15.000000
11.504465	11.141927	10.298592	10.973947	6.000000
10.104298	9.234903	11.079454	8.662364	4.000000
9.000000	6.000000	20.000000	16.000000	8.000000
10.383565	9.482985	8.749452	9.853664	14.000000
18.000000	5.000000	18.000000	6.000000	16.000000
4.000000	9.000000	12.000000	10.000000	14.000000
7.000000	18.000000	7.000000	18.000000	6.000000
4.000000	6.000000	14.000000	3.000000	16.000000
17.000000	3.000000	13.000000	9.000000	18.000000
12.000000	9.000000	12.000000	14.000000	5.000000
17.000000	4.000000	1.000000	6.000000	1.000000
9.901647	8.981215	10.852940	9.740722	18.000000
10.254798	9.561114	8.811895	9.207151	3.000000
13.000000	4.000000	8.000000	18.000000	18.000000
15.000000	15.000000	20.000000	8.000000	15.000000
9.000000	19.000000	3.000000	12.000000	5.000000
19.000000	1.000000	20.000000	19.000000	6.000000
20.000000	7.000000	15.000000	1.000000	14.000000
7.747956	8.171122	10.952896	9.596868	7.000000
13.000000	11.000000	2.000000	20.000000	9.000000
19.000000	7.000000	15.000000	10.000000	6.000000
1.000000	10.000000	4.000000	3.000000	2.000000
20.000000	14.000000	2.000000	11.000000	4.000000
7.000000	11.000000	10.000000	1.000000	3.000000
9.443515	9.609466	10.126732	8.553993	3.000000
16.000000	5.000000	6.000000	10.000000	17.000000
6.000000	8.000000	3.000000	12.000000	10.000000
8.000000	12.000000	19.000000	3.000000	6.000000
10.963180	11.230994	11.535332	10.849557	5.000000
3.000000	12.000000	7.000000	12.000000	4.000000
2.000000	7.000000	8.000000	11.000000	11.000000
11.000000	18.000000	16.000000	16.000000	7.000000
4.000000	13.000000	7.000000	6.000000	4.000000
8.000000	5.000000	15.000000	6.000000	7.000000
12.000000	10.000000	1.000000	11.000000	2.000000
18.000000	5.000000	5.000000	4.000000	16.000000
9.000000	5.000000	14.000000	16.000000	7.000000
5.000000	18.000000	5.000000	12.000000	5.000000
3.000000	15.000000	17.000000	1.000000	12.000000
20.000000	8.000000	16.000000	6.000000	6.000000
9.091339	9.332163	9.389634	10.353010	20.000000
8.000000	12.000000	4.000000	13.000000	7.000000
11.000000	13.000000	12.000000	5.000000	8.000000
8.873190	8.718299	8.711040	7.880461	12.000000
2.000000	17.000000	18.000000	19.000000	9.000000
9.000000	10.000000	17.000000	4.000000	16.000000
2.000000	17.000000	5.000000	8.000000	11.000000
4.000000	15.000000	14.000000	7.000000	19.000000
13.000000	17.000000	11.000000	16.000000	13.000000
19.000000	5.000000	5.000000	16.000000	19.000000
10.791513	9.327182	10.065294	9.736702	7.000000
15.000000	13.000000	17.000000	3.000000	8.000000
4.000000	16.000000	5.000000	20.000000	3.000000
7.000000	3.000000	18.000000	1.000000	1.000000
8.000000	13.000000	9.000000	19.000000	8.000000
2.000000	9.000000	4.000000	6.000000	4.000000
2.000000	14.000000	4.000000	20.000000	10.000000
11.000000	7.000000	3.000000	19.000000	9.000000
8.916274	10.159880	9.495378	8.946246	13.000000
19.000000	13.000000	7.000000	16.000000	5.000000
7.000000	4.000000	9.000000	15.000000	14.000000
10.410598	8.176297	9.681144	9.187390	6.000000
17.000000	13.000000	11.000000	20.000000	4.000000
9.905215	9.545115	9.264804	10.238904	20.000000
11.000000	4.000000	5.000000	7.000000	9.000000
17.000000	5.000000	13.000000	3.000000	13.000000
17.000000	1.000000	8.000000	5.000000	16.000000
1.000000	12.000000	15.000000	2.000000	3.000000
20.000000	10.000000	7.000000	10.000000	9.000000
10.000000	2.000000	11.000000	12.000000	3.000000
8.661401	8.316465	7.790079	8.724636	20.000000
19.000000	3.000000	16.000000	11.000000	18.000000
8.000000	8.000000	18.000000	7.000000	12.000000
5.000000	7.000000	4.000000	12.000000	20.000000
18.000000	11.000000	9.000000	4.000000	13.000000
10.000000	5.000000	14.000000	20.000000	8.000000
8.000000	1.000000	1.000000	18.000000	19.000000
12.000000	16.000000	14.000000	8.000000	6.000000
11.048795	10.882443	11.229996	9.857768	14.000000
17.000000	17.000000	12.000000	12.000000	8.000000
12.000000	9.000000	10.000000	12.000000	12.000000
2.000000	1.000000	8.000000	7.000000	12.000000
9.400358	9.943693	8.387425	10.522013	4.000000
3.000000	20.000000	19.000000	16.000000	19.000000
4.000000	18.000000	17.000000	9.000000	18.000000
8.140747	7.369154	7.417842	9.191989	16.000000
1.000000	17.000000	16.000000	10.000000	8.000000
19.000000	4.000000	1.000000	6.000000	2.000000
4.000000	1.000000	8.000000	8.000000	1.000000
11.000000	11.000000	20.000000	9.000000	18.000000
18.000000	5.000000	16.000000	14.000000	13.000000
13.000000	16.000000	9.000000	18.000000	1.000000
9.273935	8.433295	9.052615	7.377386	11.000000
16.000000	9.000000	6.000000	8.000000	6.000000
8.000000	12.000000	19.000000	15.000000	19.000000
19.000000	6.000000	1.000000	10.000000	6.000000
19.000000	19.000000	10.000000	14.000000	4.000000
14.000000	18.000000	19.000000	2.000000	7.000000
19.000000	9.000000	16.000000	7.000000	11.000000
18.000000	3.000000	11.000000	4.000000	10.000000
17.000000	11.000000	13.000000	15.000000	5.000000
12.000000	5.000000	2.000000	4.000000	14.000000
8.000000	2.000000	12.000000	9.000000	7.000000
10.997099	10.540575	10.306259	9.271629	16.000000
2.000000	16.000000	17.000000	9.000000	3.000000
7.000000	7.000000	17.000000	18.000000	10.000000
11.923792	9.218565	10.618052	8.516268	20.000000
16.000000	14.000000	16.000000	10.000000	17.000000
9.000000	9.000000	11.000000	12.000000	17.000000
10.752776	8.401486	9.404490	9.778275	3.000000
8.341090	11.130758	9.925669	10.154091	19.000000
13.000000	1.000000	5.000000	1.000000	18.000000
6.000000	18.000000	3.000000	17.000000	20.000000
14.000000	4.000000	13.000000	9.000000	13.000000
2.000000	17.000000	1.000000	12.000000	20.000000
10.000000	12.000000	18.000000	20.000000	8.000000
20.000000	18.000000	18.000000	10.000000	4.000000
16.000000	14.000000	5.000000	12.000000	14.000000
14.000000	9.000000	4.000000	17.000000	17.000000
15.000000	10.000000	20.000000	20.000000	11.000000
5.000000	1.000000	19.000000	5.000000	4.000000
19.000000	6.000000	15.000000	16.000000	6.000000
15.000000	7.000000	15.000000	12.000000	17.000000
19.000000	19.000000	2.000000	15.000000	2.000000
8.000000	8.000000	2.000000	3.000000	16.000000
18.000000	17.000000	18.000000	17.000000	16.000000
10.421858	10.829900	11.267738	11.362683	18.000000
19.000000	16.000000	3.000000	6.000000	3.000000
20.000000	20.000000	10.000000	7.000000	3.000000
18.000000	17.000000	1.000000	19.000000	11.000000
9.248234	9.152771	11.040284	9.029529	8.000000
9.454806	8.877286	9.707880	9.433928	20.000000
12.000000	14.000000	13.000000	20.000000	11.000000
10.000000	18.000000	19.000000	4.000000	15.000000
1.000000	16.000000	14.000000	10.000000	2.000000
16.000000	19.000000	18.000000	8.000000	18.000000
20.000000	1.000000	15.000000	9.000000	15.000000
15.000000	6.000000	18.000000	11.000000	12.000000
18.000000	14.000000	17.000000	10.000000	13.000000
20.000000	11.000000	3.000000	18.000000	6.000000
17.000000	10.000000	1.000000	3.000000	12.000000
14.000000	10.000000	10.000000	3.000000	10.000000
7.000000	2.000000	10.000000	14.000000	11.000000
17.000000	8.000000	8.000000	6.000000	10.000000
9.135253	8.636032	9.550619	9.999374	4.000000
8.000000	7.000000	6.000000	10.000000	16.000000
12.000000	18.000000	6.000000	4.000000	12.000000
9.000000	18.000000	2.000000	18.000000	12.000000
3.000000	17.000000	14.000000	12.000000	10.000000
16.000000	20.000000	9.000000	3.000000	18.000000
10.000000	6.000000	12.000000	4.000000	14.000000
16.000000	11.000000	12.000000	13.000000	12.000000
20.000000	16.000000	10.000000	17.000000	20.000000
1.000000	5.000000	9.000000	14.000000	2.000000
9.290459	8.970377	10.189990	9.112867	20.000000
19.000000	20.000000	11.000000	19.000000	15.000000
8.000000	8.000000	20.000000	20.000000	12.000000
5.000000	7.000000	14.000000	17.000000	19.000000
6.000000	8.000000	15.000000	15.000000	4.000000
6.000000	7.000000	20.000000	14.000000	13.000000
10.480139	10.423713	10.003691	10.105420	10.000000
10.932652	9.693212	10.123132	8.591936	20.000000
15.000000	9.000000	7.000000	15.000000	8.000000
10.000000	19.000000	14.000000	4.000000	7.000000
5.000000	9.000000	14.000000	19.000000	15.000000
9.000000	4.000000	1.000000	8.000000	9.000000
10.214978	10.554595	10.658096	9.139624	3.000000
6.000000	11.000000	15.000000	7.000000	12.000000
9.769256	10.160124	9.306797	10.624964	7.000000
8.000000	2.000000	6.000000	14.000000	5.000000
4.000000	18.000000	13.000000	18.000000	8.000000
19.000000	18.000000	3.000000	20.000000	18.000000
3.000000	4.000000	10.000000	7.000000	8.000000
10.887007	9.950595	9.632807	9.493152	11.000000
2.000000	12.000000	11.000000	14.000000	4.000000
18.000000	14.000000	5.000000	15.000000	19.000000
9.315997	9.978591	10.474745	8.866193	7.000000
15.000000	5.000000	5.000000	9.000000	16.000000
10.094819	10.381964	9.877167	9.704419	9.000000
19.000000	14.000000	13.000000	1.000000	11.000000
15.000000	14.000000	14.000000	6.000000	8.000000
17.000000	15.000000	1.000000	14.000000	9.000000
19.000000	7.000000	18.000000	6.000000	12.000000
9.268099	7.521163	7.306959	9.175617	20.000000
3.000000	14.000000	2.000000	14.000000	16.000000
2.000000	4.000000	1.000000	7.000000	4.000000
3.000000	13.000000	17.000000	17.000000	10.000000
4.000000	5.000000	4.000000	16.000000	10.000000
9.040290	9.925984	9.481220	8.067176	3.000000
8.000000	18.000000	14.000000	15.000000	10.000000
5.000000	18.000000	3.000000	18.000000	11.000000
10.000000	12.000000	14.000000	10.000000	10.000000
17.000000	12.000000	2.000000	5.000000	20.000000
12.000000	9.000000	5.000000	15.000000	16.000000
10.320091	9.603992	11.423173	9.047467	4.000000
8.561456	9.267849	10.185056	10.670483	3.000000
7.352875	8.019641	8.226151	7.372962	4.000000
2.000000	5.000000	7.000000	7.000000	6.000000
8.469803	10.395924	8.384865	8.212821	20.000000
9.166614	9.751199	8.908129	9.330816	15.000000
8.533728	9.480454	8.313137	8.265454	3.000000
20.000000	12.000000	3.000000	4.000000	1.000000
18.000000	17.000000	6.000000	9.000000	12.000000
1.000000	11.000000	8.000000	7.000000	9.000000
5.000000	2.000000	4.000000	13.000000	11.000000
11.117317	10.538014	9.890914	10.816336	9.000000
4.000000	4.000000	11.000000	12.000000	12.000000
5.000000	3.000000	3.000000	8.000000	6.000000
15.000000	5.000000	2.000000	20.000000	13.000000
5.000000	13.000000	15.000000	12.000000	19.000000
4.000000	16.000000	13.000000	7.000000	1.000000
7.835166	7.841790	8.024775	9.719362	10.000000
9.411193	9.160128	9.965841	9.632118	19.000000
8.000000	12.000000	2.000000	10.000000	19.000000
19.000000	16.000000	15.000000	1.000000	8.000000
8.000000	5.000000	20.000000	14.000000	9.000000
10.000000	17.000000	4.000000	2.000000	15.000000
9.315660	11.743571	10.702250	11.208229	8.000000
4.000000	6.000000	15.000000	1.000000	13.000000
9.278517	10.567846	8.938708	9.349604	10.000000
15.000000	5.000000	5.000000	9.000000	17.000000
9.400739	11.174335	10.261577	9.617876	2.000000
9.000000	13.000000	10.000000	5.000000	14.000000
17.000000	20.000000	10.000000	11.000000	12.000000
17.000000	7.000000	17.000000	11.000000	7.000000
1.000000	15.000000	6.000000	17.000000	1.000000
15.000000	11.000000	17.000000	12.000000	19.000000
13.000000	15.000000	19.000000	5.000000	18.000000
7.574761	8.498450	6.940173	8.796970	10.000000
3.000000	17.000000	9.000000	12.000000	8.000000
1.000000	20.000000	6.000000	9.000000	10.000000
4.000000	10.000000	5.000000	9.000000	6.000000
17.000000	16.000000	8.000000	5.000000	7.000000
18.000000	17.000000	1.000000	16.000000	1.000000
18.000000	15.000000	6.000000	19.000000	16.000000
15.000000	14.000000	12.000000	16.000000	17.000000
11.000000	16.000000	17.000000	16.000000	16.000000
6.000000	19.000000	17.000000	2.000000	20.000000
14.000000	10.000000	15.000000	1.000000	14.000000
13.000000	19.000000	2.000000	13.000000	14.000000
8.558097	10.179627	10.780758	9.279638	13.000000
9.903442	9.641607	10.167717	9.437015	10.000000
9.282335	9.529545	9.769892	8.326775	9.000000
12.000000	16.000000	20.000000	1.000000	10.000000
19.000000	14.000000	19.000000	5.000000	15.000000
5.000000	17.000000	13.000000	6.000000	1.000000
8.649037	8.536253	9.823189	10.153847	20.000000
9.318029	11.000753	10.076693	10.294516	8.000000
7.000000	19.000000	9.000000	3.000000	9.000000
9.000000	6.000000	17.000000	8.000000	6.000000
6.000000	18.000000	20.000000	16.000000	14.000000
6.000000	12.000000	10.000000	10.000000	18.000000
3.000000	7.000000	9.000000	9.000000	17.000000
20.000000	8.000000	13.000000	5.000000	13.000000
20.000000	11.000000	3.000000	20.000000	5.000000
12.000000	1.000000	3.000000	20.000000	20.000000
20.000000	17.000000	18.000000	11.000000	12.000000
11.000000	16.000000	4.000000	13.000000	5.000000
13.000000	7.000000	4.000000	1.000000	15.000000
20.000000	1.000000	3.000000	4.000000	17.000000
8.990671	8.619819	8.997823	8.413092	15.000000
16.000000	12.000000	15.000000	10.000000	11.000000
9.161160	9.608271	9.989909	9.007223	12.000000
11.000000	14.000000	8.000000	6.000000	18.000000
4.000000	18.000000	16.000000	7.000000	10.000000
11.000000	18.000000	2.000000	5.000000	2.000000
11.000000	11.000000	17.000000	10.000000	19.000000
11.000000	5.000000	11.000000	6.000000	15.000000
13.000000	12.000000	16.000000	20.000000	15.000000
7.000000	2.000000	20.000000	6.000000	7.000000
9.410683	8.793925	9.319478	7.452634	8.000000
17.000000	15.000000	18.000000	19.000000	19.000000
19.000000	9.000000	9.000000	7.000000	10.000000
9.961165	10.928928	10.097472	9.945436	14.000000
11.368174	8.395457	9.784354	9.025475	5.000000
9.477330	8.733272	11.107509	8.917650	11.000000
12.000000	20.000000	12.000000	19.000000	4.000000
20.000000	16.000000	19.000000	17.000000	14.000000
17.000000	7.000000	14.000000	18.000000	13.000000
15.000000	17.000000	1.000000	20.000000	10.000000
7.000000	12.000000	3.000000	3.000000	10.000000
20.000000	14.000000	15.000000	5.000000	4.000000
6.000000	9.000000	15.000000	17.000000	7.000000
18.000000	8.000000	2.000000	16.000000	16.000000
9.312840	10.917349	10.127499	10.504532	2.000000
6.000000	6.000000	10.000000	19.000000	18.000000
8.463437	9.918642	8.764473	8.061100	19.000000
18.000000	12.000000	12.000000	13.000000	17.000000
7.000000	10.000000	17.000000	1.000000	6.000000
3.000000	19.000000	14.000000	17.000000	6.000000
7.094495	9.325400	7.945933	8.217876	19.000000
3.000000	20.000000	4.000000	12.000000	18.000000
1.000000	10.000000	14.000000	1.000000	3.000000
5.000000	19.000000	6.000000	8.000000	3.000000
7.905925	7.862679	7.676111	6.914144	7.000000
9.173197	8.434031	9.102819	8.951574	1.000000
10.455246	10.205676	9.673988	11.055250	17.000000
13.000000	7.000000	8.000000	9.000000	10.000000
18.000000	1.000000	20.000000	11.000000	14.000000
14.000000	15.000000	12.000000	19.000000	3.000000
8.784884	10.248773	10.335464	9.819203	2.000000
7.000000	5.000000	6.000000	16.000000	19.000000
6.000000	10.000000	13.000000	13.000000	5.000000
1.000000	17.000000	3.000000	20.000000	5.000000
13.000000	17.000000	18.000000	4.000000	8.000000
11.000000	9.000000	14.000000	14.000000	19.000000
8.000000	11.000000	3.000000	8.000000	7.000000
11.301867	9.484687	9.479358	10.154526	2.000000
13.000000	8.000000	3.000000	17.000000	20.000000
19.000000	9.000000	16.000000	2.000000	9.000000
13.000000	6.000000	5.000000	2.000000	1.000000
4.000000	4.000000	1.000000	10.000000	9.000000
8.465155	10.010754	11.730410	10.533733	17.000000
8.780761	8.348083	8.758451	9.825513	19.000000
4.000000	4.000000	6.000000	18.000000	12.000000
11.532464	10.038926	9.530982	10.016313	1.000000
1.000000	9.000000	6.000000	5.000000	10.000000
18.000000	1.000000	13.000000	18.000000	10.000000
8.170282	8.416211	8.655800	8.908834	10.000000
14.000000	7.000000	19.000000	16.000000	5.000000
17.000000	11.000000	20.000000	15.000000	20.000000
10.163212	9.917599	10.415598	9.276394	7.000000
8.000000	4.000000	15.000000	6.000000	8.000000
16.000000	3.000000	20.000000	20.000000	1.000000
1.000000	12.000000	9.000000	19.000000	2.000000
10.000000	4.000000	8.000000	8.000000	20.000000
9.204598	9.258846	8.856911	8.763325	2.000000
9.681757	10.591887	10.076054	10.286118	10.000000
3.000000	8.000000	13.000000	10.000000	13.000000
13.000000	17.000000	8.000000	4.000000	17.000000
20.000000	5.000000	20.000000	8.000000	3.000000
14.000000	9.000000	6.000000	13.000000	8.000000
8.735631	10.620520	8.270200	8.641121	5.000000
17.000000	4.000000	11.000000	13.000000	4.000000
13.000000	7.000000	11.000000	17.000000	8.000000
10.207400	10.881021	10.097658	10.529297	5.000000
13.000000	14.000000	9.000000	4.000000	1.000000
3.000000	17.000000	1.000000	20.000000	10.000000
20.000000	9.000000	18.000000	14.000000	19.000000
2.000000	2.000000	2.000000	5.000000	6.000000
7.601880	7.291224	8.101787	7.251534	5.000000
12.000000	14.000000	6.000000	8.000000	8.000000
2.000000	20.000000	1.000000	10.000000	16.000000
13.000000	4.000000	12.000000	5.000000	3.000000
8.970874	8.294925	8.940202	8.809478	18.000000
1.000000	12.000000	19.000000	2.000000	16.000000
17.000000	18.000000	4.000000	1.000000	17.000000
1.000000	12.000000	10.000000	6.000000	12.000000
10.000000	7.000000	3.000000	10.000000	8.000000
18.000000	15.000000	3.000000	10.000000	19.000000
7.261570	7.202362	7.607655	8.281930	12.000000
12.000000	8.000000	4.000000	10.000000	2.000000
11.000000	18.000000	19.000000	7.000000	18.000000
15.000000	7.000000	2.000000	17.000000	4.000000
13.000000	6.000000	2.000000	15.000000	7.000000
8.831867	11.425332	10.498174	9.390228	14.000000
12.000000	19.000000	15.000000	6.000000	18.000000
7.000000	17.000000	6.000000	2.000000	18.000000
9.362608	9.268622	10.795111	8.915559	10.000000
7.384215	8.650640	9.131933	9.518907	12.000000
11.000000	18.000000	9.000000	4.000000	13.000000
8.192122	10.053470	9.609627	9.567233	18.000000
10.000000	11.000000	17.000000	4.000000	16.000000
14.000000	10.000000	12.000000	11.000000	11.000000
9.758972	9.392879	9.631696	9.035302	10.000000
9.199949	8.930983	10.026958	8.299123	14.000000
9.252147	8.407848	8.104569	8.538983	18.000000
16.000000	10.000000	13.000000	4.000000	9.000000
10.279705	9.368273	10.539635	10.268705	8.000000
8.977369	8.658237	7.734386	8.885972	7.000000
20.000000	10.000000	7.000000	6.000000	5.000000
16.000000	10.000000	5.000000	20.000000	13.000000
8.817020	8.577332	8.111753	9.656746	10.000000
15.000000	1.000000	12.000000	8.000000	4.000000
8.415194	9.884595	8.853842	8.587965	20.000000
9.718372	8.993886	7.882770	8.685117	9.000000
9.000000	4.000000	10.000000	8.000000	9.000000
14.000000	3.000000	10.000000	11.000000	15.000000
2.000000	1.000000	1.000000	20.000000	6.000000
11.000000	6.000000	6.000000	14.000000	13.000000
1.000000	5.000000	14.000000	8.000000	7.000000
13.000000	2.000000	19.000000	8.000000	6.000000
19.000000	8.000000	1.000000	8.000000	15.000000
9.000000	13.000000	10.000000	11.000000	3.000000
4.000000	4.000000	15.000000	4.000000	3.000000
20.000000	6.000000	9.000000	5.000000	19.000000
13.000000	5.000000	4.000000	19.000000	4.000000
9.313261	9.159897	9.614721	9.040112	2.000000
3.000000	18.000000	10.000000	3.000000	5.000000
16.000000	3.000000	10.000000	17.000000	13.000000
12.000000	20.000000	17.000000	7.000000	16.000000
11.000000	18.000000	13.000000	11.000000	3.000000
12.000000	16.000000	19.000000	7.000000	6.000000
15.000000	20.000000	8.000000	20.000000	20.000000
2.000000	2.000000	9.000000	3.000000	16.000000
6.000000	18.000000	18.000000	15.000000	15.000000
3.000000	18.000000	6.000000	11.000000	16.000000
13.000000	13.000000	14.000000	18.000000	4.000000
8.000000	9.000000	11.000000	18.000000	7.000000
16.000000	12.000000	6.000000	15.000000	3.000000
17.000000	16.000000	16.000000	18.000000	18.000000
11.000000	3.000000	8.000000	1.000000	9.000000
14.000000	3.000000	6.000000	11.000000	13.000000
14.000000	16.000000	5.000000	19.000000	13.000000
20.000000	6.000000	13.000000	10.000000	15.000000
11.000000	17.000000	7.000000	8.000000	4.000000
9.000000	5.000000	11.000000	17.000000	14.000000
9.356493	9.093329	10.013896	9.377512	7.000000
16.000000	13.000000	1.000000	13.000000	15.000000
5.000000	18.000000	10.000000	10.000000	16.000000
14.000000	1.000000	13.000000	6.000000	3.000000
9.035426	7.856660	9.925384	8.736304	16.000000
14.000000	14.000000	12.000000	5.000000	10.000000
8.844826	8.495467	8.481344	8.546096	4.000000
9.517947	8.865752	9.787739	7.929210	11.000000
9.396594	11.237230	10.642851	9.870246	13.000000
4.000000	17.000000	14.000000	17.000000	15.000000
16.000000	16.000000	2.000000	6.000000	1.000000
17.000000	20.000000	14.000000	8.000000	16.000000
8.681442	9.162672	7.871061	7.946597	15.000000
15.000000	2.000000	13.000000	2.000000	1.000000
10.290104	10.886061	9.901819	9.188938	18.000000
17.000000	19.000000	15.000000	2.000000	7.000000
1.000000	17.000000	2.000000	2.000000	15.000000
2.000000	11.000000	6.000000	8.000000	18.000000
1.000000	3.000000	2.000000	12.000000	10.000000
8.000000	6.000000	11.000000	1.000000	19.000000
12.000000	8.000000	13.000000	16.000000	11.000000
11.000000	12.000000	1.000000	17.000000	14.000000
8.000000	17.000000	2.000000	9.000000	18.000000
8.000000	11.000000	8.000000	5.000000	18.000000
18.000000	5.000000	12.000000	11.000000	8.000000
1.000000	18.000000	13.000000	3.000000	10.000000
8.315091	8.583649	8.086579	7.199710	1.000000
10.469136	10.825469	9.103609	10.672662	2.000000
10.000000	7.000000	10.000000	3.000000	15.000000
9.131022	7.982585	8.573153	8.746726	7.000000
14.000000	4.000000	12.000000	17.000000	14.000000
19.000000	17.000000	3.000000	4.000000	20.000000
13.000000	18.000000	5.000000	1.000000	13.000000
18.000000	20.000000	10.000000	14.000000	19.000000
3.000000	3.000000	5.000000	12.000000	17.000000
11.000000	11.000000	19.000000	8.000000	17.000000
6.000000	13.000000	20.000000	9.000000	10.000000
5.000000	7.000000	18.000000	7.000000	2.000000
9.314895	7.924332	8.222593	9.002991	12.000000
4.000000	3.000000	11.000000	6.000000	16.000000
1.000000	8.000000	10.000000	5.000000	20.000000
6.000000	7.000000	10.000000	17.000000	14.000000
18.000000	2.000000	19.000000	9.000000	10.000000
8.000000	13.000000	8.000000	17.000000	11.000000
10.123250	9.417214	8.922850	8.231524	11.000000
10.617201	9.474743	8.903349	10.608638	1.000000
12.000000	7.000000	1.000000	1.000000	3.000000
12.000000	18.000000	9.000000	13.000000	14.000000
10.204736	12.862738	10.508097	10.453052	18.000000
16.000000	12.000000	2.000000	4.000000	8.000000
4.000000	17.000000	5.000000	5.000000	9.000000
15.000000	1.000000	16.000000	19.000000	7.000000
9.000000	10.000000	13.000000	9.000000	2.000000
15.000000	12.000000	20.000000	16.000000	4.000000
5.000000	10.000000	13.000000	12.000000	14.000000
9.442829	9.249878	9.743528	8.991364	2.000000
4.000000	18.000000	18.000000	9.000000	15.000000
18.000000	15.000000	15.000000	14.000000	14.000000
14.000000	2.000000	15.000000	6.000000	2.000000
9.000000	13.000000	13.000000	20.000000	8.000000
16.000000	4.000000	17.000000	20.000000	15.000000
2.000000	13.000000	14.000000	18.000000	7.000000
7.000000	1.000000	16.000000	17.000000	1.000000
9.640764	11.991976	10.278069	10.938887	7.000000
9.310744	8.313206	9.088713	9.906657	15.000000
8.536607	9.328432	8.624687	10.039641	14.000000
6.000000	20.000000	10.000000	14.000000	19.000000
16.000000	15.000000	3.000000	1.000000	12.000000
9.000000	8.000000	5.000000	5.000000	4.000000
5.000000	6.000000	9.000000	12.000000	2.000000
8.000000	4.000000	3.000000	7.000000	11.000000
10.000000	20.000000	17.000000	8.000000	4.000000
3.000000	14.000000	4.000000	12.000000	19.000000
14.000000	7.000000	14.000000	9.000000	8.000000
8.612369	10.224922	8.292247	9.188595	13.000000
2.000000	6.000000	11.000000	10.000000	9.000000
4.000000	9.000000	13.000000	7.000000	16.000000
15.000000	8.000000	7.000000	3.000000	15.000000
10.000000	5.000000	20.000000	5.000000	16.000000
19.000000	11.000000	15.000000	4.000000	19.000000
14.000000	8.000000	7.000000	20.000000	1.000000
11.920712	8.902776	11.975108	9.753480	2.000000
6.000000	17.000000	11.000000	10.000000	3.000000
18.000000	4.000000	2.000000	16.000000	7.000000
17.000000	5.000000	3.000000	8.000000	2.000000
11.000000	6.000000	4.000000	5.000000	9.000000
2.000000	10.000000	9.000000	20.000000	9.000000
9.829017	9.695709	10.406533	10.706949	4.000000
14.000000	3.000000	1.000000	16.000000	13.000000
8.947501	9.644114	8.611750	10.681065	20.000000
6.000000	5.000000	17.000000	9.000000	12.000000
10.000000	19.000000	10.000000	13.000000	15.000000
9.426546	8.787350	9.698773	9.772211	13.000000
4.000000	18.000000	16.000000	16.000000	15.000000
8.673921	8.676655	10.324855	9.839406	17.000000
2.000000	6.000000	13.000000	9.000000	14.000000
13.000000	15.000000	18.000000	1.000000	15.000000
7.917774	8.746445	9.760601	10.133426	2.000000
7.000000	20.000000	7.000000	10.000000	9.000000
11.000000	13.000000	19.000000	6.000000	8.000000
9.121005	8.810907	7.655679	7.944828	7.000000
16.000000	15.000000	4.000000	9.000000	16.000000
8.678614	9.215182	10.644260	8.892115	13.000000
16.000000	19.000000	14.000000	8.000000	8.000000
15.000000	6.000000	7.000000	1.000000	15.000000
8.000000	3.000000	19.000000	6.000000	9.000000
18.000000	10.000000	5.000000	17.000000	4.000000
3.000000	13.000000	18.000000	19.000000	13.000000
9.690143	11.245298	10.396254	9.684474	5.000000
9.000000	1.000000	3.000000	2.000000	8.000000
2.000000	8.000000	5.000000	1.000000	20.000000
19.000000	8.000000	2.000000	9.000000	13.000000
2.000000	18.000000	14.000000	6.000000	15.000000
17.000000	1.000000	19.000000	7.000000	11.000000
11.000000	11.000000	17.000000	7.000000	17.000000
8.782404	10.249779	10.267150	9.157866	8.000000
10.819761	10.032129	10.135416	9.247630	17.000000
6.000000	12.000000	16.000000	19.000000	20.000000
11.128551	10.678102	10.195587	11.598232	18.000000
4.000000	2.000000	18.000000	2.000000	8.000000
8.000000	4.000000	18.000000	17.000000	10.000000
14.000000	9.000000	16.000000	3.000000	16.000000
15.000000	19.000000	12.000000	1.000000	11.000000
20.000000	18.000000	2.000000	15.000000	16.000000
14.000000	14.000000	16.000000	3.000000	18.000000
14.000000	18.000000	19.000000	3.000000	19.000000
9.260777	9.429124	9.934258	8.217958	19.000000
15.000000	1.000000	19.000000	2.000000	3.000000
14.000000	8.000000	13.000000	5.000000	8.000000
10.136849	11.340416	10.390163	9.256276	10.000000
9.683293	8.671837	8.473799	7.912271	4.000000
13.000000	5.000000	1.000000	11.000000	19.000000
11.000000	9.000000	1.000000	4.000000	4.000000
11.000000	10.000000	4.000000	10.000000	11.000000
9.371781	10.662397	10.804943	10.758128	20.000000
17.000000	6.000000	15.000000	5.000000	3.000000
17.000000	9.000000	4.000000	11.000000	20.000000
20.000000	15.000000	16.000000	12.000000	18.000000
6.910714	7.815754	8.534431	8.524240	18.000000
9.459197	10.757538	10.950041	9.404927	10.000000
10.000000	14.000000	13.000000	20.000000	5.000000
4.000000	16.000000	10.000000	18.000000	1.000000
4.000000	6.000000	1.000000	20.000000	17.000000
20.000000	11.000000	3.000000	7.000000	2.000000
9.344223	10.379287	10.747244	9.512691	10.000000
6.000000	9.000000	19.000000	5.000000	13.000000
8.000000	14.000000	18.000000	12.000000	13.000000
8.422642	8.638874	8.954590	9.043410	5.000000
7.620571	8.161333	9.186978	8.362489	18.000000
9.814432	9.958858	10.171161	10.639114	10.000000
10.929074	10.781124	10.902693	10.390527	1.000000
11.000000	2.000000	9.000000	1.000000	6.000000
9.225510	8.723878	9.243130	8.707788	4.000000
16.000000	4.000000	10.000000	16.000000	7.000000
9.187430	10.384714	10.935591	10.532172	12.000000
15.000000	13.000000	15.000000	15.000000	5.000000
9.502018	8.728162	9.188019	8.412307	12.000000
10.113659	10.615894	9.920818	12.109484	11.000000
3.000000	2.000000	2.000000	14.000000	12.000000
5.000000	2.000000	15.000000	15.000000	9.000000
10.499094	9.312755	10.110786	10.396211	15.000000
10.637886	9.484804	9.639407	10.256478	19.000000
12.000000	2.000000	14.000000	20.000000	18.000000
18.000000	8.000000	8.000000	3.000000	17.000000
6.434441	9.218823	8.268918	7.734694	11.000000
10.119078	9.257027	8.585705	8.805042	2.000000
20.000000	20.000000	2.000000	8.000000	10.000000
8.000000	20.000000	15.000000	15.000000	18.000000
13.000000	19.000000	19.000000	19.000000	18.000000
10.991125	8.763664	10.102236	9.229564	10.000000
6.000000	6.000000	14.000000	3.000000	9.000000
16.000000	3.000000	4.000000	7.000000	9.000000
18.000000	19.000000	9.000000	11.000000	18.000000
18.000000	18.000000	17.000000	4.000000	5.000000
14.000000	17.000000	3.000000	5.000000	7.000000
12.000000	13.000000	2.000000	1.000000	20.000000
11.000000	6.000000	17.000000	16.000000	20.000000
5.000000	4.000000	2.000000	1.000000	2.000000
3.000000	18.000000	20.000000	3.000000	20.000000
18.000000	12.000000	17.000000	6.000000	16.000000
8.141544	9.111109	9.664804	7.946689	16.000000
10.000000	19.000000	8.000000	3.000000	11.000000
7.000000	5.000000	17.000000	16.000000	12.000000
16.000000	20.000000	15.000000	10.000000	12.000000
