7.000000	5.000000	14.000000	6.000000	6.000000
9.000000	15.000000	20.000000	3.000000	11.000000
9.153277	8.196616	9.365812	9.842457	10.000000
9.156815	10.454554	9.983137	10.134245	11.000000
12.000000	20.000000	14.000000	10.000000	1.000000
14.000000	20.000000	10.000000	15.000000	7.000000
1.000000	2.000000	3.000000	6.000000	7.000000
10.639902	11.407040	11.713338	10.706501	9.000000
9.205270	8.415815	8.668721	9.721916	20.000000
20.000000	12.000000	5.000000	16.000000	18.000000
10.600512	10.470482	11.923696	11.095966	8.000000
17.000000	13.000000	19.000000	19.000000	20.000000
6.000000	11.000000	13.000000	20.000000	9.000000
11.000000	20.000000	15.000000	3.000000	20.000000
3.000000	6.000000	12.000000	13.000000	2.000000
10.052516	8.335347	8.129395	9.114088	20.000000
15.000000	14.000000	18.000000	3.000000	13.000000
18.000000	12.000000	18.000000	16.000000	2.000000
17.000000	1.000000	4.000000	9.000000	13.000000
12.000000	19.000000	12.000000	6.000000	13.000000
3.000000	20.000000	18.000000	7.000000	4.000000
10.493675	10.010589	8.336605	9.776575	17.000000
19.000000	14.000000	10.000000	16.000000	16.000000
8.477382	9.001288	8.532524	9.350121	1.000000
20.000000	11.000000	13.000000	16.000000	11.000000
5.000000	7.000000	9.000000	17.000000	5.000000
2.000000	19.000000	4.000000	11.000000	17.000000
20.000000	14.000000	6.000000	7.000000	1.000000
9.025115	9.364932	9.772735	9.137222	12.000000
1.000000	9.000000	17.000000	12.000000	11.000000
17.000000	3.000000	2.000000	9.000000	18.000000
12.000000	6.000000	5.000000	13.000000	2.000000
1.000000	6.000000	12.000000	4.000000	8.000000
9.000000	15.000000	1.000000	6.000000	1.000000
13.000000	8.000000	5.000000	18.000000	2.000000
9.000000	11.000000	10.000000	5.000000	2.000000
13.000000	13.000000	4.000000	6.000000	13.000000
10.790280	9.497611	10.041682	10.618307	1.000000
11.000000	18.000000	18.000000	3.000000	13.000000
6.000000	3.000000	8.000000	6.000000	8.000000
20.000000	11.000000	7.000000	17.000000	8.000000
8.760382	7.914262	7.737267	9.908722	1.000000
11.000000	2.000000	13.000000	7.000000	7.000000
5.000000	20.000000	16.000000	3.000000	9.000000
8.000000	13.000000	18.000000	6.000000	7.000000
2.000000	3.000000	9.000000	9.000000	8.000000
9.000000	1.000000	10.000000	15.000000	17.000000
18.000000	15.000000	1.000000	19.000000	17.000000
1.000000	2.000000	10.000000	5.000000	8.000000
9.000000	9.000000	19.000000	4.000000	11.000000
19.000000	3.000000	16.000000	16.000000	20.000000
2.000000	17.000000	2.000000	3.000000	18.000000
9.091344	9.846312	9.595840	11.163344	17.000000
10.260360	10.124884	8.823403	9.682350	19.000000
20.000000	18.000000	20.000000	1.000000	2.000000
19.000000	9.000000	2.000000	17.000000	4.000000
5.000000	15.000000	7.000000	20.000000	2.000000
6.000000	13.000000	18.000000	8.000000	15.000000
15.000000	9.000000	17.000000	4.000000	11.000000
6.000000	9.000000	11.000000	9.000000	6.000000
9.000000	20.000000	3.000000	20.000000	20.000000
16.000000	18.000000	9.000000	10.000000	6.000000
4.000000	14.000000	12.000000	10.000000	5.000000
13.000000	8.000000	17.000000	10.000000	7.000000
4.000000	17.000000	7.000000	20.000000	20.000000
17.000000	5.000000	1.000000	7.000000	5.000000
9.246971	9.098633	11.171427	9.522422	6.000000
8.000000	8.000000	15.000000	8.000000	17.000000
9.959267	10.498728	10.156612	9.788738	1.000000
9.462423	8.967117	8.349859	9.889246	5.000000
6.000000	18.000000	1.000000	12.000000	17.000000
12.000000	8.000000	14.000000	12.000000	7.000000
10.000000	18.000000	5.000000	6.000000	18.000000
11.000000	5.000000	17.000000	17.000000	12.000000
14.000000	17.000000	2.000000	15.000000	7.000000
14.000000	1.000000	2.000000	5.000000	15.000000
6.000000	10.000000	12.000000	18.000000	13.000000
9.396621	10.062282	8.468945	9.245190	13.000000
19.000000	15.000000	2.000000	15.000000	12.000000
11.000000	17.000000	16.000000	7.000000	14.000000
7.688365	8.308442	10.435295	8.895186	7.000000
10.186855	8.910123	8.915824	10.076899	10.000000
5.000000	6.000000	20.000000	8.000000	3.000000
4.000000	7.000000	16.000000	16.000000	12.000000
8.000000	6.000000	6.000000	1.000000	1.000000
9.000000	11.000000	17.000000	4.000000	9.000000
10.467730	10.907978	10.518962	10.923811	13.000000
19.000000	19.000000	18.000000	17.000000	7.000000
8.000000	13.000000	5.000000	19.000000	20.000000
9.391449	9.852458	8.820752	9.724241	10.000000
9.000000	1.000000	15.000000	6.000000	13.000000
15.000000	14.000000	3.000000	4.000000	17.000000
4.000000	13.000000	10.000000	4.000000	4.000000
3.000000	2.000000	2.000000	20.000000	10.000000
10.289563	10.774068	11.206473	10.594965	9.000000
1.000000	3.000000	3.000000	18.000000	16.000000
12.000000	7.000000	9.000000	6.000000	12.000000
1.000000	13.000000	6.000000	16.000000	16.000000
14.000000	19.000000	8.000000	16.000000	14.000000
10.706104	10.451721	10.028270	9.750964	9.000000
4.000000	4.000000	20.000000	17.000000	7.000000
8.000000	17.000000	1.000000	10.000000	14.000000
17.000000	1.000000	12.000000	5.000000	7.000000
4.000000	17.000000	11.000000	1.000000	12.000000
6.000000	14.000000	10.000000	5.000000	9.000000
3.000000	8.000000	18.000000	9.000000	3.000000
9.321605	8.561670	10.588649	9.286613	20.000000
17.000000	5.000000	8.000000	17.000000	15.000000
10.448861	10.829432	11.644836	10.155453	9.000000
9.144304	10.381709	11.378484	9.043620	20.000000
10.131751	8.785688	8.852795	9.882244	5.000000
14.000000	13.000000	4.000000	12.000000	2.000000
6.000000	10.000000	17.000000	4.000000	7.000000
9.000000	20.000000	11.000000	16.000000	8.000000
5.000000	1.000000	1.000000	12.000000	6.000000
1.000000	16.000000	5.000000	6.000000	19.000000
5.000000	3.000000	10.000000	10.000000	13.000000
14.000000	15.000000	5.000000	9.000000	6.000000
18.000000	15.000000	7.000000	15.000000	10.000000
13.000000	3.000000	1.000000	4.000000	10.000000
11.166800	10.334605	11.687915	9.653769	11.000000
8.000000	1.000000	7.000000	4.000000	6.000000
8.686284	7.734555	10.810051	8.881668	9.000000
12.000000	12.000000	16.000000	9.000000	20.000000
1.000000	6.000000	14.000000	8.000000	12.000000
15.000000	12.000000	14.000000	15.000000	15.000000
16.000000	15.000000	15.000000	6.000000	14.000000
5.000000	5.000000	14.000000	3.000000	8.000000
20.000000	19.000000	8.000000	11.000000	5.000000
8.000000	3.000000	8.000000	3.000000	3.000000
9.712329	8.867731	10.623924	9.618155	15.000000
20.000000	7.000000	6.000000	5.000000	14.000000
13.000000	12.000000	8.000000	7.000000	17.000000
9.679096	9.445101	9.858739	9.622103	18.000000
1.000000	18.000000	16.000000	20.000000	8.000000
12.000000	7.000000	2.000000	19.000000	2.000000
4.000000	18.000000	17.000000	4.000000	10.000000
9.567389	8.413167	9.001687	9.148233	19.000000
13.000000	12.000000	11.000000	20.000000	10.000000
19.000000	13.000000	13.000000	12.000000	19.000000
2.000000	4.000000	8.000000	17.000000	3.000000
15.000000	1.000000	1.000000	9.000000	11.000000
8.190383	8.549442	8.645935	9.718228	15.000000
9.000000	4.000000	9.000000	9.000000	4.000000
20.000000	1.000000	15.000000	10.000000	13.000000
5.000000	20.000000	5.000000	9.000000	3.000000
15.000000	10.000000	6.000000	2.000000	18.000000
8.511211	8.424656	10.072464	9.696860	16.000000
9.000000	6.000000	20.000000	8.000000	8.000000
6.000000	17.000000	3.000000	7.000000	5.000000
9.125368	7.672242	7.059943	8.046273	7.000000
9.000000	17.000000	6.000000	13.000000	17.000000
9.000000	19.000000	6.000000	6.000000	12.000000
3.000000	6.000000	20.000000	13.000000	10.000000
7.000000	1.000000	15.000000	18.000000	20.000000
14.000000	4.000000	8.000000	9.000000	10.000000
10.224936	9.698698	9.700254	10.926065	18.000000
13.000000	9.000000	6.000000	18.000000	2.000000
2.000000	18.000000	12.000000	19.000000	4.000000
8.227020	9.691606	11.135546	10.656130	6.000000
9.023598	8.551237	9.489897	8.984069	11.000000
6.193491	6.678151	7.776879	6.739040	10.000000
7.000000	8.000000	15.000000	13.000000	8.000000
5.000000	5.000000	17.000000	10.000000	14.000000
10.000000	4.000000	12.000000	1.000000	2.000000
7.000000	16.000000	15.000000	19.000000	2.000000
20.000000	20.000000	15.000000	17.000000	7.000000
8.324262	9.899516	8.894738	9.716110	10.000000
8.837224	9.474095	9.292893	8.962713	12.000000
5.000000	12.000000	8.000000	13.000000	1.000000
7.450476	9.629498	9.000634	8.955832	14.000000
18.000000	2.000000	10.000000	12.000000	20.000000
11.000000	12.000000	19.000000	17.000000	8.000000
6.000000	5.000000	13.000000	5.000000	18.000000
2.000000	6.000000	17.000000	19.000000	1.000000
20.000000	15.000000	12.000000	7.000000	7.000000
10.782680	9.472810	9.553516	10.975729	15.000000
13.000000	17.000000	17.000000	14.000000	20.000000
8.000000	17.000000	11.000000	7.000000	13.000000
11.000000	4.000000	18.000000	15.000000	20.000000
7.000000	17.000000	5.000000	4.000000	7.000000
17.000000	15.000000	13.000000	20.000000	14.000000
11.000000	16.000000	5.000000	10.000000	7.000000
9.264062	10.484748	9.068965	8.761514	8.000000
14.000000	3.000000	4.000000	5.000000	1.000000
9.344956	11.120129	10.050274	10.041339	1.000000
7.000000	12.000000	9.000000	4.000000	7.000000
9.841076	9.680717	9.113286	9.570376	12.000000
9.649878	9.419627	8.683663	9.171401	18.000000
5.000000	9.000000	12.000000	19.000000	15.000000
19.000000	12.000000	9.000000	2.000000	8.000000
10.039958	10.193903	9.481675	9.363357	6.000000
7.000000	15.000000	17.000000	7.000000	18.000000
8.968561	10.558497	9.543957	9.626900	12.000000
12.000000	1.000000	13.000000	10.000000	10.000000
8.909500	8.454749	8.433340	9.655819	4.000000
5.000000	3.000000	8.000000	13.000000	16.000000
9.830973	8.934448	9.553153	9.204896	1.000000
2.000000	19.000000	15.000000	18.000000	5.000000
12.000000	12.000000	18.000000	1.000000	18.000000
2.000000	4.000000	18.000000	14.000000	14.000000
20.000000	15.000000	11.000000	9.000000	20.000000
15.000000	5.000000	2.000000	2.000000	18.000000
18.000000	8.000000	3.000000	14.000000	8.000000
3.000000	15.000000	18.000000	18.000000	4.000000
3.000000	1.000000	7.000000	12.000000	13.000000
4.000000	13.000000	17.000000	14.000000	6.000000
2.000000	13.000000	13.000000	12.000000	13.000000
10.374802	8.904658	9.057810	7.981059	11.000000
15.000000	14.000000	19.000000	9.000000	7.000000
18.000000	11.000000	13.000000	16.000000	20.000000
8.000000	10.000000	1.000000	14.000000	1.000000
5.000000	18.000000	14.000000	1.000000	11.000000
11.000000	14.000000	15.000000	15.000000	6.000000
7.000000	6.000000	3.000000	4.000000	11.000000
8.640830	7.868673	9.111650	8.709210	18.000000
3.000000	1.000000	1.000000	7.000000	8.000000
20.000000	15.000000	17.000000	12.000000	20.000000
18.000000	17.000000	17.000000	3.000000	9.000000
8.856385	9.745764	10.014835	7.875964	20.000000
8.000000	20.000000	17.000000	2.000000	15.000000
19.000000	7.000000	5.000000	15.000000	2.000000
14.000000	9.000000	3.000000	14.000000	15.000000
2.000000	6.000000	1.000000	19.000000	17.000000
1.000000	8.000000	13.000000	9.000000	10.000000
10.133459	10.462712	11.083073	7.760903	12.000000
5.000000	15.000000	3.000000	14.000000	8.000000
10.000000	12.000000	7.000000	6.000000	6.000000
8.000000	19.000000	6.000000	10.000000	5.000000
8.361753	9.062472	9.908134	8.756446	2.000000
6.000000	5.000000	1.000000	11.000000	6.000000
2.000000	4.000000	5.000000	7.000000	11.000000
8.000000	4.000000	5.000000	3.000000	17.000000
4.000000	12.000000	20.000000	10.000000	17.000000
18.000000	18.000000	7.000000	3.000000	19.000000
11.000000	15.000000	2.000000	20.000000	8.000000
15.000000	6.000000	4.000000	15.000000	8.000000
9.000000	16.000000	3.000000	5.000000	15.000000
10.659039	9.745249	10.763334	10.034073	7.000000
10.077934	9.994329	8.944229	9.910821	14.000000
6.000000	2.000000	3.000000	4.000000	5.000000
6.922304	8.134518	9.082890	8.503126	6.000000
18.000000	1.000000	3.000000	14.000000	16.000000
10.000000	14.000000	3.000000	12.000000	19.000000
17.000000	16.000000	15.000000	6.000000	16.000000
9.839292	10.399022	9.404481	8.098475	16.000000
13.000000	7.000000	9.000000	15.000000	10.000000
13.000000	7.000000	16.000000	4.000000	13.000000
2.000000	13.000000	14.000000	4.000000	18.000000
1.000000	14.000000	12.000000	15.000000	17.000000
2.000000	4.000000	5.000000	16.000000	9.000000
20.000000	16.000000	12.000000	19.000000	17.000000
19.000000	3.000000	3.000000	7.000000	17.000000
4.000000	12.000000	16.000000	20.000000	7.000000
20.000000	1.000000	11.000000	5.000000	4.000000
7.515232	8.952150	7.679287	7.453381	12.000000
6.000000	5.000000	7.000000	10.000000	20.000000
15.000000	9.000000	7.000000	18.000000	8.000000
3.000000	8.000000	10.000000	17.000000	7.000000
19.000000	20.000000	10.000000	6.000000	19.000000
8.000000	17.000000	19.000000	18.000000	2.000000
3.000000	18.000000	18.000000	11.000000	9.000000
1.000000	8.000000	13.000000	7.000000	17.000000
4.000000	14.000000	18.000000	10.000000	11.000000
17.000000	4.000000	11.000000	18.000000	12.000000
17.000000	8.000000	4.000000	6.000000	13.000000
8.952353	10.025158	7.788924	8.624163	2.000000
3.000000	7.000000	20.000000	12.000000	9.000000
9.676303	8.726969	8.967383	7.543104	11.000000
13.000000	8.000000	4.000000	2.000000	10.000000
8.140372	8.235564	8.616330	7.566434	16.000000
17.000000	13.000000	3.000000	20.000000	10.000000
8.000000	13.000000	14.000000	9.000000	5.000000
15.000000	3.000000	3.000000	14.000000	14.000000
12.000000	6.000000	18.000000	8.000000	10.000000
9.000000	12.000000	17.000000	12.000000	6.000000
6.000000	18.000000	3.000000	11.000000	6.000000
18.000000	19.000000	18.000000	1.000000	10.000000
7.383709	8.698807	7.453319	7.564836	8.000000
19.000000	7.000000	10.000000	13.000000	12.000000
3.000000	4.000000	17.000000	13.000000	3.000000
6.000000	1.000000	7.000000	3.000000	12.000000
12.000000	20.000000	2.000000	14.000000	2.000000
7.000000	4.000000	12.000000	17.000000	16.000000
1.000000	7.000000	15.000000	15.000000	19.000000
11.605367	10.640630	10.468320	11.316827	9.000000
9.610000	9.058393	9.405807	9.721571	9.000000
8.915572	8.766098	8.459559	7.686845	16.000000
5.000000	8.000000	8.000000	6.000000	14.000000
9.000000	4.000000	17.000000	13.000000	12.000000
4.000000	5.000000	19.000000	18.000000	19.000000
9.000000	11.000000	15.000000	5.000000	5.000000
4.000000	12.000000	1.000000	8.000000	8.000000
2.000000	6.000000	2.000000	2.000000	3.000000
9.000000	6.000000	10.000000	16.000000	3.000000
15.000000	17.000000	7.000000	11.000000	9.000000
10.075408	9.284641	9.059050	10.169211	3.000000
4.000000	8.000000	5.000000	10.000000	12.000000
1.000000	5.000000	16.000000	2.000000	12.000000
15.000000	3.000000	10.000000	16.000000	16.000000
4.000000	5.000000	2.000000	13.000000	12.000000
4.000000	8.000000	8.000000	2.000000	10.000000
16.000000	12.000000	16.000000	1.000000	11.000000
10.000000	16.000000	19.000000	7.000000	5.000000
2.000000	7.000000	10.000000	17.000000	20.000000
13.000000	4.000000	14.000000	2.000000	19.000000
10.000000	17.000000	15.000000	11.000000	10.000000
19.000000	6.000000	9.000000	6.000000	8.000000
10.000000	14.000000	19.000000	17.000000	14.000000
9.105050	8.810402	9.572558	9.696273	17.000000
5.000000	13.000000	15.000000	14.000000	9.000000
9.064512	8.497893	8.375332	8.058533	20.000000
3.000000	9.000000	17.000000	9.000000	11.000000
18.000000	7.000000	17.000000	18.000000	5.000000
7.791836	9.365338	8.230565	9.210719	8.000000
3.000000	6.000000	6.000000	3.000000	17.000000
14.000000	7.000000	9.000000	8.000000	13.000000
9.457122	9.663557	10.271237	9.577303	2.000000
10.000000	15.000000	2.000000	18.000000	15.000000
13.000000	7.000000	2.000000	1.000000	4.000000
6.000000	16.000000	15.000000	15.000000	1.000000
2.000000	17.000000	18.000000	19.000000	11.000000
14.000000	12.000000	17.000000	14.000000	19.000000
9.000000	3.000000	5.000000	19.000000	15.000000
6.000000	1.000000	1.000000	19.000000	18.000000
15.000000	3.000000	5.000000	8.000000	3.000000
20.000000	5.000000	18.000000	14.000000	19.000000
10.000000	7.000000	7.000000	8.000000	5.000000
17.000000	13.000000	16.000000	6.000000	19.000000
8.738489	10.591045	9.649448	8.550510	17.000000
7.000000	8.000000	17.000000	7.000000	18.000000
14.000000	13.000000	1.000000	10.000000	1.000000
3.000000	10.000000	17.000000	13.000000	15.000000
9.359795	10.014901	10.185887	7.855803	13.000000
18.000000	3.000000	6.000000	6.000000	20.000000
8.821573	10.691311	9.029937	9.227661	14.000000
1.000000	2.000000	13.000000	9.000000	20.000000
10.000000	3.000000	12.000000	2.000000	4.000000
4.000000	5.000000	5.000000	1.000000	9.000000
20.000000	20.000000	2.000000	13.000000	5.000000
15.000000	10.000000	19.000000	12.000000	15.000000
9.997881	10.014191	9.639997	10.752924	14.000000
3.000000	7.000000	7.000000	15.000000	8.000000
6.000000	17.000000	2.000000	9.000000	18.000000
5.000000	13.000000	14.000000	10.000000	5.000000
14.000000	1.000000	16.000000	16.000000	13.000000
20.000000	2.000000	2.000000	19.000000	5.000000
8.183363	9.353498	8.861683	8.868038	14.000000
8.000000	9.000000	13.000000	14.000000	15.000000
20.000000	11.000000	3.000000	1.000000	19.000000
13.000000	17.000000	3.000000	18.000000	6.000000
7.000000	12.000000	6.000000	2.000000	19.000000
9.975110	9.935987	9.303315	10.521247	4.000000
8.225904	10.325066	10.215718	9.955240	17.000000
9.000000	9.000000	17.000000	13.000000	2.000000
8.426126	9.829885	8.975998	9.114183	4.000000
2.000000	18.000000	12.000000	5.000000	16.000000
18.000000	3.000000	7.000000	15.000000	17.000000
17.000000	5.000000	10.000000	8.000000	8.000000
5.000000	15.000000	19.000000	7.000000	4.000000
7.000000	15.000000	12.000000	16.000000	7.000000
10.102737	9.422329	9.834011	9.196330	4.000000
5.000000	9.000000	14.000000	17.000000	5.000000
1.000000	6.000000	20.000000	7.000000	12.000000
16.000000	15.000000	16.000000	17.000000	2.000000
8.716539	8.314884	8.968654	8.440664	19.000000
11.000000	4.000000	6.000000	2.000000	19.000000
4.000000	18.000000	9.000000	6.000000	5.000000
9.580830	8.533248	9.757889	9.143961	10.000000
2.000000	17.000000	15.000000	1.000000	15.000000
19.000000	8.000000	9.000000	6.000000	16.000000
10.000000	1.000000	8.000000	5.000000	17.000000
18.000000	15.000000	20.000000	3.000000	8.000000
10.000000	19.000000	5.000000	18.000000	16.000000
1.000000	2.000000	17.000000	18.000000	10.000000
7.000000	19.000000	7.000000	13.000000	11.000000
7.844464	7.254832	9.397875	8.491335	17.000000
10.264876	10.062550	9.801650	9.596646	8.000000
5.000000	9.000000	2.000000	17.000000	4.000000
10.061064	8.324135	9.305887	10.142488	16.000000
9.000000	19.000000	9.000000	5.000000	16.000000
18.000000	3.000000	6.000000	4.000000	16.000000
16.000000	17.000000	18.000000	13.000000	18.000000
14.000000	17.000000	20.000000	14.000000	8.000000
8.545669	9.302178	8.559761	10.033623	7.000000
11.000000	2.000000	4.000000	4.000000	19.000000
19.000000	12.000000	9.000000	19.000000	17.000000
16.000000	17.000000	11.000000	13.000000	12.000000
6.000000	8.000000	20.000000	16.000000	12.000000
17.000000	1.000000	20.000000	17.000000	15.000000
19.000000	3.000000	5.000000	7.000000	15.000000
11.000000	17.000000	16.000000	14.000000	13.000000
8.162779	9.824438	10.001802	8.177517	3.000000
10.581718	10.029066	10.337714	10.124339	7.000000
7.972703	9.853907	9.646685	8.684725	15.000000
18.000000	11.000000	16.000000	18.000000	19.000000
2.000000	16.000000	13.000000	6.000000	2.000000
8.000000	8.000000	11.000000	3.000000	1.000000
3.000000	1.000000	17.000000	6.000000	8.000000
12.000000	10.000000	14.000000	2.000000	12.000000
20.000000	16.000000	11.000000	14.000000	2.000000
8.872313	10.283461	10.414101	8.927133	1.000000
2.000000	14.000000	8.000000	14.000000	11.000000
2.000000	1.000000	18.000000	12.000000	16.000000
10.000000	6.000000	8.000000	19.000000	3.000000
7.000000	10.000000	12.000000	20.000000	3.000000
8.953333	10.349411	7.934097	7.235816	5.000000
12.000000	3.000000	8.000000	15.000000	7.000000
11.406779	10.098933	11.001088	10.923236	9.000000
11.986053	11.019615	10.633233	11.489554	20.000000
9.557177	9.965082	8.872593	9.166529	18.000000
19.000000	3.000000	7.000000	11.000000	14.000000
9.387063	9.905387	10.740768	10.852963	10.000000
10.000000	15.000000	4.000000	17.000000	1.000000
10.000000	17.000000	16.000000	1.000000	16.000000
16.000000	2.000000	4.000000	9.000000	12.000000
15.000000	17.000000	12.000000	11.000000	5.000000
9.000000	9.000000	19.000000	8.000000	11.000000
12.000000	1.000000	16.000000	17.000000	4.000000
17.000000	6.000000	10.000000	1.000000	14.000000
8.813492	9.376938	9.802715	9.833465	3.000000
9.340488	9.803789	8.525297	7.770337	1.000000
8.000000	6.000000	9.000000	19.000000	16.000000
13.000000	19.000000	17.000000	3.000000	18.000000
19.000000	15.000000	18.000000	14.000000	3.000000
1.000000	3.000000	8.000000	10.000000	15.000000
1.000000	19.000000	16.000000	3.000000	15.000000
10.005179	9.115147	9.208629	8.525412	11.000000
11.000000	1.000000	16.000000	19.000000	11.000000
4.000000	4.000000	9.000000	12.000000	6.000000
7.000000	10.000000	12.000000	4.000000	16.000000
14.000000	17.000000	18.000000	13.000000	6.000000
12.000000	14.000000	17.000000	7.000000	8.000000
9.529568	10.019414	9.461911	9.352635	10.000000
16.000000	11.000000	10.000000	4.000000	2.000000
20.000000	7.000000	5.000000	20.000000	18.000000
2.000000	6.000000	19.000000	6.000000	2.000000
11.066242	12.027391	11.594241	10.985224	4.000000
15.000000	14.000000	9.000000	3.000000	13.000000
16.000000	6.000000	9.000000	1.000000	6.000000
10.000000	9.000000	9.000000	19.000000	4.000000
10.000000	10.000000	2.000000	14.000000	1.000000
11.000000	7.000000	19.000000	9.000000	12.000000
20.000000	3.000000	3.000000	9.000000	5.000000
6.000000	15.000000	11.000000	14.000000	18.000000
15.000000	1.000000	3.000000	15.000000	13.000000
20.000000	4.000000	13.000000	8.000000	14.000000
16.000000	17.000000	15.000000	17.000000	2.000000
15.000000	7.000000	9.000000	13.000000	8.000000
9.865880	11.004837	10.131849	10.841711	12.000000
6.000000	11.000000	7.000000	8.000000	16.000000
16.000000	2.000000	16.000000	18.000000	16.000000
7.871288	9.968741	8.044227	7.655758	5.000000
4.000000	17.000000	13.000000	18.000000	5.000000
15.000000	5.000000	4.000000	3.000000	17.000000
11.000000	14.000000	13.000000	12.000000	20.000000
4.000000	17.000000	10.000000	2.000000	17.000000
18.000000	17.000000	10.000000	13.000000	6.000000
18.000000	1.000000	15.000000	8.000000	14.000000
9.738021	11.649024	10.160781	10.998287	13.000000
6.000000	17.000000	17.000000	9.000000	11.000000
6.000000	11.000000	17.000000	18.000000	2.000000
8.000000	13.000000	11.000000	9.000000	7.000000
7.000000	6.000000	15.000000	16.000000	19.000000
1.000000	13.000000	11.000000	15.000000	13.000000
4.000000	5.000000	16.000000	5.000000	19.000000
8.000000	3.000000	8.000000	17.000000	3.000000
9.705336	8.834745	9.409163	8.259986	19.000000
15.000000	5.000000	11.000000	17.000000	14.000000
17.000000	3.000000	11.000000	12.000000	11.000000
9.921671	9.630082	9.556878	8.986734	10.000000
19.000000	7.000000	6.000000	14.000000	4.000000
9.667210	8.536409	9.634900	10.423153	10.000000
8.000000	1.000000	11.000000	13.000000	10.000000
1.000000	8.000000	15.000000	11.000000	16.000000
20.000000	20.000000	11.000000	10.000000	3.000000
1.000000	11.000000	18.000000	7.000000	14.000000
7.000000	6.000000	20.000000	12.000000	11.000000
3.000000	7.000000	4.000000	20.000000	18.000000
9.283590	7.563399	8.828105	9.708842	20.000000
19.000000	15.000000	19.000000	5.000000	6.000000
7.000000	4.000000	17.000000	17.000000	6.000000
11.000000	9.000000	8.000000	8.000000	15.000000
1.000000	6.000000	12.000000	12.000000	17.000000
3.000000	7.000000	15.000000	18.000000	6.000000
4.000000	11.000000	5.000000	13.000000	5.000000
17.000000	4.000000	20.000000	7.000000	8.000000
9.235140	11.252938	10.507175	9.937914	9.000000
1.000000	15.000000	9.000000	8.000000	14.000000
16.000000	20.000000	19.000000	7.000000	11.000000
7.000000	1.000000	9.000000	1.000000	19.000000
8.482928	9.642217	9.098105	9.158626	9.000000
17.000000	19.000000	4.000000	8.000000	6.000000
12.000000	4.000000	10.000000	7.000000	20.000000
8.827257	8.929641	8.786580	7.953228	6.000000
19.000000	14.000000	5.000000	9.000000	13.000000
7.000000	15.000000	5.000000	16.000000	8.000000
3.000000	2.000000	4.000000	15.000000	4.000000
4.000000	12.000000	3.000000	8.000000	19.000000
20.000000	11.000000	15.000000	1.000000	17.000000
14.000000	11.000000	15.000000	12.000000	2.000000
8.095519	9.944385	8.853011	9.373672	19.000000
11.000000	2.000000	5.000000	16.000000	17.000000
4.000000	10.000000	10.000000	7.000000	5.000000
14.000000	11.000000	8.000000	8.000000	18.000000
18.000000	7.000000	20.000000	12.000000	19.000000
16.000000	18.000000	10.000000	2.000000	9.000000
3.000000	1.000000	10.000000	1.000000	16.000000
20.000000	12.000000	9.000000	5.000000	19.000000
18.000000	20.000000	8.000000	7.000000	19.000000
4.000000	12.000000	9.000000	11.000000	11.000000
18.000000	9.000000	17.000000	17.000000	12.000000
10.438034	10.851361	10.856635	10.603570	5.000000
9.000000	11.000000	17.000000	19.000000	3.000000
4.000000	10.000000	14.000000	4.000000	14.000000
10.050204	9.669631	10.397638	10.877480	20.000000
4.000000	15.000000	3.000000	4.000000	6.000000
14.000000	13.000000	6.000000	2.000000	1.000000
8.217131	8.793177	9.353437	8.754705	17.000000
7.796742	10.311692	8.964913	8.920316	16.000000
2.000000	11.000000	6.000000	15.000000	14.000000
11.000000	19.000000	7.000000	16.000000	2.000000
6.000000	19.000000	16.000000	8.000000	2.000000
13.000000	13.000000	14.000000	10.000000	15.000000
14.000000	7.000000	3.000000	9.000000	4.000000
20.000000	20.000000	1.000000	18.000000	7.000000
9.000000	11.000000	17.000000	14.000000	6.000000
3.000000	16.000000	16.000000	9.000000	12.000000
9.000000	6.000000	2.000000	16.000000	5.000000
16.000000	9.000000	18.000000	1.000000	10.000000
12.000000	7.000000	16.000000	6.000000	7.000000
11.000000	5.000000	7.000000	12.000000	15.000000
13.000000	12.000000	5.000000	2.000000	5.000000
2.000000	4.000000	12.000000	9.000000	4.000000
3.000000	9.000000	1.000000	17.000000	5.000000
9.660451	12.017803	11.050467	11.433842	4.000000
14.000000	5.000000	10.000000	2.000000	11.000000
17.000000	12.000000	7.000000	3.000000	15.000000
13.000000	7.000000	6.000000	10.000000	8.000000
10.453404	9.999526	8.884445	9.933299	4.000000
10.658213	9.788116	9.770092	8.722055	4.000000
16.000000	3.000000	7.000000	20.000000	16.000000
3.000000	14.000000	13.000000	12.000000	15.000000
3.000000	20.000000	18.000000	1.000000	14.000000
13.000000	6.000000	13.000000	10.000000	15.000000
12.000000	12.000000	9.000000	15.000000	5.000000
12.000000	4.000000	12.000000	4.000000	2.000000
8.000000	19.000000	16.000000	6.000000	11.000000
11.000000	8.000000	16.000000	15.000000	12.000000
2.000000	9.000000	3.000000	19.000000	10.000000
9.000000	3.000000	7.000000	1.000000	13.000000
1.000000	12.000000	4.000000	9.000000	18.000000
20.000000	13.000000	2.000000	3.000000	16.000000
9.807666	9.473469	8.381339	10.774096	8.000000
8.000000	20.000000	7.000000	3.000000	7.000000
10.000000	4.000000	15.000000	13.000000	15.000000
4.000000	13.000000	17.000000	10.000000	13.000000
9.000000	2.000000	16.000000	4.000000	3.000000
14.000000	3.000000	15.000000	15.000000	6.000000
2.000000	9.000000	7.000000	19.000000	18.000000
14.000000	7.000000	9.000000	1.000000	1.000000
15.000000	10.000000	17.000000	10.000000	14.000000
11.000000	5.000000	6.000000	7.000000	7.000000
8.893293	10.053061	9.065106	8.017885	19.000000
2.000000	19.000000	14.000000	8.000000	5.000000
19.000000	1.000000	5.000000	5.000000	12.000000
14.000000	19.000000	10.000000	14.000000	11.000000
10.000000	1.000000	12.000000	6.000000	10.000000
18.000000	16.000000	6.000000	3.000000	15.000000
9.315193	9.980543	9.157310	10.219331	10.000000
10.466550	8.532517	9.444107	9.450549	5.000000
16.000000	3.000000	5.000000	20.000000	8.000000
8.000000	5.000000	18.000000	17.000000	18.000000
20.000000	7.000000	18.000000	11.000000	4.000000
19.000000	8.000000	12.000000	17.000000	3.000000
9.341524	9.848216	10.186823	10.660794	3.000000
16.000000	18.000000	8.000000	15.000000	3.000000
8.723814	9.617510	9.416831	9.888918	1.000000
16.000000	8.000000	5.000000	13.000000	4.000000
14.000000	4.000000	2.000000	12.000000	7.000000
6.000000	2.000000	6.000000	17.000000	18.000000
8.000000	14.000000	18.000000	6.000000	20.000000
9.193878	10.221730	10.396278	9.700489	7.000000
3.000000	2.000000	8.000000	20.000000	2.000000
8.000000	15.000000	9.000000	4.000000	20.000000
8.777433	9.127354	9.498420	7.891580	1.000000
9.000000	11.000000	14.000000	15.000000	19.000000
8.309121	9.564395	9.487066	8.968970	20.000000
11.000000	20.000000	12.000000	11.000000	19.000000
19.000000	14.000000	12.000000	6.000000	13.000000
13.000000	6.000000	7.000000	13.000000	1.000000
6.000000	17.000000	10.000000	9.000000	2.000000
8.869022	7.466324	8.851825	9.008043	3.000000
2.000000	19.000000	9.000000	13.000000	19.000000
8.000000	15.000000	10.000000	19.000000	5.000000
20.000000	17.000000	18.000000	12.000000	15.000000
2.000000	16.000000	12.000000	9.000000	9.000000
8.696227	9.151337	9.273396	7.598982	6.000000
10.000000	19.000000	15.000000	13.000000	6.000000
9.000000	6.000000	4.000000	17.000000	10.000000
14.000000	16.000000	16.000000	4.000000	15.000000
20.000000	3.000000	3.000000	10.000000	14.000000
9.000000	11.000000	2.000000	12.000000	11.000000
10.853021	10.002356	10.622785	11.240206	13.000000
9.124013	10.324361	9.597962	10.896868	11.000000
8.255165	8.177939	6.994527	6.340111	17.000000
17.000000	6.000000	13.000000	12.000000	1.000000
9.093646	10.021945	8.979720	8.504344	4.000000
8.775990	8.526628	8.178938	9.836463	5.000000
8.985272	8.421787	8.748649	8.228642	20.000000
4.000000	19.000000	18.000000	15.000000	18.000000
8.000000	3.000000	6.000000	7.000000	14.000000
15.000000	15.000000	19.000000	7.000000	18.000000
19.000000	17.000000	20.000000	14.000000	9.000000
10.890187	10.222949	10.491492	10.638482	15.000000
7.000000	6.000000	5.000000	10.000000	11.000000
16.000000	14.000000	1.000000	13.000000	20.000000
18.000000	12.000000	2.000000	16.000000	18.000000
15.000000	10.000000	12.000000	6.000000	8.000000
9.000000	4.000000	4.000000	20.000000	9.000000
8.351186	9.354154	10.283279	6.690910	16.000000
8.224666	9.729185	10.199496	8.540799	5.000000
4.000000	7.000000	10.000000	16.000000	19.000000
9.000000	13.000000	10.000000	2.000000	8.000000
19.000000	9.000000	9.000000	2.000000	14.000000
16.000000	2.000000	9.000000	11.000000	2.000000
8.382196	8.775635	9.978447	9.246777	4.000000
4.000000	7.000000	19.000000	17.000000	18.000000
10.213597	9.073423	9.799677	10.012591	7.000000
15.000000	5.000000	19.000000	5.000000	19.000000
7.863044	9.307498	9.338113	8.924099	17.000000
12.000000	15.000000	18.000000	20.000000	5.000000
11.000000	17.000000	3.000000	11.000000	8.000000
6.000000	14.000000	14.000000	16.000000	10.000000
11.000000	3.000000	1.000000	7.000000	19.000000
7.000000	2.000000	3.000000	17.000000	18.000000
13.000000	15.000000	12.000000	11.000000	2.000000
6.909467	9.248142	8.682301	7.548500	2.000000
12.000000	20.000000	10.000000	15.000000	10.000000
9.000000	12.000000	15.000000	2.000000	8.000000
4.000000	5.000000	10.000000	16.000000	11.000000
8.000000	14.000000	4.000000	2.000000	11.000000
13.000000	7.000000	5.000000	17.000000	17.000000
18.000000	16.000000	19.000000	13.000000	5.000000
12.000000	17.000000	17.000000	13.000000	11.000000
18.000000	2.000000	2.000000	13.000000	15.000000
1.000000	8.000000	19.000000	2.000000	16.000000
2.000000	1.000000	9.000000	17.000000	3.000000
19.000000	10.000000	1.000000	4.000000	6.000000
9.119958	10.313207	9.679894	9.467659	6.000000
9.194008	9.401894	8.944519	8.362642	3.000000
8.012214	9.862973	9.286356	8.251294	19.000000
10.000000	10.000000	19.000000	1.000000	11.000000
14.000000	14.000000	12.000000	2.000000	10.000000
6.000000	1.000000	11.000000	6.000000	16.000000
9.128972	9.639975	10.834311	9.974443	1.000000
9.652814	10.795758	9.086864	9.754204	19.000000
4.000000	1.000000	5.000000	19.000000	10.000000
16.000000	1.000000	19.000000	14.000000	1.000000
1.000000	19.000000	6.000000	12.000000	20.000000
7.000000	9.000000	12.000000	10.000000	6.000000
19.000000	17.000000	20.000000	19.000000	1.000000
20.000000	3.000000	14.000000	1.000000	1.000000
12.000000	5.000000	13.000000	9.000000	3.000000
2.000000	4.000000	15.000000	20.000000	9.000000
7.000000	1.000000	7.000000	12.000000	4.000000
18.000000	19.000000	5.000000	2.000000	20.000000
10.000000	12.000000	8.000000	9.000000	10.000000
9.000000	8.000000	13.000000	2.000000	9.000000
7.928678	7.721349	9.808806	10.208271	14.000000
7.000000	19.000000	9.000000	14.000000	10.000000
9.698122	10.004189	9.138428	9.149682	12.000000
6.000000	16.000000	2.000000	2.000000	9.000000
1.000000	11.000000	1.000000	8.000000	20.000000
2.000000	8.000000	19.000000	14.000000	10.000000
19.000000	18.000000	15.000000	3.000000	15.000000
20.000000	2.000000	5.000000	20.000000	15.000000
14.000000	20.000000	6.000000	16.000000	6.000000
17.000000	13.000000	13.000000	10.000000	14.000000
9.988040	8.901775	8.614931	7.981195	2.000000
15.000000	15.000000	9.000000	6.000000	9.000000
18.000000	16.000000	18.000000	4.000000	19.000000
8.084330	9.758578	9.565370	9.375340	6.000000
9.598832	9.847576	9.355717	9.197602	17.000000
9.331441	10.264648	9.585860	10.480221	13.000000
14.000000	8.000000	15.000000	9.000000	1.000000
16.000000	16.000000	15.000000	4.000000	1.000000
15.000000	14.000000	16.000000	5.000000	9.000000
6.000000	8.000000	16.000000	9.000000	8.000000
1.000000	18.000000	9.000000	18.000000	13.000000
17.000000	11.000000	4.000000	17.000000	17.000000
16.000000	2.000000	16.000000	2.000000	2.000000
16.000000	17.000000	17.000000	3.000000	13.000000
11.017810	9.191531	9.812520	9.754649	13.000000
18.000000	2.000000	1.000000	13.000000	11.000000
8.060653	9.289114	9.007143	9.833075	15.000000
12.000000	16.000000	17.000000	7.000000	4.000000
14.000000	3.000000	5.000000	1.000000	16.000000
18.000000	9.000000	13.000000	15.000000	11.000000
7.823643	8.455464	8.174609	7.797397	19.000000
12.000000	3.000000	1.000000	4.000000	16.000000
3.000000	3.000000	13.000000	2.000000	2.000000
7.000000	14.000000	17.000000	15.000000	20.000000
8.281800	8.013375	6.545445	8.127406	1.000000
8.726564	9.053146	8.803308	8.223209	19.000000
10.096495	10.227813	11.053478	12.178050	7.000000
20.000000	12.000000	9.000000	20.000000	7.000000
16.000000	14.000000	9.000000	20.000000	16.000000
2.000000	18.000000	1.000000	10.000000	13.000000
8.420825	10.989882	10.245812	10.640623	16.000000
4.000000	7.000000	1.000000	12.000000	12.000000
19.000000	2.000000	5.000000	12.000000	11.000000
11.000000	12.000000	14.000000	11.000000	3.000000
1.000000	19.000000	9.000000	1.000000	18.000000
4.000000	3.000000	16.000000	16.000000	12.000000
8.000000	7.000000	13.000000	11.000000	4.000000
8.801711	9.127708	9.182923	8.694000	6.000000
5.000000	3.000000	20.000000	9.000000	14.000000
2.000000	11.000000	17.000000	15.000000	14.000000
12.000000	15.000000	12.000000	20.000000	16.000000
1.000000	15.000000	10.000000	16.000000	2.000000
9.649181	10.395112	10.614419	9.655752	6.000000
8.323528	9.044645	8.292336	9.728872	20.000000
17.000000	14.000000	14.000000	8.000000	14.000000
10.153454	9.517916	10.387431	11.353917	16.000000
10.000000	19.000000	10.000000	13.000000	10.000000
17.000000	13.000000	16.000000	18.000000	9.000000
8.383731	8.875063	9.418591	7.907731	7.000000
20.000000	4.000000	15.000000	11.000000	12.000000
7.000000	20.000000	5.000000	12.000000	19.000000
8.438900	9.368873	8.611959	9.690073	19.000000
3.000000	8.000000	9.000000	4.000000	20.000000
11.000000	1.000000	4.000000	18.000000	10.000000
12.000000	7.000000	20.000000	19.000000	15.000000
19.000000	18.000000	18.000000	13.000000	1.000000
9.891137	9.283161	9.851420	10.445512	3.000000
8.281174	8.261730	10.224896	9.053379	14.000000
3.000000	3.000000	1.000000	12.000000	7.000000
12.000000	14.000000	19.000000	15.000000	11.000000
8.000000	19.000000	17.000000	8.000000	17.000000
11.000000	6.000000	6.000000	20.000000	10.000000
8.558075	9.424006	9.325463	9.013217	18.000000
15.000000	19.000000	13.000000	19.000000	19.000000
6.000000	14.000000	2.000000	18.000000	5.000000
10.174479	10.491790	11.084261	10.240171	3.000000
8.000000	5.000000	1.000000	17.000000	4.000000
17.000000	19.000000	1.000000	3.000000	11.000000
3.000000	20.000000	11.000000	15.000000	9.000000
8.000000	1.000000	19.000000	12.000000	11.000000
7.354613	9.134673	8.570508	9.233735	18.000000
20.000000	9.000000	6.000000	9.000000	6.000000
20.000000	9.000000	3.000000	13.000000	5.000000
18.000000	9.000000	3.000000	11.000000	3.000000
9.655764	10.473818	9.370793	9.700033	19.000000
15.000000	14.000000	11.000000	5.000000	17.000000
13.000000	13.000000	5.000000	17.000000	3.000000
2.000000	16.000000	11.000000	19.000000	17.000000
9.000000	19.000000	5.000000	11.000000	3.000000
9.000000	20.000000	3.000000	3.000000	10.000000
8.252073	7.912869	8.392805	8.458422	14.000000
4.000000	6.000000	8.000000	14.000000	2.000000
4.000000	7.000000	14.000000	1.000000	15.000000
16.000000	14.000000	2.000000	19.000000	5.000000
18.000000	7.000000	15.000000	2.000000	9.000000
10.266633	8.895782	10.594902	9.212597	17.000000
10.000000	16.000000	4.000000	15.000000	7.000000
17.000000	19.000000	4.000000	16.000000	4.000000
8.090635	9.736436	9.277098	8.849101	12.000000
8.907529	10.636401	8.552751	9.883631	16.000000
1.000000	7.000000	2.000000	15.000000	1.000000
8.217997	10.141109	8.682578	8.851862	2.000000
10.000000	3.000000	17.000000	5.000000	9.000000
16.000000	14.000000	7.000000	11.000000	9.000000
9.783732	10.078800	8.355217	10.864513	6.000000
9.237221	9.112202	8.871319	8.567093	1.000000
10.044999	10.056823	10.088445	8.841669	19.000000
11.000000	14.000000	1.000000	5.000000	7.000000
9.256280	9.888784	10.254742	9.076940	11.000000
9.568910	9.003609	9.229085	9.546494	16.000000
12.000000	2.000000	3.000000	4.000000	17.000000
8.000000	18.000000	8.000000	11.000000	9.000000
9.784539	9.326552	9.137128	9.516535	20.000000
19.000000	1.000000	5.000000	11.000000	17.000000
7.711704	9.196366	9.149547	8.580202	15.000000
9.788516	10.054869	8.967053	8.364821	15.000000
7.000000	19.000000	16.000000	10.000000	14.000000
4.000000	9.000000	12.000000	12.000000	11.000000
20.000000	3.000000	11.000000	12.000000	13.000000
3.000000	10.000000	6.000000	7.000000	13.000000
2.000000	2.000000	17.000000	16.000000	16.000000
11.000000	8.000000	3.000000	2.000000	15.000000
17.000000	8.000000	6.000000	4.000000	9.000000
11.000000	8.000000	10.000000	2.000000	11.000000
12.000000	2.000000	5.000000	3.000000	13.000000
18.000000	5.000000	15.000000	15.000000	3.000000
19.000000	8.000000	4.000000	15.000000	4.000000
9.632639	10.500188	8.228380	9.956785	6.000000
18.000000	3.000000	5.000000	15.000000	6.000000
14.000000	5.000000	13.000000	15.000000	7.000000
15.000000	6.000000	20.000000	20.000000	8.000000
4.000000	9.000000	4.000000	10.000000	3.000000
7.000000	8.000000	10.000000	2.000000	2.000000
13.000000	5.000000	6.000000	16.000000	19.000000
3.000000	5.000000	1.000000	8.000000	19.000000
18.000000	1.000000	3.000000	3.000000	7.000000
1.000000	17.000000	12.000000	12.000000	16.000000
12.000000	16.000000	16.000000	15.000000	17.000000
18.000000	13.000000	5.000000	20.000000	7.000000
18.000000	4.000000	11.000000	16.000000	19.000000
1.000000	18.000000	15.000000	13.000000	5.000000
13.000000	11.000000	17.000000	8.000000	13.000000
3.000000	8.000000	1.000000	7.000000	20.000000
9.000000	18.000000	7.000000	4.000000	4.000000
3.000000	14.000000	9.000000	19.000000	13.000000
15.000000	17.000000	8.000000	17.000000	4.000000
19.000000	18.000000	1.000000	13.000000	2.000000
10.972677	8.385756	9.343066	9.028705	5.000000
16.000000	17.000000	12.000000	17.000000	15.000000
3.000000	17.000000	12.000000	1.000000	20.000000
7.000000	4.000000	5.000000	15.000000	14.000000
9.038336	7.718157	9.728374	7.716070	18.000000
5.000000	15.000000	7.000000	6.000000	7.000000
7.580382	8.497740	9.643202	8.386715	16.000000
9.774764	8.520426	8.326057	9.831526	15.000000
8.125456	11.263124	8.939443	8.573277	7.000000
3.000000	8.000000	2.000000	7.000000	2.000000
15.000000	16.000000	3.000000	9.000000	12.000000
12.000000	13.000000	6.000000	18.000000	10.000000
7.205960	8.022539	8.360918	8.528454	8.000000
20.000000	7.000000	15.000000	3.000000	10.000000
10.087471	9.444158	9.628138	9.921274	13.000000
2.000000	14.000000	20.000000	3.000000	12.000000
2.000000	9.000000	7.000000	16.000000	9.000000
18.000000	7.000000	14.000000	15.000000	16.000000
3.000000	19.000000	12.000000	7.000000	18.000000
20.000000	18.000000	16.000000	6.000000	20.000000
6.000000	6.000000	12.000000	1.000000	9.000000
5.000000	14.000000	2.000000	16.000000	8.000000
14.000000	9.000000	8.000000	12.000000	4.000000
17.000000	10.000000	2.000000	10.000000	16.000000
9.000000	4.000000	6.000000	1.000000	10.000000
15.000000	20.000000	19.000000	11.000000	5.000000
6.664928	7.485427	7.661441	7.748606	20.000000
9.967618	9.198493	8.944649	10.000352	14.000000
20.000000	17.000000	2.000000	19.000000	1.000000
8.687016	8.700358	8.313217	8.128840	16.000000
17.000000	20.000000	20.000000	3.000000	20.000000
1.000000	9.000000	11.000000	20.000000	11.000000
7.000000	10.000000	18.000000	8.000000	3.000000
17.000000	18.000000	13.000000	1.000000	2.000000
6.000000	12.000000	10.000000	19.000000	11.000000
10.000000	8.000000	17.000000	11.000000	11.000000
13.000000	20.000000	10.000000	12.000000	14.000000
1.000000	4.000000	2.000000	3.000000	3.000000
9.801021	9.666182	9.915012	9.443081	8.000000
7.000000	19.000000	6.000000	11.000000	19.000000
19.000000	16.000000	3.000000	8.000000	6.000000
13.000000	10.000000	6.000000	9.000000	12.000000
16.000000	1.000000	11.000000	17.000000	4.000000
4.000000	9.000000	8.000000	18.000000	11.000000
8.163765	8.826108	7.308873	8.765447	11.000000
9.982931	10.311403	10.185941	10.553499	6.000000
12.000000	13.000000	13.000000	14.000000	1.000000
10.000000	6.000000	2.000000	15.000000	6.000000
9.718976	11.068353	9.795690	10.266256	18.000000
2.000000	19.000000	6.000000	1.000000	16.000000
8.000000	15.000000	17.000000	18.000000	12.000000
20.000000	8.000000	7.000000	20.000000	2.000000
4.000000	11.000000	7.000000	16.000000	4.000000
7.000000	5.000000	1.000000	20.000000	12.000000
7.000000	12.000000	13.000000	5.000000	7.000000
8.403593	9.459833	9.585257	8.620624	11.000000
13.000000	20.000000	5.000000	2.000000	9.000000
8.000000	1.000000	16.000000	6.000000	20.000000
10.000000	9.000000	3.000000	16.000000	4.000000
18.000000	14.000000	20.000000	19.000000	13.000000
3.000000	17.000000	16.000000	16.000000	13.000000
3.000000	10.000000	10.000000	20.000000	9.000000
12.000000	4.000000	8.000000	16.000000	5.000000
10.242791	11.991102	11.328466	10.800091	20.000000
8.853051	7.684536	9.340629	8.826300	8.000000
8.755805	9.662823	9.048793	9.489895	18.000000
5.000000	17.000000	14.000000	1.000000	4.000000
18.000000	15.000000	13.000000	20.000000	14.000000
14.000000	11.000000	9.000000	13.000000	19.000000
6.000000	9.000000	13.000000	2.000000	5.000000
13.000000	10.000000	17.000000	20.000000	12.000000
17.000000	3.000000	20.000000	9.000000	9.000000
9.000000	14.000000	5.000000	15.000000	6.000000
9.000000	12.000000	20.000000	13.000000	11.000000
11.322880	9.668769	10.688992	10.457463	11.000000
12.000000	18.000000	11.000000	4.000000	12.000000
15.000000	16.000000	13.000000	4.000000	16.000000
5.000000	20.000000	10.000000	16.000000	20.000000
18.000000	4.000000	13.000000	14.000000	18.000000
10.000000	14.000000	10.000000	9.000000	7.000000
12.000000	13.000000	4.000000	5.000000	18.000000
11.130898	10.910534	10.505687	9.426205	20.000000
10.000000	19.000000	15.000000	3.000000	2.000000
2.000000	7.000000	13.000000	3.000000	2.000000
13.000000	12.000000	5.000000	17.000000	6.000000
3.000000	19.000000	19.000000	4.000000	7.000000
17.000000	15.000000	12.000000	1.000000	20.000000
11.171411	10.340183	10.221119	10.899899	10.000000
6.000000	17.000000	1.000000	13.000000	11.000000
10.555684	9.148864	9.082682	9.593272	9.000000
10.000000	3.000000	12.000000	14.000000	11.000000
17.000000	8.000000	9.000000	8.000000	3.000000
8.731421	8.834522	9.180248	10.678529	8.000000
9.000000	19.000000	14.000000	7.000000	17.000000
8.146400	9.412666	9.483445	11.320257	17.000000
15.000000	13.000000	2.000000	3.000000	11.000000
10.000000	12.000000	13.000000	2.000000	18.000000
7.864065	10.876638	9.377876	9.455297	9.000000
20.000000	19.000000	5.000000	9.000000	9.000000
4.000000	9.000000	7.000000	9.000000	15.000000
6.842056	8.460659	7.319958	9.826745	2.000000
15.000000	6.000000	14.000000	17.000000	9.000000
9.314324	8.868905	9.485669	9.926863	19.000000
9.000000	11.000000	1.000000	6.000000	14.000000
1.000000	17.000000	4.000000	17.000000	5.000000
12.000000	1.000000	5.000000	10.000000	9.000000
19.000000	4.000000	4.000000	18.000000	15.000000
6.000000	12.000000	13.000000	19.000000	8.000000
10.290831	9.202964	10.393793	10.130141	10.000000
16.000000	5.000000	12.000000	8.000000	2.000000
5.000000	9.000000	10.000000	20.000000	5.000000
6.000000	11.000000	17.000000	10.000000	12.000000
6.000000	20.000000	8.000000	1.000000	17.000000
14.000000	6.000000	1.000000	6.000000	5.000000
20.000000	10.000000	19.000000	17.000000	6.000000
11.206818	9.900304	9.154164	8.706975	12.000000
8.607645	10.572208	9.630997	8.710295	8.000000
17.000000	9.000000	18.000000	13.000000	18.000000
12.321321	11.103647	11.292971	11.040656	11.000000
6.000000	10.000000	8.000000	18.000000	8.000000
4.000000	9.000000	17.000000	2.000000	6.000000
14.000000	2.000000	10.000000	15.000000	13.000000
1.000000	9.000000	20.000000	13.000000	12.000000
19.000000	1.000000	12.000000	17.000000	5.000000
1.000000	18.000000	15.000000	10.000000	6.000000
17.000000	7.000000	7.000000	16.000000	4.000000
7.662628	9.880601	9.846478	7.742153	13.000000
9.000000	8.000000	14.000000	18.000000	3.000000
18.000000	11.000000	3.000000	10.000000	3.000000
11.102184	10.411225	11.329441	10.144265	16.000000
10.702415	10.054724	10.170069	9.455977	20.000000
10.000000	1.000000	6.000000	9.000000	9.000000
1.000000	14.000000	8.000000	12.000000	8.000000
20.000000	13.000000	16.000000	6.000000	10.000000
10.118601	11.381579	11.844859	10.887814	4.000000
6.000000	18.000000	4.000000	20.000000	8.000000
19.000000	19.000000	18.000000	16.000000	3.000000
17.000000	5.000000	16.000000	2.000000	5.000000
8.474324	8.373519	8.102776	7.758489	5.000000
11.388193	9.945530	10.048594	10.475985	19.000000
19.000000	2.000000	14.000000	10.000000	14.000000
17.000000	16.000000	3.000000	20.000000	7.000000
10.000000	11.000000	5.000000	7.000000	6.000000
20.000000	3.000000	2.000000	15.000000	16.000000
9.547323	9.600755	9.663072	11.294986	12.000000
14.000000	2.000000	5.000000	2.000000	7.000000
16.000000	20.000000	8.000000	9.000000	2.000000
8.805348	9.499653	8.334517	9.149179	9.000000
8.194724	9.567416	9.078015	7.949142	12.000000
10.044197	11.038005	11.432976	10.440871	5.000000
9.973202	10.414591	10.691413	10.933388	3.000000
17.000000	3.000000	17.000000	13.000000	17.000000
9.023698	9.548312	9.275577	8.983805	8.000000
9.000000	3.000000	5.000000	9.000000	6.000000
9.631808	9.949601	9.939414	10.159083	15.000000
13.000000	10.000000	5.000000	19.000000	10.000000
9.367074	8.469458	7.217488	10.132067	9.000000
8.571688	9.475252	9.551421	8.872667	18.000000
20.000000	17.000000	6.000000	7.000000	7.000000
13.000000	8.000000	9.000000	9.000000	16.000000
11.137852	10.288987	9.588932	10.032912	7.000000
9.460215	7.919256	9.328516	10.637383	10.000000
6.000000	1.000000	9.000000	14.000000	18.000000
17.000000	12.000000	3.000000	12.000000	7.000000
7.473755	8.271402	7.810125	7.732092	10.000000
7.604119	8.592883	9.100596	9.440460	11.000000
12.000000	10.000000	3.000000	3.000000	17.000000
10.000000	7.000000	8.000000	17.000000	8.000000
17.000000	14.000000	20.000000	5.000000	7.000000
7.487982	8.511524	7.295474	8.631288	17.000000
17.000000	12.000000	7.000000	3.000000	9.000000
8.000000	16.000000	11.000000	4.000000	8.000000
13.000000	16.000000	10.000000	15.000000	10.000000
6.000000	16.000000	16.000000	5.000000	13.000000
15.000000	1.000000	18.000000	15.000000	17.000000
5.000000	16.000000	1.000000	15.000000	7.000000
9.000000	11.000000	11.000000	8.000000	13.000000
19.000000	15.000000	20.000000	1.000000	19.000000
20.000000	13.000000	6.000000	9.000000	20.000000
15.000000	6.000000	15.000000	2.000000	10.000000
8.126494	9.294124	7.724466	8.002221	3.000000
18.000000	1.000000	18.000000	10.000000	15.000000
16.000000	19.000000	17.000000	6.000000	6.000000
9.000000	17.000000	20.000000	1.000000	17.000000
