4.592834	5.210505	4.476254	5.369272	4.106903	5.039967	3.992314	4.443753	5.421879	4.668892
4.908395	7.262127	4.862642	5.316667	4.795535	4.321478	4.700190	5.223978	4.950689	5.147323
4.583745	4.688553	5.530101	5.443535	5.137673	4.801014	5.727852	5.115756	5.411180	4.423405
6.307104	4.833130	5.102062	4.725569	5.222076	5.180686	5.055528	4.536279	4.825479	5.443052
5.324097	5.513387	4.904547	4.844012	5.019210	4.334193	6.225860	5.244436	5.319042	5.224168
5.583973	4.570764	5.653358	5.057246	4.938849	5.268705	4.383744	4.980558	6.719359	4.883206
6.069647	5.067989	5.058450	5.096326	5.195693	5.233172	5.073278	5.102732	5.054558	5.286715
4.659890	4.989142	5.701032	5.206593	5.349624	3.716859	3.849815	5.013113	5.175853	5.450717
4.500406	5.647096	4.783292	6.737815	5.811605	5.110989	4.323174	4.900851	4.983009	5.682586
5.143968	5.660976	5.866529	5.332708	5.228403	6.283722	5.347665	5.146321	4.086860	4.068519
5.468589	4.520086	4.128827	4.891924	4.927990	5.038486	4.661935	4.834741	4.723677	4.890932
4.494614	5.642089	5.286481	5.150440	4.955848	6.264740	5.003883	3.190768	5.391520	5.837390
5.193446	5.929583	4.916115	3.781851	4.359393	5.589892	4.930377	4.762620	4.799361	4.809491
4.958653	4.253226	4.616288	5.301533	5.449568	5.638440	5.466914	4.785250	5.672803	4.444277
4.305566	4.752176	4.883101	4.304505	4.070658	5.211336	4.974837	5.755404	4.836806	4.776377
4.797453	5.654131	5.041745	4.664919	4.785754	4.391886	6.187847	4.672105	5.332048	4.328632
5.073296	5.552409	5.852533	4.982578	5.105366	4.292219	4.986041	5.122598	5.060205	5.171216
5.215612	3.970563	5.208483	4.808406	5.331595	3.701150	4.237300	4.086191	5.429089	5.384604
5.320508	4.112646	5.053483	4.875197	5.247222	5.295372	4.816451	5.000807	5.713109	5.784147
4.162049	4.614978	5.423923	5.303728	5.472167	5.154615	4.414293	5.360891	5.697633	5.459401
5.168433	5.277792	4.117346	4.725101	4.871632	4.674498	5.496284	4.712784	5.013451	4.804382
5.345205	5.219151	5.449134	5.739843	5.092766	4.725139	5.833798	5.647367	4.811625	5.577415
5.045244	5.419644	4.718759	5.037732	5.140250	4.975692	4.687534	5.154596	5.542011	4.602311
5.075671	5.115358	5.616188	4.629023	4.588131	4.437945	5.036612	4.311833	6.226114	5.590253
4.390208	5.632847	4.457843	5.086830	5.108984	4.607076	4.941458	4.894963	5.727662	5.330408
6.317441	4.507320	4.904365	5.155409	5.149249	4.747384	5.618981	5.397683	4.633387	5.372161
5.247259	4.701720	4.382963	4.096835	3.977222	4.614528	5.200902	5.100378	4.274635	4.323870
5.303931	5.689473	5.118617	5.625799	4.223793	5.148257	4.411330	4.573811	4.892809	5.596192
5.012294	4.128119	4.703342	5.046949	4.924597	5.674348	4.860332	3.926555	4.838610	4.393225
4.920507	4.888462	5.444654	5.083230	5.088696	5.022844	4.160282	4.840864	4.847336	4.820889
5.489379	5.458439	4.950464	4.936039	4.666585	4.522435	5.354041	4.912766	3.638033	4.910507
5.304163	4.893218	4.854989	4.970316	4.241191	4.640814	4.501962	4.800856	5.480623	5.015062
4.402710	5.247463	5.468850	5.221579	4.359172	5.664319	4.790159	5.145247	5.647556	4.934824
5.657702	4.620457	5.392444	5.306456	4.052225	5.794181	3.801031	5.454124	5.033054	5.469816
5.439115	5.653867	4.904993	5.365370	5.908085	5.514691	4.669556	5.089081	4.081145	5.281028
5.402743	4.657596	4.736275	5.953735	5.099709	4.246663	5.746941	4.717130	5.050055	5.154730
3.834830	4.351072	5.795400	4.428113	4.099190	5.966947	5.481676	5.243470	5.649421	4.807543
5.615874	3.850388	5.039231	4.416536	5.480225	5.644275	4.317379	4.610415	5.181779	4.708082
5.473228	5.319699	3.840963	4.545031	4.844646	4.421228	4.801010	4.800981	5.107970	5.034862
4.745249	4.711335	5.218885	5.808077	5.004405	5.340212	4.816724	4.405777	5.279286	4.521522
5.086783	4.895728	5.745279	5.537356	5.148570	4.949075	5.239049	5.471634	4.861279	5.399326
4.938675	5.466069	5.169156	4.498214	4.847363	4.442089	4.926547	5.718651	5.955512	5.563439
4.616882	4.643184	5.618340	5.721677	5.189486	4.162938	4.503055	4.331404	5.892676	4.666985
5.208131	4.705121	4.377191	5.515834	3.985100	5.950655	4.439349	5.675724	5.090813	4.376623
4.110669	5.416895	5.432164	4.900333	4.868966	6.190271	6.314236	5.572769	5.290837	4.418765
4.520934	5.309779	3.966722	4.571249	5.432927	5.227033	4.166910	5.466227	4.282428	5.249278
5.505847	4.690434	4.763649	5.059928	5.008898	5.442482	4.728922	4.840727	4.874064	6.206252
5.720534	6.462822	5.962179	4.952397	5.353386	4.451332	3.965808	5.361664	4.388920	4.549960
6.033045	5.037449	5.883835	4.850951	4.815902	5.159111	4.652417	4.979428	4.371657	5.089586
5.881457	5.354651	4.964352	4.990151	4.898048	5.390440	6.367577	5.119385	4.458135	6.170232
6.376156	4.396237	4.999870	4.850005	4.931474	6.183326	4.911944	4.812740	5.210169	5.395533
5.050567	4.863809	4.438818	5.806430	5.810814	4.533230	5.603846	5.283581	4.883582	4.708831
4.048975	5.058728	4.751873	4.082648	4.713664	5.426585	4.424530	4.850169	5.158294	4.463918
4.644370	5.255754	4.350314	4.183661	5.044796	5.779450	5.000682	4.480639	4.102252	5.202955
4.897400	5.824039	4.668542	5.404875	5.545025	5.685876	5.782908	4.184163	5.561254	5.680972
5.947299	5.408299	4.635661	5.488255	5.179507	5.295098	4.144571	4.308782	5.314735	5.342078
4.730564	4.588519	5.629585	5.030901	4.437395	3.567347	5.391964	6.028847	5.360599	5.605493
4.521236	4.900361	5.051733	4.448947	4.294677	4.753562	4.598677	4.899108	3.555838	5.667078
4.407617	4.397102	4.617790	5.887332	4.157527	4.707291	5.784323	4.488213	4.485772	5.513916
5.862325	3.914640	4.719316	5.252725	5.617279	5.214637	4.523405	4.761684	5.149652	5.190169
4.305906	4.102139	5.128053	6.321438	4.131387	5.015992	4.236975	5.026406	4.576736	4.712051
5.719663	4.458758	4.862109	4.954977	5.057844	4.675842	5.369729	4.404088	5.849395	4.117890
5.517652	5.038482	5.783827	5.026282	4.911141	4.741094	4.663121	4.900296	5.159152	4.766943
5.341141	4.270256	4.262121	5.439100	4.819644	4.865825	5.752707	5.888148	5.724453	4.118710
5.170923	5.120229	5.638877	4.086549	4.697936	4.781200	5.920416	4.677530	4.907663	4.958709
3.755697	4.566975	5.235105	4.497038	4.999413	5.219890	5.741348	5.408934	5.133889	4.835306
5.627898	4.154754	5.484664	5.700895	4.352277	4.004096	5.038165	5.276459	5.859962	5.001194
5.353859	4.692382	4.416803	4.921356	4.962947	4.927290	4.619233	4.873554	4.974448	5.428753
5.480743	4.719028	5.315097	4.547747	5.207364	4.848731	5.040270	5.097309	4.468997	4.565919
5.198551	5.003476	5.442225	5.138035	4.954342	5.262473	4.144787	4.792784	5.595476	5.214143
4.860679	4.333743	4.828922	5.601273	4.911141	3.962457	4.906394	4.859146	4.332602	4.302002
4.731314	4.498555	4.947721	4.600300	4.526316	4.681926	5.840446	5.095225	4.193506	5.692331
4.543482	5.982571	4.248090	4.338183	5.590898	4.979298	5.743892	5.417620	5.561132	5.504421
5.173294	5.059015	5.199071	4.177341	4.451251	4.223714	6.273687	3.251027	4.943236	4.186120
5.319323	4.576177	5.408251	4.320629	5.868042	4.194493	4.019969	5.187069	5.778520	5.076784
5.200541	4.924955	5.494567	5.063417	5.025710	4.768431	5.042089	4.862993	4.426497	6.160306
4.755645	5.555935	3.885125	5.741138	5.211588	4.963113	4.550353	4.613181	5.670817	5.291935
4.918258	5.313446	5.422769	4.700990	4.750748	5.047672	4.736373	4.612712	3.774968	5.894093
4.922906	4.714892	4.866428	5.567227	5.139992	5.203846	4.832324	3.868654	4.768611	6.053765
5.353576	5.057317	5.431438	5.031298	4.744123	5.002077	5.215544	5.129598	5.305909	4.999500
5.978070	4.212637	4.124375	5.376887	5.627621	5.047958	5.619998	5.386982	3.840367	4.857801
5.224341	5.612699	4.314647	4.742678	6.012384	4.598894	4.600159	5.194328	3.537483	4.400962
4.197867	4.934902	4.895216	6.170923	5.261704	4.837145	3.916745	4.614950	5.043596	4.998551
4.403502	4.970816	4.802321	5.278473	4.934003	5.292860	4.573180	5.402053	5.760295	5.667675
4.341197	5.500637	4.630296	5.576813	4.207525	5.454584	5.011031	5.336083	4.332279	5.048782
5.542085	4.514035	4.477871	5.332257	4.820653	5.541006	4.950565	5.803675	4.334152	5.048037
3.991122	5.058459	4.651073	5.023419	4.819088	5.997506	4.532141	6.016203	4.913867	5.378796
4.644761	4.824760	5.090432	5.038306	4.842974	3.857450	4.828721	4.931905	5.567413	5.253785
5.192086	5.246244	5.135437	5.022736	4.998095	4.405956	5.034115	4.319207	4.163363	4.848575
6.016423	5.465257	5.168086	3.547346	4.375714	5.038606	5.924966	5.576465	4.482953	5.634279
4.741404	4.454752	5.113925	5.444169	5.042039	6.141206	4.816127	5.134110	5.085034	5.653440
5.339159	5.240108	4.946128	4.202419	5.407860	4.985996	4.841504	4.861478	5.628481	5.195088
5.523776	4.988744	5.630985	5.059814	4.261757	5.097919	5.403875	5.169796	5.244477	5.889568
4.828420	4.950846	5.178815	5.491372	5.373343	4.979085	5.124055	6.116879	5.495958	4.834583
5.872322	5.245067	4.261492	5.790046	5.255761	4.982358	3.917063	5.853705	4.504436	4.219254
5.425089	4.023303	4.561161	3.649821	5.818188	4.669821	5.021214	5.656589	5.497609	5.109221
5.779922	5.267646	5.508536	5.403456	5.136957	4.511304	4.869452	4.853273	4.717490	4.789561
4.581530	5.394297	6.608331	4.521666	4.714244	5.045279	4.217912	4.792053	5.254028	4.248714
6.356514	5.450815	5.903440	5.216375	5.030748	5.104464	5.079149	4.069623	4.856469	6.909710
4.767880	4.980482	3.861599	5.498739	5.369838	5.177377	5.423744	4.757668	4.335409	4.816181
5.149957	4.886173	5.377034	4.790738	5.118351	4.420370	4.881062	5.011645	5.340485	4.824817
5.754190	4.698202	4.741520	4.729306	4.940566	4.561283	4.609118	4.263813	4.462801	5.763449
4.848699	5.825219	5.054533	4.871616	5.074831	5.470186	5.337442	4.993489	4.188261	4.664942
4.568142	5.308786	5.994655	4.665510	5.803349	3.858283	4.581260	4.819863	4.097980	4.235986
4.253547	5.176084	5.032559	3.633963	5.495661	4.509156	4.495584	3.789413	4.201436	4.582220
4.964930	3.881562	5.231285	4.812066	6.178233	5.194874	4.729019	4.719587	4.733990	4.386723
5.215236	4.467824	5.181891	5.257103	4.997647	4.157050	5.332179	5.394824	4.472774	4.934600
5.374600	5.838925	4.023316	5.123010	5.164706	4.452610	5.261855	5.076032	5.322319	3.875699
5.004712	4.432810	5.617060	5.056663	5.022889	4.725760	4.678687	5.080590	5.378439	4.564574
5.786748	5.663451	5.877027	5.208621	5.024857	5.655029	4.799524	5.024926	5.215740	5.222956
4.100975	4.305544	4.609143	4.174716	5.269032	5.055835	5.095991	5.738139	4.676403	4.508996
3.712264	4.587851	4.892103	4.384068	4.316001	3.014738	5.170654	4.665426	5.265211	5.188682
4.690412	5.546453	5.351859	5.198095	5.299962	5.218247	5.074014	5.220010	5.619184	5.979462
5.443483	3.996959	4.915420	5.256588	5.195509	4.745888	5.460573	5.162582	5.151127	5.701587
4.281219	5.539403	5.021200	4.955822	4.887352	4.890647	4.977287	4.756247	3.685397	5.832892
4.403880	4.689195	5.092049	4.314284	4.824439	5.085427	3.794995	5.265858	3.945072	4.619281
4.101112	5.118840	5.032084	5.132489	5.050015	4.696113	5.106532	5.136999	4.894424	5.388395
4.029068	4.153465	5.296513	4.109324	4.906734	4.803549	4.950156	5.029840	4.662355	5.502028
4.666169	4.796480	5.358536	4.987615	5.098159	6.399824	4.536074	5.075082	5.015753	4.004149
4.115316	4.753493	4.638923	4.520799	5.630486	4.822541	5.339005	4.729661	3.893971	5.308217
4.758739	5.225722	5.262332	5.018531	5.041626	4.626637	4.563486	5.288179	4.594914	4.591490
4.961068	5.665577	5.813951	4.212062	4.308795	4.666361	5.098414	6.211471	4.137710	4.872053
5.448601	4.893370	4.396257	5.144901	4.566372	5.309858	4.524791	4.293034	5.120138	4.339362
4.600147	4.344073	4.694113	4.896430	5.257897	6.100172	4.745259	4.928713	5.008164	4.829260
2.967137	5.669572	4.806879	3.891957	5.529322	3.729238	4.921181	4.698396	4.814542	4.017148
5.327886	5.003499	5.207305	5.731410	5.368399	5.561069	4.322687	4.869906	5.323800	4.731935
4.823362	5.001433	6.567003	5.282843	5.259900	4.711954	5.621581	5.080198	4.417447	4.947927
5.075445	4.765857	5.647576	5.001701	4.904651	3.889441	4.935067	4.786901	3.291922	4.887771
4.390035	5.198848	4.798220	6.503926	6.490438	4.823176	4.682936	4.309344	4.404681	5.124586
4.239402	3.993151	5.950777	4.852847	5.099679	5.038062	5.191629	4.926705	4.861348	4.438069
5.376863	5.465313	5.079625	4.726313	6.384415	5.747667	4.849111	5.169928	4.995911	4.677419
4.795318	4.156985	4.170449	5.545508	4.405233	5.082282	5.048645	5.476548	5.691562	4.924988
4.506382	5.188817	5.157645	4.824371	4.852993	5.050982	4.381560	5.028030	5.219954	4.937240
4.690024	5.834392	5.310093	5.078453	4.992436	5.405123	5.338921	5.041615	5.372825	5.617143
4.764551	5.260747	4.450385	4.656047	5.393262	5.413814	4.669903	5.005694	5.543427	5.876576
5.720618	5.200854	4.139193	4.995411	5.163601	5.262784	5.081970	4.881592	4.366011	4.220757
5.009567	4.867780	5.469039	5.096243	5.214428	5.090544	4.975408	5.303766	4.319109	4.810939
5.354971	4.017231	5.468051	4.932836	3.887187	4.686974	5.581165	5.359455	4.779646	5.825658
4.550985	4.278131	4.167918	5.703519	4.402749	4.483487	5.823605	5.763629	5.655651	5.008749
4.560378	5.228150	5.425173	4.199594	4.462701	6.659239	4.951207	5.663126	5.212149	4.032335
5.510956	6.010365	5.767239	6.047589	5.524273	5.402929	4.321813	5.046246	4.683484	5.039944
5.341457	4.170889	5.413028	5.270029	5.692474	4.477978	4.689003	4.244832	4.983718	5.044949
5.110457	4.298492	5.776628	5.228192	5.071651	4.055910	4.869157	5.472778	5.382793	5.366786
5.325222	3.887416	4.712420	4.519310	5.186556	4.929555	6.506641	3.888918	5.109814	5.050103
5.761399	4.926168	3.874939	4.304372	4.925498	4.733949	5.520608	5.768608	4.027061	5.319776
5.535524	4.506116	5.112304	4.757257	5.413276	6.466915	4.217968	4.600885	4.766273	5.178161
5.432625	4.485904	5.109423	4.836895	4.864773	4.359914	4.926964	4.966616	5.160398	5.035147
5.022696	5.570149	3.879992	5.595107	4.514596	6.386153	5.443467	4.009099	5.167192	4.954934
5.093530	5.235389	4.845713	4.851602	4.985410	4.738147	5.638190	4.498070	5.199311	5.159125
5.149061	5.240601	5.769343	4.831352	4.966220	4.077982	4.608561	4.752209	6.208509	5.054627
5.615796	3.897704	5.575858	4.500267	5.992347	5.577390	6.567906	4.843362	4.329270	4.124785
4.691235	5.909543	4.956209	3.383133	4.691041	3.933729	5.645169	5.037224	4.675986	4.663178
4.574798	4.103007	4.373136	4.796275	5.547845	4.772614	4.649738	4.790718	4.433825	5.410714
4.572679	4.944203	5.351505	4.599453	5.041020	4.479337	5.262092	4.496899	4.784965	5.450222
5.232934	4.931679	5.191154	5.020149	5.006674	4.218923	5.457485	4.750546	4.809155	4.848666
5.845228	5.536100	5.100132	5.145736	4.924812	5.151657	5.107128	5.005295	3.902314	4.274804
6.005053	5.458059	4.999598	4.978714	4.822041	5.779456	5.706995	4.997954	5.396475	4.510380
4.207185	4.872827	5.302585	5.576018	5.103221	4.008892	5.163480	5.221187	4.804755	4.984541
4.011620	4.432856	4.642758	3.683287	4.643310	5.831233	5.710256	4.854337	5.105247	5.552687
5.112343	4.771405	5.638174	3.808222	4.232034	4.095725	5.377046	4.781703	4.764551	4.573134
4.766565	5.309954	5.524608	6.185611	5.539565	5.743147	4.559503	4.223637	5.372394	5.267242
5.323551	4.563631	5.764288	4.742565	5.317079	5.781466	5.868172	4.102980	4.623906	4.829462
5.175533	3.900868	4.595509	5.068414	5.532831	4.623300	4.658197	5.193208	5.271473	4.809478
5.834768	4.759615	5.388846	5.166777	5.234039	5.524083	5.337574	5.009621	4.256650	4.596396
5.059626	5.867703	4.808781	4.784789	5.617400	6.248676	5.302963	5.624685	5.142392	4.750427
5.680990	5.843313	3.526892	5.963112	5.792209	5.276406	4.795509	4.498624	4.645028	6.253863
5.808936	5.916928	5.485756	5.444182	5.274849	5.376884	5.404745	5.630430	4.769278	4.599463
5.153846	4.816845	5.597466	6.470915	4.950644	5.076595	5.723967	5.700178	4.760873	5.662407
4.692106	5.516267	5.484552	4.731617	4.412578	5.319409	5.470617	5.374715	4.966076	4.638660
5.201581	5.646357	4.738572	4.498970	5.271160	5.308824	4.712605	4.426381	4.281504	4.431418
4.512149	5.061781	5.236646	3.961543	5.300960	4.046473	4.652010	4.159313	6.177083	5.448591
4.868028	5.296618	5.763127	4.842216	4.332025	5.439551	4.936245	5.875055	4.884787	3.772525
5.393803	3.970903	4.834350	5.569572	4.730750	5.049240	5.895656	6.174080	5.320795	4.447913
4.752857	5.257794	4.506742	4.509732	5.261067	5.078638	5.114035	4.087309	5.753701	4.695446
4.594290	5.767420	4.912232	4.122440	5.184632	4.651177	5.042630	5.777730	4.729293	4.416017
5.356627	4.380517	4.815896	5.466094	5.333462	4.982292	5.200042	4.042533	5.005362	4.132967
4.932612	4.650622	5.046834	4.688110	4.745255	3.538108	5.152451	5.114635	3.739145	4.776577
5.415565	5.180771	4.620052	4.940923	4.914758	5.700550	4.652526	4.883657	4.880227	4.675585
4.120476	3.991257	5.863767	5.826021	4.973508	4.653922	4.680534	4.510294	5.653748	4.700874
5.269109	4.709445	5.202349	4.692361	5.419822	4.843807	4.800732	5.300651	5.547909	5.307713
5.364767	4.897446	5.046349	4.777897	4.470179	6.045237	5.152642	4.825557	5.504471	5.640670
5.514923	4.384569	6.134299	5.422351	5.081124	4.813114	4.592319	4.708921	4.978135	3.884414
4.687529	3.672297	3.606811	5.196890	5.156254	5.310685	5.225956	4.970119	5.434312	5.455592
4.845519	4.981220	4.419259	4.938686	4.866583	4.501644	5.092071	4.907137	5.141755	4.967829
5.142328	4.919087	4.469041	5.135359	5.089995	3.852416	4.392487	5.003104	4.783207	4.888331
5.196035	5.944969	3.824068	5.189919	5.120739	5.440300	5.455404	5.039346	4.385346	4.792749
5.114126	3.969041	4.587609	4.911278	4.286370	5.812041	5.097411	5.884669	4.923479	4.586179
4.854592	5.042940	5.368271	5.058742	5.104007	5.063786	4.840871	5.081223	4.951275	4.750514
4.925776	4.506855	4.599286	4.418532	5.218256	5.412505	3.971540	5.401758	4.106746	6.240422
3.934294	4.992856	5.006137	5.321624	5.086846	4.950655	3.828022	5.321821	4.703012	4.122713
5.073026	4.836882	4.163126	5.299459	4.986184	5.028240	4.645356	5.010662	5.090772	4.216928
5.894123	4.188602	5.510600	5.112278	5.232248	6.178714	4.558189	5.280341	5.501049	5.757471
5.064171	4.652333	5.000615	5.611200	4.260664	4.537153	4.148264	4.365674	5.148793	4.971670
5.555224	5.368769	5.327290	5.582001	5.829394	4.500708	4.952903	5.270366	5.532990	5.074475
5.054676	4.963111	5.373595	5.143580	4.993298	4.814882	5.044600	5.070494	4.537373	5.518740
5.599918	4.035419	5.484840	5.250628	5.199729	5.279594	5.075304	4.466296	5.820508	5.182848
4.254225	4.746469	4.875518	5.730263	5.433643	4.307196	5.967057	4.820460	5.847457	4.958992
5.249678	3.714751	4.352130	5.039714	4.946708	4.281898	5.570216	4.817657	4.393915	5.606514
4.524745	5.179851	5.427859	4.261343	3.977610	4.810783	4.062587	5.496256	4.895445	6.044021
5.308407	4.655647	4.707176	4.175815	3.780886	4.871630	5.127443	4.963632	4.957831	4.312777
