5.169583	4.399446	5.292235	4.596845	5.088136	5.157326	4.826530	5.682834	5.347762	4.462656
4.786549	5.249987	4.879505	3.826424	3.591013	5.816669	4.283332	5.147737	5.610437	5.316094
5.745439	5.928955	5.144494	4.935440	4.899762	5.615128	5.925379	4.883283	3.829325	4.782682
5.281300	4.826774	4.839830	4.979503	5.597177	4.841551	5.034576	4.756864	4.539679	4.870693
6.114539	4.913860	7.671611	4.994621	4.706911	4.954570	4.754643	6.302044	5.159699	5.119129
5.215344	6.192790	4.828753	5.000636	4.564787	5.103498	5.312769	4.409201	4.539419	5.978759
5.456205	4.965931	4.770196	5.219953	4.096520	4.328119	5.307599	5.096974	4.287604	4.057906
5.019276	4.673394	5.652984	4.798004	5.735621	4.888075	4.540403	4.839437	4.884322	4.952726
4.540861	5.033820	4.645522	4.587654	5.394152	5.159431	5.376482	4.888837	5.145614	4.608799
3.962747	5.275340	4.948603	5.402893	5.077226	4.802964	4.806289	5.105253	4.066282	5.282884
5.316306	5.098404	5.002013	4.252951	4.519510	4.896963	4.539508	4.970394	6.130577	4.973225
4.991812	4.657677	4.569343	5.448094	4.245129	5.004056	5.106009	6.206981	4.444475	4.786143
4.531961	5.218365	5.090093	5.105172	5.078717	5.190936	5.080029	4.404490	4.613026	5.510782
5.441026	5.061962	4.865080	4.832978	5.180041	4.265744	4.325796	4.643717	5.158635	4.833895
5.483033	4.453271	4.604290	5.185520	5.849146	5.825661	4.743170	4.751132	5.546091	4.787799
5.070008	4.386469	5.232202	5.274473	5.159043	5.767090	5.403917	4.643719	5.090050	4.256160
3.789211	4.519385	5.720424	4.595123	4.816001	4.680856	5.216435	4.716114	5.573622	4.425072
5.370959	4.523107	4.847382	4.989869	5.167730	4.756272	4.827473	4.626503	4.995703	5.193628
4.977047	4.856532	5.715462	4.303203	4.327971	5.230423	4.507802	5.210093	5.477175	5.723744
4.332383	4.756571	5.637347	4.785458	5.489863	4.683181	4.847091	4.761780	3.782971	5.268474
4.137199	5.066607	4.856147	5.052564	5.389196	5.625588	4.113232	4.590346	5.489608	5.020951
4.772354	4.348955	5.638411	5.093557	4.361259	5.056214	5.771192	5.746235	5.100914	4.084829
4.739396	5.264908	5.072126	4.904363	5.489503	4.808189	5.642033	5.229475	4.423934	5.548548
4.989059	4.695087	5.049689	5.122638	4.076621	5.342345	5.299624	5.322210	4.169679	5.345679
4.842920	4.435631	5.403488	4.677428	5.900632	5.517181	4.295338	4.758666	4.246945	4.446014
5.156909	5.034784	5.129809	4.216326	4.330128	5.315555	6.550396	5.178425	4.904293	5.894186
4.582271	5.220345	5.611114	5.132460	5.782331	4.764114	4.850500	4.877048	5.004755	4.865746
4.438222	4.741147	3.902515	4.418934	5.036918	4.300955	5.048340	5.537310	5.309579	5.279729
5.133691	4.981390	5.525211	4.893115	4.931385	5.769464	4.843825	4.920439	5.542352	4.418068
5.267596	5.452335	4.713878	5.720306	4.457822	5.100139	5.496012	4.830537	5.029858	4.698357
4.553399	4.892559	5.259968	4.503741	4.955836	4.323153	4.013494	4.259558	5.072671	4.560050
5.441229	4.465572	5.082705	5.405102	4.363968	6.137331	5.494327	4.660315	5.225852	5.590835
4.619547	5.065249	5.523637	5.185923	4.881640	4.798631	3.921973	4.919741	3.988332	4.406526
5.428988	4.919442	5.480837	5.590148	5.690845	4.717267	3.868366	4.650521	3.989639	5.741507
5.660069	5.113448	5.272491	5.070807	4.461095	4.733236	6.163922	4.323442	4.289615	4.660917
4.618113	5.000960	5.307465	4.878579	3.879084	5.359244	5.346614	4.312990	4.829892	5.713108
4.579732	5.165016	5.514694	5.097657	4.694757	5.101921	4.907218	5.364093	4.660215	4.509783
5.935887	5.588741	4.906263	5.778289	4.882280	5.290140	5.057554	4.239890	5.315724	5.161588
4.485105	5.665158	4.917862	3.599343	4.282324	5.178183	4.586377	5.050817	5.005203	4.921773
4.351728	4.327597	5.210692	4.684964	5.665063	3.519883	4.209536	4.213086	4.950303	5.008807
4.672736	5.455167	5.332991	4.942131	4.694045	4.312242	4.378236	4.703668	4.473342	5.712934
4.706039	4.667212	5.246144	5.414485	4.945749	5.316880	4.816654	5.392612	4.441720	4.258867
5.169243	3.967833	3.937372	4.721028	5.064342	5.198720	5.190800	5.058077	4.022142	5.014841
5.284574	5.253605	3.832590	5.512084	5.394238	4.376635	5.794662	4.688191	5.849537	5.224445
5.754458	4.198432	5.689619	5.355424	4.845546	5.236121	4.648433	4.767618	5.378170	5.384511
6.056707	5.215910	5.067281	5.281165	5.249450	4.831229	5.415469	4.756735	4.927322	4.824297
5.413187	5.297493	5.615514	5.540509	5.772306	4.857078	4.499839	3.774172	5.792694	4.562130
4.866694	4.387303	4.499966	5.285034	6.071072	4.773757	4.945950	5.537365	5.081456	4.726943
5.045473	4.341912	5.679882	5.462504	4.461737	5.174549	5.747143	5.273818	5.166063	4.974869
5.406784	5.192963	4.525491	5.471039	5.532296	4.503637	3.626776	5.683899	4.654895	5.093027
4.439184	4.704691	5.219871	4.109228	4.178235	4.073627	5.494170	3.975019	4.197264	4.240412
4.980983	5.478545	5.949513	4.765834	5.723475	5.212618	4.439729	4.754169	5.673058	4.867980
4.144514	6.028306	5.387694	5.179697	4.685093	4.235383	5.992596	4.737434	5.032256	4.812108
4.101269	4.816082	4.861405	4.086271	5.010476	5.413505	5.293869	4.916150	5.549420	4.584118
5.412783	4.483056	4.406639	5.750698	4.554923	4.681206	5.569695	5.973163	4.641840	4.152549
4.349196	5.366507	4.821399	5.576866	4.849390	4.804130	6.014936	5.370625	4.320352	4.283226
5.244319	4.290357	5.338040	4.416464	4.248819	5.663598	5.101039	5.670546	4.804466	4.782252
5.569100	5.668133	5.106551	5.237839	5.166749	5.581589	4.270124	4.562639	5.797314	4.365319
5.215929	5.131665	5.160781	4.910686	4.637354	4.553006	5.705269	4.730931	5.629385	5.312419
4.738431	5.893559	5.504491	4.825548	5.388586	4.727408	3.744406	5.080523	5.183187	5.392161
4.997566	4.064017	4.882358	4.122246	4.240270	5.410918	4.227220	5.741412	4.551482	5.193417
5.340230	4.567639	5.694890	5.000258	4.971807	5.844749	5.036217	5.121700	4.860663	5.609250
5.586849	4.815127	4.569112	4.649627	4.155837	4.243153	5.036807	4.996476	5.009147	4.491927
4.046502	4.560479	5.521193	4.622764	5.408800	3.965501	6.246130	4.007544	4.889857	4.913215
4.385557	4.378241	4.441295	4.144527	4.817960	4.160690	4.612145	4.234540	5.515281	4.654794
4.993075	4.949101	4.148038	5.649251	4.937081	4.516960	5.039377	5.096467	5.289135	4.858223
5.951349	4.701890	5.199343	5.288217	4.617186	4.942849	4.488975	5.539315	6.050815	4.794824
5.055575	4.457861	4.920039	5.362227	5.386986	5.332452	4.684759	4.532851	5.408178	4.623650
4.447895	5.032777	4.912539	4.680492	4.606519	5.550852	4.800329	5.266421	5.058502	4.694721
5.513898	5.037154	5.321897	4.268786	5.616009	5.860148	5.160267	4.798525	5.790813	4.673706
4.267552	4.857166	5.459369	4.887094	5.558038	5.657925	4.436482	6.410257	5.214295	4.279420
6.089143	6.153570	5.107868	4.765790	5.527746	5.241931	4.594983	4.603856	4.597127	5.321526
4.880762	5.374373	5.645779	5.698326	4.588993	5.254940	4.341641	5.051078	5.152870	4.337738
4.752672	5.223623	5.563639	5.425269	5.277318	4.549802	4.007926	5.455487	4.495510	5.010933
5.481297	5.747342	5.521111	5.381547	4.151783	4.132943	4.945440	4.657495	4.935518	4.160388
5.310044	4.622993	5.702602	5.547668	4.867105	5.013305	5.571266	4.115371	5.377380	5.014255
6.122716	3.774940	4.561200	5.950035	5.515970	4.953297	4.587136	5.199776	4.208426	4.485212
5.586905	5.102062	5.254566	5.538275	5.054113	4.389809	5.508023	5.104948	5.538860	4.387269
4.052669	4.989684	3.957931	6.631639	5.014448	4.876278	4.887090	5.370504	5.501258	4.430681
4.648873	5.927317	5.493276	4.518716	4.334627	5.391776	6.326132	5.316392	4.970831	5.247312
4.943289	5.221970	5.126442	5.273654	5.220736	6.047608	5.308269	5.038786	5.158720	5.083306
5.435889	5.744164	5.549709	4.861954	5.195625	4.848894	4.965175	5.138826	5.003053	5.062669
5.233106	5.052875	6.138765	4.301106	4.517496	4.562642	5.055967	4.936112	5.319548	5.426663
4.225257	5.133364	5.059759	5.277939	5.910058	4.503892	5.742016	4.232736	5.209075	4.969090
5.363904	5.748036	5.357677	6.054299	4.610437	4.234570	5.171241	4.787816	4.745607	5.232705
4.233084	5.123255	4.848856	4.787602	4.150507	5.568433	6.109004	5.559777	5.474391	4.200088
5.200064	4.992661	6.001027	5.043950	5.053196	4.909008	4.434983	5.166985	5.244904	5.097130
4.537189	5.307685	5.669182	5.803150	4.671749	4.935364	5.737464	5.473942	5.026545	4.980748
4.989449	4.323547	5.717833	5.604193	4.488042	4.702369	4.950847	5.270895	4.855467	5.644849
4.117647	5.983062	4.982469	4.891976	4.650793	5.998340	3.169792	5.187339	5.395893	4.616677
4.291325	6.199076	5.127178	5.446428	6.649936	3.516797	4.636034	4.949348	5.043396	5.409317
5.251962	4.566756	4.357498	5.229092	4.660068	4.691077	5.050252	5.527212	6.223001	5.644620
4.814488	4.995337	4.986717	5.597763	4.801704	5.441784	5.699282	4.242281	4.761412	5.149065
4.463285	5.846203	4.943069	4.521734	4.385269	4.482797	3.829789	5.327826	4.071409	5.707741
4.976565	5.213215	4.498299	5.509057	5.118318	4.481471	5.198308	4.849172	5.305251	5.588984
5.516600	6.191278	6.019621	5.330564	4.674869	4.839283	5.057790	5.773436	4.356696	6.160533
4.690971	3.910922	5.463190	4.789382	5.121921	4.363533	4.546363	4.913499	3.934582	5.305114
3.830167	4.176643	4.589416	5.611881	5.613893	4.950738	4.969922	5.352340	4.450961	5.102135
5.737399	5.388175	5.160349	5.544114	4.899267	5.112830	4.586201	5.647630	4.520615	4.128170
5.438137	5.544073	6.048297	5.993943	5.210124	5.254187	5.092898	4.385496	5.062491	4.417650
4.232714	4.936737	4.844826	5.843268	4.389267	4.630972	4.966568	4.495819	5.019860	4.896982
4.524699	4.652693	4.628697	4.818153	4.853746	6.201653	5.067912	5.109663	5.467124	5.506398
5.665034	4.578615	4.494818	4.461570	5.039397	5.258731	4.041848	4.516968	3.749742	4.604013
6.316132	5.583565	5.721745	5.621436	5.246879	4.873184	5.808578	3.995022	4.577851	5.769410
4.871963	5.086148	4.739337	5.612449	5.385594	5.233003	5.344775	4.755589	6.909709	5.602257
5.500276	4.665291	4.675403	4.757106	5.075671	4.967624	5.497159	5.383806	5.466677	4.365211
4.394391	5.939127	5.313148	5.789227	6.170237	5.328699	5.600410	5.816118	4.599924	5.466925
5.467645	6.194936	5.532459	4.129518	5.181753	4.711736	4.862142	5.977822	4.678790	3.554012
5.929997	4.664979	5.374949	4.843652	3.773481	4.764942	4.156220	5.544515	5.838009	4.669556
5.491682	5.336125	5.499719	5.189435	4.072617	4.710536	3.855297	4.260720	6.203762	6.039214
4.844304	5.654568	5.445613	4.749010	4.660426	3.376823	5.737300	5.193149	4.711524	4.899711
4.983980	5.520218	5.461685	4.341129	5.279568	4.081274	3.591174	4.634925	4.922120	4.912924
5.167790	5.027032	4.513774	4.706228	4.667106	4.821890	5.368478	4.773535	5.310374	5.079366
5.053148	4.775296	5.334980	4.908952	4.634468	5.124085	4.562937	5.246389	4.926540	5.042941
4.954731	5.612865	4.786592	5.397015	5.106570	5.471151	4.827520	5.693615	4.035662	4.770464
5.786498	5.461365	6.420699	4.933644	5.239673	5.139199	5.090281	4.568586	4.769853	4.883358
4.864620	5.925099	4.727555	4.471751	3.681540	5.172783	4.882992	5.019536	4.866674	4.927166
4.776058	5.108881	5.394037	4.344012	4.757972	4.816535	5.669045	4.269661	4.780352	5.681308
6.238391	6.054842	5.749077	5.225978	4.456020	5.424345	2.911006	5.979856	5.526217	4.885678
4.207181	4.615777	4.782182	4.997014	4.390095	4.520631	4.752048	5.913077	5.224320	4.782800
4.678508	4.649827	4.745691	5.120993	4.855906	5.311689	5.494703	4.638404	4.842179	5.405266
5.394798	4.609828	5.282548	3.741468	5.025322	4.858940	3.972358	4.254840	5.135551	4.671386
4.440723	4.519320	5.884692	4.565970	4.427915	5.289432	5.757432	5.512579	4.696234	5.803865
5.853448	4.260009	4.739021	5.165230	4.526569	5.186594	5.012052	5.280023	5.828762	5.374530
3.679612	4.349152	5.015839	4.705733	5.450043	4.994049	4.362806	5.019149	5.458797	5.607229
4.726625	5.725633	4.784604	5.788570	4.695954	5.317148	5.468631	5.068027	5.110376	5.196031
5.424290	5.423560	4.618204	5.319114	5.492074	4.469659	4.138009	4.810966	5.028180	4.266670
4.948083	4.621840	5.648307	4.688926	5.718451	4.211564	3.789518	5.289612	4.750993	5.267191
5.391184	4.685222	5.675033	4.948777	4.937470	5.052764	5.012163	5.298817	4.181490	5.487100
4.420612	5.271986	5.057859	5.013105	4.564582	5.831308	4.903220	4.759581	4.606502	5.042293
4.660206	4.364489	4.772594	4.993878	5.618720	4.871955	4.955799	4.710408	4.534446	4.971896
5.181064	4.886029	5.825604	4.767684	4.612293	5.994696	5.016397	4.760514	5.179460	5.203595
5.431468	4.370720	5.653637	5.901099	4.713350	5.022740	5.452315	5.119363	4.933317	5.682423
5.286531	4.339591	4.707551	5.384179	4.756763	4.769009	4.548690	3.804374	5.095114	3.913640
4.651387	4.774678	5.101519	4.792037	4.868192	5.437394	5.092661	5.773890	4.665640	5.077928
4.962413	4.578152	4.472658	5.379608	5.424528	5.455748	4.866004	5.016803	4.469759	4.319615
5.626180	4.870468	5.486778	5.522838	5.592776	5.179163	5.096991	5.825536	4.896074	6.148531
6.164786	4.665193	5.833483	4.592317	4.950457	4.726898	5.267487	4.273405	4.886271	4.413170
4.156826	4.912028	5.367875	5.213636	4.898835	5.085992	6.034829	5.044209	4.602287	5.622462
4.652697	5.654553	5.452111	4.658062	3.690917	5.374242	4.931407	5.532403	5.485273	4.860883
4.951996	4.926293	5.664166	5.350332	5.152006	5.205247	3.726981	4.867468	5.656708	4.774590
4.884440	4.483522	5.227319	5.337039	5.305552	5.179623	4.529774	4.500651	4.678319	5.031749
4.754681	4.573931	5.686731	5.321426	4.704803	4.087565	4.597726	5.004079	5.183631	5.638097
4.524043	4.634364	4.577934	4.435322	5.759304	4.410453	5.365145	5.268675	5.171052	4.622072
4.650856	5.027245	4.243041	5.765829	5.542932	4.148664	5.070778	4.159375	6.108673	4.635880
4.065391	5.121408	5.186732	5.327569	5.244956	5.392981	5.015719	6.134378	5.484612	4.634148
5.196676	4.348339	4.767766	5.783619	5.238648	4.085259	3.855958	4.876560	5.003093	4.981287
4.818639	4.332774	5.197468	4.672497	4.873530	4.332016	5.679480	4.546256	3.805878	4.571811
5.311490	4.570587	4.286456	5.503436	4.750360	3.902586	5.723033	4.804360	5.309134	5.158195
5.437491	5.079615	4.501648	5.152790	4.935381	4.405826	5.012188	5.240977	5.544306	4.544172
5.299162	4.631975	5.233197	4.622027	4.863066	5.430454	4.661708	5.017353	5.362744	6.568011
4.408932	5.280772	5.750815	4.449926	4.775545	4.646160	4.541889	4.749716	4.926733	4.933376
5.539400	4.808762	5.045780	5.108566	4.684132	5.537012	4.055125	5.226579	5.097376	5.038362
4.914225	5.066016	5.361876	5.602525	4.176772	4.467851	5.391792	4.216413	5.189169	5.541020
5.399452	5.794102	4.518366	4.823890	4.571209	5.338557	4.283460	5.474679	5.328415	4.984951
5.194116	5.135663	5.009806	4.227955	5.423695	4.873951	5.637910	5.400594	5.304614	5.462173
5.011263	4.686947	5.260355	5.336398	5.724673	5.646842	5.773908	5.293043	4.357215	5.089118
5.079321	5.569224	5.089551	5.849041	5.417044	4.412467	4.988261	4.177553	4.539268	5.061054
6.008931	6.063597	4.508575	4.731296	4.136994	5.537109	4.959162	4.590548	4.970991	5.179496
5.255751	6.018494	4.729799	5.001838	4.742672	4.582292	5.955207	4.518199	5.829834	4.381447
4.802046	6.354238	4.963680	4.721026	5.358542	5.513424	4.501278	4.306501	5.880607	4.799556
5.372301	5.618548	4.880994	5.124624	4.227209	5.064681	5.763879	5.014177	5.026756	4.545945
5.385404	4.720734	5.131127	5.362966	4.670691	4.978943	4.883127	5.191435	4.450994	5.495619
5.408632	4.220078	5.415199	4.091821	3.568141	5.416517	5.437721	5.098366	5.066907	4.636496
5.713139	4.887647	3.586395	4.841721	5.052491	3.456663	4.967397	4.905864	4.946232	4.131484
4.809098	4.697846	5.276135	4.894414	4.703114	4.616938	5.032259	4.207788	5.000180	4.931918
5.480106	5.287051	4.140804	4.681705	4.075658	3.856676	5.013010	4.935098	5.889263	4.660433
4.492882	4.556462	5.900338	4.329638	4.425383	6.367427	4.827650	5.079402	3.609235	5.183962
4.215845	3.621088	4.247953	5.139870	5.017852	3.790083	5.481223	4.293922	6.126504	4.593756
5.346494	4.302274	5.147394	5.487420	4.324621	4.220937	3.852066	5.110163	4.639857	4.349083
4.756636	4.479790	5.307178	5.725603	4.684182	4.996130	5.910940	5.293571	4.364368	3.631846
5.843491	3.596892	4.220641	5.214076	5.002249	5.451437	5.295858	5.362195	4.414047	5.268508
5.501033	5.774403	5.030979	4.091142	4.554598	5.407232	4.899359	5.411911	5.446880	5.073452
4.297517	4.358577	4.328099	4.568441	5.434556	5.454021	4.666942	5.247598	4.967071	5.015198
4.342710	4.583174	5.251790	6.458319	5.375444	5.040744	4.982061	5.201084	5.268287	4.590615
4.339460	5.878369	5.095162	4.102218	4.447709	4.759084	5.255186	4.827286	4.432043	4.044452
5.345060	4.795588	4.304422	5.154338	4.885077	5.621617	4.574556	4.708184	5.145936	5.215230
5.108402	6.533613	3.497835	5.341897	5.999849	4.848858	5.123705	5.077857	5.168220	5.534276
4.915698	5.619252	5.686115	4.971002	4.203933	5.445963	5.028754	6.182827	5.525931	5.037774
5.070508	5.297270	5.018789	4.730698	4.265277	5.155222	4.719925	5.812911	5.536410	4.985840
4.977256	4.747803	4.712015	4.707800	5.060571	4.533156	5.128934	5.287809	5.513849	5.182780
3.873034	5.176818	4.271496	5.292861	5.089293	5.028379	4.836630	4.626034	4.522986	5.665250
5.423840	4.756398	5.506861	5.275949	5.690128	5.433693	5.048396	4.356420	5.956505	5.398699
4.747120	5.290279	5.376470	5.120010	4.700682	4.893278	5.927085	5.737669	4.970418	5.398638
5.329784	5.117546	5.043863	4.028879	5.427107	3.777698	4.545388	5.014379	4.937346	5.699633
4.402163	6.197006	5.335847	5.381786	4.978791	4.255259	5.407165	4.550311	5.675886	4.673901
4.518869	5.917057	4.879584	5.372281	5.103549	4.391680	5.463120	5.041077	4.957939	4.187108
4.152275	5.185808	5.265506	4.824278	4.205127	5.184933	5.663465	5.385146	5.154773	5.237759
4.821322	5.338802	4.873657	5.242865	5.790253	4.928688	3.882244	4.860912	4.570686	5.128828
5.714942	5.431237	4.261489	6.126107	4.802062	5.781147	4.175266	4.291531	4.579175	5.131029
5.820999	4.888483	5.095926	4.856505	5.005791	4.986664	4.618913	4.630921	4.478829	5.725758
5.233936	5.231369	4.910636	5.233455	4.711365	4.729491	4.965991	4.287104	5.699946	5.329784
5.581969	3.938364	4.940624	4.844817	5.340249	5.316477	3.691960	5.300342	4.716138	4.927752
5.394033	5.799991	5.408495	4.672204	4.865466	4.938077	4.336828	6.070818	5.184566	5.319463
5.631494	4.952192	4.700501	4.696455	5.639421	5.128004	5.491429	6.286920	5.226598	4.737609
4.721693	4.929767	4.431396	5.375943	4.985909	4.761911	5.686241	4.667579	4.950139	5.016984
5.472917	4.022872	4.959757	4.385736	5.145287	5.028434	4.194452	5.740286	4.797896	4.845332
3.989227	5.421067	4.805958	4.255179	4.672269	5.132528	5.322571	4.467004	5.768340	4.293850
5.153416	5.109732	5.436679	4.685490	5.497040	4.902422	3.856056	4.675877	4.864117	4.493280
4.836870	5.819899	4.869029	5.014947	4.649382	5.418374	5.313509	5.520082	6.069152	3.726044
