4.753542	4.604431	5.494485	5.166339	5.655766	4.939095	5.041647	5.489892	4.052917	4.767917
5.846910	5.002933	4.927239	5.147480	4.734611	4.775715	4.948867	4.482358	6.200944	4.844965
4.424481	4.594287	4.064574	5.033469	5.841226	4.680855	5.514750	4.831728	6.027004	5.511067
5.634957	5.139818	5.324046	4.096339	5.516799	5.254981	5.000428	5.110727	5.788466	4.770270
4.537189	5.703156	4.399182	5.253922	4.888090	5.408450	5.772356	4.526173	4.108798	4.374597
5.199622	4.937896	5.183192	5.117946	4.591699	4.971719	5.925023	4.762164	4.879855	4.802625
5.122900	4.051803	5.686842	5.847612	5.132021	5.235069	5.501520	4.799323	4.612183	5.695065
4.787961	4.020037	3.774293	5.353815	4.219846	4.688780	4.643143	5.238563	4.936020	5.362977
5.167902	4.895123	5.448770	4.236204	3.518161	4.963624	4.634092	4.770416	5.117619	5.533859
4.426429	4.570833	5.415952	4.338187	3.981909	3.021648	4.095323	5.095862	6.006206	5.037125
4.333094	4.761438	5.916989	5.912073	4.988410	4.511566	4.126832	4.359320	5.457278	4.375030
4.867800	4.807672	4.825792	4.507511	5.594770	4.750459	5.210902	4.668013	4.507505	5.317585
4.804061	4.834273	4.260962	4.944989	4.632636	4.659656	4.090164	5.651075	5.163950	5.635781
4.412120	4.335349	4.377704	3.988018	4.797482	5.913846	4.425549	4.851362	4.824959	5.368021
3.627738	4.851527	5.291530	4.913796	5.481851	5.186505	5.640266	4.855687	4.416365	4.828897
5.342327	4.336296	4.862357	5.210047	4.723398	5.270986	4.604928	4.923419	4.715486	5.112416
5.504315	5.548184	4.703053	5.028323	5.681375	5.665808	6.146109	5.622416	5.160486	5.009148
4.660528	3.981100	6.145532	5.168698	5.491382	4.574918	4.930717	5.212044	5.598683	4.549112
5.001855	4.803898	4.882980	4.800072	5.192507	4.744486	4.689696	4.554803	4.904237	4.481546
5.294851	4.669011	5.848987	5.238654	4.642750	5.651141	5.312033	5.300173	4.850254	5.108840
4.680892	4.573495	6.064682	4.649342	4.558027	5.124296	4.481776	4.555429	3.964207	5.850247
5.774183	5.627131	5.088059	5.413139	4.797508	4.957376	5.050494	5.294263	4.839525	4.664920
4.983558	5.154745	5.428153	5.243717	4.870248	5.186143	4.079783	4.169374	5.054904	4.405013
4.638082	5.812050	5.747089	5.017157	4.889069	4.973401	5.034563	5.136443	4.647693	5.646779
4.840898	4.555344	5.611687	6.059292	4.554798	5.790149	4.707868	4.298158	4.668328	5.640722
5.467962	5.638934	4.971387	5.160061	4.849820	5.629572	5.149168	5.481525	4.446686	4.569592
5.276956	4.706144	5.135486	4.885306	5.098225	5.422490	4.684077	4.491956	4.808302	5.004506
5.069832	4.871102	3.939660	5.425308	5.136193	5.102289	4.745873	5.647201	4.295140	3.836773
4.356124	4.724489	4.753639	4.485355	4.380189	4.667531	4.181736	5.802790	5.659078	4.030665
4.393929	4.948118	4.898586	5.202968	5.318060	4.988103	4.980495	5.741514	4.203955	5.557371
5.390317	5.288314	4.919134	5.123805	5.720627	5.465673	4.326872	4.413144	4.409720	5.445491
5.362703	4.961668	4.560095	4.751618	6.418501	5.794877	5.525758	4.936018	5.837563	4.690902
4.632339	4.994468	5.044425	5.059938	5.231826	4.153156	4.918769	4.531713	5.482689	5.565664
5.308215	5.855057	4.831601	5.573733	6.262828	3.764447	4.880198	5.078032	4.604164	5.076572
5.209817	4.966932	4.965380	4.441041	4.608902	4.799921	3.919763	6.051131	5.330347	6.044804
5.557744	5.088443	5.117678	4.907747	5.199546	5.196944	4.631386	4.823997	5.821978	5.471014
5.138345	4.268162	4.360198	5.789904	5.052863	4.739856	4.535254	5.193193	5.085327	5.890092
6.423227	4.080763	5.752759	5.052837	4.866355	4.115016	4.365031	4.857663	5.007032	5.274776
5.054542	4.170340	4.951201	4.653922	4.866097	5.617958	4.487845	4.566669	5.020833	6.334986
5.452659	5.368198	4.759195	5.500226	4.628550	5.759938	4.380724	5.605813	4.868747	4.904075
5.666471	5.081189	5.124454	4.822293	4.703348	5.017128	4.682818	4.405450	5.529259	5.175738
5.521012	4.799306	4.771113	5.231309	5.835919	4.905235	4.680948	4.926827	5.882293	4.992013
5.143023	4.778794	4.821970	5.405586	3.937517	4.660156	4.065139	5.169455	5.673752	3.721797
6.047601	4.821271	4.593311	5.412662	4.833221	5.393288	4.178703	4.513839	4.717531	5.003684
4.933346	5.140303	5.105792	5.355555	4.523562	5.154026	4.590940	4.914856	5.544477	4.530699
5.742537	5.098104	4.998680	4.923401	3.911190	5.869679	5.635865	5.314651	4.946739	4.001821
4.676065	6.010540	6.111278	5.239624	4.853577	4.906302	5.832922	4.439636	5.530065	5.560171
4.729323	6.198462	4.839117	5.680046	5.308979	5.207142	4.557089	5.827073	4.416525	6.236641
5.104282	4.868918	5.308080	4.838836	5.112092	4.494712	4.727771	5.119826	5.177240	5.078767
4.798210	5.097007	5.024189	5.354716	5.584527	5.257617	5.015541	5.460034	5.290385	4.643685
4.804186	5.024180	4.935693	4.832317	5.191547	4.813711	4.395085	6.700613	5.177518	5.557799
4.500604	5.294244	4.798326	5.423501	5.257943	5.752476	4.642111	5.143983	4.753613	5.197269
5.095795	5.562739	5.481028	5.495344	4.892802	4.784346	5.072729	4.910044	5.016871	4.424940
5.314050	4.956996	4.906723	5.333863	4.735165	4.769578	4.233685	5.706069	4.526712	4.890084
5.075461	4.009734	4.667412	4.609280	4.699544	4.995780	5.041358	5.283743	5.611346	4.290748
4.968636	4.916000	4.827936	5.544396	5.018921	4.914784	5.224722	4.954421	4.985734	3.735099
4.603989	5.673502	4.600982	4.686652	5.102816	4.436566	4.595779	4.581992	5.488777	5.113729
4.554841	5.124089	4.868203	5.161443	4.613262	4.786344	5.126688	4.276788	5.626954	4.624878
4.376588	5.122003	5.249369	5.954521	5.667955	5.046606	5.531991	5.090616	5.547460	5.220085
4.783453	5.633426	5.543182	3.460355	4.159807	4.866015	5.357960	4.850087	4.633930	4.688910
4.330278	5.094457	5.060715	4.797382	5.646984	5.084718	4.847938	4.749212	5.095466	4.537624
4.284006	5.200565	5.193516	4.774656	4.935630	5.262288	5.430419	5.269445	4.976102	4.674086
5.284327	4.593680	4.786567	5.195871	5.226277	4.807697	4.490546	4.082008	4.555888	5.171031
5.559345	4.879730	4.787402	4.870630	5.523912	5.292609	4.877275	6.496650	6.131212	5.605928
5.341018	4.956425	5.039279	5.065814	4.903034	4.905493	5.920339	5.116755	4.899157	5.324812
5.387438	4.918060	4.876355	5.059280	4.639359	4.931178	4.334647	4.991275	4.915074	4.867564
5.881733	5.107856	5.306796	4.320417	3.798447	4.600809	6.304324	4.524966	5.971015	5.179701
5.270159	5.302732	4.830207	5.470187	5.109323	5.400125	5.701563	5.305889	4.713667	5.526021
3.743536	5.134049	5.100273	4.453155	5.359609	4.907893	5.632882	4.195980	5.227054	5.655627
5.008399	4.709652	4.832333	4.572146	5.192937	4.942103	4.916159	5.127645	4.462890	4.528313
6.241905	4.808200	5.046950	4.546870	5.308207	5.094736	4.621539	5.901841	4.881843	4.651382
5.703454	5.056450	5.173226	5.091093	3.670243	5.094429	4.557195	4.876273	4.291589	5.383883
5.159876	4.882505	4.927946	4.875318	6.217432	4.991987	5.293159	5.487064	4.262681	5.495828
5.696654	4.936715	5.105029	5.002942	6.066944	5.009232	5.376418	4.989838	4.682349	4.594513
4.822345	5.311782	5.154595	4.471208	4.432142	4.627932	4.919129	5.076355	5.083551	5.391527
4.643914	5.224750	4.520175	5.138174	4.923967	4.626655	4.592877	5.035802	5.088026	4.935052
5.165583	5.473598	4.064974	4.496210	4.481992	5.156712	4.952422	4.872879	5.284534	4.587082
5.686869	4.663884	6.089841	6.473755	4.872142	5.757973	4.830428	4.492054	5.080848	5.271461
4.462367	4.428728	4.289299	4.731688	5.778315	5.255642	4.560115	5.025171	5.061042	4.299544
5.035775	4.883092	4.498354	5.115674	4.364858	4.594929	5.393425	4.990963	4.235136	5.387748
5.078650	5.303984	4.263906	4.996481	4.943758	4.331469	4.804902	4.337833	4.405069	5.060216
5.667109	4.988069	4.946860	4.939710	4.922424	4.867636	5.411249	5.949094	4.894652	4.871302
4.935242	3.980974	4.776888	4.874257	6.219058	5.834033	4.821173	4.520965	5.192602	4.620622
4.933263	4.342096	4.674741	4.363430	6.018707	5.432706	5.492079	4.606642	4.778578	4.090187
4.439771	5.248352	5.292233	5.509808	4.377942	4.759045	4.844317	5.280007	4.666250	5.408674
4.869029	5.248499	5.118446	4.928888	4.013159	5.068563	3.580093	5.105446	5.634254	5.302372
4.876701	4.999932	4.564020	4.537570	4.634727	5.859619	4.902373	5.553562	5.424553	4.117034
5.720942	4.665949	4.551538	5.092065	5.222420	4.208952	5.812086	4.996744	4.343108	4.765810
5.676459	5.240821	5.321530	4.417909	4.285444	4.731890	5.878695	4.760417	5.311372	3.824672
4.529445	5.111961	4.948237	4.074881	4.370983	4.758121	4.827168	4.143770	4.673718	5.555573
5.972995	4.419579	5.194792	5.657985	4.307565	3.908186	5.340499	5.330131	5.505565	5.721120
4.967953	5.679733	5.151994	5.278812	5.017013	5.270310	3.813210	5.524244	5.902531	5.167146
5.444978	3.817189	5.568127	5.185479	5.950283	5.353972	4.510712	5.924616	5.677129	3.821507
5.161683	5.279999	5.284794	4.894093	5.612861	5.272430	5.839547	5.085804	4.366476	4.808858
4.752275	5.113437	4.960431	5.261173	4.776426	5.046841	4.730712	5.120471	5.350911	5.669497
4.792903	4.896608	4.932918	4.431730	6.370062	5.057787	5.377507	5.627156	5.127948	5.040175
5.216123	4.255795	4.638672	5.574988	4.964517	4.311944	5.353346	5.287164	5.972942	5.515795
5.075297	5.493790	5.740551	5.733460	4.782581	4.448694	4.356372	5.152580	5.292703	5.230212
4.587040	5.383325	4.228293	4.349288	4.492438	5.276042	5.418679	6.025649	5.229375	4.586478
5.444333	5.296295	5.621210	4.614788	5.414057	5.425209	5.027001	5.073595	5.880049	4.472195
4.584710	4.338657	5.012516	5.776182	6.201644	5.629784	5.766494	4.680587	5.360675	4.944974
5.510343	4.986381	5.553068	5.330477	4.387869	5.849481	5.504388	4.235936	4.394794	5.098735
4.492414	5.618268	5.117918	6.015714	5.337790	4.666393	4.373175	4.826394	5.386853	4.528297
5.230022	5.141299	5.040038	4.737354	4.890090	4.994838	4.572001	5.698150	5.634466	5.838530
5.016589	5.082498	4.909198	4.200806	4.868330	5.070910	5.177658	5.541987	5.089804	5.741045
4.476626	5.139356	5.936686	4.566466	4.794158	5.490712	4.249762	4.639114	5.456125	5.525840
4.992378	5.311594	4.769114	4.459447	5.580368	5.071023	5.631914	5.003378	4.811315	5.078073
5.314229	5.186869	6.082301	6.393495	5.890077	4.541854	5.370028	4.737162	6.286198	4.880121
4.956130	4.656644	4.739771	4.961260	6.892810	4.915094	5.010649	5.510783	5.966738	5.023910
4.318054	5.027243	5.619925	5.078353	5.605869	4.643692	5.451339	5.325505	3.750909	4.535778
4.902650	4.878585	4.252773	4.329085	4.988426	5.276023	5.189253	5.243176	4.017163	4.689241
5.665967	5.124992	4.435419	4.634677	3.967147	4.728057	5.151110	4.343376	5.209702	5.291167
4.710207	5.130313	4.978202	6.116685	3.754799	4.311656	5.722784	4.475727	4.236364	4.928792
4.179541	3.667819	5.521145	4.960171	4.766687	5.075868	5.248569	4.768060	4.967431	5.328027
4.082542	4.836206	4.766422	5.058475	4.759404	4.327353	5.196094	5.557561	5.245404	5.143816
4.742057	4.763008	5.027055	5.104228	4.583551	5.389730	4.573503	4.417293	4.686885	4.726433
5.251992	5.706106	5.323792	4.927458	5.191409	5.131476	4.779485	4.054919	4.269265	4.912571
5.239280	4.875242	5.268762	5.003962	5.565508	5.564329	4.670420	3.987525	4.524914	4.927846
5.467861	4.361609	5.264572	4.641516	4.755247	5.312971	4.741862	4.952523	4.613074	4.457443
5.775768	5.139859	4.962568	5.011084	5.341345	4.939927	6.362984	4.335449	5.429395	3.937720
5.324467	4.848725	4.430536	4.538268	5.317471	5.218741	5.601634	4.550643	5.707446	5.530008
4.754571	5.191144	5.038286	5.082922	5.083411	4.879713	5.389570	5.730977	4.753179	5.412851
4.432119	5.079689	4.533603	5.654378	5.413501	3.768604	5.017799	4.801791	5.664370	5.211871
4.205250	4.887444	4.742442	5.138460	3.519674	4.746198	4.483081	5.193338	4.799798	5.179197
5.229259	4.609250	6.362635	4.713340	4.323266	4.408210	4.775078	5.206573	4.989046	5.534539
5.321221	4.774498	4.989776	5.132045	4.448049	5.536786	4.730999	4.542990	5.063207	5.557552
5.498215	5.703336	4.412839	5.245081	5.190722	4.962855	4.959084	4.801119	5.051499	5.499362
5.770789	5.028539	5.723826	4.691238	4.941981	4.774920	5.237545	4.964103	4.937952	4.603536
4.665449	4.967502	5.025362	4.950613	4.205237	5.051572	5.055958	5.047639	3.916917	4.634221
6.575060	4.232377	6.271830	6.290236	5.204866	4.978534	4.519932	4.433517	4.876920	5.158689
4.149335	5.117784	3.643164	5.436247	5.864387	5.117564	4.630114	6.107878	3.911943	4.826941
4.393895	5.202416	4.842552	5.003037	5.233689	3.968132	4.725244	5.825340	4.465133	4.350765
4.760472	4.846437	5.198839	4.386577	4.386336	5.259210	5.106454	3.796134	4.764108	4.499657
5.536405	5.102165	5.087346	4.618627	5.481781	4.827167	5.525525	5.270595	5.944483	5.678204
4.547056	5.167966	4.994662	5.697810	4.552982	4.921195	4.663594	4.155212	4.537792	4.946496
3.893657	4.094055	4.870498	4.572811	4.140413	4.835565	5.204538	5.119473	4.607755	5.650260
5.196472	4.290505	4.023671	3.514043	4.647754	4.930501	4.934133	5.728011	5.960656	5.031154
5.174106	5.418216	4.269153	4.927512	3.869494	4.335723	4.800181	4.323354	4.812215	6.144167
5.640321	5.284402	5.222866	4.324960	4.795348	5.267821	5.880467	4.234671	5.273488	6.361014
4.622456	5.079059	4.685715	6.145800	4.952804	4.499583	5.607119	5.352193	4.697549	4.284509
5.522086	5.131247	5.262754	5.799623	5.123348	4.990412	5.829659	4.416863	5.561577	3.596231
4.469239	5.281355	5.624109	5.018595	5.686119	4.913927	4.407657	4.229331	4.959718	5.544958
5.034547	4.459262	4.866002	5.266158	5.388553	4.868880	4.662104	5.471943	5.031825	5.318946
4.325138	5.467196	5.161178	4.517397	4.246990	4.620305	5.342101	5.430366	3.571269	5.354411
5.290220	4.779862	5.845617	4.880077	5.267437	5.040236	4.928563	4.726999	4.564146	4.938117
4.437325	5.116282	4.890137	4.489725	4.191689	4.824547	5.088364	4.366647	5.455909	4.523863
5.022248	5.985785	5.066608	4.988131	5.054806	4.926613	5.970729	4.689089	5.600026	4.373784
5.044799	3.668608	6.053658	4.754888	5.252411	5.287127	4.974851	5.171755	3.917789	5.064381
4.979936	5.065828	5.398548	4.740685	4.421985	4.977002	4.060592	4.588739	4.742630	4.721364
4.985874	6.180308	5.245199	5.035854	3.835387	5.010410	4.488614	4.903195	5.564655	5.220891
4.737381	5.007787	4.368380	5.010586	4.785460	5.753335	5.338584	4.481183	5.086113	5.281394
6.433823	4.895050	4.931258	5.238546	4.726849	4.719265	4.604859	4.919604	4.918559	5.436202
4.101709	5.171106	5.204447	5.577913	4.541012	5.083744	6.538270	4.957845	3.610533	4.912987
5.739128	5.147729	5.049809	4.456353	6.114057	4.919553	4.764021	4.989577	5.173234	5.266774
5.375194	4.902721	4.406749	5.269316	5.822916	4.816960	3.598377	4.679078	5.456590	5.565882
5.509120	5.187537	5.582932	4.877743	4.892963	4.466354	5.855317	5.150831	5.699465	5.456758
5.142920	5.145739	6.091638	4.948857	5.684089	5.183422	5.421596	5.325785	5.157844	4.387767
5.223908	4.868546	4.895216	4.940316	5.198623	5.636479	6.053832	4.840060	4.987575	3.199693
5.367296	5.276360	5.162274	4.920500	4.210305	4.960576	5.535824	6.009951	5.257915	5.897112
4.652271	4.967362	4.721305	5.633902	5.214625	4.706832	4.667420	4.237396	5.013250	5.958646
6.185119	4.535821	5.333279	5.093738	5.008862	5.689334	5.047079	4.656535	5.168226	5.406564
3.996890	4.419275	4.703911	5.462442	5.825560	4.982686	5.482062	4.967303	5.429621	5.431524
5.568941	5.572465	5.190717	4.537278	4.634464	5.037145	5.729659	4.499161	4.691458	6.031853
4.286770	4.870401	4.404183	5.332432	5.261654	4.194885	4.698222	5.577311	5.149947	4.534550
5.344748	5.040598	4.964932	5.356210	5.110958	4.939260	4.092235	5.852865	5.131532	5.042640
5.553359	4.525916	4.301657	4.424970	5.296340	4.709849	4.807896	5.267960	5.088312	4.801136
5.687482	4.486722	4.964584	4.987692	5.454805	5.280151	5.493347	5.218828	5.098158	4.755881
5.502150	5.293867	5.207312	4.627719	4.832889	4.701833	4.839674	4.934009	6.150985	5.236451
5.711318	4.705278	4.339969	5.078193	4.355176	4.740529	5.072981	3.947909	5.434293	4.499941
6.219726	5.940594	4.460506	4.579852	4.251376	5.329904	5.155357	4.759719	5.074956	5.532092
4.987659	6.339266	6.036004	5.434172	5.078064	4.703115	4.111906	5.505267	4.663511	6.405057
4.640985	4.712780	4.869641	5.652290	4.511803	4.620768	4.099671	5.260076	4.693362	5.306477
5.430847	4.773238	4.796503	5.541610	4.743056	4.831336	5.689833	5.280861	5.200368	4.898972
5.359334	5.020379	5.858807	5.111078	4.740011	4.353080	4.843591	4.781046	5.201442	4.843728
4.339981	5.574030	6.179588	5.400350	5.123556	5.205468	4.309320	4.930590	5.105216	4.662735
3.293492	5.048626	5.081381	4.597034	4.400036	4.978297	5.176319	4.689045	4.635285	5.115567
5.385057	5.629577	5.403788	5.041277	4.823350	4.622516	5.103331	5.807698	3.996387	5.322013
4.891297	4.808633	5.791365	5.866942	4.432371	5.040996	5.072628	5.037848	3.808895	3.914742
5.149968	5.315581	5.183165	4.183692	5.672838	3.882515	4.598965	5.483935	4.076362	4.918785
4.984613	5.064463	5.053412	4.525959	4.556977	5.084674	4.872948	5.892368	4.355729	5.714228
5.340919	5.176065	4.910300	5.324530	5.029286	4.937774	4.223482	4.776686	4.124843	4.763107
5.273352	4.580060	5.253947	4.987966	5.328328	4.661962	5.774100	4.698731	4.465086	5.483647
4.479350	5.061641	4.913851	5.083911	4.777112	4.573176	5.491772	5.061836	5.164703	4.898942
4.600688	5.277440	5.179882	5.831706	5.591473	5.518450	4.573349	5.399503	5.689930	5.127398
5.525455	5.187050	4.431700	4.033993	4.771383	4.995456	4.604913	5.612888	5.279951	4.599781
4.578448	4.792564	4.893634	3.976617	4.102976	4.566760	5.269996	5.722639	5.353084	4.998836
4.931631	5.484560	5.418410	5.145421	5.577950	5.153753	4.341045	6.272703	4.655414	4.630263
4.931479	4.862440	4.287308	4.279856	4.796396	4.438106	5.540679	4.073048	5.400388	4.028830
4.868126	5.312752	4.965017	4.984746	5.468565	4.612979	4.446714	6.043623	5.127897	4.332017
4.906231	5.870091	3.465424	5.460639	4.906393	4.088902	5.404622	5.180878	5.092484	5.021150
5.146591	5.353187	4.777557	5.754505	5.468393	5.513995	4.773480	4.881030	5.049510	5.106642
5.350589	4.823189	5.195578	4.745481	5.861222	4.433024	4.867999	4.964136	6.187229	5.487099
4.643606	4.573958	4.393133	5.296841	4.788647	5.076141	5.967578	4.764266	4.471299	5.116265
5.148805	5.173574	5.158077	5.600591	5.290597	4.925315	5.168302	4.605005	5.909692	4.765288
5.255415	5.876764	5.582372	5.507519	4.690041	4.928215	5.576395	5.125885	4.762532	5.329114
4.652856	5.055054	5.238941	4.366876	4.320110	5.167363	5.485485	6.107001	4.907203	5.235343
5.131020	5.228490	4.814680	5.219134	5.316340	5.480247	5.366226	4.865146	4.898490	5.201711
4.341249	5.287602	5.072748	4.392211	5.755850	5.705368	5.079336	5.805941	5.154833	5.422405
4.500832	4.908203	5.240176	4.836223	5.470702	5.001334	4.466521	5.239088	5.003915	5.046683
3.700486	4.868005	5.105758	4.954452	5.243213	5.453549	4.922058	5.525018	5.349833	6.295349
