4.914893	6.064569	4.137910	5.934922	4.887580	4.337655	4.521931	5.501425	4.264281	5.052417
4.150167	4.806614	4.989166	5.718746	4.466578	5.003093	5.391208	5.065005	4.123292	6.013710
5.460905	4.082264	4.908284	5.830369	4.501899	4.742368	4.945494	5.336888	5.921376	4.909228
5.209727	5.125449	5.156573	4.810623	5.524980	5.107331	4.251937	4.773847	4.611920	5.855426
5.033278	5.711738	5.297933	5.067082	5.319408	4.009079	5.178561	5.773749	5.052688	4.699972
5.202525	4.799685	5.062708	5.184316	5.769508	4.685998	4.315773	4.600674	4.631645	5.505433
5.007821	5.019212	4.425261	5.295858	4.370451	5.515061	4.153162	4.385465	5.157701	4.856456
5.029022	4.775567	4.942932	5.599625	6.423415	4.593667	4.844046	5.127776	5.657623	5.204194
5.166483	4.868180	5.562325	5.295388	5.561816	4.471292	4.100604	5.751468	5.067980	4.297400
4.205725	5.374074	5.372999	5.624096	5.420373	4.738448	4.992611	4.282910	4.546362	4.686078
5.098316	4.363523	5.546832	5.046825	4.924080	4.311272	5.707053	6.036136	5.130936	3.865049
5.293799	5.146974	4.699721	4.639096	5.767783	5.015710	5.048972	5.902483	5.208248	4.235857
4.821607	4.479543	5.244064	4.837278	5.084410	5.215437	5.627778	5.429218	5.881070	5.530137
5.472198	5.427255	4.699974	5.440934	4.899329	5.780163	4.462339	5.299665	5.376316	4.364329
3.669190	4.636235	5.209225	3.402621	4.797797	5.330945	4.882200	4.934213	5.285091	4.764802
5.363736	4.286087	4.552783	5.381311	5.560042	5.516936	4.932557	5.707835	4.824521	4.035637
4.944197	6.860578	4.360858	5.306900	4.672531	5.096497	5.086642	4.682661	5.274935	4.429418
5.473855	5.325425	5.179610	5.385546	4.855208	4.345191	4.158166	4.967482	4.890039	5.337416
4.939010	4.931969	4.692603	5.305530	4.924277	4.948136	5.087866	5.197913	5.599624	4.490702
5.213022	5.530163	5.169248	4.215013	4.902008	5.039592	4.942212	4.855423	5.327955	4.381497
5.077088	5.398074	4.800379	5.048592	6.511672	6.076615	4.763680	5.405965	5.487107	4.658546
4.566426	5.213590	5.077758	5.204550	5.151373	6.031753	5.106287	5.092220	4.868522	4.743331
5.252539	5.318438	5.156043	5.242504	5.172701	4.966552	6.375350	4.752213	5.443933	5.831994
4.966351	4.833754	3.948706	6.282203	4.747937	4.768132	4.424681	4.592659	6.373228	5.299552
4.749413	6.025670	4.969566	5.570328	6.320682	5.905765	4.930521	6.005102	5.380971	5.229907
5.099183	3.724471	5.271204	6.124732	5.155607	5.044330	5.196621	5.198598	3.927981	4.855827
4.504170	4.296365	4.674657	5.486813	5.799580	4.617372	5.287679	5.549639	5.459311	5.228852
5.496483	4.911683	5.321489	5.200811	4.699956	5.543914	5.707317	5.384558	5.219107	4.854697
4.480195	5.166234	5.288158	4.740287	4.245337	5.646739	4.955430	5.561522	5.222272	4.795498
5.142351	4.418315	4.444281	5.067536	5.014692	4.403092	4.592117	4.942094	6.615553	4.367492
4.937961	4.262089	4.628747	5.252243	5.080275	5.718313	6.210334	5.340158	5.749452	5.460065
5.192373	3.802162	4.693650	4.743282	4.574321	5.399509	5.829545	4.891375	5.020455	3.778679
5.547160	4.638105	5.069621	4.018947	5.379649	4.620725	6.227184	4.552302	4.054244	4.503636
5.267786	4.818216	4.429465	4.963332	5.842311	4.639183	5.262030	5.483185	5.160200	4.655930
4.873623	4.901908	4.790681	5.073058	5.747494	4.867825	4.910678	4.403849	3.639584	5.248703
5.040454	5.258169	5.172751	5.822860	5.252997	5.096573	5.084378	4.587683	4.343425	5.104310
4.770740	5.447587	5.500773	4.790091	4.108582	5.439332	4.607988	6.177027	4.763026	5.650752
4.314786	5.093336	5.429317	5.144432	4.860609	5.203672	5.194464	5.436172	4.680552	5.625249
4.708339	4.917782	5.958984	4.922429	3.927665	3.518998	4.624112	4.786369	4.166715	5.229298
5.261389	4.707517	4.634670	4.499723	4.385209	5.077938	5.594684	4.540092	5.319162	4.649844
3.826614	4.978833	4.999319	5.000453	4.586845	4.795677	5.735207	5.172429	4.993984	5.350582
5.858498	4.989437	5.036408	5.236276	5.035735	4.822447	5.513278	4.578341	4.891863	5.141905
5.343193	5.133924	4.850203	6.229159	5.193615	4.912324	6.263838	5.699324	4.735017	5.272453
4.197882	5.383657	5.105822	5.165602	4.878653	4.919712	3.925827	5.032920	5.552939	5.642856
5.266620	4.588269	4.999057	5.027102	4.453504	5.941800	5.034196	4.762177	6.031384	5.445800
4.316350	5.122756	5.355503	4.624109	4.649706	4.398279	5.037799	5.618444	5.825883	5.637279
6.024323	5.542266	5.720340	4.282944	5.308525	4.598126	5.437376	4.802036	5.002177	4.616378
4.777872	5.267119	4.855965	4.334708	5.234415	4.642447	4.020248	4.897966	5.590246	4.737854
5.297052	5.530296	4.909648	4.703999	3.862802	4.898303	3.775759	4.429235	5.244913	4.916508
5.313524	5.119699	4.825875	5.048665	5.210264	5.008048	5.003626	4.163492	3.578106	4.323711
4.224747	4.834795	4.801310	4.716176	4.604574	4.777854	5.599790	4.839773	4.890376	5.290658
4.346838	6.620470	5.135073	6.147215	4.587812	4.672016	5.561729	3.830997	5.927117	5.620216
5.139525	4.847818	5.176992	4.869135	4.972996	5.265382	4.495812	4.546619	5.151245	4.457836
5.549015	5.149249	5.089407	5.242773	4.081199	4.959298	4.579420	5.218687	5.281866	5.008501
4.537518	4.769829	5.480639	4.373904	4.195025	5.243584	5.250032	4.478367	4.773814	4.821549
3.186269	4.868577	5.059106	6.301068	4.606304	4.882936	6.259133	4.369172	4.982616	4.917609
4.859212	5.160976	4.102697	4.782364	5.448864	5.265263	4.998912	6.338343	4.648349	6.022424
5.856623	4.752736	5.071041	4.041851	4.850009	5.065082	4.721570	4.532873	4.677764	3.542557
4.906672	5.289544	5.099082	4.640436	5.222217	4.931637	4.737808	5.617962	5.724229	5.027101
5.599760	5.278601	5.072351	4.735433	4.980582	6.624092	4.824660	4.053561	5.473866	5.368904
5.080310	5.131589	4.999567	4.517695	4.704355	5.053675	5.709846	4.749709	5.244705	4.846506
4.568530	5.243502	5.331604	5.529862	4.715287	5.173602	5.411014	4.428347	5.078660	4.798372
3.793245	4.593409	4.433101	4.382303	4.924314	5.740551	5.224268	4.914095	4.961205	5.432145
4.571970	4.623124	4.445107	4.114107	5.004043	4.596869	5.068242	5.067243	5.251384	4.140650
4.838320	5.047180	5.025027	4.558867	5.393581	5.011591	4.731231	4.644046	6.390946	3.990611
5.132148	5.204600	4.856965	5.048695	5.353564	4.915013	5.391635	5.554607	4.214093	4.817817
5.163982	5.287041	4.789748	5.242844	5.645519	3.912210	4.336800	5.803481	4.665879	4.725569
4.934492	4.270023	4.540809	5.630032	5.541583	5.865158	5.200381	4.651670	4.316964	4.374754
4.780175	5.166002	5.142357	4.521220	5.046021	5.029101	4.302686	5.431560	4.478838	5.317671
4.945654	5.405825	5.122446	5.013937	4.629930	4.085506	5.305003	5.132478	4.714752	5.479851
5.146516	4.658105	4.976792	5.235171	5.441828	4.141986	4.920337	5.198292	4.847593	4.829051
5.528480	5.082275	4.880109	4.160368	4.807807	5.170287	5.194971	5.102046	5.832483	5.292620
5.337308	4.983441	4.935569	4.329119	4.929899	4.942123	6.437769	4.384362	4.899271	3.836483
5.042984	5.231876	5.033559	6.095782	4.878171	4.993668	5.216267	5.350468	5.234164	4.876422
5.807923	5.922542	6.012957	4.786747	5.176288	5.942916	5.145020	5.442483	5.351745	5.610649
4.274862	5.266517	5.679994	5.683937	6.024291	5.021561	4.537656	4.110981	4.572386	5.210444
4.664156	4.840474	4.697102	4.335520	4.745573	5.894808	5.313774	5.592509	4.948812	5.087324
4.020391	4.966524	5.592138	5.095967	4.899745	4.514515	4.849954	4.139648	5.710826	4.996574
5.765431	4.508698	4.920626	4.767788	5.913749	4.571043	5.288379	5.373898	4.288970	4.629633
5.533737	4.991406	3.954428	4.662607	5.293951	5.101022	4.601241	4.351868	4.862693	5.721807
4.489548	6.018855	5.581969	5.241040	4.910057	4.376050	5.267632	4.940432	6.119558	4.514809
4.770515	5.012175	5.085465	4.659401	4.972313	5.033409	5.247438	5.029918	5.417424	4.557014
5.062519	4.283864	4.915818	4.773444	4.575955	5.336290	5.259537	3.848219	4.983317	5.190068
5.209450	4.534166	4.487001	5.060483	5.113296	5.208382	4.612617	5.299161	5.574879	4.337030
5.123536	4.194658	5.225214	6.001177	6.260675	6.021852	5.295016	4.195524	5.154480	4.508672
5.323022	5.194450	5.042104	4.952529	4.579514	5.025483	4.884571	5.569452	5.155633	4.965253
3.610212	5.876072	6.063176	5.185298	4.526917	4.912946	4.913413	5.571389	4.991392	4.102398
4.899335	4.776285	4.934835	4.185187	5.116331	5.198639	4.784906	5.148096	5.334435	4.924568
4.892914	4.169333	5.725192	5.428038	4.492316	4.646947	5.283491	4.818800	4.890706	5.344625
5.177487	4.908201	4.994839	5.559107	5.196769	4.967391	5.523081	4.422786	4.873529	5.762307
5.302396	5.275947	3.594920	5.574123	5.516828	4.514211	4.759149	5.122576	4.787690	4.858970
4.393211	5.132239	5.022952	4.791809	5.817136	6.109784	6.220461	4.556403	4.449367	5.408763
5.110060	5.080634	4.653563	4.356122	4.636844	4.452412	4.184894	4.852392	5.129206	4.902069
4.865592	5.242150	5.041279	5.097074	5.065083	4.851686	4.430034	5.106330	5.004416	4.468384
4.862170	5.157710	4.920166	5.403418	3.373249	4.883082	4.705824	4.887341	4.248971	4.065810
5.255712	5.086583	4.963624	4.811262	5.567335	5.045529	4.498068	5.477561	5.095286	5.252682
5.349552	6.334735	5.153655	5.186278	4.476620	4.985435	5.525568	3.254429	4.545581	5.038881
5.119405	5.164506	4.513805	5.046189	5.587938	5.311077	5.389632	4.716840	4.863570	5.171003
4.554241	5.362870	4.916780	5.093119	5.220606	5.228162	5.194443	5.009754	4.439218	5.593337
4.878997	5.143942	5.556615	5.183552	4.167165	5.803600	5.059997	4.900791	5.646336	5.269945
4.801915	5.167686	4.780804	4.599732	5.926313	5.676783	5.176619	5.094362	5.315901	5.289803
5.215620	4.494821	5.162317	4.201946	5.169534	4.853505	4.553252	5.163519	5.336817	5.246755
4.796036	5.708694	5.382028	4.850332	5.435460	5.401409	4.828773	4.882059	5.614133	5.175303
5.108617	5.113403	5.127574	4.606175	5.248954	5.131059	4.781720	5.054063	4.660128	6.297352
4.562927	4.984276	5.085654	4.461203	4.490821	4.909841	6.097084	4.999673	5.295370	4.830714
5.728452	5.145458	4.686126	4.357025	5.884879	5.775613	4.798689	5.120341	4.853014	5.869505
4.404907	5.074026	5.631900	5.454951	5.316302	5.181914	4.232637	5.012372	4.359235	5.323503
5.272695	5.519054	5.086775	4.473244	4.668595	4.180996	4.849788	5.466556	4.398604	3.939716
5.475072	5.481926	5.284685	5.808372	5.026646	5.480806	4.366303	4.494188	4.771041	5.045669
5.131957	4.883491	5.152268	5.333279	5.476586	5.492076	4.534034	6.270898	5.035630	5.369216
5.131999	4.853060	5.212278	6.108148	5.455859	4.805199	4.521894	5.289648	3.600468	5.490428
4.036702	5.108953	5.493355	4.569727	5.449739	4.377880	4.651257	4.866568	5.404930	4.169383
4.739026	4.504640	4.609807	5.515844	5.182959	4.695316	4.599743	5.109190	5.857573	4.896224
5.233998	4.765618	5.546362	6.422103	5.227751	4.633567	6.046758	4.968613	4.176715	4.828613
3.758976	4.620923	5.302032	5.107583	4.295578	4.759293	5.254578	5.007318	4.370616	4.389254
4.720428	4.627962	4.661530	4.745760	5.308722	4.575436	4.435197	5.830936	5.499665	5.460139
4.761762	5.220498	5.309056	4.307436	5.268289	4.356007	4.221578	5.065461	5.639260	4.724248
5.461445	5.267713	6.076251	4.649561	4.969942	4.661444	4.268625	5.225348	5.844289	4.543909
4.551202	5.906758	4.891774	5.250362	4.526891	5.145504	5.310933	5.707741	4.538249	4.848647
4.823903	5.080823	5.024864	5.279955	5.009498	4.989273	6.273598	3.656279	4.845107	5.615957
5.795565	5.807376	5.720546	5.345108	4.920056	4.737461	4.681529	5.171420	4.885526	4.741352
5.726704	5.557595	5.007437	4.086283	5.702140	4.302770	5.526003	4.652919	4.726004	6.251526
5.236449	4.626164	5.135852	4.476302	4.950651	5.392096	4.258964	5.442310	5.572400	5.839079
5.051167	4.292276	4.999420	5.181861	5.121862	4.730014	4.350377	5.384523	6.275720	3.993217
3.972098	4.951247	5.240741	4.543966	4.734719	4.947803	4.790490	5.194249	4.324503	4.608250
4.993969	5.030914	4.296476	4.654165	5.412176	4.600873	5.593403	5.063335	5.414241	4.800991
5.351257	4.717321	4.979423	6.273601	5.566833	4.848677	5.349723	6.064615	4.338882	5.683235
5.164755	4.684827	4.713791	5.999794	5.609395	5.602398	5.810088	5.919289	4.967186	4.176302
4.683112	4.785645	5.009743	5.302679	5.520544	5.074614	4.067672	5.027498	5.945019	4.460666
4.108239	4.334153	5.377374	5.294461	4.730000	5.159246	5.691818	4.292297	5.253521	4.064112
5.115411	5.217450	4.955684	5.318078	6.112763	5.295615	5.317408	4.550985	4.456219	5.397838
4.627866	4.543550	5.312313	4.794697	4.737237	4.322954	4.892766	4.198473	5.070452	5.108945
3.994735	4.882250	5.153180	4.477964	5.387209	5.078300	4.901822	4.700447	5.136024	3.859683
5.400124	4.214626	5.627021	4.797787	4.779130	5.369259	5.215044	5.606900	5.150646	5.114090
4.684910	5.017917	5.013201	5.088902	4.257444	4.933204	4.580256	4.698973	4.328912	4.575101
5.227636	5.025511	4.633391	4.543129	4.914499	4.581640	5.089725	4.956231	4.624312	5.646595
4.972258	4.619487	5.924161	4.416714	5.913267	5.959820	4.352106	5.718656	5.354614	3.647586
4.504855	4.783961	5.312693	5.887280	6.163889	6.198345	5.477285	6.563810	4.863450	6.075427
5.544920	5.245936	5.195702	4.677916	5.026748	5.056070	5.442589	5.304483	4.547044	4.493711
4.879124	4.905464	5.775306	5.697901	5.473651	5.203317	4.481643	4.830886	5.466462	4.329009
4.866529	5.036787	5.190887	4.380879	4.897604	5.236743	4.748707	5.333273	5.140053	4.877910
4.156733	4.987846	4.858240	4.620149	5.189700	5.215021	5.373908	4.681127	3.962197	4.751606
5.291475	5.045185	4.661330	4.815346	4.494279	5.661728	4.526686	5.097929	4.888392	4.355611
5.085567	4.165805	3.461333	4.805586	4.737630	5.690475	5.440598	4.974537	5.509993	4.703294
5.882970	4.468549	4.822152	4.136126	4.289412	4.879357	5.745228	4.854495	4.793696	5.990802
5.172691	5.005041	4.946496	4.508473	5.325565	4.812500	5.506681	4.915157	4.657933	4.604496
4.747157	5.390778	4.394251	5.805792	4.888890	5.061234	4.416914	5.107060	4.577666	4.996124
4.775980	4.894494	4.844890	4.940134	5.261540	5.700282	5.209878	4.477921	4.960816	3.915288
4.203133	5.438762	4.948625	5.311233	5.387473	4.889847	5.876295	4.547989	5.224596	4.692213
5.057857	5.677041	4.887713	4.356566	4.929417	5.225533	5.401842	4.059917	4.153737	6.102346
4.973084	5.061882	5.620868	5.091556	4.327219	5.830788	4.650470	5.081987	5.262392	5.028920
4.963830	4.885761	4.831573	5.261752	4.783742	4.925333	5.086307	4.707209	4.295777	5.916343
4.472600	5.156951	5.177587	4.210074	4.304212	5.125139	5.223598	4.230209	5.030823	5.930884
4.513500	5.028986	5.000889	5.643824	4.882836	4.905834	4.984997	5.898145	5.041508	5.016811
5.005287	5.785077	5.464402	5.465429	4.585547	4.588047	5.242307	5.418922	4.758890	5.217561
4.449128	4.632883	4.139422	4.681331	4.258921	5.749324	6.348602	4.884767	5.526840	4.487138
4.409701	4.040651	5.159379	4.890419	4.593592	4.419178	4.822064	5.181104	5.319633	4.888768
6.837779	5.564236	5.849099	5.322599	5.122544	4.651516	3.919402	4.935480	4.679170	4.773022
5.047091	5.185835	5.198584	4.204217	5.534650	5.052979	4.707242	4.065789	5.071943	6.082436
4.690154	4.841488	4.745495	4.723882	5.584610	4.681564	5.957180	5.588416	4.785515	5.927139
4.203647	5.151038	5.332266	4.794827	4.398738	4.814204	5.529929	5.720420	4.994363	4.367152
4.707971	5.976086	4.307715	5.323963	4.808097	5.365058	4.945432	4.717360	5.743365	4.494220
5.515854	4.502334	5.754059	5.211474	4.929154	5.787791	4.711048	4.434653	5.505846	4.086307
4.217297	5.203729	5.183566	4.629473	5.118518	4.356613	5.040817	5.709761	4.163650	4.352439
4.954601	5.105516	4.954196	3.939082	4.470517	4.978558	5.539963	5.355690	4.310484	5.442120
4.494969	5.624103	4.311819	4.840676	5.282068	4.881649	5.594774	5.349904	5.903486	4.820204
5.118919	5.302374	5.167388	4.881321	4.695622	4.073647	4.967525	5.155867	4.845343	4.853008
5.386101	5.171607	5.911014	4.822461	4.645601	4.400102	5.344095	4.743061	5.379632	4.897986
5.040596	5.098705	5.571082	5.487137	4.758812	5.238073	5.274111	3.392976	4.585909	4.847930
4.737461	4.384871	3.640957	5.510254	5.023365	3.266584	4.688948	4.817929	5.198712	4.796232
4.286436	4.678626	5.307243	4.295382	5.432516	4.116553	3.724658	4.938304	5.096012	4.805511
5.730566	5.461193	5.373045	4.730997	4.568215	5.097265	5.725378	5.040874	4.136436	4.084834
5.092259	4.924758	4.653954	4.731689	4.822537	4.714281	4.429359	5.753082	4.413077	4.460488
5.528421	4.423357	4.736917	6.079067	5.075096	5.065805	5.063301	4.421549	4.713361	4.378785
5.370381	6.214122	5.867914	5.280180	4.285996	5.688586	4.791672	4.833875	4.717862	4.548502
5.136146	5.126975	4.998326	4.846313	4.476579	4.965754	4.733905	4.621782	5.661515	4.046623
5.269639	5.418324	4.704782	4.755772	4.662128	4.529258	5.658827	4.425080	4.488460	5.249146
4.887284	4.720034	4.261624	4.470300	5.006887	5.111891	5.134528	5.200860	4.846593	5.846429
3.790287	4.878334	4.613157	5.262209	5.978389	5.982784	4.952936	5.444170	5.209671	5.087269
5.411051	5.135369	4.902300	4.551258	5.451522	5.201311	4.854105	4.634098	4.882300	5.739256
4.896915	4.989282	4.778455	5.211803	4.124518	4.920394	4.841064	5.867833	5.451331	5.186911
4.827234	4.984213	4.820771	4.942834	5.135812	4.916711	4.634585	5.735228	6.064500	5.195582
5.935104	5.086038	4.671223	4.732403	4.781947	5.545750	5.082366	5.073371	5.319142	5.341774
5.351040	5.501199	5.095555	4.768176	5.193748	5.221628	4.952631	4.885759	4.369952	4.507232
4.815197	5.026112	5.571609	5.111628	6.088376	5.045191	4.408898	5.069268	5.811641	5.033496
5.100227	4.821404	5.816630	6.352027	4.758562	5.103478	4.475514	5.056496	4.529854	4.730914
3.997228	4.720214	3.722159	4.558135	5.103161	5.709905	5.687686	4.667206	5.618385	4.185548
5.595212	4.037524	4.751252	5.132731	4.664711	5.549711	5.246158	3.804269	5.094604	5.755060
5.614002	4.824081	5.596904	4.910559	5.234637	4.154585	5.156306	4.636779	5.542757	5.710285
4.794117	5.055176	5.989915	5.137908	5.684838	6.014409	5.352187	5.841600	5.884787	4.618211
6.099205	4.693954	5.698258	5.175607	5.027199	5.150426	5.590483	4.100669	5.207507	5.008760
4.725220	4.040349	6.054812	4.666951	4.614113	4.536489	3.745402	5.370140	4.748015	4.493958
5.240725	4.782465	5.103148	3.872140	4.591376	5.212218	4.009283	5.007398	4.712969	3.992484
4.774884	5.088054	5.317178	4.834310	5.168341	5.201921	4.862693	4.135361	5.163884	4.540108
3.812893	4.390958	4.895854	5.097399	4.969110	4.670104	4.521241	4.578451	4.719203	4.778062
4.942598	5.089178	4.918575	5.578365	5.347574	5.132660	4.103370	4.915320	5.017365	4.176689
5.256008	5.215355	4.226094	5.068837	6.081414	5.077088	4.968564	4.700714	5.576206	4.739649
5.272522	5.787526	4.337996	4.652870	4.672227	5.569286	4.698936	4.745870	4.882338	5.487329
3.883410	4.407458	4.460931	5.695141	4.087694	4.949393	4.309399	5.012158	5.069494	4.852502
4.306451	4.702528	4.734865	4.950728	4.946727	5.423175	4.974908	5.548976	4.924608	4.871571
