5.135353	5.399672	5.177175	4.974307	5.186500	4.874260	4.520220	5.158305	4.997123	4.266881
4.382524	5.128527	3.907193	5.015357	3.866431	5.122961	5.288687	4.517984	5.301499	4.482552
5.297532	4.535384	5.288394	3.874758	5.477445	4.499005	5.076504	4.389989	4.957615	4.683205
5.357920	4.709050	5.262121	4.661548	4.539278	4.872183	4.945396	5.448091	5.327960	4.761539
5.368090	4.796355	4.899065	4.962368	5.004679	5.282753	5.215203	4.863864	5.189369	4.981874
5.142699	5.296702	5.187479	5.114317	5.006080	5.056954	5.142778	4.895185	4.656057	5.192082
5.096394	4.644567	6.746789	5.259744	5.054105	5.427759	5.752043	5.218114	4.528908	5.290848
5.530372	4.633796	6.156346	4.833535	4.904704	4.121091	5.145170	4.224437	4.660292	4.477087
6.016517	4.964466	3.857171	4.860856	5.446707	5.869198	6.181935	4.125131	4.289901	4.295451
4.176130	5.341732	5.904586	5.293477	5.203981	4.471968	5.296873	5.080973	4.635690	5.625644
4.239594	4.858286	4.514641	4.737566	4.902050	4.883614	4.560714	4.836321	4.147511	4.657316
4.892594	4.761810	4.831443	5.465437	4.266319	4.376303	4.188322	4.894164	4.189247	5.587776
5.895791	4.651671	5.263997	4.618097	4.515411	4.686086	3.705228	5.503506	5.326257	5.983943
3.517420	5.854428	5.081568	5.813825	4.426022	5.113780	4.908445	4.747289	4.729652	4.851271
5.238813	5.454300	5.511024	5.646201	4.627432	5.573427	5.592003	4.915342	4.787363	5.840982
4.410344	4.122170	5.803066	5.147017	4.763324	5.526864	5.568691	4.963198	4.751237	5.367573
5.177308	5.040517	5.101068	5.051565	5.157540	5.421110	4.753150	5.043918	4.959384	4.739470
4.459952	4.961993	5.681483	5.660632	6.186199	4.588186	4.504609	5.224608	5.849635	5.197134
5.085214	4.573404	5.806695	5.623185	4.867909	5.352872	5.405370	4.692096	5.194293	4.911409
5.785943	5.438521	4.862497	4.859562	5.580339	5.311292	4.136951	4.809520	4.604707	5.380257
4.519333	4.270664	5.043564	4.938301	4.995467	4.904133	4.849288	4.779211	5.855440	4.663344
5.238880	5.349115	5.252319	5.219169	3.659430	4.479813	4.257220	4.150517	5.744888	4.693109
6.425326	5.155372	3.785413	5.075606	4.685930	5.521120	4.734388	4.498012	5.863072	5.627602
3.711191	4.210321	4.556486	5.006347	4.432972	4.787451	5.453684	5.971673	5.099441	5.815727
4.558095	4.626727	4.907180	5.060781	5.049758	4.149908	4.145149	4.899615	3.811132	4.803879
4.442070	3.979043	5.125497	5.404419	4.340755	4.284891	4.436599	4.638228	5.055445	4.602004
5.834139	4.999091	5.268036	4.528859	3.948957	3.905309	4.680460	3.574293	4.546043	5.543316
4.124353	4.938333	5.278885	4.955349	5.396881	5.779181	5.687425	5.460871	4.783313	5.694748
5.150664	4.459185	5.847929	5.287467	4.951356	4.922701	5.506650	4.863167	5.526847	4.523403
5.910979	4.692942	5.159743	5.110915	4.921308	5.185345	4.371652	5.199775	4.858467	4.864294
5.287921	5.107791	4.000957	5.027199	4.716404	5.071740	5.419974	4.909290	5.137850	3.638258
4.879001	5.239906	5.029882	4.757445	4.204648	4.674385	4.318981	5.833811	4.821489	3.973739
5.646755	5.600935	4.777211	4.210198	4.456554	5.161169	4.510201	3.858896	4.901190	4.169699
5.560772	4.338736	4.427661	5.433389	4.986433	5.030571	5.091010	5.767915	4.429262	5.880902
5.570940	4.149205	5.077876	4.495221	4.512488	5.065148	5.456478	4.841893	4.462951	5.268409
4.822134	4.859168	4.962682	3.675248	5.167327	4.591601	4.502314	5.253742	5.264204	4.805177
3.837235	5.230908	5.544829	4.866346	3.758962	5.153219	5.010656	5.473849	6.008513	4.527331
4.957966	5.243619	4.664707	3.963596	4.190523	4.536043	4.842204	5.781415	4.540597	4.565450
4.800770	4.706574	5.257496	4.155925	4.835997	5.313144	5.440344	4.511092	4.494520	6.066611
5.142734	5.279698	4.640541	5.505629	5.279871	5.222440	5.112279	4.175896	5.211866	5.308825
5.345363	5.531830	3.954774	5.971842	5.284480	5.411143	4.190006	5.087861	5.135118	4.671374
4.776686	5.819966	5.094121	3.528228	4.892982	5.199400	4.639467	5.063431	5.219604	5.207690
5.082365	4.956559	5.404794	4.516991	4.549719	4.216815	4.955287	5.480793	5.766682	5.755358
4.902440	5.294437	4.345833	4.654568	4.955618	5.081583	5.441115	5.213090	5.471125	4.176658
3.220684	5.862092	4.430387	4.961892	5.018755	5.937298	5.002089	5.141894	5.484854	6.350774
4.050054	4.631155	4.148395	5.735048	5.459698	6.225049	4.853587	4.292137	4.022585	4.255069
4.335483	5.312501	5.002323	4.930112	5.085157	4.803658	5.437421	5.198290	5.836502	5.184428
5.128342	5.976130	5.296349	4.480842	4.099257	4.941157	4.195360	4.271873	5.124188	5.822636
4.776197	5.008281	4.616552	5.119750	5.146126	5.240335	5.525771	5.156688	5.585359	4.658714
5.212916	4.496950	4.668974	4.394524	5.161370	5.011157	4.987996	4.837445	5.108815	4.888068
5.820650	4.757079	4.660349	3.782423	4.653853	4.293995	4.067437	4.932394	5.222006	4.838079
4.991375	4.562089	4.935204	4.659154	5.629611	4.804049	4.686898	5.326150	4.549548	5.335573
4.682157	4.729674	4.771662	4.797272	5.366083	4.636592	5.947105	5.405379	4.685863	4.786690
5.741147	4.827384	4.184750	5.516207	5.488000	5.225137	4.290711	5.642211	5.989173	4.258504
4.571563	6.201155	4.700404	5.545309	4.646249	5.336285	4.278099	5.364193	4.732295	4.899396
4.254941	5.451370	5.561078	5.449716	5.753176	5.957732	4.987220	5.792319	4.542249	6.039660
4.561531	5.327626	4.947269	4.676496	5.152572	5.441215	5.306854	5.758772	3.234573	5.535671
5.538145	4.684301	4.590317	4.837472	4.922865	5.467016	5.057663	4.654717	4.937116	5.093008
4.892790	5.527206	4.506453	4.809680	4.372132	4.604214	4.130578	4.650486	5.835704	5.606213
4.813128	4.450778	4.094037	5.528269	3.868284	5.014273	5.161603	5.968606	4.820133	5.021063
4.338261	4.510600	5.058362	6.104099	5.576808	6.136380	4.985279	4.912123	4.891531	4.465516
4.571948	5.059537	5.268884	4.668867	4.746572	6.084634	4.368793	4.961259	4.729149	4.785059
5.588484	5.218554	3.761522	5.172108	5.043776	4.432831	5.571600	5.044672	4.641939	5.624551
4.800250	5.168221	3.666249	4.646649	4.954771	4.412444	5.280372	5.496891	5.221191	5.275346
5.355578	6.017214	5.635240	4.712085	5.062932	4.982571	5.930704	5.809886	5.920475	4.136798
5.330452	4.992604	5.840921	5.088177	4.612459	4.644500	5.256032	5.000865	5.037860	3.781677
5.313049	5.088964	4.714320	4.979630	4.086404	4.364785	4.444725	4.411150	5.915897	5.049596
4.508185	4.598430	5.609428	5.077819	4.901006	4.205848	5.198223	4.810589	5.557115	4.824476
5.383825	4.921853	4.955899	5.046206	5.222337	4.926728	4.459894	4.684971	5.085862	3.970748
6.051552	5.805564	4.655567	4.870981	5.085798	4.643161	4.658974	4.982890	4.630498	5.266047
5.380284	4.942119	5.993693	4.669086	4.246004	4.716474	4.832438	5.578228	5.519113	4.448959
4.804222	5.880299	4.095442	5.050405	5.169972	4.998024	6.000710	4.077738	5.132259	5.264435
5.404306	4.673897	4.839363	5.213438	5.514151	5.226922	4.233096	5.688626	5.780415	5.143062
5.922713	5.793234	5.888698	4.852653	5.231109	4.835665	4.890140	5.071386	4.575980	4.213248
4.854858	3.965704	5.270927	5.148471	5.411785	4.480360	4.437716	5.361957	4.759177	4.900670
5.218102	5.520689	4.780650	5.073552	4.932044	4.560395	5.209823	4.945993	5.733479	6.276234
5.380439	4.454210	5.078332	5.436693	4.107202	4.497939	4.933918	4.971060	5.012585	5.728612
5.456397	4.745633	5.029212	4.626161	4.592758	5.523434	4.808137	4.685943	4.799317	4.998938
3.994614	4.842332	4.566940	4.810604	4.929102	4.907967	4.841749	4.839406	3.955108	4.975029
5.901168	5.284974	4.739004	4.471811	5.675078	5.246935	4.172516	5.116112	5.564998	4.749016
4.389896	5.001051	5.440974	4.771168	5.218006	5.025329	5.159774	4.855040	5.103644	4.885247
5.086102	4.376903	4.299368	5.283942	5.315477	4.410553	3.565798	5.619401	5.073492	4.470126
5.008171	4.314301	5.432103	4.673937	4.999232	5.164075	5.479543	4.258172	4.272046	4.810788
4.665288	5.930685	6.137335	4.798343	4.985733	4.920251	4.630194	5.323651	4.319581	4.834991
5.543129	4.506147	4.826538	4.519145	6.033270	5.437864	4.425933	5.530240	4.280324	5.259215
5.394873	4.341199	4.477650	4.817210	4.755915	4.100071	4.642640	4.835303	4.198604	5.767115
4.627473	4.367567	5.504935	5.660122	4.330550	4.568577	5.576766	4.866913	4.908081	5.134407
5.022282	5.090287	4.599819	4.999496	5.038487	4.821993	4.236626	5.055831	4.149923	4.720388
6.551334	4.324846	5.791126	5.095235	5.330262	5.084899	5.477612	5.258824	5.403113	5.314758
5.647574	3.727919	5.264966	5.796395	4.747200	4.394951	4.980055	4.932033	4.831729	6.424857
5.008348	4.403936	4.452302	5.032898	4.138607	4.383284	4.715575	4.843771	5.480567	5.248666
5.070079	4.915197	4.718840	4.410481	5.204498	4.793785	5.322099	4.993517	5.804463	5.062054
5.547737	5.695138	5.344895	5.659467	5.413839	3.965225	4.705357	4.824385	5.350677	5.136965
4.502107	5.500981	5.453459	4.141350	4.988062	5.689517	5.261555	5.467575	5.972533	4.735740
4.825724	5.154647	4.772255	4.867627	5.102225	6.458006	4.606439	5.079861	4.715043	5.174231
4.269391	5.609569	4.797235	4.187886	3.939945	4.829268	4.494227	5.293199	4.996360	4.385071
4.604554	6.052674	5.776715	5.408969	4.712010	4.266362	3.948126	5.018586	5.598241	4.279578
4.865743	4.370125	5.705595	5.639936	4.673257	4.977314	4.883796	4.935298	5.045656	5.374815
6.037872	3.896419	5.364351	6.261648	5.149751	4.637225	4.987997	5.313088	4.535669	5.025843
5.128616	5.777156	5.717944	4.819765	4.289258	4.896414	4.294295	4.573198	4.594064	4.845425
4.401086	5.653478	3.799157	5.159051	5.026789	4.348355	4.789965	4.932406	4.790560	5.763474
6.323313	5.770448	4.772392	5.048126	5.705074	4.668032	4.778471	5.054943	5.010286	5.540556
4.640014	5.141682	4.615130	5.051596	5.022097	5.332393	5.398546	4.824350	5.463927	5.294330
5.459451	5.123687	5.651057	5.722876	4.880498	5.284947	4.238827	5.212080	5.185685	5.138159
4.131586	5.847328	5.054226	5.312511	4.953497	4.265008	5.208116	3.789650	4.444939	5.660865
4.698045	5.217250	5.687044	4.415637	4.760792	6.047538	5.139759	5.326089	4.913372	5.603702
3.457856	4.367245	5.044001	5.186585	5.414709	4.702342	5.140018	5.057981	5.101298	4.826096
4.568628	4.444529	4.616333	5.033758	4.916983	4.463695	5.622516	4.917908	4.806651	4.436955
5.668749	4.914881	3.501361	4.885221	4.951318	4.606699	5.100125	5.043732	5.454293	4.700870
5.195421	5.370257	5.923170	5.174202	5.165154	4.076705	5.806798	5.251266	4.651794	4.327930
4.428811	4.656073	5.221441	4.738552	5.455776	5.372680	5.210183	6.008055	5.906612	4.443915
5.663472	5.853496	4.407381	4.100917	4.568625	5.416655	4.981087	5.157562	5.668735	5.214863
4.054831	5.689305	4.966223	5.237105	4.901035	4.920478	4.552471	5.153931	5.356863	5.742831
4.404704	5.499567	5.337595	5.328184	5.269876	4.336913	4.823776	5.118924	4.558270	4.964091
5.002075	5.614063	3.857719	4.832893	4.782444	4.452110	4.850420	4.958025	5.051889	4.493591
5.357232	5.223812	4.248784	5.557890	4.025094	5.534181	4.881845	5.334071	5.391142	5.282588
5.961465	4.986517	5.914505	5.187997	5.166039	5.021116	4.839208	5.010178	5.655334	5.853316
5.227225	5.225737	5.150438	5.041236	5.203092	6.381109	5.169306	4.484324	5.519515	5.609269
4.639696	4.093441	5.081732	5.106520	5.024241	5.784788	5.223595	4.913877	5.893194	4.212551
5.172229	5.906326	5.963828	3.886574	4.886900	5.426536	5.055208	4.265843	5.065802	5.077566
4.383722	4.632091	4.715003	5.526579	5.465469	4.402804	4.446096	5.753189	5.387638	5.678016
4.536083	4.717846	5.291116	4.697087	4.755749	5.342794	5.268400	4.332788	4.346264	5.150802
4.830287	5.516344	5.175184	5.137794	5.159079	4.738435	4.971487	5.008506	5.266003	5.581081
5.664628	5.002717	5.257208	5.613356	4.273293	4.784510	4.955915	5.529324	5.036785	5.840167
4.827978	5.434077	5.444059	5.316660	5.769875	4.537683	5.488515	5.234665	5.578974	4.640847
4.310445	4.306075	4.948871	5.251274	5.845468	5.659143	4.996670	4.247715	5.279959	4.351357
5.918126	5.225263	4.782967	5.153065	5.155264	5.102664	5.432379	5.245245	5.517126	4.746205
5.756918	5.026460	4.954756	4.957373	5.034161	5.933738	5.116770	4.854364	4.347672	4.735796
3.958312	5.391044	5.040307	4.404223	3.896447	4.532398	5.720352	5.271994	4.031626	5.616554
5.404650	5.695400	4.821110	5.197423	4.880467	5.682533	4.603021	4.978295	5.471437	5.483669
4.758875	4.928236	5.395571	4.740332	4.821744	6.002003	5.545846	4.018484	5.355163	5.629176
5.916289	5.116430	5.658110	4.299438	4.948751	4.730902	4.422955	4.871913	4.574753	5.109018
5.111239	4.890661	4.974192	4.887394	4.899044	5.010257	4.693841	4.834216	5.667322	5.436235
4.856339	4.991081	4.276527	4.975697	5.141117	4.240804	5.455585	5.080832	5.697825	5.038447
5.209277	4.952357	5.221197	5.122437	4.897341	4.759531	4.175910	6.517142	5.814802	5.165139
6.232934	4.882974	5.314680	5.430370	5.043308	4.125943	4.762542	5.140216	4.882131	5.285460
5.308810	4.926116	5.210638	5.383770	5.406201	5.603967	4.624229	4.657352	4.201231	4.405085
4.771205	5.432699	5.043757	5.098010	4.816368	4.870788	5.197856	5.703924	5.449275	4.738950
4.631715	5.821405	5.395321	4.779645	4.884428	4.882222	5.190723	3.837518	5.091363	5.225281
4.355031	5.542263	4.497463	3.740113	5.816711	5.456003	5.178475	5.828775	4.946273	5.442554
4.960879	5.092524	5.324809	5.674183	3.851906	4.530766	4.689702	5.978030	5.672616	4.630599
5.277405	5.689579	5.203898	5.634075	5.272141	4.577485	4.917197	5.136292	5.119153	4.916294
4.343939	5.114086	5.464584	5.287739	4.021656	5.726477	4.082852	5.139278	5.647251	4.994822
5.015701	4.773495	4.484626	5.756691	4.451636	5.441676	5.084163	4.717569	3.996554	4.126290
5.167065	5.166019	4.994039	4.851985	4.089006	4.398580	5.025397	4.321904	5.570620	4.915737
5.152850	5.377825	5.736201	5.987549	5.162229	5.188436	6.045293	5.380614	5.670400	5.709546
4.984751	5.628727	5.645772	5.023645	4.880843	4.569681	4.096102	4.694267	5.289952	5.682344
4.754751	4.382448	4.417553	4.463526	5.123373	5.220550	4.282329	5.261927	4.824395	6.137663
5.128586	4.324362	4.589584	4.800479	4.785203	3.712447	4.990945	4.913185	4.613118	4.718282
4.226963	4.065362	3.931178	4.844222	4.999754	5.279893	4.616041	4.830965	6.059261	5.594376
5.167191	5.390994	5.373579	4.862513	5.561798	5.039819	4.409573	5.763585	4.829887	4.345335
4.840669	4.785734	6.538639	4.763346	5.821225	5.042736	5.972655	5.775486	5.950473	4.558982
5.814085	3.951791	5.200827	5.397173	5.308586	5.072406	5.048924	4.899704	4.177817	5.980355
4.072506	5.365008	4.701926	5.334550	5.246298	5.706755	4.867593	4.904483	3.653329	5.695937
3.833259	5.221588	4.495275	5.270558	5.019112	3.957584	4.918645	5.099490	6.266174	5.037191
5.547718	4.200949	5.534595	4.857687	5.081650	5.371836	5.048417	4.897104	5.457108	4.530345
5.160883	5.175163	5.876714	5.097196	4.943353	5.212449	5.085058	5.034338	4.946787	5.028195
5.799158	5.251866	5.308858	4.451636	4.593862	5.607858	4.459971	5.055851	5.314023	4.920255
5.365606	4.004360	4.971514	5.085918	5.187258	4.550642	5.194667	4.175375	4.589730	5.855478
4.478665	5.372408	3.748872	6.022940	5.863920	3.648763	5.094858	4.533077	5.089801	4.950430
4.598304	5.372435	5.707366	3.637229	4.724093	5.691175	5.100782	4.373918	4.304538	4.500030
4.517313	5.011744	5.316623	4.915166	4.376646	4.983653	4.902829	5.773928	5.443080	4.321336
5.089731	5.432923	5.770579	4.921325	5.476109	5.243356	5.388437	5.232436	4.043794	4.649209
5.011189	4.673761	5.803219	5.180982	4.929615	4.792470	5.845051	5.123903	5.803288	5.539220
5.133974	4.254322	4.849658	6.458468	5.215786	4.711899	4.208908	5.164525	5.311719	5.875996
5.047113	4.323152	5.315487	4.818497	4.257404	5.664146	5.496201	5.423189	4.214325	4.532489
4.547892	5.354112	4.811244	4.244700	5.754231	4.330340	4.419638	4.625932	3.848680	5.628351
4.569979	5.684726	5.334563	4.574689	5.764456	4.372704	3.762344	4.683184	5.498282	5.348599
5.275376	5.298813	4.845684	4.848498	5.642120	4.626616	4.158261	4.705585	5.354245	4.319241
5.167902	6.232909	5.272974	5.293858	4.945554	5.045740	4.939742	5.195417	5.252656	5.168427
4.425595	5.640593	5.328986	4.322410	5.360147	5.017407	5.343284	5.582744	5.319607	5.972397
5.407640	4.724775	5.136617	5.363431	5.328975	4.232640	5.524178	4.960606	4.772041	5.117973
5.437187	4.648932	4.207190	4.723315	4.971660	6.011324	4.370649	5.002026	6.072683	4.877320
5.191291	5.146081	4.779382	5.246520	5.538443	4.738100	6.164787	5.205405	4.591818	4.261371
4.911160	5.505316	5.910689	5.293246	4.823728	4.196055	4.902395	6.097476	5.324975	5.002155
5.065701	5.706201	5.232336	4.450578	4.669978	5.390294	5.529113	5.532192	4.764379	5.317490
4.970201	4.677502	4.935483	4.738622	5.194225	4.838474	5.744379	4.955204	4.796494	4.441683
5.445626	6.273835	4.393729	5.053299	4.750143	5.400429	5.500004	4.797358	4.909723	4.740218
5.637471	5.284787	3.722765	4.618658	5.056773	5.134483	5.808517	4.544690	4.599191	4.049268
5.093255	5.301748	4.952335	5.344274	5.280821	4.307438	5.303133	5.925089	5.652547	5.527050
5.746526	4.226935	5.682529	4.684974	5.122767	5.002526	6.268785	6.117462	4.764159	5.764799
4.203396	4.836941	5.120742	4.935585	5.434707	5.347134	5.292124	5.079777	5.135525	6.061381
4.803415	4.562774	4.752962	5.016383	5.103787	5.953580	4.720708	5.168297	4.873975	4.641594
5.655416	5.084276	4.844999	4.917108	5.032959	4.268914	4.860828	4.872053	4.859996	4.746421
5.476472	5.220747	4.996543	5.172710	5.181910	5.256096	5.356229	5.144934	4.844131	4.848532
4.777528	4.352454	5.264274	5.110945	5.099795	6.136684	4.908858	4.969509	6.729509	5.296816
6.244001	4.121556	5.098285	5.381294	4.081138	5.092837	5.616267	5.160780	4.373153	5.017207
4.658942	5.213051	5.602740	4.962636	4.877790	5.172572	5.199680	4.994898	4.239416	4.902254
5.185046	4.523753	5.772428	5.824300	5.183832	4.974311	4.218991	4.277009	4.992567	4.773479
5.254838	4.751439	4.130205	5.555781	5.480472	4.808039	4.609227	4.761156	4.910313	5.775860
6.347522	4.546666	5.293001	4.411199	5.435332	4.910947	5.464642	5.827221	5.072288	5.449019
4.284153	5.639581	5.042876	5.075318	5.015510	4.636001	4.730587	5.199512	4.411295	4.490483
5.597155	5.548304	5.342219	4.856359	5.375206	4.325999	4.050661	4.966959	4.364763	5.063612
5.138213	5.191536	5.445561	4.480124	5.006277	4.427956	4.691182	5.370149	4.190052	5.746828
4.039201	5.587837	4.409946	5.125731	5.112782	4.812616	4.388077	5.013222	4.781747	5.336413
5.383973	5.261706	5.032822	4.007043	5.570711	4.072403	5.204748	5.061760	5.415138	5.654869
5.056322	5.140067	5.166972	4.278035	5.769366	5.981404	5.585555	5.291737	6.247191	4.784698
4.842054	5.496863	5.108614	5.156990	5.065920	5.269675	5.769322	5.069362	6.015051	4.524763
4.875699	4.242123	4.658681	5.095760	5.447965	5.132006	3.878964	5.681054	4.403849	5.014863
4.971637	4.737416	6.236550	3.816495	5.240694	5.649415	4.606567	5.591386	4.667616	5.855960
