5.609444	4.348428	4.914619	5.529559	5.161292	5.234672	4.883305	5.271116	4.304798	4.301805
4.303865	5.196162	4.628190	4.745076	5.973919	5.488927	4.536924	4.695546	5.273026	4.771230
5.083506	5.417861	4.256282	4.700425	4.739694	5.405826	5.137657	4.966309	4.348658	4.714529
3.992022	5.528204	4.539367	5.057987	5.419565	5.562145	5.305613	5.498926	5.175199	5.497239
4.320145	4.057740	5.500006	4.990403	5.058910	4.542041	4.689704	4.944885	5.015030	5.152839
4.818329	4.565205	5.294451	5.041222	4.909538	4.826538	5.773211	4.920059	4.969409	5.328477
5.569270	4.274063	4.809653	5.169666	5.079794	5.126995	4.585340	5.027177	5.634997	5.125424
4.002361	4.129807	4.448168	4.398727	5.381428	4.693810	4.989871	5.017608	4.856118	5.585320
5.375243	5.324497	5.155482	5.571869	4.925069	5.631573	5.120631	4.778869	5.149259	4.677742
4.804564	5.668789	5.006758	5.236178	4.998406	3.981247	5.317645	5.253249	5.845252	4.659425
5.195631	5.583807	5.054289	4.897214	4.882100	5.082679	5.151260	4.763225	4.115983	5.254378
6.006661	4.504549	4.412612	4.355628	5.908271	4.594105	4.585429	5.347425	4.183547	4.384968
5.073258	3.979370	5.488824	4.847308	4.939898	4.296412	4.215445	5.231211	5.018545	4.287733
5.459824	4.102794	5.840346	5.165030	4.410299	4.460106	5.130981	4.850513	3.703391	4.326188
4.648230	4.383950	5.484169	4.815827	4.253921	4.555910	4.786032	5.817999	4.059721	5.504821
5.721571	4.801454	5.675896	5.137863	5.490638	5.246110	3.929939	5.376586	5.847764	5.584061
4.226228	4.122706	4.802238	4.980811	4.986225	4.802676	5.015152	4.953984	4.644399	4.848387
4.615222	4.198509	4.967770	5.578173	4.638762	5.900501	4.537383	4.684966	5.346339	5.077352
5.032036	4.889361	5.716470	5.250376	4.764714	4.177714	5.188006	5.097146	4.917849	4.802317
4.857690	4.866072	5.052337	4.803304	5.169842	5.386977	6.487665	4.838169	5.908886	5.319210
3.870375	4.705159	5.603507	4.761485	4.796945	5.113007	5.189360	4.844149	5.349556	4.452245
5.223597	5.392311	4.942983	4.130129	4.790408	5.851857	4.351635	4.387315	4.619692	4.858195
4.674556	5.835088	5.285278	4.469199	4.700973	4.612911	5.652787	4.639314	4.178621	4.138778
5.144034	4.407308	4.792231	4.411198	4.778234	4.231046	5.763429	5.641617	4.697159	4.814782
3.970355	4.607634	4.939706	5.021322	5.109130	4.497396	4.725477	5.023864	5.574409	4.319476
5.374541	4.351570	4.715227	5.187196	5.417168	4.878520	4.492391	5.359885	3.852324	5.605938
5.192149	4.724440	4.790276	4.538582	5.024592	4.831993	5.608910	4.506270	4.830945	5.046963
5.048512	5.463924	5.589795	4.908862	5.184771	5.502742	3.905215	4.557494	4.801695	5.165573
4.359279	5.124094	4.390708	5.528422	3.857783	4.740368	5.348097	5.067555	5.295364	6.041733
4.886939	4.652329	5.384355	5.123281	5.075718	5.586103	5.421325	4.987239	4.400962	4.899129
4.981506	5.768739	4.780587	4.891787	4.971093	4.919423	4.989582	4.865733	5.412694	4.813856
5.283608	4.295114	5.461136	5.453336	4.357485	4.198193	4.225456	4.350677	4.090775	4.788450
6.286074	6.175140	4.982023	4.074504	5.555533	5.452157	4.979437	5.099420	5.776364	5.312182
5.515759	4.872219	5.980450	5.227367	5.600411	4.972084	5.284009	5.327581	5.257235	5.202332
6.026529	4.965487	5.305395	4.652215	5.360420	5.208023	5.989841	5.245534	5.172394	4.967553
4.752843	4.431398	5.333452	4.961523	4.451073	3.837283	5.413021	4.876487	4.868081	5.540793
5.011238	5.689278	5.721677	5.314798	5.484144	5.652497	5.003163	5.270220	5.006376	5.950064
5.623165	4.537122	5.057835	4.366858	5.319344	5.413060	4.730697	4.416900	5.641822	6.105609
4.740350	4.495397	5.505347	5.133167	4.550010	4.744858	5.924226	4.469245	4.742019	5.602182
5.386321	5.664277	4.708088	5.141113	4.075286	4.523278	3.970073	3.518049	5.270516	5.704733
5.899395	4.701509	5.233211	5.978873	5.241823	5.340796	5.314853	4.640383	5.017910	5.326619
5.298912	5.527205	5.554915	5.186634	6.054226	5.628510	5.369510	4.291143	4.270627	5.645437
5.834797	4.987746	4.803594	3.902709	5.770902	4.061817	4.759335	5.159727	4.809040	4.860999
5.226302	5.550613	5.251286	5.603971	5.168405	3.909654	4.549708	5.433305	4.651433	5.131327
4.478817	6.026983	4.473109	4.834579	5.268036	4.233858	5.318764	5.726167	5.302066	5.015512
5.350327	5.127475	4.668318	4.176114	4.867324	4.327417	4.628773	4.692040	5.148866	4.682287
4.214966	5.292652	4.564851	5.029177	4.996612	4.292178	4.246227	5.171844	4.886496	5.400955
5.393771	5.099101	4.884431	5.809672	4.600826	4.795917	4.692452	5.219329	5.777705	5.297411
4.294730	5.491590	4.884959	4.944682	5.004787	4.954451	4.855203	4.864133	4.932184	4.692006
5.157418	5.372090	5.422040	5.362178	4.671163	5.380960	5.305266	4.903410	4.411925	5.256026
5.375888	5.703496	4.268852	5.133306	3.861751	4.785509	5.182444	4.823547	5.196715	4.914536
4.752002	4.585092	5.295053	4.585236	5.840516	4.639840	5.147387	5.196074	5.279207	4.541742
5.166101	3.889131	4.580553	4.018685	4.048926	6.124600	4.520468	4.920353	5.117373	4.919819
4.339789	5.385197	5.220872	5.367857	5.164260	4.996609	5.213379	4.202953	4.981053	4.276649
5.564476	3.718540	5.550284	4.407757	4.930713	4.279163	5.278677	4.853773	5.742262	5.169666
4.268893	4.915117	5.740681	5.724286	4.880583	5.279880	5.213243	5.091870	4.922821	4.036458
5.856569	5.024494	4.883616	4.589802	4.665628	4.826944	5.969898	5.104911	4.654899	6.121415
4.918083	4.738842	5.060472	5.397518	4.872607	5.892275	4.754790	5.258652	5.689649	5.303181
5.340361	4.315599	5.274721	4.882860	5.066689	5.837659	4.862226	5.751103	3.770413	5.559169
4.970975	4.580917	5.838216	6.171820	5.941389	5.459785	5.448995	5.549252	5.456489	4.997275
5.392360	5.299084	4.743371	3.896426	4.953599	4.891002	4.980147	5.262588	4.492968	4.645641
5.980534	5.468321	4.471925	5.443800	4.476924	5.635894	4.431168	6.039122	5.111986	5.663023
5.469601	4.923545	4.418091	5.101315	4.851757	4.255148	4.764537	4.851310	6.119464	5.400945
5.265508	5.701388	4.786218	4.912862	5.550196	6.022380	5.449822	5.791254	4.560509	5.262640
5.340300	4.159361	4.306959	4.854313	4.961348	5.343516	4.060134	4.204468	5.068380	4.844281
6.280670	6.358701	4.722097	5.171657	4.586888	5.909411	5.980963	5.007047	5.937514	6.332219
4.957129	5.197261	4.723419	4.281378	5.935225	4.868193	3.834247	4.446476	4.423525	6.041836
4.464536	5.228870	4.869215	4.885092	4.821941	4.513655	5.537820	5.053598	4.398467	4.475869
4.510619	4.274424	4.427294	4.808279	5.532750	5.058725	4.640940	4.986524	5.061328	4.736586
4.435568	4.993512	5.081916	4.886671	4.943627	5.263279	5.840137	4.747045	5.461153	5.130864
5.540625	4.928389	4.660079	4.356897	4.218369	4.570462	5.337247	5.271915	5.247227	4.189295
5.485165	5.762054	4.665544	5.279195	5.895046	4.646655	4.977919	6.020099	4.482426	4.585792
6.088451	4.863161	4.534499	5.034394	4.774940	5.613606	4.452646	5.048306	4.822432	5.870713
5.904840	5.670341	4.495787	5.746747	5.761874	5.128500	5.120616	5.361388	5.214268	5.363278
5.334112	5.908264	5.068102	4.643709	5.413026	5.179707	4.759792	5.246740	6.020415	5.752101
6.029646	4.673942	5.459352	5.096388	4.767238	6.134655	4.199894	5.054552	5.036492	5.822836
4.695937	5.453423	5.544418	5.487905	4.377420	4.641649	5.403296	5.105929	4.394254	4.885746
3.757833	5.519356	4.689624	4.660033	4.806712	4.417502	5.335790	4.832088	5.451591	4.795047
3.901495	4.762332	4.267526	4.102680	4.270438	4.586319	4.753045	5.266493	4.626454	5.709477
4.874090	5.753776	5.512222	5.650092	4.700923	5.159935	5.400187	4.336009	4.645033	5.037029
5.299555	4.428118	5.244520	4.427849	4.258127	5.330193	5.124930	4.921618	5.265352	4.741280
5.197602	4.829945	4.762129	4.751240	5.049775	4.922260	6.398177	5.127899	5.621010	4.470816
4.898496	4.313501	3.854532	4.064259	4.740646	4.719905	4.765578	6.130834	5.225042	5.137290
5.280418	4.997704	4.684365	4.632611	4.990246	4.529871	4.719313	4.268085	5.566511	5.919778
4.364675	4.566211	4.323683	5.625643	4.633585	3.807539	4.617335	4.461522	5.893825	5.512321
4.348318	3.998973	4.482030	4.796954	3.517234	4.856179	5.351744	5.379321	4.864483	4.823754
4.474164	4.653231	4.893976	4.492835	5.067522	5.025198	4.593429	4.497103	6.079944	5.632940
5.473853	4.778717	6.093222	4.898095	4.843699	4.828492	4.856581	5.015469	4.779779	4.883946
5.284128	3.588940	4.319438	4.368567	3.601717	3.358595	4.194864	5.771492	4.496428	4.687588
4.891041	5.374374	5.459403	5.767000	5.224815	4.363774	4.685917	5.367546	4.673275	4.611366
5.143966	5.030149	5.615553	5.551388	5.140146	5.959188	5.989341	3.931161	4.716683	5.797026
4.888542	5.036062	4.556699	5.264857	5.064229	5.500755	5.545964	4.683537	5.769981	4.869593
5.719436	5.072709	4.828528	5.922465	5.936677	5.123779	5.253116	4.783580	4.742634	5.971750
4.259284	4.208676	4.115241	5.045531	4.464620	5.506209	5.819096	5.364681	5.150391	5.313438
5.858599	4.086524	4.415886	5.116189	6.069617	5.105621	5.293398	5.676698	5.134364	5.170659
4.575244	4.351755	3.691868	5.422333	5.558024	5.131475	4.413266	5.181627	5.513553	5.271288
4.991061	4.957139	6.448987	4.962649	3.897547	4.213092	5.212687	4.300739	5.994600	5.910709
5.734688	5.714379	5.109152	4.413307	5.407063	4.645810	5.409524	5.183109	4.919045	5.401315
4.346231	5.116271	4.790228	5.538563	4.341673	3.992214	5.337516	4.930162	5.219839	4.862691
5.323940	5.144059	5.046365	5.135291	5.012597	4.422937	4.654803	5.581608	4.870896	5.124537
5.873212	4.492276	4.944256	5.166774	5.051376	5.262824	5.150934	4.981616	5.283004	3.849390
5.335680	5.818836	4.197427	4.874498	6.165714	5.458774	4.784703	6.086204	5.163044	5.007095
5.699023	5.407395	5.592416	4.927241	4.889934	5.535301	5.396811	5.066463	5.126586	6.024137
5.446093	4.306609	4.650632	5.727804	4.337556	3.864228	5.016349	4.887436	4.092458	5.128870
5.479753	4.988906	5.366191	4.513939	4.890809	4.434569	5.470046	4.876678	5.361358	4.458417
4.533975	5.229760	5.550961	5.301686	5.700073	6.043707	4.078404	4.369129	5.379064	4.702734
4.286927	4.835907	5.101231	4.211542	4.677524	4.156295	4.777695	4.399854	4.589474	4.979040
4.877096	4.853711	4.148591	5.132137	5.105467	5.285196	5.028990	4.967421	4.399662	4.372056
5.548851	4.948787	6.317269	4.965923	5.021138	5.577140	4.021000	4.969409	5.556436	4.708342
4.907900	5.846956	5.299105	4.967156	5.060822	5.318464	4.373548	5.049147	5.130682	5.021086
5.214585	5.707810	4.712806	5.052321	4.414299	4.452024	5.066589	5.398401	5.996968	5.197440
3.906265	5.311128	5.361169	5.474368	6.119563	4.866423	4.829186	4.660635	5.189845	5.024662
4.571757	5.830693	5.652826	5.140591	5.066932	4.713934	5.412554	5.225584	4.962042	4.261440
4.726908	5.361198	5.852933	5.176863	5.237636	5.814127	4.546953	5.285526	4.321257	5.298468
4.183872	4.194903	4.870758	4.760141	4.887446	4.696738	4.943241	4.755961	4.210998	4.641305
4.155038	3.946962	3.984305	5.173027	4.802072	4.768880	5.971265	5.040520	3.601258	6.148179
5.359827	4.454492	4.679193	5.073068	4.970806	5.631693	4.373477	4.929010	5.393447	6.648977
5.482212	5.914183	4.949393	5.138394	5.051036	5.064478	4.205787	5.821321	4.277086	5.040862
4.283433	5.433384	4.528506	5.089529	5.076674	5.817364	5.509528	4.988910	4.889059	5.551600
4.537412	5.045991	4.624113	5.626270	5.806989	4.054349	4.852140	4.780671	4.727758	4.163929
5.690239	4.962253	4.669970	4.051652	4.702998	6.140180	3.719738	5.622373	5.545397	4.565326
5.172393	4.173276	4.454000	5.331407	5.735456	4.889998	4.782802	5.953388	5.275019	4.803693
4.689079	5.848034	4.503229	5.367658	4.878399	4.843653	4.919352	5.485080	4.548317	6.566469
5.156253	5.023659	4.417072	5.849847	5.164673	4.870795	4.343597	5.289392	5.137602	4.599704
4.729833	4.899446	5.124681	4.548326	4.688550	4.133685	5.244171	4.489403	4.644225	5.897004
4.482746	4.965333	4.013349	5.546577	6.065541	4.944357	5.054314	5.101351	4.834745	5.733220
4.966775	5.181402	4.787694	5.121907	5.200767	4.212419	4.358503	5.260960	5.364146	5.021433
5.245201	4.719532	4.781404	4.746552	4.885794	4.954093	5.291664	4.825359	4.421454	3.897496
4.810466	5.585151	5.539848	4.818505	5.675238	4.517359	5.096309	5.182261	5.608417	5.680039
6.363570	4.222886	4.900080	4.930339	5.088413	4.444687	4.971998	4.892861	5.223321	4.850839
5.127645	4.751889	4.159051	5.035445	4.842058	6.193310	3.901398	5.802701	5.524487	4.226578
5.074164	4.364110	4.191058	4.523807	4.844976	4.824430	5.449741	5.674852	4.978870	5.001379
4.788206	5.664614	5.195464	4.878957	4.801667	4.385197	4.392841	4.768422	5.047084	4.461876
5.291975	4.010898	5.386699	5.187293	4.952551	5.374146	5.601215	4.995687	4.782530	5.075000
4.547254	5.136812	4.270511	4.562576	4.822155	4.866951	4.681918	3.813241	3.768968	5.341301
4.808162	4.793041	5.197954	5.132493	5.088845	5.140033	4.924959	5.100293	4.564407	4.594715
5.424320	5.477612	4.723299	5.140772	3.664736	4.406182	4.360155	5.494218	5.396100	4.928758
5.254960	4.456873	4.588398	4.544853	4.296489	4.299349	4.614519	4.427540	4.690650	5.117287
4.020504	5.778436	5.228515	5.474396	4.751067	5.646735	5.114037	4.566433	5.858961	4.466106
4.930283	5.202575	5.441845	3.924992	5.523618	5.289086	5.409894	4.153529	5.260835	5.505396
5.044737	5.594348	5.673822	4.801337	5.350356	5.062937	5.005044	5.433861	5.416869	4.962687
4.820156	4.478338	4.428649	5.130250	5.595145	4.294956	4.564909	6.115702	5.123268	5.404521
5.021859	5.856088	5.098783	4.848318	4.431466	4.583648	5.408273	5.291703	4.289437	5.410764
4.597816	4.520943	4.782516	5.594975	4.099356	5.373599	5.432627	4.120245	4.520656	4.667131
5.070310	5.409927	4.746587	4.849605	4.442641	4.804396	5.437509	4.532150	5.600348	4.889617
5.189303	4.869650	5.255963	4.373543	5.532715	5.186621	4.684095	5.612431	5.817359	4.670946
4.185621	4.993003	5.053613	4.804349	5.014534	3.782163	5.693805	4.760235	5.910313	5.011824
5.582191	5.683878	4.509410	4.991181	5.545893	4.879900	4.891172	4.488015	5.429562	4.851022
4.711611	4.279244	5.765343	4.894944	4.692805	4.351883	5.163563	4.815978	4.753192	5.658388
5.248811	5.410263	5.063163	4.890511	5.051431	5.428428	5.171665	5.078540	3.953220	4.176801
4.851889	4.601565	5.621840	4.319895	5.302896	4.921055	4.807625	5.726630	4.739132	5.093357
4.920223	4.907856	5.136040	5.075117	4.847168	5.560801	5.311423	4.568984	5.767927	5.180982
5.739432	3.778810	4.993324	4.470285	4.776621	4.476276	4.508771	4.930575	4.292306	4.921946
4.915575	4.574931	4.490045	5.217678	5.381314	6.319997	4.831332	5.444750	5.160928	4.969562
5.390668	6.064027	4.846394	5.079847	4.935986	4.614055	5.204396	5.032300	5.562376	5.472353
5.466559	4.643227	4.390881	4.850148	4.909237	5.038203	4.902880	4.713232	4.770466	4.660977
4.436740	4.303807	4.491576	5.081594	4.864954	5.176642	5.877369	4.881308	5.224558	4.167734
5.544354	5.225463	4.814861	5.253864	5.131628	4.913136	4.581463	5.114452	5.642900	5.349939
5.385528	5.238476	5.029405	4.711840	5.373830	5.467142	4.562348	4.514589	5.420136	4.341419
5.174204	4.538188	5.025727	4.111782	5.248538	5.433031	4.980003	4.160956	5.663108	4.945395
5.274057	4.095584	6.097527	4.231908	3.976596	5.066936	4.952871	4.798078	4.746254	4.821904
5.097918	4.053653	4.733879	5.151947	4.844985	4.721438	5.024173	5.072997	5.303775	5.781042
5.243195	5.502059	4.997253	4.799127	4.472908	4.293884	4.267866	4.968938	4.893123	5.828791
5.415456	5.028434	5.731376	5.202569	4.964719	5.253046	5.193988	5.085069	5.442090	4.951927
4.933710	4.669064	4.966830	5.488501	4.786528	4.040788	4.797113	4.609736	4.743932	5.117888
5.742261	5.615988	4.259596	4.468442	5.263606	5.257212	5.432319	4.624290	4.963980	4.802645
4.957895	5.572062	4.472303	4.315027	4.744967	4.988531	3.924015	3.920694	3.860797	4.466197
4.815660	4.921161	6.198811	4.855714	4.876485	4.893656	5.216770	5.479668	4.981376	5.514060
4.825908	4.578869	5.149867	4.386724	5.498080	5.768376	4.908971	4.329082	4.736892	5.615582
4.730675	4.917973	5.243611	4.386575	4.676353	4.532189	4.738418	5.277977	4.677953	5.685139
4.766463	5.801393	4.357985	4.792372	5.309432	4.563351	5.502538	6.289241	5.026898	5.449230
5.533553	5.453491	5.362230	5.587259	5.152643	5.637146	5.239442	4.509982	4.821577	4.719351
5.416434	4.206080	5.815775	6.224949	4.357341	5.845281	5.587204	5.444449	5.373052	4.722361
5.727464	5.285397	4.565678	4.193433	5.488422	5.040008	4.204557	3.803540	5.898057	4.460160
4.391730	4.549083	4.239666	5.424478	5.634358	5.163862	5.473814	5.094230	5.354034	5.101781
6.021591	4.736973	5.307395	4.241681	4.539667	4.187369	4.399621	5.469210	4.661309	6.022648
5.917089	4.723176	4.484747	5.264452	6.343006	4.851987	5.166052	5.466430	5.495004	5.915875
4.314116	4.372159	5.064898	4.952508	4.751810	5.453977	5.262530	4.727875	5.262956	4.732930
5.036404	4.614176	5.410337	4.937402	4.570780	5.574557	5.214957	4.434003	4.610253	5.119567
5.055978	4.682156	5.754384	6.363045	4.950549	5.547564	5.635266	4.798216	5.202656	4.599387
4.853246	3.370310	5.000706	4.929299	4.556406	4.462035	4.638813	5.247189	5.596611	5.801335
4.997644	4.515060	4.347162	5.660510	4.493892	4.946069	4.509604	5.653691	4.653786	4.893054
5.103134	5.898628	6.532415	5.372618	4.935234	5.034088	5.220089	5.155621	5.436924	5.466255
5.189228	5.126534	5.118584	4.771649	5.176182	5.415424	4.822995	4.807849	5.186572	6.087850
5.616231	4.405178	5.405656	5.265185	5.060019	3.636042	4.991075	5.119975	4.989444	4.376263
4.424305	5.007893	4.438969	5.135281	5.041184	5.358037	4.581079	5.181634	4.632243	5.250139
4.967250	4.768160	5.236096	4.732510	4.514834	4.388535	5.318120	3.987138	4.904613	5.172604
5.262937	4.636982	5.557750	5.015470	4.857008	5.233305	5.039318	5.131314	5.407234	4.184332
5.661250	4.063497	4.034658	3.906491	5.399163	5.033967	5.399129	5.418970	4.723775	4.733466
4.933987	5.569940	4.455413	4.606228	4.599875	5.690324	5.333147	4.414020	3.568327	4.356028
4.367688	5.165924	5.881610	5.706352	4.434856	5.362864	4.847780	3.891714	4.215891	5.109556
5.653631	4.825363	5.176147	5.355453	5.104640	4.551573	5.388822	5.068864	4.501298	5.437403
5.023016	5.006868	4.616198	5.221664	6.330457	5.879109	5.402077	4.832160	5.125859	4.908753
5.229101	4.687440	5.722596	4.235677	5.672672	4.520435	4.820699	5.406390	4.761488	5.694046
4.047813	5.109022	4.823058	5.054932	5.017969	5.378090	4.469196	5.030870	5.102009	5.225961
4.155250	5.613897	5.334068	4.697034	4.424198	5.021479	4.768614	5.711542	4.930245	4.591613
5.788392	4.646049	6.302079	4.693732	5.231444	5.982002	4.030794	4.623586	5.430157	4.287089
4.881639	5.409373	5.261062	5.074500	5.096622	5.270402	5.186470	4.964918	5.768729	4.014387
5.363036	4.319286	4.755937	4.310833	5.452610	4.575255	5.008957	5.287293	4.915193	5.316203
5.533750	5.483297	5.320872	4.654367	4.147835	4.288016	4.868514	5.437919	4.685184	4.828184
