4.323614	4.996643	5.479956	5.138043	5.273828	4.414238	5.905578	4.445392	5.732770	4.729267
6.454638	5.048892	4.762199	5.434223	4.861792	4.895505	5.426822	4.800790	4.881954	4.788800
5.539454	4.164279	4.852594	5.704233	5.200280	4.159522	5.021467	5.192769	4.702411	5.189010
5.537567	5.260777	5.188884	5.450997	4.639100	5.180358	5.264631	6.063350	5.712406	4.679230
5.020853	4.733815	5.278532	5.340386	5.228370	4.331838	6.593882	5.059997	4.780440	4.549958
4.975750	5.374609	5.114898	5.177169	5.302317	4.630016	4.938947	4.865503	5.338232	4.880848
4.902303	5.123391	5.137346	4.770988	5.072936	4.615180	3.872200	4.965524	5.242941	5.131402
5.837153	5.442617	3.957901	5.423250	4.975526	4.902479	4.751412	4.007308	4.933015	4.898837
5.739310	5.512016	5.198391	5.218785	4.886327	5.296827	6.614900	5.185730	4.771905	5.038549
4.730417	5.489874	5.181637	4.986691	4.582256	5.702120	5.077167	5.458162	4.925668	5.717251
5.449570	4.001689	4.539514	4.940132	4.964133	4.974946	5.773656	4.979039	5.846565	5.928162
4.313204	5.093445	5.050622	4.711893	4.394819	4.943800	4.807238	5.031707	5.017170	4.706404
4.623451	4.645054	5.735549	4.840650	4.888700	4.911794	5.291595	4.706218	3.970154	4.705053
5.009535	4.761876	5.780163	4.985496	5.510854	4.563038	5.235076	4.556855	4.950469	5.383682
5.199638	5.135584	4.646106	5.796042	5.090294	4.535427	5.311943	5.635890	4.291156	5.450771
5.023718	5.980376	4.615019	4.682676	5.566978	6.022473	4.573017	4.660097	5.732885	5.176347
5.600058	5.269429	4.086596	5.589568	5.219142	4.717519	4.475849	5.602730	4.219139	4.907668
6.304902	5.073407	4.974057	5.366753	5.171400	5.016047	5.079510	5.716787	4.812394	4.229908
5.103410	5.073457	5.000339	5.207244	4.753678	4.909991	4.336600	5.230137	6.086238	4.074495
4.765213	5.292199	4.918299	5.444512	5.743965	4.576353	4.540146	5.620013	5.105497	5.841458
4.970179	4.491913	5.399892	4.674373	5.109799	4.372625	4.826718	5.286002	5.074287	3.969867
5.087996	4.816757	5.443558	4.494222	4.671055	5.504388	4.978127	5.001285	5.133041	4.980575
5.035417	5.094768	5.154910	5.956600	4.950923	5.022704	5.613954	5.453788	5.079373	5.138785
4.901347	5.165902	4.898869	4.530289	5.556921	4.036352	5.401841	5.122593	5.238486	5.144167
4.701464	5.116351	5.548394	5.171212	4.796206	4.811130	4.544056	4.836461	4.901752	5.176774
4.330821	5.119171	4.524259	5.235681	5.616934	4.863143	5.613429	5.364427	4.997029	4.496213
4.488950	4.631705	4.821826	4.950612	5.739889	5.325598	6.443405	4.915473	4.938448	4.693561
4.565357	5.427817	5.382855	4.783610	5.097394	5.202711	4.927101	5.536880	5.094431	5.254598
4.671124	4.563119	4.627328	5.030365	4.835110	5.415731	4.699178	5.989287	5.568963	5.041319
5.614972	5.714812	5.174977	5.339716	4.565607	4.005910	5.836184	5.368641	5.763910	5.789982
5.563840	4.969375	3.698189	4.408891	4.343637	6.304070	5.188355	5.049348	4.832500	5.019561
4.541726	4.892907	4.624011	4.286439	4.668019	6.566566	4.846415	4.535290	5.665518	4.566655
4.987632	4.585555	4.687644	4.972966	6.234210	5.674642	4.616913	4.739115	4.931727	5.246676
4.896414	4.462285	4.841117	4.625170	4.943038	6.389239	5.924356	4.242234	4.814922	4.960315
5.682418	5.042955	4.978730	5.672481	5.767295	5.088080	5.638967	5.595973	4.794694	4.737547
4.502619	5.275742	5.393160	5.104953	5.227678	5.169238	5.383293	5.577377	4.576234	4.992759
4.744035	5.020892	5.011461	4.566503	5.265593	5.336459	4.082480	5.344768	4.651558	5.009686
4.979202	3.733955	5.119406	5.834217	5.468987	5.401446	3.752977	4.231825	5.361259	4.847982
4.577878	5.224529	5.181184	4.033640	4.914895	4.558979	6.110159	5.154127	5.519269	5.008122
5.631938	4.495618	5.085678	5.541869	5.148792	5.398166	5.965812	4.531646	4.636650	4.803839
5.144730	5.199324	5.130603	4.946105	5.130826	5.033440	5.278871	5.413914	5.165827	5.839724
5.944098	5.158365	4.860470	5.413113	5.163945	4.704607	3.960332	4.979812	4.900313	5.472199
5.381345	4.962617	4.737696	5.134555	4.739898	4.713520	5.898739	4.962134	5.356369	5.019447
3.780256	5.398695	4.060089	4.390435	4.926267	5.375630	4.823127	4.260035	4.561839	5.702130
4.206812	5.101431	4.041060	4.586434	6.360640	4.902524	4.317457	5.054459	6.193429	4.082214
4.332325	4.603508	5.358859	5.251291	5.032865	5.358860	4.705586	4.410127	4.894833	5.454808
5.514585	5.315110	3.983644	4.765046	4.272848	5.323195	4.821912	5.173347	4.480814	4.904002
5.251442	5.153644	5.778370	4.556396	4.931600	5.948474	5.047155	5.213091	4.424421	5.298622
5.209308	3.965333	5.764481	4.604427	3.876454	5.648934	5.507622	4.445916	4.683514	4.742028
5.340149	5.129173	5.017771	5.174780	5.271811	4.987700	4.958406	4.072169	5.580932	5.254850
3.943146	5.039665	4.906622	5.374968	5.060647	4.914042	5.379589	5.017787	5.021906	5.024775
4.865281	5.389000	5.181691	4.416399	4.410378	4.825302	5.597198	6.371464	4.932922	4.884151
5.406631	4.538283	4.546901	5.064892	4.837675	6.231821	4.886069	5.291921	4.837383	5.118043
5.524510	5.084850	5.148025	5.240005	5.243301	4.827283	4.397544	5.455866	4.815392	4.955451
5.430596	4.586611	5.057873	5.415124	4.486425	5.269115	4.312667	4.244169	5.312690	4.661222
5.214180	4.920582	4.872957	5.351044	5.131001	4.821759	4.971555	4.597715	4.859677	4.939213
5.137888	4.160903	4.643874	5.505537	5.003578	4.844982	4.361789	4.416260	4.354487	4.230677
4.838475	5.021472	4.980303	5.356951	4.680287	4.843251	4.436430	3.851597	5.819275	4.821362
5.237184	5.083889	5.027835	4.601695	5.860320	4.836215	4.991791	5.871106	4.594866	4.293924
4.381986	5.259293	4.961174	4.977914	4.805851	5.149281	5.724850	4.447060	5.616656	5.256028
4.755822	5.152205	5.052291	5.871745	4.623430	4.923451	4.643851	5.407399	4.916271	5.403418
5.254712	5.256700	5.144353	4.885743	4.694046	5.111899	5.752662	5.325191	4.210518	4.634305
5.245191	5.605347	4.624165	5.031010	5.867712	4.513846	5.275436	4.999110	4.537971	5.437551
5.315620	4.913877	5.225171	6.344130	4.578301	4.576366	5.563023	5.100254	5.157475	4.850289
4.674305	5.053017	5.003201	5.642459	5.133040	4.793985	5.014365	4.482645	4.870418	5.869411
4.428409	4.948857	4.857536	5.566810	5.246552	5.083113	3.881427	4.725513	5.188158	5.407506
5.238941	6.012585	5.477805	5.907547	5.233057	5.271089	5.071404	6.305585	5.100675	4.797887
4.879117	4.966977	5.292253	4.298378	5.129098	3.779188	4.695118	5.143527	5.539311	5.089030
5.413592	4.884957	5.143778	4.533857	5.676644	4.941974	6.495549	4.043104	5.033488	5.519159
4.331729	4.744435	4.352181	5.984058	4.892807	5.057346	4.666881	4.930833	4.655693	4.596094
5.356503	5.152158	5.202530	5.338793	5.371519	4.410756	4.409364	5.880324	6.155131	5.171459
4.635696	5.184815	5.163051	4.973744	5.373870	5.031173	5.618223	4.943558	5.461689	3.854392
4.724657	4.939496	4.836808	5.612564	5.174116	4.992107	5.220242	4.008403	5.042952	5.432734
5.715883	5.132535	5.178528	5.767809	5.730357	4.890370	5.057217	4.300370	4.910343	4.154929
5.773780	5.500015	5.566365	5.218546	3.889620	4.624870	5.534947	5.019782	5.675056	4.694589
5.176188	4.566584	4.803244	5.225601	5.243825	4.709945	4.191401	4.837417	5.240279	4.708983
5.444080	4.037202	5.069010	4.593991	5.223553	5.651971	3.742393	5.557307	5.304987	4.841224
4.176833	4.793117	5.074010	4.921625	5.174592	4.875231	4.515122	4.587609	4.891968	3.849151
4.931446	4.804223	4.949888	6.129623	4.674479	3.810921	4.723963	4.239056	5.846460	5.270287
4.819743	5.516759	5.275492	4.545757	5.229069	4.816066	5.274837	5.291315	4.613423	4.329306
4.269063	5.595054	4.814454	5.367070	4.577733	5.477800	4.944963	5.204209	4.254227	5.106485
5.101255	5.044811	5.186986	4.926785	5.012241	4.926577	5.104454	5.191288	4.153461	5.524371
4.689909	4.909855	4.555234	6.436328	4.766098	4.884868	4.813069	5.358377	4.204625	5.263452
5.169267	4.320156	4.747437	5.724008	5.281540	5.101754	4.394197	5.674013	6.016393	5.419643
5.756398	5.795860	4.125534	5.110252	4.578429	4.706337	5.069411	5.078363	5.572136	4.779514
4.394018	5.121287	5.088361	5.163434	3.801824	5.308456	4.827068	5.424657	5.132635	4.817541
5.701954	5.138519	4.709166	4.668438	4.194807	5.284536	4.474981	4.886322	5.547452	5.472518
5.098189	5.589466	5.529995	5.425962	5.147503	4.888336	5.112242	4.409756	4.610435	5.390028
5.321029	4.907179	5.261575	4.894373	5.275897	3.923028	4.357340	5.172074	4.864097	4.403264
4.456920	5.113795	5.229007	4.870465	4.643825	4.975420	4.322437	4.278137	4.583776	5.021124
4.986595	5.137061	4.509315	4.559361	5.441251	5.166378	4.783256	4.956344	4.974960	4.974398
5.235162	3.892588	4.567223	4.810467	4.668019	6.199731	6.184176	4.857525	5.255643	5.117352
5.084740	5.186193	5.334622	4.526092	4.724875	4.934450	5.244886	5.672502	4.113098	5.197652
4.547211	5.002023	4.950299	5.551141	4.718858	5.125380	5.433246	5.679476	5.867029	4.623278
5.486473	5.055159	4.978843	5.779174	5.450677	5.120434	5.875912	5.156375	4.983140	5.425746
5.931305	4.713501	5.026284	4.852847	4.879721	4.817248	5.890087	5.784477	4.039454	5.052483
5.480051	5.512204	4.848201	4.714576	5.057076	4.272633	5.449498	5.284762	4.329541	5.629088
4.841996	4.312460	4.965875	4.798025	5.648360	5.485496	6.092173	4.329734	5.422800	4.550970
5.857633	4.840508	4.788578	4.979855	4.901034	4.431740	5.589787	4.614937	5.321471	5.177375
5.255144	5.400192	5.910244	4.834469	5.094541	3.471106	5.366243	5.054829	5.291493	4.828836
4.944965	4.435200	5.240805	4.060542	4.081804	3.863712	5.124058	4.318209	5.276403	4.566166
5.688400	4.521597	4.939213	4.410207	4.790323	5.083711	5.488009	5.000301	5.995000	5.320476
5.193797	5.920800	5.491918	5.161005	5.231949	4.503644	4.746069	5.998357	4.703824	5.483917
4.574846	4.920983	4.969263	4.638732	5.206808	4.965740	5.318044	4.573987	4.443680	4.791958
5.190595	4.987417	5.021871	5.648550	4.430408	5.057799	4.685678	4.597988	5.144819	4.949143
4.902754	5.092905	5.410157	5.207138	5.653337	4.808793	4.187764	4.720501	4.645039	4.191140
5.294991	4.424645	5.057669	4.850202	4.852806	5.542024	5.386545	3.674861	5.486162	5.179931
4.544343	4.497705	5.498914	4.140548	4.311321	4.607603	5.234684	5.321126	4.632136	4.961615
5.352415	4.721177	4.886058	5.396324	5.132332	4.491393	5.389442	4.631553	4.931725	4.622698
4.293106	5.032333	4.885334	5.220026	4.636625	4.216513	5.701902	4.767295	4.552722	4.892984
4.895694	4.862794	4.367353	4.833198	4.656169	4.513761	5.427208	4.099534	5.191762	4.443995
4.112570	5.601648	4.467564	4.360472	4.776356	5.087426	4.804107	4.296238	5.674256	4.452518
4.908202	5.224226	4.130824	4.104402	4.357233	4.817991	5.318795	5.170549	4.753777	4.096481
5.196785	5.029875	4.810809	4.305101	4.029445	4.866535	5.093395	6.027357	4.451903	3.366620
4.825871	4.623531	5.066044	3.809454	4.479109	5.850938	5.331105	5.053772	4.602385	5.326789
6.316373	4.381630	5.594533	4.912561	5.082623	3.941129	5.075021	4.923302	5.236258	5.191124
4.227454	5.551877	5.791517	4.975614	5.077397	5.644163	3.479784	4.273408	5.149297	4.744439
5.484077	5.122248	5.189985	4.669326	5.807730	5.900848	4.758276	4.571029	5.305983	4.745919
4.333655	5.153944	5.738566	4.951941	5.217846	5.484014	5.035418	5.564506	4.671937	5.829369
5.866661	5.066607	4.990404	4.936218	5.285744	5.063892	5.237722	4.943583	5.071319	5.566235
5.296522	4.037145	5.130606	5.451327	4.765399	6.112161	4.988134	4.763942	4.788745	5.184449
5.361444	4.923563	4.707289	5.060714	4.494955	5.371984	4.625747	5.307589	5.616619	5.540903
4.824564	4.601321	4.063680	4.574517	5.297185	4.647593	4.712151	6.120179	4.312913	4.528105
4.637749	5.583183	4.352946	5.229827	5.182136	4.902735	4.276668	5.447157	5.125293	4.515457
4.827514	5.223134	4.680028	5.091406	4.991671	4.741121	5.448635	4.289496	4.757341	4.974681
4.775925	5.784409	5.465122	4.345071	5.632102	5.326283	5.643994	6.127924	5.423872	4.806479
4.987297	5.609123	5.626824	5.358085	5.604346	5.239070	5.085051	5.638849	5.532240	5.130219
4.484481	5.238546	4.760532	4.336443	5.108645	3.439930	4.584633	5.129767	5.037969	4.372774
5.354544	5.121383	5.138565	4.529658	4.272111	5.018427	5.607280	4.834737	3.949508	4.619316
5.059166	4.836290	4.844941	4.679354	5.559563	4.502390	4.888245	4.629494	5.278554	5.505046
4.012789	5.487263	5.168287	5.900132	5.228845	4.888055	5.177110	4.740472	4.810967	4.672775
5.345324	5.590506	4.044105	5.744189	5.865945	4.825411	4.465916	4.893479	4.474750	3.599175
5.079276	5.268688	4.361002	4.892888	4.792633	5.561360	5.640873	5.705698	4.978803	3.989799
4.655841	5.055520	4.720541	3.951664	4.611524	5.701970	4.774472	4.854413	5.623528	6.247359
3.900631	5.058015	4.963415	5.357354	4.721813	5.002066	4.504521	4.260565	3.864984	5.423642
5.579967	5.600334	5.196370	5.301606	5.158656	5.042778	4.150152	4.566388	4.435717	5.748963
5.090030	5.528506	5.589449	4.904777	5.527192	3.904051	4.499626	5.906648	4.875760	4.356822
4.602895	5.142622	4.808006	4.903467	5.146343	5.648504	6.064234	5.346001	5.046731	5.604275
5.215991	5.195733	5.305885	5.820866	4.296967	5.143582	5.647062	4.604131	5.202528	4.006072
5.413006	5.870706	4.575222	6.251889	4.596112	4.993698	3.818547	5.619266	5.176280	5.240801
4.799499	5.134644	5.188249	4.679734	5.348224	5.184948	4.517996	3.576242	5.418350	5.015760
5.093760	5.079364	4.878974	4.426307	3.782369	5.488807	4.798077	5.456645	4.370481	4.471763
4.585755	4.751085	4.792655	4.960265	4.624099	4.845593	4.899818	4.827749	5.033076	4.753165
5.363179	5.451913	4.843368	4.778103	5.832231	4.922787	4.336917	5.099764	5.419615	4.903079
4.387983	5.347926	6.447286	4.844375	5.495167	4.553937	5.236186	4.727649	5.207271	5.646977
5.271026	5.102864	4.900466	4.767354	4.943974	4.949147	5.154376	4.108207	5.537470	4.234590
4.876219	4.699853	4.646579	4.573473	5.254475	5.036984	4.080875	5.422750	5.315728	4.715021
4.257995	5.489237	4.814475	5.355917	5.278056	6.092227	4.843408	4.603364	5.367696	4.904527
5.111892	5.133411	4.739726	4.459621	4.354808	5.299924	4.228472	4.735902	5.129692	5.276223
5.166682	3.956765	4.046515	4.728628	4.762555	5.027307	4.513402	3.436967	5.450404	4.932628
5.416586	5.182919	5.640349	6.233876	3.699599	4.907598	4.704974	5.001501	5.054042	4.065772
5.131456	4.803579	4.912378	5.186725	4.581275	4.972367	4.785821	5.281249	5.171668	5.300454
5.367924	5.318287	5.193193	5.299271	4.696706	4.843207	6.133762	4.741940	5.171627	6.324781
4.544148	4.912238	5.036792	5.172379	4.669737	4.975112	4.435923	5.289882	2.891267	4.772248
5.417949	5.841434	5.125197	5.548518	5.679864	5.275059	5.391077	5.020333	4.835201	5.796939
4.658972	4.850256	4.924080	5.265464	5.025825	5.574490	5.100650	4.375158	3.845761	4.934151
5.509606	5.736588	5.541954	4.830836	5.052821	4.940612	5.262566	5.889022	5.720842	5.174744
4.629360	5.147722	5.537978	4.453013	6.001990	4.647200	4.809459	4.594222	4.724090	5.356887
5.409890	5.185385	5.056195	4.480068	5.229230	5.163856	5.533223	6.025082	5.483612	5.370995
4.581102	4.815167	4.591381	4.663457	4.734460	4.735454	5.773364	4.468028	4.857288	5.624557
4.193259	4.339941	5.420164	6.219545	4.406861	4.802740	4.128671	4.355732	3.855037	5.495008
5.958071	4.823886	5.056710	5.587742	5.614966	5.607289	5.148444	5.077324	5.159595	4.936131
4.521923	5.233810	4.569780	4.678829	4.964038	4.404584	5.766706	5.314698	4.526970	4.574534
5.575831	4.616931	3.998278	4.814856	4.711653	4.996722	5.096570	5.687347	5.379936	4.908771
5.204875	5.350219	5.038938	5.203214	5.175190	4.984982	4.958356	4.374093	4.242375	5.095754
5.327953	6.292043	4.715136	5.304847	5.359193	4.959137	5.010508	5.382929	5.609377	5.459814
5.447096	4.177707	4.930995	4.863948	4.140282	4.377406	4.823198	4.917048	5.365660	5.549949
4.862654	5.552532	3.901348	5.948965	5.374054	5.215730	5.215331	5.259049	5.444186	4.468879
5.219153	5.544318	5.269428	5.340462	4.158380	4.670722	3.992245	4.971876	5.215502	4.972224
5.893541	5.283668	5.322356	5.481423	3.788620	4.512067	4.526509	3.671767	4.730886	5.057755
5.292601	5.279084	5.146182	3.918313	4.722727	4.682795	3.955349	5.196460	4.134706	5.656376
4.781093	4.802266	4.983537	4.753188	5.022491	4.999118	4.858725	4.303874	4.823285	5.102427
5.040705	4.859620	4.800718	5.172099	4.564524	4.908651	5.174286	5.546831	4.766695	5.356358
5.217221	5.197853	5.055143	4.943573	4.882173	4.650576	5.700100	5.361350	4.474124	5.401773
6.031600	4.471715	5.128018	4.097566	4.594383	5.427790	5.356126	5.651189	5.124405	4.829840
4.993059	5.260008	5.081701	5.192170	5.217985	4.828888	5.381221	4.085914	5.188912	5.984569
4.785605	4.758475	5.219575	4.961888	5.057337	5.044278	4.430920	4.913152	5.706739	5.766165
5.641365	4.534225	5.204646	5.247548	4.632966	4.659366	4.890678	4.641667	4.588765	5.076631
4.930104	5.133793	5.406261	5.600785	5.147078	5.375425	5.167701	5.341261	5.165947	4.762659
5.370115	5.120335	5.047605	4.639759	4.361339	4.892088	4.726927	5.549618	4.176455	5.531750
5.331857	4.881596	5.049310	4.819448	6.607710	4.780657	5.970896	4.898593	5.398254	5.191459
5.364868	5.128488	5.063740	5.404912	4.999655	4.770086	5.030908	5.664392	4.329682	6.371878
5.235655	4.724309	5.530290	5.354329	4.748035	4.286618	5.358515	4.378286	4.957009	4.268178
5.372749	4.319507	4.546924	4.506928	4.995687	4.780995	4.814848	4.502670	4.821703	5.703320
4.138059	4.953590	5.355376	5.422640	5.446574	5.995100	5.679508	4.543405	4.520644	3.789951
4.053784	5.070127	5.531415	5.619261	4.830792	4.597846	5.355125	5.095410	4.871525	5.207000
5.837716	5.380703	4.815289	5.360234	5.238646	5.781470	4.089538	5.953347	5.808338	5.626102
4.991066	5.832421	4.427169	5.324143	5.257259	5.001121	4.177060	4.538553	5.171401	4.831285
5.058630	5.159625	5.080943	5.115098	6.110759	5.027152	4.924151	5.672301	5.232805	4.999088
5.207062	4.748652	5.157306	5.225527	5.247142	5.056962	5.196620	4.159486	5.974800	3.861026
6.071607	4.723722	5.116393	4.016226	4.939640	6.087124	5.012131	4.931743	5.651255	4.830470
4.898514	5.760939	6.035707	5.352798	4.792594	5.085779	4.532799	5.212180	5.186561	4.644810
4.811781	4.030347	5.446104	5.422389	5.426457	6.405953	4.757592	5.758014	5.269545	5.758646
4.860741	5.103323	5.163860	5.602992	5.423199	5.140009	3.822544	4.920588	4.662437	5.002985
5.222983	4.615977	4.536915	5.043170	4.925112	5.134677	4.424523	4.327890	5.085224	5.297367
5.059889	5.293692	4.940416	4.563193	4.267475	5.051579	4.264497	5.216102	4.968286	5.430782
6.135681	4.398071	5.164968	4.779959	5.793387	4.960127	5.274719	4.529063	4.195105	6.637532
6.124030	3.778026	5.218498	5.043912	4.842927	4.920855	5.109267	5.312809	4.963440	4.753963
4.962295	4.746146	5.727340	5.920019	5.509767	4.441665	5.532044	5.340820	5.707846	4.913143
5.504216	4.352156	4.651474	5.158039	4.986582	4.299439	5.238419	4.912771	5.290687	6.024187
