4.863309	4.639387	5.660477	5.198937	5.630659	5.609256	4.975372	4.031404	4.525694	5.200141
5.132762	5.776892	4.553594	3.963195	4.662420	5.376091	4.968278	5.151372	5.832336	5.313940
5.121521	4.633119	4.110595	4.889206	5.484324	4.657194	5.166140	6.034560	5.197473	4.089549
5.132158	5.756817	4.609157	5.609071	5.216048	4.411199	5.069815	5.342695	4.660165	5.030244
5.852019	5.688279	4.863478	5.166204	4.281000	5.933642	4.351237	4.566204	6.207494	3.991123
6.131470	4.116090	5.295774	5.948375	5.940917	4.491315	5.680235	5.077331	5.219613	4.190294
5.497080	5.718946	5.158602	3.446389	5.880661	4.392641	5.797645	5.245334	5.355234	4.758493
4.865280	5.245021	5.396677	4.714826	4.773298	4.992158	4.894683	5.369853	4.935247	5.297659
5.107256	4.842181	5.156961	5.308963	4.897073	5.914103	4.990163	4.518773	5.163186	5.041182
5.562423	5.017457	5.635337	5.695790	3.732017	5.159051	4.713603	4.534586	4.674973	5.132532
5.126407	6.380385	4.183175	5.861406	4.488301	4.665484	4.502370	5.805804	5.579732	5.244778
4.323034	4.431791	5.324594	5.330618	5.136563	4.917078	4.917969	4.880506	5.297372	5.088324
5.166884	5.273069	5.115918	4.763664	4.432748	4.963176	4.109531	5.188457	4.895767	5.659840
5.627578	4.047381	5.125890	5.574388	5.464212	5.755668	6.494445	5.036288	5.312573	4.748879
4.847846	5.751561	5.666867	5.667679	5.289730	4.770307	4.853916	5.679925	4.825893	5.558137
4.867158	4.377130	4.841808	5.100690	6.065743	4.261638	5.046614	5.483806	5.063792	5.206893
4.284681	3.905901	4.750378	5.560945	3.931195	5.958080	4.745991	5.702535	5.302109	4.472915
5.030348	5.716174	5.384517	3.688530	5.378188	5.466621	5.055881	5.022613	4.927138	5.977468
4.964682	4.407586	4.879077	4.536455	3.758119	5.294770	5.091128	5.418192	5.296761	3.610116
4.548162	5.055086	4.471138	5.168972	4.820213	4.044001	5.619307	4.870354	4.282402	5.185263
5.101951	5.373381	4.460472	4.513447	5.071577	5.143273	4.005144	5.402810	5.697449	4.553299
4.788205	5.680255	4.124697	4.645130	4.719193	5.528664	4.987815	5.475803	5.089127	5.775623
4.335395	4.844985	5.024220	5.887513	4.408249	5.618179	5.499137	5.135091	5.415858	6.176322
5.413088	4.859928	4.573067	4.253416	4.331790	5.525763	4.893864	5.324666	3.614504	4.978359
4.794416	4.571676	4.799015	5.550425	5.316908	4.998552	5.204789	4.882987	5.548251	5.961631
4.943237	5.193034	5.866577	4.728358	5.269940	4.130421	5.012538	4.880033	4.928077	5.154109
5.002115	4.389139	5.524588	5.646935	5.326492	5.445399	5.478501	3.290087	5.963890	4.908675
4.976542	4.477120	5.728873	4.696422	4.620390	4.340042	4.901724	4.972211	4.944972	5.104422
5.131373	5.428751	4.991829	4.901222	3.680167	5.519531	4.930840	6.107516	5.103536	4.837826
4.248664	5.668109	5.510201	5.333701	4.423687	4.776150	4.469128	4.924319	5.843781	4.499836
4.997204	5.075667	4.589876	5.968122	4.661376	5.346445	4.902342	4.787442	4.071531	5.483490
4.685741	4.346717	5.661070	5.492870	4.532133	5.053308	5.992919	4.807122	5.104983	4.619061
4.759276	5.479922	5.767376	5.014346	4.788133	4.830688	4.925557	4.436521	4.588685	4.825308
4.678799	4.596649	5.368159	5.570724	4.877027	5.076446	5.224117	3.968948	5.677139	5.479627
5.474665	4.719357	4.347688	6.276120	4.903543	4.547369	4.709228	5.968394	5.328909	4.051075
5.074404	3.791124	5.291515	4.934841	4.067651	5.109215	5.262783	5.297114	4.877433	4.638055
4.923219	4.510211	5.615268	5.140675	5.145249	5.019771	4.874082	4.209825	4.813383	5.514935
5.066280	5.795603	5.179125	4.711413	5.438713	5.570057	5.093947	4.419739	6.064432	5.412843
4.857715	4.570246	4.711633	3.931843	6.605237	5.387010	5.074605	4.676927	5.004134	5.789989
4.879809	5.151670	4.829204	5.334277	5.168661	5.220686	4.970216	4.505520	4.896784	5.031576
5.536091	4.428124	4.742608	4.414217	4.439662	5.783831	4.743421	5.330245	5.947866	4.691607
4.641474	4.532351	5.361027	5.152719	5.376549	6.039808	5.026897	5.753260	4.541723	5.211374
4.324196	5.512626	4.852088	5.309306	5.713197	4.754081	4.660505	4.186636	4.959974	5.234115
4.501001	5.406982	4.434522	5.696747	4.434165	4.913559	3.955823	5.274498	5.777322	4.414743
5.329253	4.646627	5.240681	4.177880	5.271563	5.148175	4.623411	3.757777	4.946705	4.689462
5.003242	5.392599	3.913805	4.257291	4.531348	5.421858	4.787530	3.817417	5.408512	5.574637
4.118335	4.159205	5.116365	4.262488	5.094531	4.430201	5.860681	5.031877	5.062267	5.911326
5.056661	3.977701	5.351887	5.159359	5.787580	4.682607	4.950583	5.598065	5.035908	5.625940
4.563874	4.293453	4.408933	5.298131	4.934499	4.862357	5.221055	4.942093	4.239272	5.439240
5.533774	4.884709	5.892406	4.356336	4.913985	5.331450	5.093853	5.564809	5.100521	5.669010
4.364441	4.810430	5.362164	4.326092	5.635943	4.902009	5.212170	4.740701	5.260676	5.219961
5.072154	5.157796	5.502510	5.773062	4.904028	4.252627	5.020763	5.120952	5.159213	5.343348
4.510077	5.308843	5.300075	4.310047	3.702750	5.470212	4.067211	5.026769	5.084183	5.206735
4.654619	5.302951	5.219632	5.676927	5.335008	4.932896	6.041199	4.925654	5.290632	4.978057
5.291202	5.204988	5.829776	5.579283	5.333349	4.858724	5.372183	4.471682	5.314604	6.612393
5.667261	4.624021	4.051517	5.491649	5.341177	5.627155	5.568650	5.467400	5.219094	4.655262
5.089799	5.012730	5.572310	4.971077	6.862450	5.343933	5.099458	5.569526	5.145738	5.147683
4.481126	4.451237	4.784389	4.130008	5.821007	4.310163	4.720555	5.097795	5.616407	4.594350
5.414458	4.814443	4.901135	3.864494	4.898474	4.207179	5.086749	5.567466	5.319269	5.897711
3.879543	3.999786	5.371924	5.151431	5.134944	4.761277	4.815897	4.614698	4.798852	3.999861
5.085566	4.391350	5.568490	5.339868	4.521226	5.089395	4.987566	4.834217	4.837838	5.303255
4.710527	4.938634	5.706285	4.454625	5.202842	5.372787	4.669081	5.121132	4.460548	4.281600
4.535059	4.856695	5.759519	4.710741	4.297366	5.957375	5.199090	4.774402	5.024809	4.031775
5.089324	5.349367	4.853417	5.121483	5.744091	4.906607	5.212080	5.423888	4.391232	5.730651
5.682408	4.892991	5.303598	4.875247	5.161084	6.031700	4.227766	5.741613	5.397257	4.325330
5.938697	6.003282	3.939963	3.800689	4.248410	5.039001	4.616896	5.023987	5.269304	4.827050
4.742150	5.838846	5.665451	4.535878	5.745845	5.077138	4.740316	4.180313	4.942218	4.265725
5.765444	4.725561	4.593731	4.888867	5.951156	6.334779	4.609066	4.585352	6.003809	5.149383
5.386797	4.305179	4.915923	5.856620	4.678851	5.711437	4.494867	6.372778	5.139130	4.542197
4.990037	5.931529	4.656458	4.830986	4.658222	5.109558	5.083593	4.547382	4.437412	4.923998
5.731951	4.995943	5.559599	4.824214	4.772969	4.454994	5.292016	4.397270	3.910069	4.504198
4.122998	5.272358	4.690061	4.525830	5.155794	5.056271	4.702255	5.019728	4.724323	4.885781
4.790594	5.758506	5.825212	5.540173	5.520878	5.884473	5.789525	4.694915	5.250994	4.821801
4.968525	5.458448	5.417100	3.895029	6.385781	4.624681	4.512736	4.285530	5.000936	4.850584
5.022975	3.720696	4.953637	4.553630	5.318436	4.491798	4.993321	4.743550	4.972164	4.834793
5.062022	4.841328	5.421657	5.099102	4.038466	5.126941	4.866192	4.284959	4.760133	5.531280
5.055521	4.550237	4.590796	5.034755	5.819853	5.099511	5.183928	5.102168	4.999888	5.315056
4.399609	4.506258	5.047126	4.262901	6.462981	4.321826	5.222158	4.583351	4.092891	5.758397
5.023357	5.147748	5.212220	4.483112	5.718687	5.073103	5.037377	4.248946	5.167158	4.646481
4.866635	4.301317	4.940529	5.788891	5.635721	4.684002	4.886003	5.247344	4.914297	4.597993
5.323335	4.872203	5.129665	5.823965	3.765941	4.985192	5.032548	5.144701	4.552661	4.840199
5.794851	4.949799	5.105284	4.234736	4.978424	5.648378	5.639606	5.733479	5.559071	4.242730
5.040219	6.552368	5.315020	5.155184	5.374453	5.470586	5.140124	5.196955	5.064106	4.868836
4.082108	4.213806	4.075747	4.596442	4.460552	6.057729	5.279126	3.781229	5.754148	4.974988
4.989802	4.659389	5.337985	4.514656	5.701205	5.070831	4.999634	6.025827	4.816193	4.589468
4.619503	4.923914	5.672856	5.221945	4.770398	4.634272	5.560814	5.005116	4.649030	4.771886
5.016063	4.483129	5.117057	4.797755	5.786372	4.459030	4.941684	5.419698	4.787032	5.774176
5.258946	4.669322	5.364675	4.286821	3.846918	5.841619	4.572805	4.522499	4.113038	5.203074
5.038416	4.826965	5.303328	5.046208	5.507281	5.478981	5.309867	5.157972	5.083118	4.834667
5.091885	5.942231	4.044660	5.571108	4.982535	5.013413	4.129214	4.606151	5.212799	5.449745
5.841030	4.747654	4.820521	5.770981	4.630357	5.020890	5.101909	4.369886	5.554175	4.224658
5.080887	5.335291	5.302128	4.534999	4.160987	4.392175	5.116920	4.964281	5.044227	5.394874
4.779613	4.812256	5.439280	4.878693	5.031123	5.421184	5.035727	5.398278	4.845250	4.361270
5.484402	5.457759	5.284332	5.180076	5.258929	4.420573	5.499480	5.064534	4.078518	4.341784
5.125518	5.579861	4.439999	5.444477	5.567844	4.896575	5.264609	4.763484	4.822810	4.798720
4.098518	5.967080	5.058344	4.520134	4.183758	4.315412	4.639235	6.039386	4.935607	4.693748
4.763616	4.826346	4.388481	5.146237	4.571225	4.402608	4.710362	5.862498	4.852988	4.165149
5.481194	3.851421	5.282540	4.858347	5.842159	4.970201	5.298954	5.053840	5.461806	4.669072
5.429317	5.078659	4.411901	4.471284	5.665471	4.365479	4.384669	5.110186	4.181001	4.909922
4.808476	4.542225	4.581347	4.885649	4.408794	5.269551	5.204767	4.526698	5.606393	5.970505
4.971014	4.601867	4.614982	4.909561	5.342311	4.990828	4.815557	3.608814	5.063768	5.210641
4.797144	5.634098	5.005795	4.403586	4.710889	5.227165	4.958842	5.287529	4.946170	5.121596
5.029427	5.320283	5.094532	3.762279	5.516074	4.470325	5.210253	4.382407	5.511654	5.948584
5.233972	4.746705	5.351105	4.760356	5.405884	5.382940	5.335883	4.089321	5.585419	5.053576
5.285752	4.351839	5.003429	5.820505	5.570539	4.119617	4.521472	4.381084	4.998839	5.016900
5.642741	4.781771	4.949232	3.262108	4.760339	5.380580	4.951552	4.633424	4.424549	4.407474
4.584531	5.961773	4.138672	4.612126	4.658426	5.038429	4.778361	4.796082	5.114025	4.830368
3.754515	4.762371	4.710527	5.247946	6.114915	4.457156	5.365603	6.040635	4.948233	5.676922
4.167882	5.145011	4.626782	4.846620	4.597120	5.323506	5.247334	4.718580	5.420490	4.894788
5.244818	5.843732	5.710968	5.034113	4.763291	4.721803	5.385674	5.369395	4.958922	5.310012
4.944413	4.885490	6.244048	4.086309	4.303321	4.873862	5.003224	5.086017	4.943682	5.296490
4.967585	4.786089	4.871950	3.564146	3.892992	5.369610	5.100563	5.518269	5.149497	5.353776
5.029752	5.181761	6.137648	4.922843	5.076879	5.184069	4.406342	5.713662	4.673826	5.624166
5.269350	5.488790	5.347941	4.625405	5.311746	4.856489	4.682386	4.585093	5.554960	4.450862
4.797607	3.629272	5.791195	4.938799	5.614931	4.818324	3.850620	4.344268	4.439745	4.849288
5.068570	4.855132	5.693794	3.888381	5.208307	4.611451	5.187605	5.017742	5.083901	5.841205
4.569724	4.940421	5.344032	4.383044	5.704854	3.532935	4.523023	5.242760	4.004277	5.767178
4.841398	5.596647	4.633060	4.983362	5.528375	5.337615	4.682663	3.474106	4.949428	5.101984
5.916525	5.042884	5.658112	4.720887	4.992561	3.640067	4.608767	5.497413	4.626746	5.246916
5.011579	4.432754	6.186258	5.722245	4.544538	5.437883	4.613819	4.088813	5.155919	5.139593
4.880289	4.940638	4.966577	5.113246	4.596577	5.674204	4.932115	4.589535	5.062833	4.830285
3.879243	5.809818	4.316926	5.556788	4.748125	5.404064	5.813955	4.035470	4.846900	5.152290
4.589432	4.040068	4.018458	5.824861	6.102633	5.095502	4.656377	5.185698	5.116422	4.947541
5.268456	5.482555	5.905121	5.765708	5.363766	4.735178	5.176207	4.880407	6.318933	4.994772
5.012551	5.078734	4.185964	5.434280	5.667042	5.268049	4.787725	5.951417	5.612293	4.157680
5.037873	4.547649	4.976870	4.900153	5.242991	5.483320	4.706554	4.922485	4.669138	5.085522
4.717267	4.855326	6.943665	5.326385	5.092852	4.966326	5.161964	5.240923	4.876657	4.413825
5.290235	4.359465	5.419093	5.233767	6.134344	5.777105	4.191208	4.985291	4.655833	5.427322
5.283607	4.551918	5.648277	5.482655	4.963337	5.864042	4.949440	3.950766	4.658188	5.471456
5.539425	5.758621	4.445125	5.365460	5.429438	5.651745	5.161674	4.381976	4.816580	4.955743
4.992676	4.558381	5.070857	4.416781	5.215790	5.128858	4.983248	4.901245	5.346322	4.846342
4.862098	5.292603	5.051785	5.562325	4.851810	4.780498	5.035876	5.705821	5.000110	5.260694
5.401216	4.357845	4.970200	5.797466	5.103528	5.374047	5.367978	4.638134	4.325765	4.743163
5.729056	5.144550	4.559181	4.611184	4.762492	5.272031	4.052241	5.410472	4.865574	4.801829
4.968716	3.768096	4.471195	4.091866	4.955142	4.877888	5.530818	5.037160	4.416644	5.400348
5.198740	5.014118	4.989728	4.567261	4.913288	5.353050	4.813494	5.756966	4.754920	4.600543
5.018209	5.350068	4.666562	5.420995	5.479964	5.049806	5.241440	6.324998	4.894716	4.911687
3.938216	4.444890	5.385218	5.021123	4.095612	4.521839	4.757358	6.297356	4.497749	4.613221
4.890552	4.545526	4.973746	5.269655	4.375813	4.939410	4.423340	5.960668	5.119630	4.958989
4.753184	5.453024	4.910167	4.532248	5.347123	4.920238	5.036284	5.114895	4.919788	4.758678
5.172368	5.311015	4.279608	4.740436	4.245588	5.155432	5.549540	4.382557	4.940588	4.848809
4.972750	4.400422	5.683986	5.261078	5.170274	5.270350	4.969867	4.380043	5.077116	4.035475
5.087392	5.078064	3.839005	5.219018	5.583046	4.923267	5.028475	5.448089	5.090740	5.343223
4.591984	5.488299	5.394019	3.866539	5.169865	4.723032	4.736581	4.294971	4.551938	5.345915
4.883134	5.096532	4.799850	4.810761	4.923444	4.202958	5.178802	4.598882	4.861145	4.138633
5.319813	5.569290	4.795501	4.393015	4.550440	5.912976	5.514800	4.425607	5.715088	6.181080
4.303754	4.462998	4.800366	5.104328	4.674002	5.795386	6.031224	4.216243	4.787092	4.829504
4.284815	4.588983	3.538068	4.674162	4.871437	5.222931	5.118346	5.382515	6.057405	5.346030
3.916487	4.102473	5.588377	4.781589	5.241223	5.191947	5.022038	4.483221	5.178260	4.951602
4.885742	5.153747	4.278067	5.592443	5.669010	3.862077	4.611659	5.105657	4.689807	5.976955
5.012560	5.416490	4.672540	4.655008	5.524191	3.669553	4.922731	4.681038	4.970044	4.568676
4.812709	5.588228	4.612612	5.553368	5.022361	5.447161	4.785025	4.546126	5.837202	5.422075
4.666855	4.532452	5.280972	4.796511	6.222281	4.834338	4.398543	5.123171	4.699121	4.126656
4.717111	5.027204	4.943036	4.649278	5.098011	5.146199	4.711550	4.524570	5.053600	5.651966
5.115132	5.197918	5.245590	4.361080	4.532575	5.030558	4.583794	4.323219	5.158352	4.733640
5.003758	5.003880	5.157332	3.963992	4.748925	5.141963	4.186749	5.593625	5.391092	4.513719
4.469889	5.176467	5.120048	5.000794	4.233672	5.648559	4.817634	3.537416	4.649428	4.495754
4.871421	4.536702	4.938544	4.793499	5.406925	5.792403	5.179915	4.314785	4.995935	5.457507
6.426513	5.794795	5.700093	4.918265	5.572287	4.844353	5.433222	5.357103	4.281522	5.516466
5.234478	5.384947	5.413479	5.896226	4.572653	3.657131	5.681622	4.529866	4.084887	5.387616
5.582212	5.463788	4.535553	5.393301	4.004253	4.459473	4.553249	3.974360	5.778094	5.495731
4.337990	4.996802	4.619303	4.273869	3.996621	5.408836	4.834987	5.459645	5.508196	4.909085
5.199008	4.167778	4.485700	5.128205	5.216453	5.296410	4.907885	5.954371	5.127736	4.725325
5.209232	5.935036	6.211115	5.117010	5.513724	5.862372	5.235291	5.091802	4.548723	3.412395
4.581664	4.755711	4.875267	4.939806	5.466309	5.389883	4.506373	4.635681	5.242798	4.352223
5.034789	5.646877	4.734657	4.958929	5.658422	5.111119	4.219095	5.088717	5.188882	4.228945
5.041605	5.632552	6.091372	5.121686	4.763898	4.509968	5.080826	5.489987	5.241153	4.492975
4.610701	5.202105	3.941189	5.708069	4.873052	4.956226	4.865335	5.381798	4.959057	5.741690
5.033036	4.499627	4.740946	4.326731	3.747988	4.946827	5.089801	4.634778	5.054177	5.152715
4.893977	4.631015	5.302616	5.322407	5.108792	3.872979	4.901624	4.986269	4.787599	5.508416
4.826040	5.428309	4.224832	4.827862	4.807554	4.975656	4.896842	4.220993	5.033160	4.991221
4.984500	4.838833	5.086278	4.164155	4.505119	4.916424	4.931908	5.384178	4.917577	5.038764
5.193433	5.120585	4.832150	4.773695	5.540119	4.610192	5.462941	5.471786	5.187164	5.274179
4.938430	5.561616	4.868789	4.445564	6.037282	4.860072	4.847684	5.196884	4.978884	5.150023
5.279086	5.558183	4.547700	4.655083	4.421647	6.001469	5.292864	5.230280	4.759970	5.633613
5.620563	5.131900	5.341328	5.323978	4.874880	5.633463	4.529091	4.393241	4.154784	4.970957
4.982663	4.575424	4.531457	5.842676	5.315228	4.373345	4.954338	4.447667	3.959037	5.153096
5.895705	4.588002	3.771491	4.190878	5.652595	5.900945	5.115446	4.176888	5.575438	4.802109
3.934394	5.111371	4.917497	4.904058	4.676237	5.247692	4.561686	4.889726	4.041958	5.706354
5.108621	6.401370	5.477684	4.422747	4.882789	4.344807	4.991383	4.620125	5.552866	3.890121
5.076328	4.857978	4.834291	5.709833	4.982544	4.952731	6.158905	4.490252	5.668614	4.383225
4.963726	5.782125	5.966121	3.393118	4.464968	4.902960	5.123460	4.851501	5.184938	4.760757
4.251600	4.968124	4.928708	4.856510	5.089468	6.043542	4.670307	4.340386	4.698916	4.527021
5.676526	3.987135	5.678503	5.336455	4.888513	5.840394	3.728754	4.833768	5.051038	6.313818
5.383362	6.126408	4.847807	5.747487	5.125632	4.103183	5.978857	4.655069	5.256059	4.436110
5.018990	5.361309	4.482977	4.508667	5.196338	5.558628	5.823371	4.073539	4.429200	4.626787
5.026824	4.555386	4.737741	4.225165	4.586199	5.218717	5.001070	5.135745	4.983021	5.066935
5.267021	5.508457	5.019116	5.327954	5.511102	5.915212	5.057350	6.274861	5.564590	5.534768
5.562481	4.789801	4.360818	5.198642	5.442697	4.963331	5.164007	5.381648	4.505652	4.889190
5.159240	5.636218	3.878926	4.162424	5.496370	4.752595	5.317617	5.612428	4.624417	4.613333
5.041372	5.044445	4.792867	4.677989	4.266897	5.599855	4.983008	4.877127	4.995693	5.131175
4.576774	5.598638	3.757243	5.246503	5.773573	4.298396	4.836544	5.543185	5.366594	4.919970
5.255073	4.391850	4.992528	4.247728	4.860370	5.188506	4.974089	4.886317	5.500607	5.023582
4.341048	5.838106	5.261913	4.929743	4.861261	5.444033	4.391924	5.144777	4.902155	6.463671
5.107269	4.926344	4.529823	4.871474	5.325706	5.913621	4.317222	4.687873	5.375513	6.218641
5.123526	4.746148	4.492999	5.902385	3.392728	5.648829	5.542355	5.085999	4.626317	4.997245
4.791604	5.131841	3.929265	5.581873	4.845367	3.234318	4.860262	4.472483	5.108618	4.249598
6.074828	5.087142	5.650702	5.138759	5.376325	5.005988	4.829861	4.584784	4.795901	3.954422
4.704307	4.189699	4.643347	5.135227	4.681870	5.814900	4.851280	5.350398	4.890466	5.295399
5.418564	5.543855	6.362464	4.787063	6.007679	5.166209	4.482594	4.966763	5.145874	4.571537
