5.504845	4.570221	6.161378	4.468097	4.677546	6.072051	4.427951	5.793707	4.449827	4.981802
4.617338	5.930513	4.819593	5.278864	5.707878	4.766146	4.975755	4.624718	4.797294	5.134465
5.260213	5.272482	4.134347	5.333844	5.117472	5.173227	4.330572	4.961632	4.692583	4.626013
5.537278	4.920914	5.117353	4.38123	6.239604	4.869853	4.913572	5.414569	4.428557	5.58903
5.337197	4.378776	5.70467	5.32112	4.816635	4.968394	5.008883	4.937518	4.636911	3.589363
4.929596	3.067134	4.934186	5.129109	5.755412	5.497732	4.974553	4.761943	4.682371	4.817528
6.050141	4.34139	5.813902	5.548915	4.620639	5.480352	5.135616	4.501949	5.122052	4.302555
5.063655	4.757001	5.220338	5.256836	4.744975	5.226288	5.465359	4.702801	5.52456	5.654191
5.09911	5.08376	5.386137	5.146791	4.904678	5.260748	3.966817	5.04828	5.128311	4.472317
4.730642	5.055167	5.330911	4.196259	5.394479	4.693585	4.736937	5.953103	4.875331	4.998652
5.069701	5.054351	5.802331	4.558279	4.639356	5.60168	4.696803	5.018872	4.763357	5.281789
5.33308	5.251401	4.673537	5.312399	4.246304	4.767008	5.030541	4.510043	4.568223	4.700768
4.541222	4.169571	5.496251	5.422724	4.399832	5.397557	4.432561	4.759658	4.64449	4.971613
5.94412	5.403262	5.744051	5.164806	4.690491	3.780088	4.813828	5.380621	5.429588	5.542575
5.554949	4.958245	4.789697	4.756411	5.337816	4.940932	4.277779	4.849717	4.141698	4.96549
5.130367	5.115017	4.510059	5.47465	5.558256	4.449872	4.737334	5.079537	4.843588	4.98808
4.277455	4.629456	4.389534	5.139053	4.559373	4.774905	4.128339	5.259624	5.349914	4.963929
5.117869	4.732319	5.374764	4.093464	4.966132	4.197544	5.334981	5.192957	5.866171	4.622463
5.12437	5.10902	3.792301	4.852596	4.878253	4.975065	5.266526	5.073541	4.332059	4.520716
4.632463	4.94403	5.789063	5.07565	4.719927	4.705079	4.109154	5.166065	3.84698	5.823892
4.852343	5.391281	5.060096	5.629649	5.167601	4.580131	4.578063	5.601015	5.509011	5.527544
5.55136	5.851429	5.742057	5.629315	4.612602	4.66644	5.031183	4.917387	4.828127	4.901614
6.385965	3.742947	5.17326	4.928421	4.236905	5.405228	5.859483	4.887373	5.509781	4.290263
5.735729	5.132919	5.587156	5.326686	5.073453	3.951321	4.880594	4.987297	4.762622	5.383952
4.869017	4.305384	5.010422	4.969411	4.594973	5.439367	5.671049	5.282959	4.843896	4.708427
5.022516	5.007166	4.74475	4.447102	5.339304	4.765746	6.113066	4.971686	5.512706	5.573198
4.032333	4.574926	5.583823	5.683991	4.903901	4.543715	6.101179	4.955078	5.805431	5.265552
4.579536	4.514993	4.284029	5.01288	4.959781	5.957412	6.086742	4.333106	4.282444	4.813179
5.038424	5.023074	5.524338	5.654337	4.841768	4.937088	4.140486	4.987595	5.296429	5.072996
4.888275	5.468113	4.141025	5.726686	4.901091	4.704486	4.640864	4.745411	4.497879	5.627343
4.820914	4.488363	5.447068	4.937246	4.625672	5.492295	5.450658	5.360842	4.432324	4.897402
4.954519	4.676419	5.31604	4.93219	5.827912	5.648479	4.37374	4.873833	5.31391	5.086022
5.154159	6.078662	5.891625	5.345192	4.439319	3.999222	3.597873	5.320629	6.037873	4.577808
5.451711	4.765539	4.811993	4.264974	5.428092	5.055972	5.435095	4.864034	4.810163	4.939806
5.170491	4.896824	5.879168	4.936293	5.596163	5.613107	6.626228	5.841706	5.570571	4.211926
5.022429	5.007079	4.824188	5.553633	4.930557	5.807041	5.551897	4.971599	4.972387	4.98935
5.726173	4.725726	5.597844	4.672534	5.664609	4.523702	4.825844	4.628426	4.746099	5.004967
4.82315	4.812623	4.923127	5.613845	4.407378	4.79827	5.152366	5.576772	4.890272	5.876095
5.053872	5.038522	4.426484	4.95355	5.116584	5.769085	4.484175	5.003043	5.164281	4.423653
5.18438	5.389186	4.152014	5.112062	5.039198	5.342627	4.89267	4.020727	5.729631	4.834424
4.30701	5.69227	4.644343	5.303184	4.727064	4.65238	5.44199	6.467422	4.131412	4.594339
5.005309	4.989959	4.850232	4.314387	4.26917	4.869448	4.768367	4.95448	5.00386	4.183169
4.876842	5.179842	4.721107	4.838266	4.788326	5.146103	5.00777	5.476185	4.427297	4.693885
4.716563	5.043056	4.916059	5.4198	4.836974	5.348107	4.935272	4.495546	4.354874	5.927973
5.042772	4.045395	5.119538	5.573245	4.980557	6.235122	5.316418	4.362704	4.558038	4.856575
5.650931	5.496514	5.080012	5.526276	5.424217	4.567367	4.705775	5.120069	5.689005	5.752212
5.130279	5.372808	6.330871	6.262446	4.90523	6.033231	5.388605	5.127144	6.06613	5.731186
5.16634	5.15099	5.234955	4.89468	4.92205	5.378426	4.464818	5.11551	4.743796	5.152171
5.084108	4.362615	4.492576	5.03616	4.920475	4.387933	6.470946	5.18372	4.328763	6.230652
4.917396	4.212099	5.85042	5.000861	4.379045	5.32953	4.751429	4.100814	4.983148	4.96038
3.721553	4.844523	4.254918	4.259581	5.32207	4.206452	4.804938	4.917208	4.787785	4.914655
4.892495	4.628149	5.731799	5.2893	5.158212	4.840899	4.715148	4.640853	5.709066	4.157595
5.493259	4.459617	5.22462	5.007853	5.901902	5.518222	4.681297	4.04728	4.811181	5.227621
4.975132	5.326923	5.417763	4.338486	4.504563	4.590432	4.500198	5.433581	4.676959	4.307928
4.731912	3.873692	5.23347	4.887588	4.516969	5.01573	4.874785	5.055565	4.543499	4.813859
4.453081	4.533952	4.677804	5.160963	5.345567	5.546246	5.349183	4.866399	4.388884	4.86068
5.033527	5.018177	5.46463	4.911013	5.936794	5.065287	3.604901	4.982697	4.55083	5.081017
4.267322	5.896615	4.872272	5.074659	5.019227	4.576706	5.376445	5.464703	5.648158	6.094812
5.065879	6.344225	5.489707	4.552942	5.44484	6.04404	4.85255	5.227289	4.76614	4.770021
5.370751	5.043029	5.516263	4.355254	5.393123	4.567604	6.177732	5.014289	4.802195	5.597642
5.492185	4.546961	4.492221	4.233666	4.501406	4.790765	4.862097	4.34266	4.10455	4.424836
5.054694	5.039344	4.515847	5.720065	4.752804	5.643641	4.62364	5.003864	6.299754	4.986132
4.934186	4.918837	4.595759	6.159544	4.976793	5.108557	4.569524	4.883357	5.228311	5.405729
4.954345	4.891269	5.408226	4.652482	4.455591	5.584662	3.798941	4.870881	4.308901	4.613906
5.716906	5.417325	4.479039	4.447887	4.525561	4.969948	6.279913	4.977095	4.717148	4.851086
5.166837	5.974777	4.584481	4.289394	4.947007	5.258193	4.57981	6.123668	4.865541	5.469645
5.320774	5.143974	4.824888	3.932291	4.708719	5.473377	5.428467	5.628969	4.608207	5.074234
4.378558	3.928604	5.896417	5.131338	5.236742	5.734186	5.093973	5.608218	4.745678	4.587373
4.780212	4.661887	5.015342	4.579104	4.485761	4.610727	5.058681	4.06652	4.765203	4.038155
5.117051	5.101701	4.779494	5.632594	5.126887	5.213986	5.896444	5.066222	5.486355	5.539751
4.419601	6.022671	4.6629	5.061828	5.305983	5.254087	4.97128	4.769258	5.93575	4.93982
4.960155	4.944806	4.790835	3.985682	3.767589	5.357929	5.293827	4.909326	5.121398	5.201486
4.866493	5.104205	4.579903	5.14892	5.126441	5.704643	5.371922	5.280118	4.97845	5.603913
5.150471	4.540941	5.667209	4.530851	5.305663	4.895721	4.098887	4.145576	4.672948	4.992227
5.780638	5.390647	5.874323	4.56104	4.694583	5.572839	4.379969	4.888033	5.561848	4.741082
5.434593	5.162093	5.646523	5.901679	4.877317	5.764344	5.602439	4.801051	5.324472	4.149688
5.768924	5.21728	5.631563	5.391435	4.888603	6.019355	5.30224	5.368898	6.374909	4.964756
5.412965	5.734892	5.637777	5.568751	5.219428	5.287164	4.353665	4.983582	4.783544	4.786325
4.911621	4.621189	4.140777	6.53662	4.93968	4.487309	5.169951	5.370291	4.978493	4.954037
4.619589	4.979604	4.871859	4.494616	3.845225	5.369533	4.47642	4.753728	5.568466	5.241271
5.499446	4.574082	4.483117	4.734881	5.096862	5.1577	5.975935	4.586255	5.096797	4.845456
4.931902	5.202899	4.741416	5.372531	5.200492	5.408212	5.652405	5.961368	5.299698	5.135788
5.109479	4.792793	4.824944	4.864334	4.628517	5.053253	5.232925	5.630033	4.471426	4.7659
3.682751	5.298304	4.697987	5.614574	4.912717	5.126298	5.855667	4.383992	5.599157	4.78641
4.17306	5.116535	5.138482	4.789366	5.168957	4.675849	4.373996	4.984069	4.87668	4.092886
4.264641	4.450256	4.665173	4.493334	5.017688	5.388361	3.442173	4.435081	4.276871	4.907521
4.759071	5.397951	4.943529	4.359162	5.043778	4.776036	5.593374	4.539878	4.083874	5.198468
4.971832	4.607264	5.042198	4.876426	5.367588	4.99005	4.272063	6.321821	4.39436	5.279038
4.130092	5.459287	4.936107	5.219155	6.208711	5.532748	5.315056	6.016638	5.458428	5.352485
5.228536	5.280838	4.857886	4.689405	5.340323	4.10468	5.155809	5.405691	5.127202	5.04231
4.988805	4.643787	5.102115	5.41632	4.617957	6.028163	5.383424	4.11154	5.107981	4.209516
3.890795	5.614574	4.226032	4.800449	4.114446	5.49841	4.865752	4.945556	5.189922	5.817594
5.796194	6.060254	4.945234	4.313446	3.75323	4.126965	5.10319	5.168321	4.340404	4.928935
4.936775	4.921425	5.862138	5.001409	4.654336	4.629201	5.717017	4.885946	4.837592	5.346064
5.07672	5.468466	4.05131	4.527997	4.192223	5.810153	4.774892	5.152472	5.349603	4.682351
4.524392	5.850032	4.51292	3.958567	4.844764	5.875234	3.929809	4.808913	4.427416	4.993218
3.628297	5.390762	4.755821	5.156576	4.329301	4.728443	4.816199	4.45585	5.717032	5.107968
5.424229	5.804317	4.40441	5.521621	4.863929	4.800316	5.906054	4.203313	5.054313	3.908087
5.380369	3.773889	4.416151	5.844842	4.492785	3.71983	5.934234	5.100271	3.776558	4.524769
4.712359	5.057031	4.051178	5.1556	5.347404	4.722707	4.879066	4.933305	5.154264	4.045484
4.739151	4.916732	4.861874	5.294461	5.648372	4.997046	6.334805	5.683867	5.084812	4.628325
5.023309	5.007959	5.555871	4.540917	5.133191	4.613403	4.996685	4.97248	6.125576	4.622145
5.340455	4.845936	4.263129	6.137912	4.297813	4.746981	5.675014	4.241765	5.532865	4.011504
5.388777	5.239645	4.292169	5.313196	5.22186	4.864199	5.796343	5.491812	4.422016	4.276626
4.587571	4.476235	4.907264	4.41238	5.68101	4.709479	4.243093	5.250362	4.278573	5.089975
5.147521	5.480123	4.919816	4.906662	4.588818	5.415238	4.886546	5.143053	5.779426	4.910235
3.262656	5.221056	4.855595	5.085617	4.363622	5.233622	6.156124	5.26839	4.548193	5.658822
4.257835	5.052916	4.887589	4.698542	3.880389	6.373411	5.659419	5.081608	6.169762	4.836678
5.223388	4.083176	6.369747	4.812275	5.906337	5.320571	5.951886	4.734914	6.032774	4.974752
5.714477	4.819475	4.655538	4.523598	4.856825	5.204263	5.165917	5.515443	4.783937	4.788134
5.908182	4.550026	5.406315	4.191117	5.522216	5.061979	5.596562	4.718076	4.583033	4.949886
4.952186	5.515153	4.396173	5.149449	4.35211	5.036817	5.004958	5.014225	5.108621	4.901577
4.899657	5.917622	4.435359	4.547645	5.049902	5.576889	4.453341	5.64335	6.252635	4.61241
5.544318	3.980674	4.549334	5.030851	5.66856	6.033138	5.727619	5.043882	5.671971	4.953863
4.888498	4.732436	5.758636	4.120827	4.703588	3.680588	5.660364	4.05316	4.882857	4.701543
4.541933	5.277959	5.150155	5.58669	5.032499	5.017703	4.650755	5.156339	6.380615	5.407384
5.674058	5.130658	5.107249	4.921914	6.394196	4.905947	4.66268	4.563143	4.100812	4.758434
5.982681	5.263021	5.411811	5.270567	5.484205	5.06595	4.999095	5.088187	6.048066	4.422599
5.329899	4.277531	4.259639	4.707183	4.835797	3.899645	5.178632	5.32752	5.177485	4.664654
6.04239	5.109491	4.677304	4.897214	5.458283	4.413591	3.989552	6.72122	4.761986	5.186915
5.553281	4.776669	4.814218	4.896833	4.376137	5.242847	4.926519	6.089552	5.150439	4.715055
5.031507	5.016157	4.533212	4.494031	4.153719	5.95045	5.150814	4.980678	4.735805	5.061672
6.14859	5.13835	5.232025	4.962594	5.063729	5.066941	4.358466	6.012517	4.32894	4.89618
5.754167	4.607914	4.256445	4.965024	5.292614	5.4086	5.014796	4.989145	4.390904	4.38654
5.357348	5.356329	4.923989	4.225225	4.294279	5.050199	5.438819	4.938602	5.404935	6.146426
4.886943	5.292758	6.355844	4.199611	5.095377	4.558599	4.846762	4.229694	5.574216	5.929318
5.506564	4.762851	5.366483	5.055088	4.895616	4.858115	4.74724	4.800565	3.896663	4.550015
4.98121	4.96586	5.230978	5.073127	6.001333	5.445112	5.936893	4.93038	5.08269	4.335728
4.884351	3.560359	4.101439	4.856728	4.788025	5.335409	4.321567	4.683818	5.426533	5.536113
4.859206	4.843856	5.914796	4.196941	4.497119	4.054032	5.345185	4.808377	3.995924	5.362273
5.834685	5.101754	5.159935	3.851976	4.817139	4.912251	5.643621	5.240006	5.238468	5.305308
5.444652	4.481454	4.235834	3.910403	5.161803	5.044992	5.566309	4.877587	5.197641	4.291224
6.023221	4.969481	5.15002	5.341364	5.381846	4.437049	5.287088	4.696983	4.715631	5.712452
4.989884	4.974534	4.649149	4.994173	5.17964	5.292004	5.405158	4.939054	5.792719	5.339313
5.179492	5.099244	5.000199	5.486759	4.710006	4.920714	5.251699	5.112591	4.981185	4.685989
3.78708	5.790801	5.81286	4.866024	5.288158	4.235158	5.622772	4.989156	5.242751	5.46342
4.697848	3.650402	4.619986	4.753053	5.757597	4.819726	4.777446	5.471941	4.371698	5.463552
4.92824	5.885036	4.348289	4.038907	4.787318	4.883883	4.503177	3.94007	4.1237	5.270521
5.618884	4.821321	5.294832	4.775841	5.374034	4.677464	5.079741	4.585928	5.193214	5.041939
5.793152	4.909944	5.442494	4.838035	5.199204	5.251694	5.415504	5.061427	4.567279	4.618437
5.104117	5.448446	5.979942	4.559938	5.195837	4.598405	4.62509	5.353763	4.660422	5.028036
4.319359	5.290751	4.95755	4.250375	4.542254	6.037786	4.802037	5.432445	4.124488	5.185528
4.894505	5.003553	3.645027	5.079143	4.586939	4.912299	5.279677	4.53243	5.265742	4.448934
5.093802	5.05	5.325317	5.512372	4.43933	5.508673	4.709406	4.934239	5.077812	4.31313
5.863095	5.546735	3.871448	5.360457	5.845126	5.069419	4.488847	5.275434	5.201437	5.237875
4.895924	4.880574	5.471995	5.019956	4.806046	5.20041	4.536369	4.845095	5.117475	5.153255
5.203524	4.249648	5.752893	3.394635	4.028219	5.701243	5.501369	4.663023	5.557897	5.10129
4.8205	5.103509	4.411463	4.979702	4.611633	5.335336	4.433916	4.608916	4.345201	5.150022
5.063795	5.048445	5.719979	4.641829	5.078366	5.419875	4.736431	5.012966	5.071564	4.167836
4.637374	6.236587	4.517519	4.599546	4.674692	5.49529	4.113919	4.617508	5.0221	4.63759
5.215727	4.164226	5.488647	5.906886	5.772845	4.503545	5.57256	4.855313	4.477219	4.721416
5.603239	3.935273	4.289606	5.446719	3.722211	4.689543	6.509068	5.226685	4.094391	4.796482
4.020998	5.173884	5.23084	5.146158	4.249093	5.077487	4.998186	5.511554	5.388588	5.708809
5.005693	4.990344	5.545473	5.424705	5.598291	4.550824	4.875103	4.954864	5.009763	4.510673
4.780266	4.353163	4.785449	5.924974	4.929825	4.962388	5.513989	5.555033	5.778724	5.186281
5.7539	5.084393	4.875224	4.791518	5.620419	5.833786	4.172576	5.167226	4.762858	4.119176
3.986513	5.162764	4.83492	5.566614	4.893732	4.918797	5.376133	5.652705	4.258173	5.108927
4.984792	4.959788	5.170128	4.927251	4.913694	5.05392	5.174027	5.278723	4.290994	4.482185
4.861322	4.604766	5.400298	5.282706	5.014244	5.18314	4.550221	4.812328	6.197558	4.155114
5.675136	4.117928	4.604541	4.549628	4.690762	6.084531	5.370072	5.048494	5.606878	5.055816
5.065649	5.050299	3.96779	5.826206	4.513897	4.959028	6.746756	5.014819	3.511717	4.247536
4.94769	4.93234	5.326144	4.270788	4.611957	4.864864	5.30869	4.89686	4.469027	4.736567
6.477856	5.172561	6.220799	4.716031	4.759309	4.900148	4.562597	4.993486	4.911522	4.546201
4.938301	5.897316	5.347262	5.152924	4.347507	5.13111	5.616862	4.987466	4.791349	5.018562
5.359343	4.959536	6.134506	4.913766	5.082308	4.864144	6.781028	5.935619	5.932371	5.118345
5.821199	4.604503	4.687206	5.677881	4.181458	4.523829	5.115883	4.253299	5.396987	5.126593
5.744295	5.311421	5.327301	5.723368	4.336687	5.922275	4.878446	4.396122	5.006064	4.981668
6.247522	5.712649	5.033439	5.030606	5.162967	4.702342	4.705727	4.986445	4.44697	4.202659
4.932894	4.917544	4.964515	3.825519	4.971296	4.355071	5.363346	4.882065	4.851485	5.745716
5.017972	5.079489	6.664351	5.515936	5.103484	4.691965	4.960898	3.876255	4.186596	5.108542
4.866851	4.98488	5.526979	5.260604	5.137374	4.895119	4.898381	5.240523	5.029801	4.522356
5.530696	5.523424	5.441993	4.484031	5.147099	4.583157	4.808344	5.436357	5.180183	6.256012
5.123292	3.810208	4.644852	4.586083	5.30455	4.330914	5.124609	5.009124	4.838148	5.52134
5.826141	5.47042	4.477107	4.710667	4.79213	4.565678	5.170188	4.255816	4.586075	4.647973
4.201887	5.437974	5.199917	5.467625	5.178709	4.839966	5.325669	4.977584	5.79227	3.759903
5.047631	5.032281	4.845443	4.895616	4.934333	4.566263	4.815855	4.996802	4.439256	6.180146
4.869036	4.219336	5.834522	5.472882	5.666224	4.972385	6.030091	4.817607	5.211563	4.397442
4.938694	4.923344	5.660081	5.995688	4.938147	3.978305	4.169764	4.887865	5.611482	4.923313
4.832344	5.23198	4.33983	4.487731	5.550325	5.069022	4.09501	4.710974	5.119023	5.701682
5.16477	5.153124	5.905453	4.742256	5.225783	5.094763	5.786151	4.488037	5.081056	4.421387
5.46092	6.001204	4.920722	5.63305	4.387177	5.157997	5.036531	5.555533	5.89517	5.432392
6.002564	4.929821	3.994519	5.229927	5.35477	5.329831	5.659475	5.321739	4.867197	5.76523
5.929607	5.748686	5.108065	4.194381	4.899134	5.21384	4.81196	4.908082	4.271412	5.34777
5.392908	5.486097	4.68662	4.221572	5.043334	5.540473	4.697551	5.000639	3.561092	4.52763
4.358669	4.899555	5.225074	4.767714	5.417866	5.91531	5.507568	6.039731	4.213599	5.530555
5.061357	5.613369	4.772078	6.027563	4.859759	4.947173	5.076285	5.110675	5.130268	4.2663
5.294696	5.585253	5.342259	4.505574	5.408451	4.495471	5.192719	4.810448	4.257215	4.585353
6.125786	4.892107	4.778597	4.742551	5.105002	4.850455	4.884987	4.85639	5.791906	5.295171
5.563888	5.566665	4.726015	4.988912	5.225627	4.480857	5.746452	4.996121	5.744083	6.536012
5.029054	5.013704	4.485607	4.307405	5.127112	5.793509	5.570829	4.978225	5.119111	4.506039
6.298415	5.441482	5.448267	5.015633	5.11286	4.623122	4.997671	4.659229	6.133626	5.505636
5.554467	4.99203	5.134026	5.374666	5.24925	4.980178	4.674694	4.672651	5.098924	4.739013
5.276259	5.550319	4.795822	4.880459	4.183032	4.373595	4.614538	4.352504	5.715832	4.993021
4.577529	5.130811	5.408134	4.9947	6.000086	5.023001	5.142207	4.214862	4.994003	5.739016
4.127237	4.741146	5.31072	4.786277	5.413944	4.550152	4.665891	4.940968	4.696059	4.536116
5.149164	4.7537	4.918052	4.990775	4.452622	4.903556	4.310195	4.706909	4.828318	4.698162
6.011144	5.616939	3.950835	4.23708	4.926327	4.19914	4.529648	5.189816	5.416776	4.809733
4.664908	4.545338	4.550652	5.121258	4.780663	5.826609	4.417912	5.056643	4.890174	4.846681
5.573584	5.680142	4.637237	5.420584	5.256437	5.876318	4.424796	4.622272	5.967362	4.77749
5.340277	5.125216	4.638194	4.38489	4.489992	4.402062	5.337587	5.616025	4.814931	4.607713
