4.1623	5.299079	4.663831	5.373203	4.46633	4.052807	5.074246	4.282089	5.873924	4.003024
4.760732	6.13973	5.422285	4.146903	4.50453	5.937713	4.338616	5.33897	4.921707	5.638842
4.044368	4.286851	5.047532	4.360199	5.251735	3.799387	4.923327	4.454975	4.525444	4.330091
5.639304	4.542437	5.5719	5.23474	5.189013	5.196228	4.864673	5.599429	4.632945	5.087478
5.397476	5.288058	4.25197	5.301403	5.579966	5.309257	5.078309	4.858714	5.612884	5.014885
4.603468	4.778623	5.395426	4.693254	4.26202	4.082736	4.606548	5.165467	4.367932	5.53309
5.181009	5.527811	5.858459	5.036347	3.837512	5.161447	4.481394	5.378712	4.130619	4.690375
4.711226	5.880696	5.089059	4.359978	4.043468	4.573163	5.016233	5.986954	4.94997	5.275855
4.970241	5.067392	4.816336	5.218203	4.741127	5.627203	5.539174	5.521211	4.40994	4.992653
4.650505	4.293665	4.86373	4.861259	4.361125	4.602262	4.845293	4.494167	4.867649	4.863703
5.042693	4.614744	5.74322	5.772065	4.749868	4.497056	4.853741	5.051059	5.050708	5.143394
4.883284	5.631085	5.522313	4.974109	5.036708	4.198952	4.785797	4.658178	4.467143	5.548037
4.680487	4.689419	5.047187	5.044716	5.043894	4.820618	5.235399	5.057229	5.051106	4.787048
4.639223	4.915771	5.03712	4.324064	4.914831	4.743925	5.485789	5.145728	5.444908	5.235807
5.525648	4.894932	5.08356	5.355742	4.949296	4.821833	5.260476	4.346985	5.194459	6.176996
4.882249	5.762319	3.804399	4.83294	5.022856	5.341734	4.685455	6.323162	4.955841	4.742703
5.345899	4.365807	4.570121	4.769891	5.567935	4.12322	5.215133	5.389424	4.74925	5.021142
4.64581	5.112485	5.451247	5.085073	5.086082	4.66616	4.274133	4.242002	4.527776	4.001314
5.8372	4.297978	4.653615	5.341658	5.64183	4.909312	4.577353	5.809436	4.040065	4.81629
4.86015	4.109486	4.186085	5.367589	4.867754	4.7021	5.851463	4.701504	5.599807	4.958628
4.769229	4.936227	5.026709	5.136605	5.474357	5.062726	5.669848	5.102557	5.458816	4.840541
4.86101	4.737158	5.558177	4.82953	5.868596	5.678545	5.246802	4.369138	4.084584	4.817816
6.754486	4.746866	4.360108	4.708858	4.754571	5.355053	5.217707	4.737323	5.260965	5.634581
5.005156	4.022376	4.923963	4.770993	5.77966	4.392914	4.960146	5.095135	5.225919	4.797213
4.931515	4.158824	4.323905	5.659988	5.730248	4.730968	5.481717	5.645234	5.129916	6.11304
5.750784	5.218118	4.629959	5.18304	5.89796	4.484083	5.227663	4.986707	4.485339	5.544449
5.126103	5.290236	4.735871	5.071239	5.034554	4.400158	4.959288	5.643527	4.861228	5.829918
5.266967	5.587346	5.054267	5.051796	4.345452	4.281405	5.744267	5.92167	5.058186	5.084808
5.356361	6.153128	4.471064	4.376517	5.222267	5.18183	4.752032	4.54544	4.959612	5.917819
4.297192	4.994009	5.591432	5.01884	5.517697	4.528528	5.219751	5.390942	5.028321	4.734779
4.378467	4.757036	4.576978	5.426125	5.125144	5.58273	3.867213	5.904349	5.419978	5.332191
4.797023	5.15013	4.544815	5.48474	5.402132	5.538287	4.954063	4.773629	5.461444	6.879852
6.031531	4.775844	4.967652	4.338954	4.221451	4.328129	5.44289	5.243833	5.077382	5.190805
5.103807	4.195388	5.061129	5.058658	5.780752	4.92211	5.047294	5.131929	5.065048	4.562438
5.694366	5.079167	5.063689	5.061217	4.67906	5.512062	5.396727	4.965786	5.067607	5.213694
4.735898	5.238027	4.505174	4.616782	4.361567	5.315962	3.372916	4.778018	4.523824	6.307252
4.997113	4.333555	4.528247	4.236772	5.48463	5.38708	4.76181	5.4773	5.288861	4.724902
6.043858	4.698441	4.935088	4.932617	5.439839	4.661957	4.725567	4.240991	4.939007	3.915857
4.563054	5.42219	5.158374	5.265573	4.961175	5.796172	5.015477	5.08373	5.199917	6.26868
4.566636	4.870832	5.609435	4.934327	5.202068	4.743357	6.115552	5.104841	5.303494	4.472139
5.540901	4.869958	4.439388	4.536492	4.547906	5.200997	5.243365	5.931635	5.392508	5.820589
4.448077	6.028829	5.16263	5.569481	4.783612	5.270086	5.941959	5.054455	5.048871	4.69328
4.761751	5.282342	4.740666	4.545977	5.557043	4.138972	5.255548	3.89646	5.521715	4.909848
5.402608	5.269124	4.288678	4.888313	5.295462	5.246036	4.723759	4.922723	4.441514	5.687333
4.266175	4.190421	5.491323	5.394183	4.490209	4.105041	4.221487	4.688522	5.874146	5.745859
5.005719	5.203166	4.349817	4.513442	5.55	5.399631	3.724463	4.857449	4.609547	5.590988
3.898305	4.64087	6.461685	4.324219	4.253137	5.04253	4.989023	4.534037	5.025037	4.69219
5.021209	4.053189	4.616137	5.855726	5.3196	4.970939	4.543297	5.10622	4.513062	5.663206
5.415742	6.602225	4.967221	4.964749	5.328631	4.609317	5.22698	4.782531	4.971139	4.693581
5.020358	4.867263	5.99858	5.07126	5.408113	5.117716	5.475154	4.987535	4.960035	5.56871
5.006166	5.211495	5.192355	5.02325	5.116308	4.735723	5.34456	5.505747	6.293423	5.665776
5.278393	4.946369	4.600244	4.655626	6.074442	5.890267	5.195138	4.532515	5.159026	4.761237
4.148972	3.671003	4.926231	5.414649	4.925131	4.547194	5.490438	4.869496	4.54089	3.848991
4.383883	5.910461	5.356996	5.130689	5.118982	5.348542	5.190754	4.868148	5.133122	4.638133
5.313523	4.854279	5.04011	5.037638	5.216442	6.042353	5.492828	5.268765	5.044028	4.425331
4.381139	4.994235	4.218889	5.340818	5.013607	4.204021	4.889563	5.413011	6.171437	5.229012
5.295701	5.838779	5.729968	5.205898	5.350976	5.52751	4.158899	4.895585	5.126657	4.863409
5.491593	5.571416	5.041094	5.038622	5.945551	5.545512	4.599381	5.525023	5.045012	5.619929
4.314858	5.61104	5.052713	4.663674	4.798811	5.67344	5.634508	4.525368	5.467868	5.54299
4.742883	4.854723	5.552984	4.654687	4.886149	4.873654	5.713641	4.524163	5.12073	5.300666
5.453082	5.207367	5.673235	5.047068	4.656737	5.203619	4.773562	5.227362	5.325618	5.813179
4.574974	5.745894	4.426093	5.56445	6.341431	4.67177	4.8241	4.399373	4.887758	4.740356
4.105068	4.696034	4.484418	4.197978	5.547194	5.080143	4.27111	4.15272	5.571887	5.308889
6.11948	5.211977	6.068943	5.687441	5.605833	3.940232	4.769488	4.851489	5.66835	5.341459
4.789778	5.26755	5.119585	5.117113	4.892384	4.536921	5.240415	5.63332	5.123503	4.694091
5.125998	4.972356	5.958818	4.487717	5.078475	5.54942	4.236695	4.634254	3.606181	5.081713
4.593404	4.438168	3.455565	5.022195	3.648242	4.253799	5.368033	6.125451	4.523437	4.926124
5.091706	5.327131	5.02492	3.972466	4.787809	4.309483	5.165261	5.327749	4.640992	5.498615
4.931365	4.905554	6.06943	4.592902	5.528896	4.238326	5.245739	6.345801	5.467795	5.212597
4.594642	4.645216	5.531402	5.199481	4.913492	4.875968	4.459713	4.343207	4.74117	4.109137
4.884887	5.04492	4.140013	5.366943	3.786745	5.365213	5.328006	4.878925	5.781101	4.912988
4.687726	5.083166	5.1437	5.546036	5.42943	5.14869	5.538671	4.878113	4.354916	4.404635
5.914011	5.126456	4.896431	4.830286	5.699252	5.015697	5.39927	4.296309	5.725073	4.394913
5.246976	5.050865	4.768613	4.767149	4.975819	5.552059	4.723545	4.753263	4.387992	5.020436
3.966078	4.532154	5.308679	5.216269	4.165453	5.722333	4.187338	5.257293	5.352228	4.88187
4.63511	5.316782	5.061244	5.058772	3.618834	5.655043	4.969085	5.180468	5.065162	5.070222
5.325549	5.088212	4.959764	4.957293	4.908608	4.809821	5.217273	5.408897	4.963683	3.240191
5.049277	3.524084	5.371834	5.064189	5.967549	5.60603	5.218035	4.61974	4.926034	4.085505
4.704607	5.339194	6.254606	4.83484	5.537002	4.701108	5.07387	5.001732	4.995515	6.007526
4.826245	4.232762	4.630757	3.820911	4.533236	4.633987	6.091045	5.815596	4.758115	5.842416
4.768394	5.480853	5.12167	4.3339	5.06435	4.898971	5.307955	5.845355	4.857932	4.456034
5.881563	5.33616	4.088684	5.065512	4.768905	4.657938	5.075317	4.321306	4.724827	4.780146
5.400393	4.080012	5.456686	5.226249	4.311903	5.324543	5.039389	4.811653	5.720953	5.754356
5.523776	5.291781	4.780247	5.194706	4.989021	4.969655	3.989876	4.884403	5.173452	4.903341
4.789549	4.820831	4.489336	5.273224	6.172748	5.123368	4.79719	4.562227	5.022621	6.012598
5.388627	4.589621	4.300942	6.301273	5.292237	4.769558	5.346135	5.667176	5.136183	5.707127
5.017116	5.916916	4.2107	3.86322	4.893186	4.93627	4.952464	5.433772	4.745948	4.642684
5.735587	5.102465	5.250067	5.706532	5.11934	5.386025	4.841264	4.671349	5.571568	5.977116
5.826969	4.636101	4.516743	4.262474	4.86703	4.509674	4.93615	5.190158	4.555205	5.112087
4.010074	4.979051	4.762788	5.575844	4.22146	5.441238	4.896925	5.800751	4.953569	5.697888
3.996268	5.303433	5.745257	5.179359	5.333987	4.553547	5.316479	5.268771	4.186905	4.800965
5.400556	4.829188	5.070005	5.067534	4.255077	4.807641	4.955308	4.779686	5.073924	5.190809
5.144172	6.13264	4.778423	4.766447	4.300117	4.48309	4.513103	5.03699	4.871939	5.537371
4.264005	5.734167	5.587151	4.547331	3.95708	5.611694	4.592335	5.616286	6.248136	5.049853
4.760529	5.479794	4.634067	3.504082	5.32995	5.107787	4.591183	4.690991	5.380205	5.67445
5.317614	4.772428	4.70117	4.365169	5.7631	5.14727	5.233918	5.175324	4.905993	4.500112
4.717108	4.637288	4.99257	4.990099	4.992532	5.864068	4.782689	4.146318	4.996489	4.034642
4.033143	5.226071	4.217994	4.15945	4.587081	5.461287	4.18959	4.964262	5.911745	5.029603
5.308236	4.663699	4.906085	5.22422	4.455164	4.817242	4.902371	5.747325	5.557228	4.09324
4.041545	5.221534	4.369664	5.030237	5.252775	4.287163	4.978138	6.033048	5.277182	4.680235
4.755494	6.429854	5.011498	5.009027	5.764167	5.876993	4.526995	5.341703	5.015417	5.400784
5.621811	5.112411	5.416475	4.592931	5.362535	5.493798	5.105262	4.588504	3.741624	4.878484
5.28943	4.954004	4.759151	4.734878	3.801023	6.172816	5.216887	4.4135	5.721377	4.44069
5.009565	4.643373	4.987815	4.342184	4.76348	5.706631	5.007171	5.134167	6.241343	5.069009
5.378549	6.017143	5.455693	4.599441	5.217037	5.926017	5.725245	6.561938	5.179194	5.244646
4.680999	4.208086	5.179062	4.483747	5.225356	5.181817	4.530567	5.678217	5.545609	5.591087
5.495748	5.113266	4.671389	5.048856	5.248702	5.146851	5.321711	5.227177	4.690149	5.437724
5.445236	4.356785	4.946686	5.629266	5.202835	5.34007	5.306247	4.30298	4.31875	4.658915
5.792781	5.4919	5.090257	4.914749	4.698308	4.931634	4.661694	4.719546	4.921166	4.664914
4.245088	4.049925	5.668455	5.647282	5.240972	5.233609	4.661294	5.946749	4.377753	5.035797
5.481533	4.837446	5.744232	5.004087	5.497081	6.306311	4.520279	4.05998	4.218458	4.610077
4.931777	5.014996	5.23397	4.707881	4.696552	4.45994	5.119058	5.74545	6.106807	5.098881
5.317425	4.089682	4.856648	5.152856	4.38228	4.529285	4.694834	4.892277	4.689398	5.279117
5.097025	3.991727	4.790909	4.541812	4.571677	4.755695	4.279645	5.037919	3.987937	5.06911
5.848081	5.543123	6.023782	5.319446	5.234273	4.475111	5.713315	4.621572	4.457791	5.403315
4.896035	4.743606	4.678242	5.383187	3.270051	5.634837	4.020425	4.760876	5.318155	4.983051
5.49349	6.24113	4.745472	4.743001	5.879512	5.626125	4.226126	4.719917	4.749391	4.181383
5.368155	5.470164	4.53686	4.66875	5.83954	5.159344	5.040554	4.291797	4.003541	4.464154
4.351618	4.91966	4.896678	4.894207	5.741767	5.22969	5.250409	4.410194	4.900597	5.516522
5.294444	5.072284	4.987987	4.985515	5.146452	4.407626	4.849807	4.688188	4.991905	5.687523
4.923498	4.615961	4.679728	5.643378	4.982467	5.044322	4.949168	5.32309	5.371023	4.44821
5.245787	5.006265	5.958295	5.654759	6.13428	3.881876	4.806558	5.07103	4.892362	4.596358
5.5729	5.072798	5.22925	5.014675	5.008821	5.431859	4.62896	5.249605	4.624666	5.118878
4.448349	5.054841	5.46445	4.059609	5.451037	4.807902	5.413311	5.838951	5.226367	4.951927
4.94368	5.635195	4.456036	5.011693	5.755315	4.947297	4.60534	5.296113	5.076548	4.698621
5.995273	5.060173	4.931477	4.929005	4.878382	5.036557	5.191565	4.37766	4.935395	4.763773
4.353897	4.356218	4.906466	4.48781	5.662928	4.820364	4.73741	5.538116	4.841465	4.410949
4.980663	4.675883	4.612867	5.134801	5.223525	5.470793	5.999149	4.833711	5.2425	4.924207
5.518195	5.186819	5.798956	5.270236	4.019331	4.780931	5.709796	4.512488	4.580217	4.885735
4.280265	5.45029	4.418719	5.389189	6.761528	4.860815	5.035855	5.069007	5.155129	4.578407
5.528277	3.484084	5.043841	5.041369	4.476743	5.518486	5.562529	5.138614	5.04776	4.68676
4.314008	4.984404	5.673058	5.376573	3.958868	6.136735	4.248914	3.596318	6.386287	4.652624
5.697694	4.81699	5.001306	4.998834	4.159824	5.662757	4.328223	5.272372	5.005224	4.047523
5.845858	4.694159	4.821283	4.950476	5.451563	6.247425	4.954608	5.745753	5.503213	4.915462
4.141848	4.625868	4.962542	4.960071	4.261078	4.527498	4.706186	4.562104	4.966461	5.070611
5.82801	4.958941	4.690152	5.684015	4.095792	5.651095	4.287335	5.39438	5.070176	4.939748
4.957932	5.329141	4.730725	4.451192	5.408361	5.108767	4.3105	5.025947	5.601847	4.418507
5.419673	4.690355	5.618439	4.771375	4.388211	4.92675	5.413259	5.414868	4.441152	4.653445
3.991062	4.999665	4.80309	4.85379	4.842417	5.844775	4.419027	4.934337	4.77243	5.52357
5.52759	5.21721	4.999741	4.997269	5.041882	5.013395	5.188099	4.84886	5.003659	4.724868
4.402072	5.604819	5.548619	4.394241	4.995631	4.787053	6.182965	5.188619	3.5643	4.42868
4.318083	4.589918	4.600621	5.489515	5.156879	4.762332	4.917278	5.352692	4.771233	4.140107
6.409111	5.812584	5.000597	4.622395	5.296141	5.277734	5.368943	5.947863	4.501107	5.019299
5.896314	5.139686	5.59223	5.212032	5.870187	3.593916	5.327864	5.134691	4.680537	5.443842
4.116548	3.911503	4.572134	4.756894	5.712723	4.172534	5.503395	5.041571	5.569674	6.061465
5.150856	4.095886	5.535066	5.632163	5.391535	5.524434	4.98695	4.087268	3.975494	4.89959
4.663706	5.73619	5.816136	5.049706	5.365601	5.517851	5.236	4.408121	5.630777	4.969245
4.448095	4.718607	4.436973	5.22251	5.152143	4.606263	5.510274	5.061235	4.448911	4.807475
5.035163	4.712653	4.458357	4.562104	5.226207	5.107548	4.957551	5.099482	4.300462	4.877446
4.859405	5.302476	5.036407	4.371686	5.102678	5.302321	4.182931	5.209233	5.328046	5.316757
5.439451	4.673135	4.362372	5.152976	4.710404	3.939792	4.657102	4.993808	4.045191	5.408203
5.163514	5.703611	6.113486	4.715255	5.603335	4.747863	5.351018	4.83509	5.512863	4.898939
5.039945	5.881216	5.892592	5.86605	4.070978	4.79967	4.287332	4.690974	5.32515	4.799008
5.112399	4.786917	5.017288	5.082167	5.10172	5.30394	4.144708	5.078189	5.766761	4.712123
5.000975	4.581505	5.840692	4.691942	5.160156	5.686443	5.297391	5.345956	4.782503	4.567465
5.65488	5.144048	5.045116	5.042645	5.521453	4.696251	4.218279	5.25502	5.049035	5.619481
4.919407	4.920719	4.947783	5.323248	6.102375	5.12747	4.30538	4.594778	6.421719	5.566359
4.793432	4.080128	5.452947	4.99332	3.921456	5.059613	5.0053	4.911677	4.77043	5.301075
5.976763	5.347674	5.061517	4.768216	5.467873	4.185176	5.050235	4.395825	5.218046	4.50868
5.008047	5.33289	4.54058	5.608706	4.989029	4.676716	5.130294	5.451974	4.505027	5.867396
5.299953	5.48875	4.521492	3.806343	6.11152	5.720539	5.112226	5.644628	4.788378	5.107489
5.117517	4.20089	4.773187	3.896281	4.773487	4.863223	4.681053	5.785345	5.879268	5.594322
5.486748	4.735983	4.782054	4.779583	4.892981	5.108867	6.652579	6.198638	4.785973	4.609031
5.001092	4.428686	5.467387	5.300683	5.590638	4.808537	5.7555	4.88506	4.886964	4.849689
4.808317	5.528549	4.220926	5.016659	4.851266	6.016978	4.964079	4.781073	4.953467	4.185448
5.075877	4.111235	4.973693	4.971222	5.111696	5.369845	4.957114	4.938025	4.977612	3.551351
5.693747	5.102872	4.272837	4.554438	4.370584	5.017032	5.364266	5.022825	5.488542	5.233471
4.968934	5.396802	5.040299	4.613538	4.667588	5.696618	4.805515	4.438263	5.22596	4.029948
5.292962	4.989466	5.586936	4.876823	4.543577	5.393014	5.642695	5.074004	4.816224	4.965223
4.999907	4.279926	5.002014	4.999542	5.105212	4.530167	5.248448	4.265714	5.005932	3.874945
5.158534	4.525598	4.948371	4.272814	5.550645	3.930192	5.308316	4.452152	5.132345	4.455093
4.951885	5.30155	5.560684	3.921276	4.731808	5.152734	4.764025	5.317783	5.96696	5.154058
4.845104	5.611112	4.620207	4.943238	4.374286	5.602317	4.410337	4.840103	6.145075	5.465954
3.954042	4.184413	4.98556	4.983089	6.039164	4.211136	4.68299	4.933204	4.989479	5.260874
4.629283	5.294426	5.179349	4.712038	4.959263	4.668733	5.063202	5.236145	5.131142	3.834274
4.481642	5.392266	5.622576	4.716111	5.365515	5.469159	4.929367	5.279005	4.661379	5.207115
5.141259	4.231939	5.759606	5.865625	5.082189	5.032681	5.414124	6.015201	4.420379	4.958582
4.822723	4.206244	5.419841	4.791847	4.560266	6.666147	4.243459	4.713605	4.881517	4.243755
4.701829	5.433262	4.961462	5.057458	4.335965	5.61915	4.25512	4.356013	4.983159	5.672699
5.196025	4.487358	5.039847	5.355421	4.944757	5.856833	6.117906	6.14049	5.499629	3.876242
5.312976	4.726058	6.403406	5.20367	4.358745	4.724308	4.259994	4.568367	5.230788	5.382081
5.161353	5.646799	3.584836	5.252008	4.495626	5.18765	4.065621	4.56606	4.858303	5.172549
4.37885	4.828871	5.362997	6.012557	5.204972	5.0582	4.735069	4.505225	4.90796	5.883784
5.507705	4.809012	5.215732	5.642756	4.74688	5.155262	4.830076	5.30333	4.841146	5.159529
5.242512	5.330707	4.656747	5.57069	4.472855	6.241002	4.7028	4.489762	4.452399	4.965499
5.098108	4.253467	5.175378	5.131261	5.21823	4.087416	4.781635	4.561704	5.542143	4.051556
5.069683	4.970455	5.480956	4.91366	4.608475	5.162885	4.833133	4.847074	6.041095	4.699157
5.427959	4.607743	4.080813	5.257889	5.169425	5.436609	4.382758	5.348965	4.892199	5.599813
4.920682	4.514125	4.93731	4.934839	4.339085	5.131424	5.432983	4.973838	4.941229	5.931463
4.748627	5.226718	3.659055	5.113894	5.225244	4.93707	4.692549	5.589268	4.737357	3.75597
4.758987	5.356873	5.014802	4.487377	5.049741	4.764282	4.600173	4.951895	5.454197	4.782375
3.600447	4.835697	4.946958	4.944486	5.480391	5.783004	5.116642	5.901881	4.950876	5.494113
6.075247	5.25148	5.324603	5.656602	5.098525	4.888845	4.899866	4.417521	4.352918	3.786148
4.663326	6.490534	5.578236	5.850471	6.523201	4.126496	4.840106	4.732071	4.521498	4.925673
4.800305	4.067514	4.63741	4.603713	5.254166	4.733305	5.126386	5.141899	5.655507	5.054824
5.474346	4.832917	4.551348	4.325148	5.213633	5.18042	5.122211	4.793446	4.092723	5.899677
4.210495	4.112402	4.885535	4.60529	5.989379	3.624287	4.611355	5.164983	4.958188	5.173136
4.501775	4.902594	5.079751	3.887602	5.287167	5.014891	4.186192	4.944811	5.346773	5.500529
4.683514	4.770011	4.735821	4.848906	4.772004	4.865319	4.091753	4.7554	5.479414	5.236981
5.116992	4.957335	4.89922	5.315475	5.661798	4.55971	4.767751	5.641963	5.57471	4.739013
