5.839575	4.857454	5.361695	5.437774	4.865291	4.936234	4.39394	4.836987	4.943322	5.582086
4.987526	5.048762	5.133661	4.319954	4.736126	5.989374	4.399646	5.53167	5.195328	5.157726
5.341816	4.77808	5.089567	4.756832	4.059245	4.808702	5.223585	5.578133	6.15797	4.674055
5.391079	5.63627	5.798969	4.840709	5.147384	5.375704	4.204044	4.738147	4.272906	4.803701
4.227178	4.838999	4.4647	4.486597	4.068913	3.730662	5.013616	4.865431	5.541198	5.792682
5.037815	4.892571	5.366793	5.010235	5.261021	4.952949	5.752954	4.310222	5.23199	4.848803
4.618921	4.676559	5.382485	4.20807	4.866241	4.769106	5.6234	5.938167	5.763263	5.316991
5.033398	5.146339	4.167537	5.155875	5.936836	5.146861	5.374122	4.23026	5.812383	4.753955
5.090892	5.075542	4.975911	4.905394	5.121219	4.970778	4.294545	5.040063	3.887642	5.84446
5.658099	6.027678	5.241384	5.021086	5.773685	4.596815	4.717099	5.638078	4.3328	5.890037
5.061484	5.046134	5.505922	4.697373	5.786129	4.141464	5.242658	5.010654	4.850922	5.546397
5.109053	6.518764	4.458889	4.490716	5.233812	5.488568	5.41626	4.327939	4.415596	4.551287
4.900085	4.629888	5.811288	6.062974	4.785026	4.897798	4.373633	4.125848	4.250829	3.692199
5.206968	4.858193	4.686945	5.610368	5.511134	4.25069	6.214564	6.593318	6.437252	5.585833
5.485672	4.377075	4.561169	4.654493	5.318755	5.035906	5.068663	5.557958	4.198127	4.628421
5.122149	5.1068	4.120779	5.155899	4.99505	4.799253	5.703806	5.07132	5.054861	4.248718
4.828897	4.800426	4.680351	4.671424	4.543769	5.168099	4.463879	5.432249	5.564897	5.295787
5.359443	3.75197	4.610527	5.283307	5.290345	5.29062	5.196413	5.150263	5.075502	4.931305
5.116153	5.100803	5.367579	4.732325	5.346647	4.888253	5.121517	5.065323	4.347095	4.730908
5.018869	5.267297	5.3633	4.669961	4.75367	4.882814	5.274758	5.37468	3.995094	4.444778
5.42324	4.891686	5.072265	5.113576	5.758471	5.178979	4.855346	4.704648	6.225363	5.683184
4.677701	5.618555	3.937598	5.902641	5.144148	4.195255	4.735623	5.42934	4.814448	5.586268
4.94123	5.385628	5.105451	5.092969	5.10876	4.454632	5.055326	5.483288	6.478801	4.714437
5.04973	5.31954	4.926179	4.2783	4.004151	5.312067	5.605212	5.311662	3.9421	5.02005
5.667828	5.385561	4.613382	5.059271	5.28867	4.270847	5.249279	4.502493	5.108324	4.372288
5.014298	4.998949	5.228899	5.227237	4.190102	4.878747	5.738236	4.963469	5.01717	4.506429
5.22756	5.273383	5.053928	4.106	4.971336	4.665167	3.890146	5.680755	5.0921	5.648634
5.172291	4.227243	5.043226	4.985723	4.849317	5.267141	4.533259	4.997919	4.797006	4.54414
5.030207	5.014857	4.990865	4.118845	5.125353	3.609877	4.851866	4.979377	4.784569	5.173296
5.338326	5.539125	5.537889	5.597729	5.920718	5.006365	4.924091	4.647223	4.750962	5.413383
5.144406	4.282336	3.97981	5.769069	5.139494	4.278905	5.367336	5.573769	5.178982	5.093804
5.302458	5.709926	4.499591	5.390871	5.438206	4.758943	4.837688	5.506662	4.669775	5.255906
5.056989	4.633245	6.170177	5.485211	4.515026	4.933436	4.943636	4.587131	6.085567	4.234668
5.090647	5.00532	3.837992	4.554921	5.421956	4.290511	5.275258	4.822057	4.641373	4.418473
4.478339	5.785614	5.028821	4.331253	5.352335	4.623542	5.645136	4.773082	4.980618	5.514816
5.014211	4.998861	5.40358	4.966681	4.994689	5.66579	4.671825	4.963382	5.074102	5.859925
5.627845	5.093508	5.216414	5.306149	4.899275	4.566641	5.37264	3.946569	3.918958	5.726573
5.674087	4.963072	3.933478	5.165742	3.95461	5.468505	4.851057	5.170115	4.244143	4.984523
5.045655	5.030305	4.81264	5.667061	5.236475	4.892764	4.809946	4.994825	4.484361	5.314506
5.119146	5.078687	5.101584	4.738474	3.676839	4.563404	5.692307	5.777764	5.076287	4.593739
4.610753	5.042529	5.850101	5.11874	3.632574	4.535621	4.693335	5.010764	5.577288	4.807422
4.997092	4.981742	4.16008	4.243761	5.767411	5.999752	5.326726	4.946262	5.63928	5.242413
5.274017	5.871503	5.433165	4.652738	6.07781	4.889771	4.882663	5.827736	4.67882	5.16409
5.247591	4.83924	5.495182	5.098196	4.496383	5.858047	6.567812	5.338656	4.882152	5.343268
4.920978	4.685375	4.778561	4.94076	5.081136	4.821766	5.317594	5.400444	4.612352	4.874074
5.421337	4.790715	5.239265	5.404305	5.718059	4.640389	5.309878	5.526759	5.11909	5.05997
6.047152	5.396505	4.240793	6.078296	4.588002	3.937256	5.504714	5.580142	5.022936	4.945139
5.158123	5.142773	5.296339	4.611184	5.136322	5.568591	5.88062	5.107293	4.476261	5.59934
5.017605	5.491453	4.904168	5.329188	5.031934	5.667859	4.639054	5.055193	4.195231	6.096259
4.604592	4.991626	5.740067	4.690294	5.305599	5.45782	5.118067	5.247324	4.07088	5.200893
4.855271	3.183531	5.233788	4.741418	4.787131	5.234113	4.459395	4.857347	4.0067	5.295663
4.344238	4.900786	3.507539	4.110985	4.775169	3.794255	4.386228	4.550944	4.702003	5.196832
4.388806	4.402835	4.658918	4.878094	4.51205	5.146106	5.459279	5.109607	5.132389	4.171297
5.099072	4.774713	3.964206	6.755481	5.177559	5.766716	4.621238	5.138865	4.264849	4.590637
4.449049	5.539188	5.736567	5.352895	4.936359	4.611827	4.161964	4.739866	4.681667	4.012113
5.335346	5.730057	5.457075	5.381658	4.569875	5.210162	4.404633	5.514687	4.676428	5.475711
5.02531	5.00996	4.88206	4.336884	4.577846	5.439366	3.415834	4.97448	5.296829	4.601577
4.858073	4.320487	4.395504	5.364267	4.961045	4.164406	5.013604	4.047734	4.561523	4.387607
5.311412	5.964402	5.244648	5.640676	4.90757	4.49794	3.961825	5.620901	4.795043	4.899426
5.212863	3.964024	5.334736	5.43959	4.735413	5.14038	4.313334	5.791802	3.949375	5.140408
5.584428	4.914596	5.46558	5.577539	4.614053	5.219259	4.121034	5.551384	4.76627	3.704241
5.046476	5.031126	5.797163	5.621076	5.86979	4.6804	4.568786	4.995647	5.122703	5.606042
4.925969	4.910619	5.229216	5.145604	3.276445	4.189691	5.13914	4.87514	5.107615	5.368913
5.705384	4.859071	5.727984	5.336246	5.230214	4.249825	6.237117	5.995408	5.818996	5.070706
4.549124	4.528761	4.873488	4.280243	4.414213	5.820336	5.442889	4.719049	5.548357	6.260713
4.91346	4.378738	4.869461	5.302047	5.093964	4.212533	5.10057	5.372741	3.541492	5.621911
5.129754	5.040798	5.030144	5.153924	4.905121	4.557176	4.037426	5.185535	5.205108	4.797518
5.566491	4.127581	4.220684	6.233646	4.259548	4.270962	3.869962	5.640676	3.010835	5.040892
4.853452	4.571418	5.126031	5.537113	5.84665	3.870659	5.137845	4.956262	4.655848	4.147274
5.108834	5.093484	4.529097	4.228021	5.176923	4.27708	4.434425	5.058004	5.407998	3.76836
5.083756	4.925591	4.39324	5.353559	6.038777	4.328838	5.00387	5.236378	5.9784	4.925546
4.951938	4.936588	5.142196	5.169044	4.944355	5.735658	5.026868	4.901109	5.093623	5.067214
5.210313	4.914715	4.608859	5.144068	5.613987	4.795563	4.070049	5.027526	4.830759	5.137326
4.475163	5.054894	4.845866	5.122945	4.936312	5.484601	4.162642	4.976531	4.945794	4.926464
6.509567	5.078644	4.950824	4.653133	5.18497	5.494355	4.572653	4.417976	5.026034	5.147516
5.462028	4.701494	5.987708	5.675035	5.414387	4.030508	5.102575	5.119341	4.479104	5.497777
5.57762	5.124397	4.597659	3.807616	4.839213	4.813931	5.414772	5.46597	4.679044	3.262578
4.967354	4.999774	4.883876	4.747183	3.981011	3.951809	4.503388	5.411725	4.634659	5.056852
5.864794	5.177154	3.634554	4.689096	4.566631	4.344765	5.172356	5.548678	4.387731	4.60983
5.727198	4.372104	5.250272	5.379657	3.853039	5.082393	4.198949	6.349813	4.999498	4.648046
4.953104	4.822423	4.596501	5.70842	5.139231	5.429516	5.368975	4.808383	4.004091	5.15846
4.375626	6.0268	5.141514	4.287149	4.787669	4.384596	4.82189	6.696652	5.865984	5.165535
4.592259	5.371161	5.065547	5.410975	5.926664	4.728138	4.955441	4.259074	5.235797	5.149079
5.358776	5.433592	3.997365	3.967491	4.338696	5.843834	4.477564	4.670211	4.953679	4.892427
4.913251	5.142739	4.837153	4.826098	4.881394	5.936703	5.272971	5.164298	4.230206	4.433022
4.245661	4.500936	5.467812	4.13129	5.369836	5.557247	4.722698	5.952626	4.804362	5.568561
4.254619	4.52416	4.629963	4.176059	4.334801	5.488792	5.922834	5.242557	5.030726	4.633649
4.757263	4.647829	4.913201	5.2939	4.819541	4.363153	4.965105	5.078234	5.416344	4.477243
4.332131	4.48425	4.022626	5.238674	4.709294	4.585833	4.704401	4.684006	4.905158	4.586626
5.078242	4.232094	4.986354	4.776376	4.161768	4.585971	6.070891	3.991426	5.681694	5.41017
6.010339	5.257304	4.748177	5.599036	5.418977	4.998136	5.337622	4.814341	5.300204	5.420508
5.099126	5.056464	4.511026	4.72536	5.252942	4.96997	4.867244	3.996922	5.146617	4.610254
4.820764	5.962502	5.303397	4.770258	4.514727	5.443134	6.403533	4.860176	5.344433	4.005464
4.928558	4.913208	3.693506	4.697506	5.061354	5.432035	6.127582	4.877728	5.36471	4.369263
5.593875	5.021505	4.67244	4.928163	6.045669	4.431498	4.769464	4.694168	5.686402	5.782117
5.051428	5.9527	5.130518	5.228878	4.046733	4.880028	4.833016	5.784294	4.963082	4.963165
4.462312	5.176674	5.07826	4.142662	5.168628	4.901373	5.140401	5.802864	4.451685	4.916166
4.871421	5.49433	5.258679	3.882706	5.202772	5.381092	5.956966	4.50738	5.627744	4.69325
6.218615	5.365331	4.961946	5.290932	4.550746	5.715453	5.507499	5.033176	5.196674	4.759238
4.2917	5.200703	5.002646	5.745463	5.543891	4.559235	4.247984	5.979894	3.321913	4.601171
6.232715	4.378716	4.430061	4.849945	4.050642	4.769248	4.299947	5.668128	5.340255	5.734966
5.015092	4.999742	5.790564	4.958291	5.187742	5.219983	4.743658	4.964262	5.063521	4.977447
4.623228	4.900766	4.729856	5.680335	4.847217	5.615619	4.331108	6.076762	4.959776	5.552762
4.48434	4.582386	5.248621	5.347713	5.550249	4.99439	5.411376	3.76605	4.893504	5.404607
4.512723	4.942508	4.455805	5.345455	4.447516	4.599338	4.935462	4.42111	4.035521	4.623897
5.174962	5.041629	5.169347	6.039072	4.855902	5.096716	5.876936	3.474376	4.222463	5.286418
5.107479	4.723552	4.874058	5.245019	5.70231	4.8757	4.615457	4.98802	5.621038	4.855185
5.077422	4.378137	4.536778	5.546505	5.161449	5.459229	5.499687	4.750166	4.734698	4.302014
4.803601	5.147873	4.607465	4.175637	5.149078	4.883941	4.719569	4.792498	5.19449	5.389019
4.37058	4.655481	4.658887	5.492537	4.534299	4.685573	4.8761	4.835545	4.851907	5.094518
4.815191	4.366579	5.552433	5.668061	4.774225	4.006258	5.003376	4.860301	5.187184	5.560324
6.149249	3.473395	4.951758	4.791261	4.995455	5.843006	4.834409	4.643392	4.89561	4.683427
5.011278	5.29353	4.861949	4.850798	5.304477	4.66925	4.859272	4.766806	4.870622	5.849072
4.049914	4.824686	4.673507	4.450165	5.046702	4.530943	5.424241	4.969049	5.051703	4.411664
5.638599	4.952229	4.73915	4.866249	4.660737	5.518094	4.120162	4.685055	4.977725	5.199746
4.719993	4.082776	4.603498	5.314704	5.462818	4.299483	5.40414	6.011574	5.068337	5.425054
5.451024	5.480052	4.807472	5.20708	5.375193	5.225378	5.262872	5.96002	5.055121	5.191734
4.809683	4.586762	4.61501	5.056265	4.559254	4.069219	4.980817	4.594486	4.88688	3.9058
5.37131	5.465983	4.092821	5.422063	4.237605	4.060833	6.056903	4.612265	4.342914	5.053272
4.179544	5.080135	5.679222	5.575706	4.684825	5.041059	5.095525	5.933725	5.315676	5.5551
5.390297	5.758301	5.777674	5.688125	3.931176	5.472111	4.983811	4.943827	5.312485	4.013049
5.02329	5.00794	4.542443	5.159163	5.222201	4.907767	5.065023	4.97246	5.427099	4.597962
5.192315	5.580943	6.027169	5.838757	4.471785	4.117548	4.77533	4.624256	4.943771	4.170937
5.336716	5.334904	5.498903	4.080283	5.009059	5.925478	5.633615	5.560272	5.075615	5.107724
4.984935	4.753104	5.1376	5.30879	5.074529	3.707225	5.759304	5.086794	5.598518	4.975143
5.480453	5.214713	4.903917	4.780819	5.267246	4.85719	4.9863	5.377821	5.177048	4.747789
4.379591	5.336637	4.037829	4.965646	4.708515	4.826499	5.233481	5.011274	5.389516	4.834568
4.972992	4.957643	4.71257	5.105277	4.550131	4.671709	5.400541	4.922163	5.881903	4.731442
4.736868	3.767216	4.642049	5.006711	4.675768	4.997952	4.652652	4.928063	4.1155	5.192525
4.850989	4.835639	5.86441	4.979289	4.149724	4.001253	4.898306	4.800159	5.366646	4.240012
4.626781	4.817334	4.581576	5.54922	5.083356	4.247004	4.856709	5.208233	5.963132	5.337125
5.079466	5.405108	5.135042	5.397216	4.40019	4.462373	4.271618	4.17124	4.283878	5.220155
4.144229	4.27439	5.324147	4.503644	5.872101	4.341511	4.788661	4.993184	4.612896	4.648167
4.981667	4.966317	4.956514	4.154765	4.866438	5.213653	5.54847	4.930837	4.494177	5.528106
3.987197	4.343522	5.369344	3.471216	4.701216	4.775435	5.085391	5.561238	5.619968	4.513598
5.243789	4.511882	5.238999	5.548403	4.825449	5.500629	4.660162	4.992934	5.860682	4.654746
4.610595	3.716207	4.624123	5.824393	4.850191	4.82231	4.368896	5.720903	5.632622	4.991556
4.800853	4.947343	5.871617	5.248163	5.38935	4.749164	5.488872	5.530526	4.09339	4.73731
5.630795	4.625403	5.137193	5.264379	5.039934	3.798942	4.038526	5.574087	5.49048	4.451818
5.907108	4.424916	4.824751	4.991473	5.357952	5.340961	4.53016	4.631804	3.99593	5.171956
3.921033	5.384019	4.83802	4.642601	5.025704	4.345213	4.481739	4.500423	5.193864	5.025476
5.40932	5.575521	5.496338	4.412343	6.004201	5.983968	5.782908	4.878088	5.342178	5.192866
4.578492	5.216616	5.35607	5.02027	5.952145	4.501263	4.688404	6.274597	5.763671	4.666442
5.232768	5.205144	4.624464	5.20268	5.312132	5.209686	4.388916	4.602156	3.880952	4.362875
5.048049	5.881697	5.343208	5.242329	4.304193	4.542794	4.228577	5.777273	5.514049	4.44308
4.887707	4.872357	4.832625	4.992825	5.742908	5.284628	5.734336	4.836877	4.435715	5.480944
5.130166	5.361636	5.656012	5.048161	5.292048	4.931456	4.902196	5.842404	5.497349	4.81273
4.834238	4.859178	4.513671	5.315413	5.099402	4.807734	4.908285	4.746464	4.853492	4.249527
5.055578	5.040228	5.192445	4.759476	4.33558	4.361921	4.397614	5.004748	4.981333	4.504316
4.793648	4.754319	5.648861	5.323843	5.773217	5.220741	4.820248	4.795666	4.997725	5.039743
5.084794	4.26898	5.127629	5.509534	5.306297	5.105319	5.496925	4.537709	4.747313	5.422486
5.390086	5.587174	5.354706	5.528988	4.546553	4.830266	5.271643	4.72635	5.274606	4.395631
5.52702	5.09706	4.298285	5.394469	5.088928	5.216017	4.77336	4.504796	4.895334	3.412197
4.997476	4.982126	4.699272	5.670403	4.743831	5.875978	5.141646	4.946647	5.201301	5.265998
5.466066	4.570556	4.727664	4.632771	5.387149	5.871562	5.059304	4.718554	4.820167	5.409589
4.989587	4.364405	5.239336	5.63752	5.236857	6.233174	4.204958	5.258908	6.108191	5.084439
3.870671	4.924972	5.084318	4.125545	5.374618	5.507816	4.578444	5.86923	5.654514	6.145555
5.002892	4.141098	4.631058	4.12269	4.524173	5.33483	5.286654	4.48955	4.858829	6.180614
4.460784	5.507033	5.056794	4.916091	4.938387	5.991488	4.336161	5.685292	4.794502	4.202
5.80933	5.939185	5.546136	4.698173	5.401209	5.14764	4.562637	5.351684	4.593603	4.913726
5.057431	5.042081	5.240123	5.194541	3.823756	5.164639	5.29951	5.006602	5.096128	4.913012
4.939472	4.924122	4.553176	4.731101	5.268836	4.814364	4.856775	4.888643	3.439606	5.328914
5.039175	4.363981	6.186988	4.499377	4.090228	4.388247	4.93108	4.80743	4.874643	5.095525
5.787789	4.986642	5.466914	5.639016	4.865679	5.283515	5.534682	5.984197	5.121485	4.803897
4.491028	5.481288	5.075042	3.829578	4.372333	4.167385	5.391135	4.609135	5.168404	5.265332
5.256773	4.732198	5.708646	4.023876	5.06457	3.937433	4.089032	6.416003	4.664352	4.422947
4.795636	4.571423	5.856387	5.979447	5.16286	5.012639	5.018588	4.054389	5.339651	5.892498
4.307309	5.358545	4.081821	5.196119	5.185636	5.057276	4.626191	4.126949	4.982611	5.00638
4.924677	4.909327	5.624915	4.027826	4.261446	5.864862	5.028152	4.873847	4.605261	5.31727
4.944748	4.78193	5.456922	6.268014	5.450945	4.923313	4.577033	5.140721	4.511921	4.799654
4.437606	4.973127	4.555878	4.958806	5.782168	4.975273	5.035459	5.848007	5.323215	4.63261
4.818289	5.64004	5.004104	4.353971	5.441837	4.559643	4.935166	5.753013	5.661641	5.06138
5.157555	5.411216	3.732505	5.82298	5.264035	6.178668	4.555921	6.205791	5.824988	5.038218
5.342162	4.219601	4.961433	4.530083	4.434826	5.355431	5.01004	4.617124	5.499248	5.378773
4.474419	5.393488	4.718858	5.24302	4.953228	5.634716	5.106425	4.389524	5.381717	4.654609
5.039414	5.024064	4.942713	5.28464	4.872141	4.47584	4.197314	4.988585	4.582717	5.145695
5.363222	4.941103	4.926326	5.092146	4.444329	5.677334	4.986038	4.416173	5.781521	4.549911
4.930477	4.915127	5.219792	5.4222	3.548746	5.202517	4.728382	4.879647	4.818828	5.920965
5.154863	5.579082	5.064005	5.213145	5.01944	5.32812	5.860652	6.141628	5.374086	4.739949
5.200243	6.295732	4.918144	4.458136	5.480626	4.113631	4.713801	5.251268	5.231028	4.380702
4.38978	4.581092	3.629596	6.094583	4.318602	4.999481	4.875884	5.110807	4.994903	4.684559
5.371688	5.070998	6.106073	5.672678	4.775392	5.684675	4.036431	5.174923	4.045069	5.961287
4.415486	4.733668	4.759372	4.198219	4.845081	5.449732	5.621502	4.576774	5.025534	4.803871
5.470406	5.590837	4.904197	4.468976	4.503653	5.01412	4.728411	5.297204	5.021182	4.738092
5.535401	4.868026	5.606773	5.672729	5.329418	6.558767	5.423103	5.553386	4.708748	5.550573
4.353944	3.741018	4.765913	5.359445	5.199134	5.15811	4.641331	5.550802	4.870653	4.708058
4.989335	4.596171	6.085982	6.175326	5.171928	5.169754	4.695581	5.043949	4.570148	4.781858
4.625431	4.655299	4.578156	6.50563	5.573775	5.110956	4.438055	5.241231	5.03996	5.311066
5.274745	5.168558	4.818726	5.109232	4.788206	4.535562	3.873816	5.111287	4.077731	5.174149
5.020837	5.005487	5.206067	4.542361	5.366645	4.351308	4.483429	4.970007	4.877627	4.626169
4.992132	5.792666	4.469989	5.833473	5.471976	4.345114	4.23013	4.807227	4.176124	4.151644
3.561399	4.830943	6.128051	5.390994	5.893146	4.897251	5.80443	5.021946	4.660177	4.225907
5.242144	4.725512	4.980579	5.090112	5.192585	4.945466	4.746038	4.946235	5.611671	5.379316
5.437385	5.483457	5.218377	4.813662	4.536235	5.091872	4.564002	4.419248	4.915357	4.524279
5.779947	4.828893	4.819054	4.9046	5.13041	4.777419	5.488939	4.450215	5.352635	5.018428
5.504807	5.779523	6.425823	5.413736	5.76439	4.560629	5.311553	5.465007	4.337207	4.413438
4.053831	5.454402	4.167586	4.893719	5.516285	5.634878	4.71441	5.276729	4.484183	5.203388
4.68124	4.6875	4.484312	4.896544	5.497646	5.587914	5.589525	4.336103	5.218114	3.730645
5.494904	5.764454	4.786127	4.869893	4.279493	4.259538	4.896209	4.703386	5.361499	5.328929
5.073143	4.709831	5.035083	4.869843	5.235827	5.00324	3.901575	4.423553	4.129742	4.927488
