4.862957	4.007932	4.482419	4.24411	4.687187	5.245012	4.585946	6.031248	5.412039	5.009379
4.417226	5.612245	4.715045	5.371714	4.767137	5.431641	5.233066	5.733959	4.156299	4.899798
4.73278	5.615566	4.562482	4.814638	4.940583	5.211613	5.052197	3.850909	5.205823	5.881959
4.57424	5.46443	5.701152	4.264918	4.980443	5.067266	4.97315	3.524782	4.83582	4.65207
4.832391	4.249733	5.473627	5.600763	5.315094	5.312006	6.088809	4.975848	3.835494	5.000741
5.305668	4.679971	5.368324	4.743793	4.461709	6.459737	4.969962	3.962116	4.778004	4.849848
6.765419	5.06556	5.057634	5.081244	5.557416	4.400166	5.246745	4.104118	4.178555	5.44898
4.505555	4.537262	5.355069	4.769335	5.935513	3.92169	5.132578	5.207852	4.605248	5.065183
5.156901	5.141551	5.460189	4.405757	4.587165	5.626611	5.162004	5.106071	4.653854	4.565105
4.688258	4.899698	4.992263	5.608337	4.959595	5.020408	4.413483	5.00353	6.000089	5.207775
5.127492	5.112143	4.989221	5.027759	4.652381	4.490354	5.149713	5.076663	4.965667	5.304901
5.449795	4.953681	4.885127	6.099734	5.925683	5.415445	5.041044	5.371032	4.155097	5.190174
3.903605	4.251442	5.019717	4.354063	5.453956	4.442378	4.146429	6.296191	5.470772	4.982768
5.152903	5.180456	5.633879	4.313561	5.155697	4.390454	5.244737	5.720428	4.167025	4.917779
4.70998	5.346827	5.14744	5.049416	4.597333	4.918391	4.313043	5.913229	4.558541	4.956735
5.188158	5.172808	4.836012	4.505976	4.580668	4.409826	5.073921	5.137329	5.752072	4.649284
4.447502	5.370571	4.2596	4.630459	6.03433	5.025696	3.437002	4.689113	5.633201	4.988287
5.485216	4.569468	4.093649	4.868005	5.158669	5.812031	5.006643	4.542498	4.953397	4.471836
5.182161	5.166811	4.747206	4.884059	4.523478	4.998336	3.439405	5.131332	4.887375	4.752015
6.184647	4.744661	5.056754	4.483355	5.014571	4.10459	5.417024	4.903687	5.093999	5.129975
5.110513	4.952648	4.644781	4.267038	5.865684	5.730584	3.948691	4.081088	4.943851	4.777661
5.329935	4.584233	4.82432	4.737602	5.594591	5.413713	4.538872	4.584544	5.374611	5.552854
4.369589	4.64747	4.843237	5.071463	5.136429	4.489031	5.205507	5.070783	5.659818	4.603426
4.526066	4.895239	4.768609	5.29533	4.724185	4.479589	5.244104	5.187167	5.334402	5.7409
4.813317	5.50394	4.457633	4.980104	4.751448	4.746693	4.477118	5.299806	5.434691	5.605942
5.080307	5.064957	5.291129	4.965184	4.075428	4.400866	5.474204	5.029478	5.146409	4.118803
4.703144	4.855167	6.353987	5.656446	5.24433	4.820583	4.460164	4.562904	5.333492	4.732392
5.117915	4.451201	5.134845	5.321766	4.096794	5.031508	5.583018	4.551922	4.624414	4.957572
5.096215	5.080865	4.395562	5.180021	4.396186	4.823273	6.051867	5.045386	5.4924	4.236298
5.107286	5.44199	4.976822	4.067061	5.60463	4.565371	4.983546	3.80744	5.287227	5.238682
5.240204	4.612075	5.46798	5.403092	4.90152	5.534088	4.277677	5.089837	4.494227	5.433444
4.417396	4.677794	5.064174	5.519922	4.226175	4.474642	5.091299	4.853025	4.973717	5.408251
5.352374	5.771708	4.892412	4.706391	4.728047	4.647438	4.823893	5.471243	5.507002	5.073789
5.730101	3.966945	4.991881	4.793308	5.249981	5.868365	4.227152	5.084744	5.004134	4.269214
5.120325	4.107129	4.203044	5.394259	6.144663	4.772544	5.098215	4.610411	4.403804	4.345175
5.08022	5.06487	5.119705	5.841456	4.415801	4.610973	4.931035	5.02939	5.021846	5.383849
4.371838	5.228621	5.126667	5.464289	5.527525	5.084794	4.255536	4.37487	5.784379	6.236892
3.891395	4.577563	5.35721	5.08498	4.85008	5.821814	4.448892	5.284161	5.956292	5.302167
5.111663	5.096313	5.195456	5.37099	4.795484	4.273523	4.771778	5.060834	5.059214	4.699708
5.379208	4.926648	5.661712	5.494362	5.256852	5.755787	5.424738	5.079601	5.217272	5.109014
4.225018	5.216631	5.460313	5.426551	4.841652	5.160509	4.499216	4.992793	5.844239	5.377956
5.0631	5.04775	5.106771	4.57518	4.492834	4.097249	5.32122	5.012271	5.124046	5.031157
5.155862	5.332067	4.530459	5.188314	4.57028	4.831542	4.894519	4.990035	5.024515	4.696212
5.691321	4.511126	5.090184	5.229037	4.338589	5.1433	5.42815	5.242912	4.806449	4.679303
5.563393	4.463186	4.015964	5.281981	5.082488	4.152829	4.755353	4.36902	5.345321	3.996753
4.894766	5.086726	4.76253	5.660789	4.926007	3.660131	5.274633	5.114697	4.317545	5.009125
4.940205	4.842206	5.133016	4.691625	5.012183	5.343885	5.098759	5.456184	5.694284	4.645791
5.224131	5.208781	5.597197	5.476851	4.974522	5.626518	5.928676	5.173302	5.301727	4.200144
5.011976	5.326002	4.890911	4.605477	5.133052	4.422778	5.442675	5.100472	4.905529	5.31544
4.987412	5.855175	5.503579	5.591134	4.33891	4.58789	5.011166	5.096968	5.847065	5.176171
5.019899	5.530608	4.185689	4.301443	4.66463	4.957596	4.930823	5.152864	5.977712	4.707735
5.755903	4.402575	5.127453	5.289887	4.481008	4.943337	4.167571	4.88529	5.841963	4.751975
4.911172	6.108827	4.663862	4.314342	4.572481	4.105461	4.840355	4.701965	5.547242	5.188759
4.964279	5.339465	3.779666	4.793735	4.147253	4.212397	4.710577	4.405886	5.403393	4.739478
5.243044	5.490032	5.389271	5.262089	4.951953	5.888909	3.767714	4.693184	4.562251	5.433096
3.821643	3.633079	5.290042	4.362967	4.163266	4.810421	5.345822	5.373135	5.473455	5.405475
5.091318	5.075968	4.881348	5.955427	4.826585	5.225791	4.954637	5.040489	4.85767	5.44355
6.520894	4.898853	4.068049	5.13153	5.036294	5.314798	4.737984	6.321463	5.268288	5.671708
5.415042	4.962304	5.037094	5.225352	4.752803	4.33915	4.737676	5.121959	4.159134	4.990402
5.347319	4.656146	4.657037	5.002695	4.507131	5.27232	5.00949	4.420322	4.111287	5.243352
5.047045	5.503655	3.836828	5.107591	5.959301	4.413806	6.392817	4.484065	5.125536	4.418846
5.112485	5.097135	5.405429	4.762267	4.304667	5.175929	4.82756	5.061656	5.933821	4.826058
4.991978	4.976628	5.242062	4.686969	4.262899	4.850838	4.840776	4.941148	5.806227	5.083582
5.343446	4.37007	5.124267	5.51491	5.764677	4.029495	5.161005	4.825582	5.848036	4.301543
5.15464	5.05822	5.331967	4.76943	4.92627	5.172712	4.707815	4.802422	4.042085	4.680232
5.978489	4.712777	4.660367	4.961844	5.577403	5.354219	5.118206	5.919464	4.331238	5.594659
5.677118	4.769118	5.116018	4.70751	5.615982	4.979486	5.008459	5.021714	4.886179	5.309436
5.584927	4.864669	5.32014	5.15454	4.744022	4.58389	5.849705	4.750054	5.430292	5.100616
5.649487	4.266756	5.438778	5.445578	5.641834	6.059755	4.985497	4.816542	4.333433	4.968879
5.174842	5.159492	5.088046	5.533524	5.767181	4.278665	5.421829	5.124013	5.225768	4.99522
4.466546	5.60432	5.348012	6.374666	4.810675	5.209743	4.696592	3.525162	4.672296	4.057025
5.017947	5.002597	5.146944	5.186158	5.169092	4.246144	5.123566	4.967117	5.346572	4.501991
5.190383	5.258806	5.241685	5.026467	5.055696	5.509995	5.208297	5.544936	5.541767	5.085969
5.917125	5.258723	4.278182	4.607511	5.071078	5.789257	4.775164	4.355322	5.53753	4.69295
4.519516	4.746826	5.242721	6.589424	4.591754	5.970083	4.717577	4.946143	4.514035	4.629397
4.952104	5.857622	5.060016	5.025789	5.935026	5.820827	4.56323	4.595147	6.025888	5.193714
5.452661	6.032282	6.020053	5.304193	4.60987	6.086411	4.623233	4.544774	4.322708	5.186743
4.650425	4.498453	4.348588	4.579419	4.468211	5.293665	5.807523	5.864077	5.682732	5.268595
5.383466	4.835656	4.675702	3.34481	3.849136	4.992239	3.504606	4.99788	4.747613	4.098201
5.132931	5.654112	4.723228	5.474743	4.677916	5.10131	4.510408	5.942338	5.130906	4.604643
4.669325	4.336737	5.076558	3.423362	5.425746	5.778539	4.50282	4.550167	4.984693	5.681058
6.143011	5.961407	4.285123	3.978721	5.056928	5.119252	4.956826	4.114027	4.681077	5.163289
5.060524	4.567073	5.708484	4.646449	6.031304	5.81171	5.557092	4.909666	4.342935	5.489508
4.599514	5.092862	4.722372	4.47345	4.637038	4.664906	4.629931	4.371197	4.950105	5.83286
4.135714	4.358446	5.121459	4.800783	5.611657	5.419313	4.678747	5.347151	4.426203	5.37923
4.570006	4.832679	5.619042	5.248974	4.968938	5.706597	5.413651	5.2184	4.549478	4.5319
5.077682	5.398974	5.950557	6.06421	4.311442	5.919007	4.856546	5.734211	4.118225	5.052304
5.234713	4.189934	4.763239	4.993425	5.990565	4.799859	5.640634	5.008134	4.624297	4.970407
4.871402	5.057941	5.178306	5.269868	5.586031	4.723934	4.124047	5.189849	5.702505	5.044902
5.229811	5.637804	4.901643	4.589465	4.847082	5.815498	4.873684	4.988362	5.46215	4.315809
5.003707	4.928365	3.722048	3.818655	5.63465	4.161593	5.883199	4.611737	5.284175	5.024501
4.706136	4.987431	4.825442	5.387097	4.263221	5.766466	5.391824	5.797606	5.569071	3.912694
5.902347	5.940352	4.784409	4.85112	5.421608	5.792055	5.451757	4.573931	4.87066	5.168345
4.994566	4.979217	4.92607	5.256693	5.545789	5.613884	5.179944	4.943737	5.131462	4.863236
5.186932	5.458538	4.705863	4.224039	5.566186	5.556281	5.16996	5.435214	5.094067	5.903422
4.913769	5.341254	5.936678	4.792068	5.111734	5.522999	5.916405	4.704367	4.947938	3.906176
3.753277	5.739064	5.132344	4.884749	4.844013	4.932647	5.166641	4.966764	4.747307	4.63243
4.845856	5.749441	5.051868	5.842398	5.328462	4.655723	4.736442	5.034963	5.258395	5.689878
5.055225	5.407437	4.912969	4.894218	4.598003	4.72505	4.630864	4.542298	5.00456	5.268164
4.635504	4.555321	5.833943	4.653659	3.543968	5.018958	4.963751	4.423049	4.773859	5.701044
5.606974	4.869376	5.105918	4.561565	4.472328	5.868594	4.927049	5.817916	4.868702	4.897256
5.0811	5.065751	4.693296	4.596798	4.815854	4.62927	4.910655	5.030271	5.27493	5.067896
4.753541	4.616015	5.18819	4.967394	5.835535	5.1154	5.095877	5.035332	5.173275	5.250607
5.19998	4.832247	5.264022	5.172516	5.669892	5.571367	4.886072	4.925378	5.044613	5.026175
5.044153	5.837257	3.961684	5.458124	4.734802	4.698344	4.526067	5.125911	4.88692	5.478323
4.373193	5.568819	5.030612	4.653269	4.69265	5.186875	5.243577	5.295397	5.615273	4.244988
5.385696	5.271909	4.354496	4.39512	5.101289	4.157958	4.208079	5.365631	5.8152	5.5684
4.505199	4.380888	5.163801	5.810982	4.669203	4.626766	5.552117	5.665355	5.173087	5.064182
5.013571	5.200842	5.28158	3.919872	4.677723	4.239174	4.400387	5.358018	4.334114	5.687186
6.604675	4.341105	3.841905	4.328921	4.533561	5.071902	4.260356	4.358349	5.146363	5.525194
4.537692	4.526365	4.825673	4.932154	4.050976	4.928654	5.229148	4.658222	6.246472	5.157499
4.897631	5.782881	5.310495	6.082664	5.685712	5.088627	5.351817	4.63003	5.265157	4.813634
5.04499	4.298244	4.244836	5.006524	6.038905	4.782951	4.500655	4.761836	4.565371	4.733425
5.704404	5.067177	5.783961	4.687421	5.378364	4.684445	4.674222	4.918564	4.395463	5.3328
6.223393	4.70469	5.285895	5.236758	4.06381	5.005912	5.720634	5.101575	4.929327	4.94748
4.895565	4.794303	5.308864	4.485967	6.225608	4.987154	5.415965	5.672864	5.158924	3.965683
4.470761	5.155386	4.366135	5.184774	4.893373	4.240697	5.222841	4.611608	4.309599	4.795195
4.900815	5.609515	4.440138	5.588396	5.35496	4.825128	5.470288	4.492748	5.847532	5.184503
5.60383	5.415027	5.370577	4.497581	5.476068	5.065959	4.635785	4.697855	4.206183	5.215105
5.211884	4.505497	4.993994	5.175049	4.667622	5.00404	5.410303	5.215523	5.246202	4.406944
5.271608	5.609299	5.46293	5.53863	4.8171	5.095809	5.271175	5.560034	4.55568	4.676524
5.089298	5.073948	4.004095	5.243184	4.488214	4.374733	5.324496	5.038469	5.302413	5.332696
4.972358	4.86119	5.113228	5.998322	4.848745	4.236373	4.682849	5.41407	4.921549	4.414202
4.160317	4.091394	5.711411	4.810238	6.072686	4.145997	5.459193	5.320312	4.934523	5.267949
4.550827	5.103858	4.66469	4.689054	5.486231	4.445771	5.264945	3.591309	5.430157	4.716547
4.835251	5.253792	4.952752	4.668828	5.1859	4.886202	4.425025	4.824549	4.71665	5.181451
4.801766	5.525829	5.008559	4.90436	4.90088	4.376715	6.268814	5.594997	4.77561	5.561982
5.039001	5.023651	5.052988	4.12429	5.153341	5.413037	4.346862	4.988172	5.024618	4.231664
4.359594	4.597976	5.132409	6.044175	5.282285	5.443712	5.340294	4.639344	4.888493	5.299572
4.916997	4.901648	4.690568	5.28516	5.474687	5.294667	5.675799	4.866168	5.556157	4.796442
4.730772	5.228686	5.491856	4.938581	5.061092	4.541318	5.178802	4.685407	5.269817	5.057836
5.133428	4.546648	4.473901	4.93725	5.018696	4.587608	4.526351	5.421325	4.629945	4.887088
4.924024	5.039084	5.118629	4.983319	4.342434	4.737286	4.795871	4.972361	5.762484	4.630499
5.047675	5.032325	3.896168	5.97751	4.855283	4.841125	4.575928	4.996846	4.440956	5.096023
5.246548	5.964147	5.046037	4.618077	5.019024	5.662259	6.016385	4.202156	4.294657	4.660005
4.456807	4.891907	5.01687	5.356225	5.164421	5.771143	4.910939	5.463562	6.007344	5.378449
4.718534	4.799369	5.21853	5.040705	3.662283	5.435513	4.725043	4.109181	4.106246	4.959215
5.410048	6.01201	4.955084	5.04436	4.633232	4.566519	4.905049	4.592548	4.654681	4.625911
4.496677	5.600992	6.174767	3.26436	4.93122	5.277219	5.104931	4.292827	5.114592	4.320296
4.457887	4.748912	5.54923	5.023416	4.595668	4.824991	4.602127	5.576534	5.868777	5.237412
5.461899	5.002463	4.184577	4.851157	5.176447	5.386549	5.292283	5.265661	4.76463	4.600487
5.159272	4.846984	5.649614	4.893117	5.293885	5.502537	5.045705	4.162562	5.550919	5.979334
5.03241	4.425653	4.572743	4.529026	4.396801	5.961277	4.733461	4.968265	5.983526	5.106178
3.588856	6.164948	4.789446	4.760803	4.515158	4.601033	5.455431	3.885134	5.246935	5.078259
3.873589	3.985836	4.840624	5.585473	4.182198	3.861706	4.098847	4.303461	5.94816	4.138417
4.953715	4.938365	5.504123	5.294629	4.451455	4.172975	4.305392	4.902886	4.957891	4.436192
5.304906	4.774578	4.998779	5.691279	5.826718	5.251974	5.205486	5.454855	4.371381	5.199014
5.019162	4.403531	4.5347	5.669652	4.803627	4.859388	5.647463	5.271727	4.248351	5.169035
5.121586	5.106236	4.733293	3.83326	5.112223	4.655017	5.52751	5.070757	4.115168	4.99657
4.441288	6.046075	4.947692	5.407117	4.817748	5.438925	5.655195	4.930368	4.58699	4.68857
4.995548	4.731149	5.509974	6.154526	5.488427	5.175422	3.858651	5.029955	4.337724	6.172859
5.259378	5.333486	5.021269	4.697787	5.385307	4.804254	5.546581	5.863315	4.549318	5.560092
5.995565	4.145743	4.252466	4.75515	4.357621	5.209684	4.35818	5.815857	5.523321	4.945834
5.063485	5.048135	4.606453	5.268681	5.226661	3.971738	5.575021	5.012655	4.429137	5.148517
5.599832	3.349757	4.394858	4.451399	5.079895	4.476498	5.704154	5.126678	3.683468	3.644537
5.304947	4.152759	4.947372	5.464418	4.607074	4.107578	5.773296	4.690525	4.239058	4.905413
4.754166	5.002396	3.873286	4.476022	4.621658	4.972155	4.870156	5.382328	4.330783	5.140972
4.622449	5.274142	4.714736	5.32167	5.074995	5.07828	5.67211	5.775289	4.712932	4.689152
5.009813	5.132979	6.01616	5.785556	5.261334	6.07017	4.881483	4.931278	5.72668	5.011126
4.648993	4.607591	4.696256	4.413862	6.774609	5.528869	4.42998	4.907238	5.128522	5.167435
5.12344	5.10809	5.390286	4.67318	5.564307	5.365609	4.8025	5.07261	4.766893	4.578445
5.005481	4.990131	4.337304	5.30196	4.678954	4.599542	4.565786	4.954651	5.574689	3.93771
4.100185	5.515972	4.933115	4.858663	6.693571	4.496063	5.026272	5.412732	4.511817	5.840685
6.141685	4.173364	5.514041	5.360446	4.585915	4.614897	5.270483	5.041333	5.061017	4.689604
5.241144	5.904059	5.670177	5.507046	4.78653	5.496077	4.890078	5.064632	4.711493	5.080346
4.815268	4.79334	5.043366	5.063815	3.988097	6.255912	5.004834	4.48715	5.147901	4.774738
4.825965	5.407417	5.456585	4.904905	4.634941	5.673361	4.865594	5.937506	5.858508	4.938244
4.334107	4.972339	3.719395	4.554029	5.101095	4.637173	4.795174	5.087489	4.576853	4.172223
4.990685	4.975336	3.608811	5.101223	4.516074	5.392414	4.189743	4.939856	6.354754	5.599231
5.413573	4.909327	5.993348	4.853158	4.637969	5.723344	5.511228	5.581037	6.02699	5.653266
5.047703	4.566388	5.247498	5.211658	5.595324	4.91264	5.248345	4.907019	5.711836	4.340652
4.898812	4.800518	4.637782	4.698841	3.932364	4.291564	6.563072	5.054593	4.938199	5.334794
4.6428	4.350156	5.065778	4.908994	4.085027	4.862935	5.729439	4.526795	6.096618	3.571075
4.802084	3.714662	6.248349	5.027455	4.771715	5.457299	5.679063	5.156435	4.960625	5.402359
4.576319	5.207516	6.327823	5.04545	5.057012	5.669384	6.19612	5.354692	5.420792	4.192529
5.105422	5.090073	5.039035	4.745255	5.004534	5.033087	5.034285	5.054593	5.375916	5.44443
5.491881	5.080088	4.745332	5.034345	5.314615	4.068367	4.736754	4.637456	5.252115	5.763182
4.996485	4.981135	5.385689	5.329907	5.369037	5.042368	4.889919	4.945656	5.034803	5.286603
3.906566	5.986413	4.581697	4.616832	5.267346	5.517148	4.928552	4.674707	5.252793	4.955141
5.3035	4.727191	4.514603	4.76605	3.681847	3.949436	5.317942	5.510423	4.099843	4.927662
5.163293	4.86443	4.6717	5.758683	4.924608	4.767563	3.809321	4.98209	5.906747	5.28879
5.742994	5.447017	5.031671	5.451323	4.91612	5.163311	4.768033	5.080042	5.8153	5.089223
5.052596	5.598921	5.408583	4.251558	4.40349	6.120645	4.575496	5.541724	4.396215	5.401164
4.956094	4.599895	4.969333	5.083997	5.301457	4.42547	6.413475	4.576928	3.834243	5.358571
4.740795	6.000236	5.014542	4.837886	4.833415	4.534969	4.02162	4.973423	4.921215	4.766151
4.989865	5.312069	5.134038	5.496234	5.239956	4.942002	5.581823	6.079415	4.861881	5.535541
5.452805	4.956436	4.455795	4.791217	4.570764	5.419337	6.25007	5.37844	5.032379	5.234621
5.511844	4.878527	5.222252	5.123947	5.644992	6.519707	3.490615	4.35454	4.892312	5.589345
4.955889	4.935346	5.059991	4.866191	4.557064	4.835454	4.320688	4.820294	5.089298	5.304995
5.086845	5.071496	4.984605	4.488966	5.425305	4.400703	4.328679	5.036016	4.776342	4.253205
4.556695	4.258376	4.836392	5.073977	4.703719	4.936636	4.185149	5.228231	4.656932	5.136977
4.530981	5.007666	4.919306	5.160702	5.561057	4.547738	5.23849	5.066072	4.622036	2.84675
4.7514	4.496386	4.813838	3.669548	5.107342	4.549842	4.980021	4.074508	4.301073	4.833293
5.017644	4.657131	4.504111	4.666629	4.52456	3.520473	4.445968	5.068495	4.447284	4.683444
5.74225	4.990132	5.584444	5.327938	4.195919	6.669876	4.681936	4.316491	4.528715	4.400608
4.687802	4.698954	5.413959	4.940812	4.644428	4.401702	4.348987	4.055974	4.540264	4.939979
4.394239	5.051729	4.924818	4.578155	4.826459	5.592677	4.461646	4.710104	4.727018	4.833395
5.501027	4.346726	5.635783	5.131079	5.729934	4.934259	4.679957	4.709456	5.132456	5.453338
5.624846	3.985577	4.987171	5.386538	5.495354	5.075056	5.282942	5.187768	5.146636	4.655759
4.620041	4.174455	5.024292	4.874339	5.510209	5.742575	5.20044	4.922558	4.400215	5.448576
