5.404353	4.425237	4.785777	5.182955	5.452065	5.277726	5.007909	4.634826	4.545533	5.011673
5.1867	4.598724	5.410716	4.88847	4.605878	4.546768	4.74148	6.5674	4.743203	5.267698
4.514086	5.514133	4.67061	5.289885	5.095011	5.832891	4.910021	4.744451	5.419592	4.018994
4.794583	5.349778	6.075918	4.965466	4.860732	5.366726	5.102513	4.056823	4.360553	5.39552
4.663396	4.796215	4.415	4.972445	5.049742	4.881734	5.216733	5.67088	4.400678	5.515604
4.675853	4.741621	5.226291	4.746162	4.520284	5.546343	4.766452	3.990581	6.00551	4.318079
5.06032	5.476665	6.01813	5.268757	4.28149	4.749961	5.983615	5.014922	5.479114	5.853245
3.963547	4.498174	4.527857	5.803622	5.044533	4.94959	4.586682	4.569908	6.290471	4.420698
4.928796	3.949915	3.814315	5.640317	4.981434	5.152205	5.037827	5.561416	4.935426	4.789684
5.199416	5.016901	4.913371	4.910899	5.473005	5.382927	5.550516	4.455697	4.917289	5.400307
4.896205	5.85911	5.74369	4.43699	4.864147	4.530467	4.432787	4.65955	4.775928	5.288205
5.101288	4.394968	5.398254	5.579036	4.063556	4.184977	4.537045	5.467833	3.964814	4.581761
5.170722	4.737892	5.096828	5.094357	6.640607	4.528316	5.713086	5.953607	5.100747	5.642924
5.206401	5.228136	5.010227	5.628108	3.985183	5.50975	5.819196	4.738597	4.303683	5.919143
5.512653	5.651141	5.064726	6.084215	4.036662	4.873494	4.637502	5.415909	4.293776	4.625434
5.64474	5.168076	5.737118	5.170985	5.470423	5.603876	5.124902	4.52663	4.789037	5.389828
5.108577	5.485616	4.973589	5.102	5.423847	4.983106	4.862463	4.337778	4.807502	4.040872
5.30769	6.021336	4.787553	4.702867	5.555471	4.893841	5.709358	4.876167	5.157572	4.615649
5.617461	4.148762	5.144578	4.680303	4.803127	4.175882	4.294642	4.274708	4.931531	5.413231
4.592339	4.581862	4.530518	5.018952	5.393984	5.980384	5.026711	5.756325	5.687315	4.10638
5.717053	5.899845	5.612133	4.411581	5.547132	4.592061	5.812703	4.954105	4.659297	5.234247
5.676069	5.05404	5.029669	4.46511	4.911078	4.405655	5.554591	5.122035	5.321464	4.923909
4.143188	4.426302	5.090494	4.154236	5.519557	5.492945	4.884693	4.902531	4.821265	6.021783
5.03789	4.246303	4.739577	4.578531	4.95054	4.235153	3.900145	4.317118	4.488857	4.360384
5.277895	4.550739	4.72035	4.813436	5.594434	5.228073	4.699603	4.00607	5.000715	4.408383
5.48551	5.884171	4.451484	4.250701	4.613371	5.145433	5.449834	4.741925	3.721809	4.555883
4.189716	5.158347	3.83466	6.119588	4.976199	5.96098	5.112103	4.51052	4.955289	5.487877
5.470072	4.837409	5.103908	5.101437	5.894359	5.438758	3.823032	5.453514	5.107827	5.749022
4.537033	5.066401	5.429846	4.052458	4.813974	4.324691	4.674171	4.724647	4.405985	4.916472
5.142533	5.60227	4.662987	5.223278	5.685045	5.007886	4.651374	6.090597	5.219514	3.948028
4.614797	4.785407	4.988236	4.305434	5.343876	4.583928	4.390607	5.412652	5.63755	4.624261
4.315735	6.038678	5.095338	4.691451	4.941213	5.476936	5.643916	4.86546	4.65538	5.438436
6.3196	4.971426	5.459469	4.279902	5.716344	4.292708	3.703906	5.045973	4.38617	4.179313
5.896754	4.812113	5.11077	5.108298	4.900227	5.404611	5.444696	5.818605	5.114688	4.43712
4.785353	5.447352	5.113329	5.110858	5.763573	4.323252	5.536582	3.92622	5.117248	4.920468
4.655455	5.531471	4.622102	4.857968	4.544623	5.214949	6.011127	4.79706	5.150424	4.07718
4.826696	6.118229	4.708769	4.524415	4.65277	4.915615	5.332238	5.398644	5.30656	5.071814
5.355086	5.132743	4.984729	4.982257	4.723597	4.307005	4.60392	4.299594	4.988647	4.577506
4.695435	4.739767	4.921226	5.217318	5.309248	4.743809	4.764911	4.874878	4.539612	5.575984
4.777654	5.615331	4.622259	5.141505	5.392026	4.746627	5.426554	4.71147	4.877684	5.332438
4.620797	6.12714	6.028336	4.496832	3.900381	5.827907	5.491248	4.187809	3.698302	5.680863
4.221491	4.967343	5.860774	4.779859	4.778628	5.040893	4.886878	5.122639	5.332389	5.643291
4.673577	4.870049	4.78018	4.652029	4.351563	5.410953	5.070523	5.112282	4.324533	5.981815
5.376665	4.232499	4.876797	5.361317	4.61721	4.70883	4.994212	4.330531	4.955571	4.688849
5.083389	5.258867	5.394782	5.534411	3.954412	4.952946	4.762677	3.507104	4.842458	4.11884
5.931323	5.603493	4.786612	4.955357	4.582734	4.758462	4.859622	4.843566	5.05571	4.947919
5.263917	5.330778	5.015816	5.15574	4.953423	5.557861	5.189219	5.158724	4.813944	5.368042
4.772379	5.848052	5.313577	5.073853	5.132587	4.839778	4.398582	4.576776	4.127043	5.673096
4.230378	3.989001	5.016861	5.01439	4.623398	5.160788	3.568401	5.556983	5.02078	4.346446
4.856623	5.148437	4.760722	4.60206	5.810122	4.84487	5.449245	5.71683	5.244526	4.824432
4.551085	3.941558	5.112848	4.329733	4.475111	4.206337	4.540466	5.756228	4.996752	5.279672
4.898095	3.846224	5.366419	5.18388	4.564864	4.078911	5.261649	4.529449	4.229918	5.332948
4.762564	4.604379	5.732215	5.259523	4.716535	4.386662	4.764576	4.057193	4.96873	4.705625
4.785769	5.214341	5.43348	4.9746	4.603547	5.637042	4.666973	4.960118	5.833878	5.140685
5.237648	5.114029	5.08975	5.087279	5.567994	5.405232	4.683098	4.975698	5.093669	5.073494
5.363737	4.783872	5.900087	5.614625	4.570976	4.86599	5.58618	4.270301	5.287404	4.265162
4.763922	5.395759	4.595426	5.138201	3.774066	4.860917	4.481447	5.325583	5.766573	4.096449
5.533106	5.063465	5.090734	5.088263	4.69059	4.777152	5.279433	5.536799	5.094653	5.245782
5.856689	4.846899	5.749471	6.023063	5.143396	4.967366	5.251625	5.258431	4.214313	4.24903
3.870059	5.359717	5.283985	4.538481	5.046847	4.283167	5.515868	5.060586	4.127111	5.598132
4.591405	4.299827	5.118462	4.806701	4.852935	4.689118	5.46486	6.383616	4.355912	6.183891
5.337056	4.921716	5.151831	4.699697	5.489125	4.434821	4.544054	4.636476	5.491319	5.493103
5.755178	4.560602	4.949687	5.254457	6.040572	5.754034	4.001686	4.588281	5.085221	5.686236
4.864022	5.062956	4.975994	5.159225	4.755435	5.747432	5.522442	4.962869	4.977092	4.665302
5.887718	4.809344	5.169225	5.166754	4.426576	5.096593	5.450422	4.829054	5.173144	5.96488
5.846634	4.144569	4.693494	6.134624	5.556765	4.519959	5.809655	6.240502	5.261855	5.270153
5.157039	5.503966	3.719213	5.007889	5.485803	4.737858	4.28797	4.908931	4.485247	4.272076
5.198946	6.027064	5.378665	5.354597	4.766961	3.440595	4.745572	4.901464	5.347592	4.754055
5.079072	5.823674	4.68806	4.747038	4.717181	5.040676	3.999811	5.010284	5.671249	5.429757
4.863721	5.768241	5.168123	4.963338	5.744804	5.888598	5.568706	4.212119	5.877959	4.6422
6.015072	5.118676	4.881301	4.686614	5.271897	4.613156	6.296886	4.363066	4.505404	4.923066
4.543577	4.799224	4.678545	5.081514	4.553353	5.156446	5.344782	3.949994	4.917391	5.952837
5.166982	4.203285	5.452312	4.058406	5.482632	4.78191	5.340792	4.023017	5.150394	4.683637
4.211727	4.613699	5.032918	4.325871	4.618269	4.828786	4.543962	5.104838	4.607447	4.483135
5.675587	5.149024	5.157281	5.02367	4.789876	4.146477	6.099774	4.430981	5.016965	4.717717
3.547848	4.709398	5.110884	5.108413	5.200411	5.773101	3.905392	5.058435	5.114803	4.667048
4.814216	4.847679	5.009405	5.006934	5.878527	4.556044	5.012485	5.095327	5.013324	4.964298
4.467018	5.011797	4.808301	5.008799	4.992372	5.537737	4.339108	3.900142	5.452894	4.014985
4.492298	5.34131	5.019534	5.789378	4.670085	4.854177	5.376466	5.313333	5.49609	4.359199
4.804118	5.493501	5.672134	4.866853	4.472031	5.172503	5.885567	4.298393	4.70136	5.750997
3.982957	4.220391	4.84823	6.240519	5.812451	4.989471	5.875652	4.714569	4.209733	4.472731
5.017034	5.453825	5.011288	5.53423	5.025957	5.41264	4.829135	4.250699	5.013506	5.392873
5.48321	4.810871	4.973978	4.475483	4.99307	5.22904	4.28151	4.2369	4.707095	5.52488
4.992101	5.810656	5.120622	4.532955	5.007099	5.790139	5.082984	4.823363	4.323451	5.188907
4.492462	5.149549	4.824364	4.937269	4.251179	4.854978	4.748259	5.097521	4.77381	5.794235
4.825562	5.440289	4.724576	5.239805	5.143325	4.514448	4.968255	4.740447	4.727693	5.094066
5.114662	5.767202	4.008978	3.908438	5.036732	5.04825	5.186579	5.753146	4.209209	5.640953
5.346887	4.749029	4.581464	3.259914	4.518585	6.079834	4.942831	4.564768	4.844999	4.92416
4.943136	4.748556	4.419838	5.008398	5.68714	4.674711	4.829592	4.963742	4.708377	4.542926
5.769092	5.112606	4.514021	5.792179	4.787674	4.301809	4.401345	4.666752	4.838198	4.954979
4.842811	6.670042	4.34429	3.795126	4.415882	4.756501	5.723066	4.968343	5.00128	4.314794
4.188176	5.412022	5.119646	5.117175	4.187359	5.311007	4.675252	4.19153	5.123565	3.623591
5.825119	4.893035	4.588556	4.68773	4.579618	5.302893	5.335985	5.220878	5.31413	5.216981
5.858951	4.485374	4.565435	3.982512	5.712256	4.274828	5.684552	4.934818	6.303431	4.770216
4.851447	5.402546	4.451694	5.002805	4.553953	4.052442	4.461987	4.375495	6.221907	5.034805
4.31322	4.352812	5.225664	5.879924	4.337941	5.174068	5.914706	5.272278	4.933214	4.951027
5.516447	5.876698	5.042211	5.03974	6.319561	5.610406	4.255895	5.286523	5.04613	6.049526
5.600717	5.158297	4.393098	5.368125	5.960013	5.612466	5.202038	4.582122	4.658816	4.997727
4.93854	4.781813	5.309084	5.272487	5.154594	5.142589	5.235693	5.029404	4.85494	4.866247
5.265306	4.709208	5.678834	4.887938	4.839686	3.933764	5.439442	4.313852	5.403818	4.057895
5.109554	4.768169	5.061139	5.058667	4.839301	5.213768	5.361972	3.620953	5.065057	5.441515
5.014508	5.261203	4.343032	5.369185	5.340235	5.344711	6.31142	5.363337	5.683399	4.076641
6.060639	4.871212	5.309579	4.933576	4.924056	3.476514	4.89364	4.841101	4.561624	4.866068
5.142101	5.329724	5.082447	4.139571	6.031917	4.407903	4.980239	4.090114	4.980976	5.390103
5.558959	4.713921	5.816467	4.275611	4.884151	4.152578	4.359261	5.841959	4.372387	6.439359
6.099614	5.359984	5.661699	5.89333	4.620371	5.419201	4.353978	4.611636	5.561	5.61523
4.699912	5.484893	4.274545	5.237479	4.968362	5.766615	4.267503	5.258314	4.798286	4.904577
3.612114	5.251005	5.232689	5.410622	4.194817	4.668974	4.928997	4.71939	5.061204	5.540675
4.65014	5.98651	4.972587	6.174574	4.017971	5.582858	3.889368	4.783119	5.405973	5.336879
4.374011	4.807979	4.60955	4.699963	3.787747	5.790035	5.556093	5.147054	4.300499	5.178902
5.248771	5.447649	5.222284	4.062511	4.995726	5.30272	5.125535	5.724121	4.654214	6.358979
4.842736	4.955971	4.795712	4.453096	4.557656	4.895227	5.108004	5.02071	5.178911	4.820487
4.938373	5.044945	5.165021	5.482547	5.334234	5.150611	4.451363	4.647395	4.548101	5.096044
5.281947	5.235703	5.414077	5.217225	4.964962	5.44331	4.846994	4.373937	4.428023	6.168586
3.588006	4.296587	4.936816	4.648761	4.894997	5.087801	4.325662	4.828642	5.355155	4.524747
3.942217	4.909718	5.3537	5.210732	4.870155	4.711578	4.09351	5.335021	5.109744	4.410862
5.120682	4.268777	4.795113	4.792641	4.637969	5.836939	5.175087	4.729768	4.799031	4.168301
4.664308	5.424639	6.571171	5.7756	5.324034	6.004374	5.704103	4.917788	5.808653	5.062528
5.055544	3.834534	4.946319	4.943848	5.087666	4.556478	4.466004	5.157826	4.950238	6.141904
5.379022	4.030032	5.037627	5.035156	4.951447	5.454096	4.646423	4.676701	5.041546	5.81813
4.380038	4.697531	5.686854	4.330407	4.229604	5.180012	5.038195	5.342458	4.96793	5.715828
4.980153	5.950899	5.187638	4.967263	4.488307	4.79004	5.026664	4.472847	5.355969	4.340858
4.380623	5.737525	5.724216	4.271934	5.071942	6.366068	4.048535	6.110637	4.424285	4.489442
4.816173	5.030104	4.968359	5.791224	5.434741	5.013931	4.901354	5.37496	4.711554	5.545094
4.55683	5.05552	4.586452	5.257211	3.745284	4.48321	5.54009	4.431609	5.257492	4.426704
5.690746	4.423079	4.981117	4.978646	5.5243	5.171612	4.736179	5.696321	4.985036	4.053406
5.417018	5.125831	4.388316	5.550614	5.731167	5.648068	4.395923	5.014874	5.225129	4.265316
5.229859	4.042232	5.018504	4.279729	4.905062	3.924913	4.511888	5.611537	5.734921	5.394532
5.738052	5.091325	5.707515	4.942552	5.918162	4.164223	4.981523	4.837066	4.583578	4.901011
5.453891	5.129735	5.675758	5.316965	4.412115	3.848149	4.027168	5.487505	5.999144	3.965755
4.858376	5.343687	5.093482	5.09101	5.311191	4.581299	5.800056	5.273415	5.0974	5.240307
4.481894	4.455866	4.819551	6.215597	5.038833	4.589639	4.44194	4.772807	5.108025	5.033449
4.798186	4.929008	5.050946	5.048475	5.58761	5.636858	4.944404	5.334156	5.054865	3.929749
5.309143	4.775114	4.941687	4.504644	4.359745	4.753198	3.921307	4.854478	5.27184	5.437986
5.11425	5.507817	5.012183	5.009711	4.779521	3.986224	5.309451	3.522169	5.016101	5.628482
5.726038	4.907903	5.59327	5.413198	4.832977	5.7671	4.140415	4.910397	4.816838	5.062228
4.860119	4.41088	4.718793	4.61342	4.834712	4.661485	5.914196	4.563914	4.794011	5.051616
5.820433	5.096979	3.808383	5.173251	5.851818	4.599791	4.363746	4.645988	4.787169	4.954866
4.490271	4.956674	5.199466	5.343775	5.356748	4.94291	5.079667	4.840399	5.862074	4.596296
4.493417	4.629524	5.049381	5.04691	4.950539	5.239454	5.26098	4.460735	5.0533	5.146417
5.210769	6.229254	5.2213	5.187368	5.706772	5.029843	4.214977	4.538735	5.075996	5.340505
5.598483	4.439472	3.854324	5.384014	4.658612	5.699681	3.944624	5.389494	5.265498	4.396337
5.242025	4.816508	5.377973	5.050751	4.973514	3.531617	4.21846	5.587409	4.543077	4.587512
4.543536	5.770342	4.506674	5.116134	5.02949	5.317112	5.251867	4.605166	4.952637	5.319294
5.198492	5.371389	4.689305	4.180557	3.965945	6.09872	5.086253	4.527366	4.858882	4.429295
4.122904	5.42729	4.978685	5.077281	5.241494	5.125302	5.069962	5.269462	4.262251	4.705183
4.828576	4.457145	5.734158	5.238216	4.882714	5.12537	4.84544	5.180949	5.848578	5.821477
5.373412	5.790039	5.200706	5.332396	4.256369	4.958455	5.11122	4.997591	5.104498	4.358381
5.96214	6.134243	4.841204	5.289314	5.576051	5.060553	6.046589	4.101195	5.404921	4.30653
4.79913	4.877355	5.30617	4.788836	4.742272	5.73034	5.265832	5.765291	4.830703	5.064279
4.993254	4.022119	5.073215	5.184998	5.148265	4.672769	3.316177	5.636313	4.914983	6.091423
4.403754	5.210525	5.936288	4.570217	4.878995	4.968042	4.908199	6.255967	5.545284	5.216455
4.817334	4.493555	5.278181	5.435365	5.224552	4.431053	5.203957	5.117468	4.58272	4.670166
5.335908	4.02746	4.769393	4.743461	4.639479	4.654502	4.064348	5.443927	5.552184	5.303251
4.018705	5.151508	5.035874	4.866664	4.640085	5.7646	5.358112	5.072751	3.914029	4.83005
5.50552	4.254865	5.094757	5.092285	5.239342	4.381217	5.628834	4.876765	5.098675	5.130249
4.725759	5.818896	4.856094	5.331798	5.074418	4.985337	4.630919	4.33688	5.616539	5.084032
5.35966	4.218298	5.343408	4.645834	4.615115	4.50915	5.51521	4.748142	4.938041	4.687689
5.139519	5.682566	5.864549	5.193369	4.191957	6.140362	6.574023	4.320215	5.522584	4.778871
4.406093	4.077969	5.577448	5.713756	5.233343	5.502617	4.642929	5.126935	3.991458	5.537495
4.471438	5.470207	4.75281	5.865316	4.813936	5.184022	5.78132	4.91714	5.117111	4.97403
5.264184	5.271416	5.501204	4.709877	5.703447	4.677486	6.106282	5.40981	4.706004	4.949711
5.166692	4.97841	4.831695	4.829224	4.790308	6.318434	4.939961	5.054752	4.835614	4.740171
4.59863	4.95257	4.117377	4.634037	4.658503	5.537597	5.061777	5.332498	4.005382	5.066043
4.637136	5.509257	4.727069	5.471608	5.233326	5.907893	5.150628	5.736888	4.207702	4.797294
5.0659	5.957965	5.023334	5.020863	4.950138	5.212112	4.22997	5.574952	5.027253	4.60179
5.811602	4.914517	4.593747	4.626888	4.70406	4.695686	4.623465	5.911148	4.20492	4.17453
4.297758	4.022372	4.57701	4.567246	5.029562	3.961701	4.676499	4.438578	4.847843	4.382141
5.34153	5.067156	5.080617	5.259513	5.242113	6.074378	5.10302	5.432834	4.589796	4.739982
5.181202	5.2431	5.051654	5.049183	4.230515	5.233165	4.858042	5.262718	5.055573	4.572172
5.440367	4.421128	4.377495	5.35957	4.661463	5.172857	5.812113	4.952557	5.216093	6.059842
4.276707	5.275792	5.595643	5.35131	4.950793	4.421658	4.688423	5.553905	5.259027	5.312538
4.701533	4.105088	5.358369	5.400137	4.094913	4.840869	5.150457	5.440192	5.151742	5.26147
4.742984	5.455914	5.035201	5.03273	5.58299	4.571996	5.06069	5.392657	5.03912	5.101129
4.62356	5.193386	5.308497	5.214921	4.980467	5.801678	5.035965	5.534981	4.380679	4.6823
5.099592	5.179434	4.519173	5.140528	4.664411	5.367479	5.241613	5.251611	5.096381	4.834738
5.148277	5.337092	6.128587	5.048694	4.429317	4.818491	5.34763	4.481814	4.382135	5.557539
4.351795	4.672415	4.958982	4.877025	4.948529	5.210353	4.715592	5.765821	4.151938	5.328673
5.195246	4.696887	5.66158	5.920689	5.780145	4.886314	4.891183	6.261722	5.227667	4.189497
5.302047	4.475929	6.441173	4.742929	5.075543	5.307161	5.834645	4.884386	4.99427	4.264962
5.684493	5.334068	4.43204	5.195494	4.560323	4.405433	5.108683	4.829935	4.457187	4.504691
5.678814	4.648824	4.66808	4.583507	5.343361	5.4762	5.566374	5.232678	4.292002	4.983919
4.762503	4.874896	5.079346	4.986434	5.405572	4.434471	4.518726	4.961735	5.127033	4.922275
4.654609	4.729605	4.702477	4.796341	5.261315	4.955537	4.958229	6.047307	5.199761	5.398732
5.597727	4.925835	4.097609	5.687823	4.488228	5.177281	5.185922	4.20314	5.14517	5.617532
5.2585	5.04313	4.485961	5.990504	5.174768	5.005693	4.895794	4.375527	4.519183	4.316935
4.794533	4.932037	5.360326	4.547817	5.511888	5.508629	4.913622	4.039327	5.067241	5.03457
5.365665	6.316547	4.346347	5.997983	5.508369	5.75022	5.202825	5.607437	4.590376	4.400195
4.814359	6.101099	4.986951	4.984479	5.296463	3.990208	5.417915	4.640809	4.99087	5.512418
3.733952	4.980519	4.505174	4.495302	5.148386	4.850178	5.156541	4.62985	5.169058	5.122725
4.740396	5.485353	5.750001	4.645228	5.100113	5.612997	4.918899	4.626247	4.854988	4.892999
5.216957	4.507176	4.996598	4.994127	4.965173	4.73878	4.914341	5.125557	5.000517	3.937905
4.457431	6.101017	4.127612	5.535834	5.999292	5.649393	4.766276	5.39639	4.885726	4.044402
3.948055	4.285446	5.274936	5.473545	4.457202	3.927219	4.935871	5.201585	5.290009	5.272048
5.210059	5.681701	5.700878	4.449351	4.378361	6.308982	4.861278	6.086573	5.001705	4.453642
5.146516	4.326468	3.783587	4.683702	4.643585	4.341471	4.333495	5.046664	5.038855	4.810614
4.991726	4.875029	5.304452	5.371859	5.737512	5.023266	4.954429	4.148666	4.97265	5.096014
5.513198	5.26687	5.790178	5.537964	4.455939	4.685007	5.205152	4.173089	4.938324	4.699059
4.615742	4.749814	6.164228	5.025515	4.756081	4.631482	5.317467	3.79881	4.916093	6.315816
4.695467	4.281862	5.024113	5.138266	4.570861	5.053815	4.558264	4.531922	4.994519	4.585356
