5.606544	4.790974	5.420737	4.710662	5.018569	5.004615	5.021799	4.617908	5.040652	4.892519
4.965055	5.466558	5.295951	4.848256	5.156926	5.142973	5.160157	4.845221	4.563701	4.097214
5.220538	5.407521	5.161569	4.692874	4.960745	4.946792	4.963976	4.10481	5.500661	5.07612
4.876045	5.432287	4.192289	4.008319	4.888068	4.026071	5.280684	6.1682	5.90011	4.247732
5.323407	4.695626	4.450024	4.561723	5.279484	4.725315	5.03477	5.35419	5.277027	4.397778
5.74644	5.733234	5.213628	4.843812	5.180613	5.137357	4.990541	4.726265	4.729145	4.956523
4.646717	4.816584	5.500134	4.699311	4.638196	5.13971	4.338807	5.249278	4.672496	5.267686
5.311785	5.379317	4.141589	5.240052	4.99569	5.741287	4.919757	4.628332	5.042806	5.125466
4.93582	5.245758	5.475681	4.600439	5.062805	6.024764	5.006145	5.251998	4.502336	5.886899
4.317502	4.797431	5.991066	4.699083	3.956528	5.564019	4.866902	5.589871	3.960277	5.093447
4.164416	4.930993	4.612213	4.846768	5.79283	5.241416	5.616053	4.838657	5.384918	5.401427
4.422735	6.873215	5.774268	5.683616	4.858035	4.703785	4.314241	4.920691	5.762892	4.651387
5.595743	5.653739	4.482233	4.71625	4.088265	4.583968	4.685013	4.37972	5.000509	6.069529
5.770858	5.020333	5.228346	5.815891	5.32782	4.844783	4.72915	5.417072	4.615978	4.708561
5.237755	4.172318	4.454169	5.280573	4.245492	4.63482	5.294357	4.563623	4.657646	4.416368
4.997044	5.790514	4.562593	5.19612	4.41729	3.54601	5.191562	4.666207	4.511007	4.791317
5.767677	4.878433	5.686487	4.95424	4.815345	5.194633	5.042394	4.924347	4.951836	4.731459
4.950079	5.752515	4.188107	5.241262	5.113027	5.155996	5.029793	5.201998	4.061914	5.911458
4.913503	5.312924	4.41123	4.53336	4.924666	5.680909	5.058979	5.000062	5.390885	5.311666
4.533455	5.048942	5.578647	5.128319	4.967108	4.815423	5.283902	4.859088	4.68268	5.246945
4.470589	5.929107	5.913332	3.941183	5.14619	5.132237	5.149421	5.762022	4.97887	4.567084
5.349211	5.738326	4.562389	5.804657	5.076172	5.062219	5.079402	4.059255	4.668183	5.096313
5.013405	4.687054	4.58106	5.52885	5.64234	6.046381	4.509317	4.871533	6.001633	5.124649
5.051977	4.862029	5.336725	4.158589	4.578289	5.525742	4.672519	4.731663	4.822113	4.872629
3.838155	4.560286	6.380138	4.851868	4.991827	4.977874	4.995058	3.823939	4.605119	6.049303
5.405877	5.108903	5.228148	4.33355	4.207582	5.00646	5.011226	5.208156	5.375536	6.148928
4.910059	4.219155	4.51588	4.279363	5.163415	6.123556	5.271197	5.075482	4.432312	5.231874
5.014203	4.94711	5.995357	4.044754	5.143859	5.564122	5.860361	4.386402	4.939929	5.184956
4.908076	5.954437	4.867792	5.092013	4.419734	5.154459	4.397267	4.758032	5.707259	5.136423
4.913145	4.883533	5.439044	5.91885	4.955474	5.058685	5.234983	5.644687	5.759519	5.349313
4.996134	4.33835	5.092714	3.961122	4.223014	5.273773	4.8599	5.421437	5.10502	4.80403
4.707736	4.802636	4.855373	5.79973	4.506996	5.32526	5.185805	5.447134	4.333936	4.989742
4.464539	5.016016	5.83639	4.5472	4.775039	5.344801	4.788075	4.597783	4.394538	4.175418
4.750825	5.202164	4.907341	5.349576	4.944499	4.134369	5.74834	4.23311	5.394537	5.126807
4.764143	5.226732	4.418779	5.202366	5.241268	5.159441	4.513644	5.640902	5.458455	4.703013
4.891891	4.130888	4.444907	4.788041	5.488811	4.817655	4.873686	4.864802	4.961316	5.169672
4.330973	4.71086	6.036655	5.146098	4.963857	4.949904	4.967088	5.146594	4.155227	5.000868
4.882729	4.86562	4.971793	4.231683	6.192406	5.468947	5.39831	4.794742	4.796098	4.121888
5.180031	4.665302	5.588146	5.609208	5.871703	4.985435	5.299765	5.349411	4.431793	5.034988
4.288503	5.363766	5.61068	5.107561	5.423443	5.321254	5.330205	4.715268	5.181838	5.283564
4.37736	4.785237	4.618196	6.466187	5.078333	5.417761	5.013531	6.182742	4.326236	4.970691
4.46965	5.066262	4.927032	5.154286	5.514049	5.154456	4.406856	4.774998	5.427135	4.368565
4.534852	4.900332	5.708113	5.636317	4.865718	4.851765	4.868948	5.220033	4.735902	4.405265
5.721437	4.365605	4.918837	4.908263	4.955938	4.680399	4.031247	6.004022	4.81564	5.006268
5.399235	5.632384	3.695806	4.751256	5.039139	5.025186	5.04237	5.250621	5.057588	5.781487
4.889085	3.603752	4.911346	4.190542	5.862568	4.667214	4.968199	5.560555	5.678742	4.481402
5.17557	5.064545	5.250738	4.899302	5.014242	3.64404	4.232434	5.25471	5.253045	4.740344
4.95798	5.240876	4.398693	4.977484	4.604444	6.006046	5.084579	5.448545	4.638414	5.16269
4.774725	4.79763	5.954429	4.938682	5.302077	4.522605	5.277718	5.215027	4.748752	4.598687
5.532477	4.481569	5.599494	5.097298	4.770409	4.418652	4.506195	5.483768	4.284541	4.994656
4.151663	5.640645	4.987553	4.140657	5.066941	5.052988	5.070171	4.567291	4.742604	5.378505
5.461807	5.210715	4.360987	4.688352	4.981204	4.967251	4.984435	3.744621	4.161177	5.257412
4.774468	4.557798	3.932503	5.578597	4.357998	5.804287	4.66537	5.771288	5.270487	4.450953
4.764034	4.719797	4.900824	5.516355	6.626444	4.234271	5.014561	4.224728	4.718592	5.411271
5.88124	5.689871	5.174039	5.042364	4.79427	4.553298	4.81904	3.969501	5.391709	5.298317
4.607323	4.138632	5.150227	4.448847	4.875376	4.231737	5.49699	5.556296	5.146582	4.550976
5.520083	4.564641	5.579723	5.208273	4.751647	4.326733	5.106465	5.071036	4.628889	4.663967
5.18493	5.346182	5.465425	4.63582	5.095923	5.349068	5.390196	5.570185	4.913405	4.943675
4.951142	5.079032	4.008166	5.32736	4.545003	5.260013	4.515712	4.232944	4.790938	5.847365
4.312224	4.449499	4.088305	5.150723	4.967972	4.954019	4.971203	4.999893	4.5226	5.383736
4.202463	5.358747	5.831395	5.496981	4.858471	5.63096	3.90735	4.518883	5.231644	5.486942
4.094211	5.140109	4.628744	4.410614	5.712439	4.155839	4.679917	5.525671	4.917162	5.457921
5.232863	5.68821	5.254764	4.914214	4.901395	6.660757	5.536549	4.330365	4.50482	4.018052
5.162264	5.753963	4.653006	5.439434	4.647112	4.69804	5.174347	4.803555	3.828332	4.59746
5.13029	4.228899	4.266001	5.708302	5.683393	5.189344	5.8165	5.054104	4.791093	5.475678
5.329287	5.327648	4.579227	4.994112	5.949185	5.396569	4.451071	5.564105	5.824806	4.638863
5.029976	4.894178	5.414293	4.869793	4.541009	5.849322	5.214378	4.831158	4.744738	5.647972
4.600738	5.660198	5.534751	4.080193	4.311542	5.544161	5.546304	4.725625	5.698881	5.623542
4.953646	4.814985	4.496455	3.800696	4.929744	4.882461	5.140009	3.927665	4.747122	5.348208
4.79139	4.248856	3.939474	4.69268	4.586043	4.591798	4.948448	5.554236	5.413599	4.615103
5.910791	4.342399	4.544516	4.503258	5.802543	5.352417	4.530208	4.646605	4.33099	5.57863
5.758096	4.751197	5.212609	5.156825	5.054698	4.64014	4.771125	4.254177	5.387047	5.098884
5.289379	4.528253	4.528171	4.712828	5.112861	5.098907	5.116091	5.974913	5.603784	4.477727
5.07527	5.136026	5.280305	5.415404	4.997821	4.983868	5.001051	5.660994	4.571031	5.598742
4.829107	4.338722	3.961616	5.320788	4.912054	5.144416	5.333412	5.202908	5.078656	5.702651
5.262818	5.417392	4.859472	4.67145	5.551569	4.623425	5.66069	4.489255	5.009284	5.033154
5.156625	4.947332	5.189853	4.939144	5.129712	5.1556	5.252236	4.807764	5.689994	5.0035
4.872155	5.318943	4.232791	5.124158	4.913456	4.589318	5.117648	5.450341	4.972848	4.504835
5.47011	4.508396	5.57846	4.938667	5.480998	5.094541	4.886687	6.135267	4.618348	5.313085
5.163411	5.921755	4.767992	4.621917	4.918727	4.904774	4.921957	5.794247	5.300024	5.540978
4.74783	5.398916	4.801584	3.937885	5.111309	4.485297	5.616479	5.132169	4.490656	4.411447
5.171411	4.937401	5.071448	5.014294	5.296151	5.320133	4.334595	5.735973	4.51241	4.800584
4.964802	5.329724	4.780168	4.733635	5.400095	3.983333	4.992933	5.087904	5.383668	4.892269
5.106275	5.299912	4.502799	4.805889	4.90544	4.891487	4.908671	3.644863	5.071851	4.334996
4.096276	5.151121	5.243953	4.372815	4.664184	4.594305	4.711877	5.006239	4.911879	5.264288
5.580544	5.437239	4.659003	5.766451	5.205107	4.51968	4.643432	4.866465	4.610472	5.096639
5.122273	5.637362	5.319256	4.912845	5.331329	5.207763	5.028391	5.700129	4.841408	5.540981
3.713423	4.835321	4.667913	5.365196	4.227767	4.157886	4.964803	6.650781	4.330886	4.953331
4.896819	4.126441	4.733929	5.871758	4.567859	5.268968	6.269953	5.719708	4.117085	6.566635
5.065289	5.603269	4.244011	4.230376	5.075211	5.061258	5.078442	5.650833	4.282853	4.459475
4.944376	4.525438	4.433538	4.846766	5.04443	5.030477	5.04766	5.837043	4.799909	4.376221
5.48464	5.848711	4.213648	5.591772	4.750721	5.591513	4.555837	5.208167	5.052129	5.340541
4.473139	5.523339	5.449036	4.841328	4.902668	4.923421	5.620775	4.175234	5.070991	5.578847
4.747739	4.952391	5.284498	4.871892	4.716227	5.37031	5.297665	4.304673	4.921037	5.234411
4.476093	5.373593	5.146686	5.505086	5.563295	4.602859	4.886527	4.562196	5.103615	5.148377
4.896779	5.087005	4.637411	4.87053	4.326623	4.214693	5.250982	5.215812	5.629699	5.432176
4.780102	5.478699	5.812678	4.364434	5.489529	3.704355	6.077658	5.518317	5.850102	4.087738
4.816406	5.266325	5.977852	5.208924	5.35367	4.607802	5.722099	4.718558	5.154058	4.773999
4.645953	4.402677	4.984405	5.012012	5.700774	4.201367	4.420517	4.975939	5.881555	4.64191
5.138093	4.911232	5.214937	4.03362	5.369548	4.687014	5.783923	4.447816	5.518542	4.531863
6.324876	5.728777	4.815846	4.426064	5.056662	4.834027	4.356133	4.569207	5.117579	4.423143
5.035063	6.345517	5.174476	6.175879	4.883483	3.808285	5.799555	4.584056	5.005285	5.227403
4.99453	6.0029	5.490167	5.006319	4.934554	5.745357	5.574262	4.215847	4.225786	6.020011
5.024219	5.502938	6.016266	4.437078	4.386003	5.720141	4.717512	5.223929	5.0387	4.669545
5.286079	4.226074	4.723675	4.919017	5.015059	5.001105	5.018289	5.579792	5.169047	4.352052
5.525364	4.480683	5.659096	4.608145	5.113773	5.471675	4.545364	5.053566	4.589259	5.016931
4.01515	6.36413	4.83504	5.674436	6.575527	4.29765	4.300193	3.563514	4.56597	4.790167
4.722627	4.824774	6.356924	4.650848	4.55305	5.140952	3.942798	5.439247	4.846884	5.109724
4.101417	5.972294	4.32018	4.648647	4.898386	4.884433	4.901617	4.900974	5.76097	4.495579
5.873769	4.77579	6.289668	4.527564	5.27131	5.176828	5.052271	4.104269	5.373236	4.865253
5.338638	5.138077	5.110441	4.461743	5.148079	5.134126	5.15131	5.221262	4.806165	5.577185
5.369071	5.115753	4.352419	4.895753	5.278645	5.796928	4.884513	4.83852	4.643702	4.804854
5.279068	5.753604	4.909182	5.43564	5.634336	4.760303	4.618072	4.593783	5.132463	4.872949
4.579429	5.346127	4.752448	5.321694	4.955455	4.373332	5.480055	4.326046	5.301372	5.205787
4.734966	4.61188	4.346991	4.660538	5.674699	4.738315	5.186424	3.511466	4.357477	6.013708
4.706991	4.942673	4.575074	5.996048	4.795367	3.535219	5.767885	4.033857	4.851654	4.980902
4.618451	4.587104	4.972884	5.036815	4.713902	5.144531	4.949597	4.601395	5.116251	5.561508
5.622758	5.142119	5.277968	5.524695	5.577017	5.104911	4.692457	4.471912	4.983172	5.493252
4.835519	5.097561	5.137677	4.001046	4.582686	5.134448	4.623051	5.367607	4.755522	5.889891
3.858328	4.261997	5.145559	4.430504	5.073821	4.788267	5.491613	5.18131	4.613313	4.46278
4.867612	4.579129	4.996547	5.806513	4.565781	4.620931	5.454961	4.657653	4.89359	4.954117
5.315251	4.929588	4.657653	5.345171	5.818852	4.359897	4.73272	5.247618	4.882749	4.624874
4.271606	5.945467	5.02278	4.469557	5.615066	3.608827	5.77447	4.562988	4.853554	4.534531
5.158073	4.384445	5.089584	6.220838	4.903947	4.889994	4.907177	5.695492	4.748091	4.010956
5.791574	5.004122	4.811726	4.01799	5.184574	5.587561	5.432581	4.715633	5.213053	5.1672
5.043512	4.467425	4.52481	5.41825	5.178324	4.711426	4.350164	4.888519	5.984221	4.692524
5.1076	4.980836	4.86549	4.488397	5.328997	5.925684	5.75228	4.594598	4.70745	4.781239
5.2974	4.987281	4.780055	4.882393	4.799851	4.061479	3.961502	4.825939	4.59529	4.964286
4.053355	4.580144	6.26667	6.031785	5.159958	4.695689	5.318312	4.949399	5.401184	4.929476
4.884858	4.964388	5.671604	5.895512	4.864796	5.33543	4.948899	4.297448	5.174058	4.950303
4.40149	5.14186	4.99049	3.935319	4.884094	5.382185	5.481177	3.523346	5.679316	6.566205
4.737473	5.112463	4.19885	4.811636	5.412431	5.005359	3.625457	4.213078	5.04096	4.92012
4.684383	5.422295	5.92038	4.975355	5.309731	4.542419	5.191216	4.835724	4.656121	5.720705
3.7926	5.174934	5.360125	4.698977	4.915002	5.289032	4.669004	4.15986	5.386011	4.1875
4.974595	5.007468	5.679807	5.851311	4.959469	4.999667	5.272628	5.556193	5.619472	6.073792
4.43236	5.279334	4.327453	4.492198	5.246064	4.815767	4.728031	4.574779	4.546113	3.6119
5.332687	5.356624	5.312181	5.892397	5.112309	4.91784	4.607247	4.426536	4.885952	4.979227
5.614086	4.484951	5.388038	6.023717	5.282605	5.405237	4.739322	5.256309	5.85162	5.360139
4.717294	5.522926	5.445868	4.607681	5.396496	5.248524	6.17344	5.199614	4.668684	5.27974
4.445672	5.579614	5.308371	4.825544	5.438383	4.629661	5.067511	5.516558	4.862859	5.673174
4.59114	5.265728	5.460396	4.520002	4.90004	5.203855	4.567062	4.495611	5.269656	4.840424
4.550519	5.799925	4.254384	5.097417	5.096752	5.213958	4.657683	5.046325	6.02843	5.946776
5.530301	4.661946	5.796746	6.423998	6.559145	5.301854	5.410356	5.563331	5.068022	5.097892
5.026891	4.428265	4.394664	3.347069	5.036361	5.429094	5.038088	6.033923	4.209861	4.956898
5.49361	5.47934	5.385235	5.084601	4.102972	4.683934	3.989038	4.558754	6.416026	4.482337
5.224593	5.56115	5.850687	5.00685	4.309185	4.215623	4.555194	4.145338	4.566503	5.293179
4.714765	4.740328	5.092074	4.844154	5.860288	4.7821	4.202559	5.545221	4.854757	4.441552
5.562969	4.475131	5.263289	5.404506	5.291246	5.448396	4.239164	5.753766	4.977933	5.330215
4.755353	4.282905	5.08714	6.061912	5.896379	4.148388	5.457721	4.91507	5.053531	4.917944
4.941278	6.250472	5.825526	4.855457	5.460343	4.931182	5.775976	5.030551	4.975513	4.970774
5.236508	5.663979	5.035408	4.846421	4.788457	4.908052	4.531668	5.162004	4.812141	5.323149
4.93139	4.78655	4.700592	4.048237	4.995488	5.229399	5.506458	4.301088	5.689247	5.876039
4.378391	5.514687	5.387738	4.413703	4.968777	4.954824	4.972008	5.2674	5.260663	5.248123
5.568376	5.369932	4.211814	4.296059	4.347531	5.879223	5.556411	4.652042	4.558703	5.771084
4.811932	5.601608	5.346998	4.549602	4.921771	4.907818	4.925002	4.96367	5.314148	3.507082
4.58208	5.200561	5.002319	3.64718	5.359094	3.903944	4.958671	5.312647	5.276444	4.44925
4.682395	5.669905	4.846676	5.413673	5.296351	4.962995	4.753262	4.996907	5.053833	4.104158
5.002702	5.517542	5.999379	4.429781	4.08198	4.203401	4.298506	5.086499	4.71767	4.721799
5.114302	4.568872	5.429001	4.708158	5.171832	4.15759	5.098078	4.724225	4.102497	5.16595
5.446094	5.506848	5.113209	4.345368	4.874419	3.989754	5.246482	5.585112	5.051435	5.461296
5.010934	5.053958	5.461745	5.4808	4.297283	4.347779	5.183894	4.841819	5.97193	4.390654
5.058822	5.231054	4.631925	5.88134	4.919063	5.505795	5.022629	5.587024	4.382592	4.628532
4.264962	5.613874	5.050498	4.742344	4.814225	4.269782	5.23475	4.910662	4.538577	5.751453
4.496928	5.828754	4.500147	3.992473	4.965086	4.951133	4.968317	5.529294	4.028741	5.260803
6.255457	4.39101	5.284984	4.765876	5.170832	5.156878	5.174062	4.756884	5.703172	5.103399
5.422404	5.5454	4.780664	4.974482	4.846046	4.88156	4.560556	4.536218	4.653146	5.416185
4.523293	4.001279	5.426227	4.467584	5.211195	5.225503	4.355369	4.499022	4.969475	5.148085
4.015423	5.119773	5.425268	5.180109	5.514504	4.887796	4.667555	4.665545	4.867101	4.793894
5.396955	5.058835	5.512083	4.316606	5.480062	5.470729	4.74543	5.286657	5.790434	5.132291
4.827451	6.238713	4.562655	5.757103	4.407343	5.748151	5.097277	4.09288	4.59451	4.460582
4.53434	4.517154	4.782682	4.824211	5.081166	5.067213	5.084397	4.668556	4.756806	5.053977
5.229669	4.301301	4.931379	5.105123	4.689489	4.289526	4.732834	6.00992	4.362735	4.844242
5.175125	4.422089	4.616034	5.062092	5.773773	5.545045	5.655459	4.96074	6.052904	5.620661
5.304652	5.171192	4.752382	5.767359	4.681672	4.646922	4.050424	5.244996	5.420037	3.656894
4.99776	4.916329	4.795213	5.666157	4.003018	5.461172	4.442971	5.202538	4.831111	4.889288
5.32621	5.044756	4.632049	5.213603	4.817173	4.984544	4.525766	4.853093	5.246637	4.026912
4.06879	4.586078	5.048239	4.555563	5.024499	5.010546	5.02773	5.127647	4.382683	5.145271
4.155664	4.84311	5.412392	5.606318	4.533356	5.47642	5.239092	5.562439	5.368754	4.86248
5.197209	3.348154	4.666708	6.237271	5.24853	5.081246	5.091943	4.84376	5.190362	5.777323
4.602674	5.46895	5.135904	4.343978	4.754721	4.93359	4.909307	5.154806	5.01098	4.710716
5.19314	4.537346	5.044238	5.02782	6.147377	4.188972	5.243805	6.094166	4.992891	5.726623
5.041763	6.062933	4.418262	4.74797	4.963234	4.472923	6.1665	5.657349	5.047159	4.964659
5.143829	4.30067	5.077473	4.732995	4.350116	4.996135	4.898945	4.948939	5.542682	5.193648
5.251145	6.229016	4.994313	4.426201	5.379596	5.336063	5.335782	4.89703	4.758748	5.780462
4.951983	4.979627	3.462893	5.197897	4.546249	4.591246	5.191394	5.779005	4.717351	5.163245
5.097426	4.526189	4.578992	4.370544	5.055717	5.041763	5.058947	5.583755	4.509069	6.271865
6.206369	5.393964	5.484416	5.801077	4.929058	4.915104	4.932288	4.76853	4.843596	5.764293
4.895871	5.474317	5.859478	4.134801	4.979114	4.876462	4.87832	5.019039	4.395088	5.327588
4.286306	3.757308	4.476815	5.004006	3.325217	4.685495	4.874886	4.826824	4.612112	3.429495
5.443762	4.889282	5.771291	4.324184	5.147811	4.233539	4.904222	4.685795	4.894622	5.666141
5.630229	5.779153	5.006483	5.952138	4.190662	5.450947	5.020729	5.843198	4.727657	4.841795
5.361055	4.796487	4.735718	5.828964	5.35252	4.734787	4.924251	5.935303	4.289649	5.22581
4.673647	4.614717	4.802847	5.319062	4.839473	5.833361	5.012483	5.442602	4.205334	4.559901
4.649593	4.840832	5.802593	5.003986	5.021009	4.981226	5.326171	5.600581	4.551094	5.847975
5.309291	5.366341	5.965192	5.179299	5.59447	4.817967	5.440799	4.742381	4.439939	3.863153
4.616879	4.900452	5.926628	4.609215	3.799092	4.143078	5.787239	4.384821	4.265793	5.510135
4.50057	6.244986	3.682065	5.277303	4.746914	5.155777	5.157609	4.761935	5.365678	5.845677
5.099044	4.534281	6.173488	5.110314	4.747251	4.793156	5.129585	4.756464	5.634271	5.029418
5.215272	5.310165	5.407403	4.3553	5.21378	5.555741	4.842621	5.792435	5.13507	5.551843
4.907899	3.984574	5.660123	4.939778	4.681296	5.654938	4.629506	5.698954	4.956412	4.999547
