4.841189	5.62302	4.996543	5.557529	5.150104	5.651135	4.376767	6.089118	4.370046	5.879486
4.705089	4.579556	5.007148	5.668294	5.129514	5.270607	4.482194	5.801372	4.252688	4.915395
4.584396	5.266905	4.759699	3.960972	5.029248	5.996465	4.774297	4.657762	5.805032	5.893445
4.542841	4.905036	6.144259	5.103378	4.750296	4.588236	4.627937	5.759914	5.138679	5.488047
4.420263	3.701126	4.937266	4.802186	5.329681	4.713945	4.912999	5.174321	4.928569	4.756053
4.209525	3.98743	5.539866	5.764755	6.038069	4.157985	6.181723	4.410321	4.127034	4.30721
4.874603	5.326005	5.138398	5.011261	6.736579	5.135271	5.338221	5.68376	5.113674	5.086372
4.92557	5.144467	5.719098	5.179821	4.989314	4.457596	5.481638	4.600104	4.931696	5.313733
4.321632	4.531479	5.220266	4.680374	4.359253	5.384911	4.87202	3.698018	5.393811	5.465796
4.206947	4.467889	4.884105	4.881634	5.158129	4.92952	5.580879	4.015871	4.888024	4.348996
6.899234	4.742495	4.705461	5.724695	4.951239	3.934179	5.747526	5.564211	5.202841	5.59733
6.140735	4.698329	4.786632	3.889664	5.466866	5.14068	4.644442	4.903205	4.354342	4.778528
6.355725	4.622516	5.067563	5.065091	4.30894	5.814869	5.031847	5.775813	5.071481	4.89601
4.708629	4.64697	5.114555	5.188906	5.345125	5.558445	5.086972	4.151378	5.204704	5.449338
4.914114	5.076961	4.382303	4.871554	4.091859	4.777207	4.819414	5.440336	4.686591	4.804494
5.224407	5.420125	5.098761	4.668087	4.989818	4.723571	5.471474	5.16258	5.68837	4.956525
4.685362	5.342339	4.604662	4.867109	5.185345	4.593027	4.68957	4.37778	4.053216	5.414913
5.276359	4.549772	5.365264	5.092181	4.672869	4.797241	4.922377	4.729496	4.459035	4.42227
4.73028	4.20004	5.039414	4.876933	4.774834	4.89031	4.846383	5.370754	5.350233	5.684508
4.624245	4.533085	4.221467	3.770877	4.636427	5.859633	5.044547	5.40635	5.42146	5.082222
4.867342	5.596234	4.278971	4.896962	4.501465	4.556691	4.042591	4.690466	5.460291	5.307244
5.395457	4.864452	5.448405	6.141758	5.112526	4.128034	4.617294	4.580755	5.651227	5.209224
5.770976	4.699699	4.879102	5.177502	4.56592	5.340965	4.848331	5.211826	5.708447	5.005307
5.115454	4.476084	3.374511	4.652394	4.507611	4.871309	4.481637	4.112275	5.180786	4.884812
5.004162	4.829597	4.878037	4.73773	4.232455	5.87177	6.568937	3.926063	4.850189	4.732487
4.925303	5.254132	5.49768	5.979406	5.500301	5.137055	5.061944	5.103393	5.709316	5.437012
5.137307	5.055529	4.162677	4.750714	5.264089	4.934618	6.002959	4.804496	4.758632	4.944425
5.683219	5.235083	5.074643	5.072171	5.456624	4.910649	5.097935	4.807588	5.078561	5.160236
5.118514	4.841043	4.561707	5.049486	4.465359	4.281106	5.874081	5.238761	5.104838	5.382061
4.942381	5.927213	5.488039	5.415836	5.758477	5.558689	5.32206	4.953228	5.332336	5.142088
6.507431	5.214144	4.824621	5.013562	5.00785	4.71456	4.894314	4.387067	4.733566	4.956173
5.052833	5.3916	4.925644	4.289909	4.880993	5.697465	4.741334	4.190168	4.935596	4.784561
5.048722	5.843782	4.619973	4.823966	4.813901	5.701462	5.442789	4.370385	5.335864	4.981449
3.204302	4.794785	5.081504	5.079033	3.993493	5.842805	5.851714	5.478945	5.085423	6.320594
5.482802	4.221823	5.084064	5.081593	5.205344	4.422233	5.695763	5.031844	5.087983	4.615535
5.123741	5.828664	4.545476	5.739973	5.448891	5.207549	4.99488	5.551721	5.372795	5.331018
5.100951	4.666188	4.997908	5.760576	5.734492	5.199588	5.07734	4.285698	4.618984	4.586159
4.702299	5.809046	4.955463	4.952992	4.48794	5.585248	4.624562	5.230944	4.959382	4.785884
5.389951	5.12971	5.285609	5.442989	5.572066	5.269377	5.287193	5.80266	5.345859	4.197026
4.404743	5.464734	5.508137	5.10945	5.628942	4.442619	5.004353	5.526578	4.752403	5.01105
4.89147	4.882258	5.408556	5.111492	4.631351	6.093474	4.839113	4.134716	4.913257	5.319793
5.108582	5.35691	4.667128	5.303263	5.127734	4.788109	5.801616	5.586258	4.865919	5.501041
4.452129	4.584822	3.850291	4.585134	5.355688	4.907834	4.261711	4.997587	5.002567	6.141953
4.825408	5.271027	5.443962	5.264949	4.902535	5.190104	4.8481	5.306761	5.412235	5.085854
4.475365	4.676405	5.142992	4.630104	4.892605	5.356211	4.592899	6.159286	5.524869	5.284842
5.235283	5.359292	5.283478	5.918151	5.399031	3.728455	4.748252	5.343955	5.63107	5.470513
6.64392	4.589759	5.445653	5.199431	5.103835	4.86657	4.083459	4.637062	4.908986	4.784857
5.111171	3.682633	5.430896	4.748987	5.328527	4.693242	5.954885	5.488518	4.395448	4.892074
5.342606	6.182972	4.987596	4.985125	5.494248	5.501203	5.504824	5.148214	4.991515	4.194717
5.024661	5.845398	5.341288	4.332651	5.029996	4.518947	4.703745	5.205424	4.891912	5.300492
4.764515	4.554164	5.066871	5.525155	4.754182	5.244011	5.219165	5.239272	4.342846	4.939696
5.045685	5.103763	5.196152	4.831645	4.622781	4.886636	4.778736	4.794658	4.616736	4.727201
5.383758	5.024092	5.026786	5.245658	3.878167	4.799002	4.063735	4.811247	4.488253	4.889231
4.883376	5.371862	5.239505	5.16466	4.670314	5.232191	4.51523	4.696995	4.847898	4.854525
4.789806	5.285513	5.060485	5.058013	4.34392	4.649215	5.204384	5.072658	5.064404	4.184598
4.421906	4.950619	4.959735	4.827286	5.454937	4.28734	5.350308	4.362926	4.646221	5.051438
5.744963	4.825989	5.468592	5.444843	4.833788	3.978388	4.643074	5.141586	4.808122	4.393837
4.674907	4.784944	5.061469	5.058998	5.584555	5.219033	4.368154	4.995653	5.065388	5.920285
4.231416	5.300108	5.596183	3.434195	5.130585	4.240608	4.582498	4.545617	5.121862	3.939084
4.783337	4.059759	5.255996	4.868925	5.871751	4.999895	4.673535	5.359321	4.934733	4.849504
5.588497	5.131045	4.526261	4.557959	3.540014	5.229251	5.975225	4.156199	5.095568	4.36518
5.236805	5.93045	4.65166	4.943651	4.715407	5.693636	5.065248	5.65215	5.913322	5.78564
4.948902	4.927708	4.454742	4.622277	4.833105	5.267533	4.22728	5.361114	5.637564	5.350515
4.128701	4.695036	5.196079	4.383379	4.431681	4.667407	4.85071	3.933275	5.054895	5.59892
5.937046	4.196222	5.13996	5.137488	3.867154	5.191214	5.025712	5.08465	5.143878	4.943354
5.889393	4.949425	3.463607	4.615892	5.579136	4.670872	3.970494	5.654084	6.485434	4.551083
5.283134	5.349667	4.076969	4.319508	3.875231	5.320499	5.67251	4.859999	4.813735	4.871095
5.397458	4.64629	4.726233	3.780685	4.408826	4.803045	4.855904	5.581565	5.368321	4.646632
5.762662	4.571694	4.938584	4.935301	4.39214	4.650943	4.753098	6.107502	4.48837	4.973685
5.750384	4.2021	5.479225	3.861408	5.342234	3.268053	4.017395	5.763574	5.646118	4.917087
4.155759	5.804302	5.167339	4.873565	4.861855	5.46659	4.696393	5.219942	4.467824	4.705026
5.131867	4.433602	3.370942	4.512126	5.095774	4.500489	5.809661	5.823602	5.786319	4.127509
5.290353	5.902035	4.063454	5.480426	4.483466	4.957461	4.995005	5.361163	4.24919	5.030695
5.374583	5.217403	3.974775	5.712296	5.833358	4.599615	5.953154	5.516321	4.911252	4.675169
4.581539	4.107474	4.287857	5.355236	4.818523	5.727688	5.298428	4.911893	4.972239	4.322554
4.355464	5.326308	5.081619	5.079147	5.726726	5.542615	4.772085	4.765426	5.085537	4.446528
5.264407	5.187254	4.98014	4.977668	5.131525	4.524177	5.068354	5.330519	4.984058	4.601566
4.869403	4.358997	5.04476	4.771815	5.15163	5.169959	5.166212	6.384936	4.902738	4.255769
4.101128	4.291823	4.732682	4.074656	6.19699	4.655631	4.867059	4.586183	4.45436	5.769398
5.179535	4.699337	5.383533	5.155529	5.043136	4.074242	4.889591	5.509207	4.441185	5.805756
5.066765	4.505011	5.611187	4.824427	4.489732	5.481823	4.71059	4.863954	5.201308	4.368956
4.255813	5.034029	5.360043	4.787148	4.855789	5.379882	4.974307	4.874995	5.193883	4.464518
5.760201	5.413146	4.900805	4.182731	4.958965	4.463719	5.219543	5.005868	5.646844	4.543404
5.254471	4.221403	4.14867	4.844662	4.638225	4.973872	4.857655	5.001446	5.081193	4.913463
4.258394	6.242477	4.763073	5.600538	4.669028	5.203575	5.44589	4.022051	4.671525	4.276608
5.061514	4.837576	5.095723	4.742218	4.953048	5.387006	4.416391	5.264508	5.400897	4.777995
4.924731	4.999241	4.603115	5.518673	4.164114	4.570068	3.851249	4.743957	5.165061	4.558689
4.075809	3.944404	5.157753	5.098066	4.865637	4.216943	5.190925	5.156756	5.107776	6.10743
5.875398	5.545018	4.608179	4.829619	5.71431	5.952022	5.020144	4.475506	5.18606	6.060605
5.829678	4.542132	5.024297	5.904061	5.150815	5.555904	4.758242	4.939953	5.315856	5.22649
4.774237	3.965289	4.142894	5.431653	5.380423	5.854762	4.031613	5.882344	4.196583	5.478894
4.689751	4.723686	5.090381	5.087909	4.452707	5.326369	5.932375	3.677897	5.094299	5.67094
5.277731	4.413708	5.24262	5.411734	5.342281	4.635136	5.1573	5.090629	5.412905	5.050622
4.995821	4.975824	5.521815	5.111735	5.972521	5.188861	5.641285	5.0707	4.935403	4.097227
4.66753	4.451659	6.366416	5.710199	4.134377	4.345406	5.292956	4.69003	5.667687	4.787103
7.136505	5.01645	4.748507	5.552085	4.202286	5.357922	5.346278	5.615954	4.794655	5.441599
5.376991	5.632448	5.012946	5.010474	5.403778	4.776552	5.717437	5.714993	5.016864	4.89677
4.511981	5.649642	5.601496	3.989106	4.197575	4.916482	4.039966	5.063351	4.745322	4.569552
5.296472	5.010098	4.0888	4.825095	5.155346	5.83982	5.077324	5.075344	4.27698	4.837234
5.491731	4.495815	5.151558	4.849474	5.516364	4.714929	5.130246	5.344893	5.075886	5.60371
5.147342	4.596313	5.031873	5.029402	5.588253	4.566314	4.455272	5.246016	5.035792	4.811975
4.776944	5.640953	5.176763	4.566753	4.799104	4.187102	5.784558	5.021525	4.044106	4.905709
4.996476	4.459135	4.336507	4.114917	5.018548	4.724229	4.155399	5.644488	5.254287	5.301822
5.091813	5.458889	4.965416	5.311023	5.774775	6.085743	5.918689	4.706717	5.775461	5.893396
4.980605	5.043038	3.801431	4.126599	5.272401	4.211234	5.639758	5.192189	4.946542	5.840092
6.003004	4.384311	4.120462	5.10289	4.859322	5.701358	4.701183	5.814136	4.33323	4.589979
4.840122	6.26599	5.008489	4.945947	5.489363	5.176068	4.661267	4.136521	4.409917	4.537442
4.583024	4.865202	5.673865	5.3218	5.202778	5.71447	4.688391	3.922969	5.253284	4.966863
6.217399	4.836435	4.794388	4.958098	5.295943	5.194068	5.117639	4.525084	5.183403	5.56391
4.846144	4.033325	5.867078	4.488033	5.061361	4.925593	5.9891	4.808101	5.115636	4.759521
5.45425	5.15694	3.720131	4.286138	4.587676	5.386537	5.72988	6.030783	5.393262	4.839626
4.408285	4.134165	5.794178	5.303851	4.895851	4.990944	4.740828	4.106518	5.11894	4.542398
4.763772	5.368355	5.001447	5.334232	5.992438	4.997727	4.57093	5.440013	4.979322	5.530637
4.120469	5.805142	5.006081	4.983833	4.080783	5.38171	5.24607	5.28192	5.090858	4.668899
5.544628	4.52723	5.369142	4.953869	4.752555	5.606012	4.098157	4.770314	4.56697	5.931404
5.608795	5.555215	4.413123	4.987157	5.465585	5.156311	5.14817	6.088085	5.016535	6.404888
4.203825	5.379595	4.765847	4.763376	4.90131	4.411075	5.717314	6.033349	4.769766	4.916839
5.502732	5.235114	5.08715	5.146143	5.941221	5.966352	4.675807	5.333642	5.049168	5.584843
4.12777	5.353164	4.917054	4.914582	4.67767	4.270299	5.735829	4.833536	4.920972	5.583235
4.55944	4.269264	5.008362	5.00589	4.899112	4.997483	5.15838	5.412909	5.01228	4.032273
4.576619	4.621572	4.89806	4.981069	4.512648	4.856388	4.92945	4.359781	5.632891	4.97833
4.962766	6.205879	5.088405	5.451983	4.612886	5.067206	5.484489	5.206208	4.70027	4.783583
4.142761	3.792933	5.979415	4.296976	4.852656	4.965931	4.804755	5.029274	5.397915	6.328103
5.119566	4.947971	5.951825	5.12761	4.398229	4.989367	4.747966	4.460618	5.340617	5.594833
5.826251	4.94953	4.861056	5.654478	4.470972	5.573778	5.854403	4.601821	3.916673	5.351302
4.724733	4.790952	4.951852	4.94938	4.944612	5.732594	5.391302	4.944866	4.95577	4.747384
5.059744	4.356836	4.956746	4.90321	5.654104	4.657856	5.167744	5.413363	5.611675	4.799111
4.966609	7.071934	4.310483	4.354708	5.604645	4.987806	5.041316	5.110695	5.568964	5.156149
4.692836	4.82957	5.085896	4.261912	5.376136	5.403382	3.672817	4.905041	4.770592	5.05213
5.872872	4.311516	5.38622	5.168577	4.653977	5.297857	5.263433	5.168005	4.990927	4.830202
4.718529	5.355072	5.064216	5.061745	3.984632	4.839974	5.488851	5.10871	5.068135	5.243108
4.811566	4.897436	5.477633	5.061354	4.353496	5.254244	6.274648	5.299598	5.451256	4.90241
4.955309	5.83777	5.021681	5.019209	5.465898	4.592411	5.862339	4.061779	5.025599	4.898307
4.868157	4.485465	5.029564	5.406591	4.919896	5.038018	5.037385	4.693135	4.74783	4.788093
4.599068	4.837363	4.982917	4.980446	6.157871	4.181362	4.752614	5.013368	4.986836	4.343383
5.09038	5.005604	4.439153	5.085751	5.157439	4.825959	4.889476	5.560344	4.03804	4.767818
5.959064	4.174635	4.950448	4.665263	4.324969	5.065994	4.526299	4.93968	3.992654	5.281123
5.378598	6.081345	5.430215	5.954508	4.840658	4.69369	5.366493	5.343713	4.166866	5.005729
5.463026	5.565341	4.896616	5.565556	4.990754	4.660017	4.633198	6.058097	5.099104	5.134787
3.952323	4.376188	5.020116	5.017644	5.27363	5.680437	5.12052	5.40175	5.024035	4.783248
4.122867	5.295978	5.398841	4.944419	4.134476	4.486985	4.595793	4.066337	5.401143	5.453933
5.072072	4.92138	6.053568	4.881814	4.611699	4.339251	5.259591	5.583853	5.499483	4.676978
5.477549	4.545574	4.892456	4.633674	5.319692	4.760718	4.298633	3.990194	4.680869	5.504153
4.741971	6.011255	5.2303	4.483316	5.873903	5.346315	4.834661	4.840182	4.15931	3.576216
5.001336	4.095218	5.705381	4.759631	4.8816	5.257616	4.632122	5.147102	4.959987	4.753921
4.882711	4.556764	4.073558	5.48399	5.829905	5.383884	5.243606	4.368881	4.525343	4.984493
5.281084	4.197104	5.354392	5.587017	4.555279	4.714829	5.340418	5.495463	4.995898	5.038579
3.990332	5.722642	5.229308	5.28163	5.29004	5.371173	5.313145	4.244977	4.577136	5.108397
4.475944	4.927741	4.705472	5.672772	4.13205	6.221137	5.543519	5.489095	5.195864	5.182837
4.7026	6.088036	4.706763	4.810945	5.26187	5.516929	4.517348	5.402471	4.833404	4.785241
5.35146	5.397195	4.522902	5.119744	5.12863	5.874036	5.253034	4.642028	4.85858	5.086092
4.777289	5.640837	4.753977	5.167276	4.143183	5.004371	4.599924	4.852341	5.603435	4.72629
4.418835	4.894817	4.26155	5.166844	4.220233	5.129051	4.869318	4.010678	5.197839	5.342707
4.834541	4.992918	5.140338	4.673096	4.893773	5.626201	4.590122	5.312536	4.617127	4.948259
4.928658	4.370688	5.413872	4.675569	4.923564	5.194657	5.331796	5.122914	3.768831	5.015854
5.289873	5.351751	5.065491	5.06302	5.601595	5.24938	4.567346	4.505242	5.06941	5.103697
5.105985	5.825196	4.077145	5.554674	5.077689	6.129712	4.534392	5.819277	5.07346	5.244945
5.126342	5.493813	5.51791	4.905054	4.797974	4.472047	5.4097	4.455536	5.59269	5.523757
5.466582	4.690492	3.998969	5.343934	6.277878	5.05679	5.069292	5.304034	4.604311	4.727842
5.280411	4.762753	5.354325	5.44662	4.79364	4.699523	3.720351	4.324221	4.921614	5.013798
4.772293	4.833097	4.421617	5.043124	4.617492	5.227566	3.580178	4.285671	4.382643	4.915897
4.470824	5.639213	5.534887	4.694414	6.577854	4.63825	5.26807	4.360451	4.536179	4.744887
4.876689	4.883405	4.80243	4.799958	4.666357	5.911104	3.607094	5.411999	4.806348	5.452072
5.404294	4.774066	5.801975	4.94723	4.820265	4.541444	5.005946	4.852552	4.876166	4.706794
4.869997	5.092485	4.432568	4.945718	5.132829	5.170599	5.316278	5.23925	5.086336	4.569684
5.081334	4.6367	4.994069	4.991597	5.579017	5.615455	5.731742	5.226789	4.997987	5.322323
5.144375	4.358987	5.722704	6.659374	4.67772	5.344512	4.642068	5.288631	5.166456	5.062025
5.149271	5.524817	3.890296	5.120986	4.413211	5.474519	5.198612	4.963017	4.760523	5.611795
5.397979	5.184801	4.978118	4.365173	5.840376	4.911583	5.05199	5.586766	5.647146	5.050902
4.501189	6.289076	5.022389	5.019917	4.977128	5.090229	5.167318	4.615552	5.026308	5.009321
4.827858	5.535469	4.776408	5.476734	5.16973	4.422218	4.949213	5.038135	4.236273	5.892451
5.830098	4.471109	4.650917	4.563456	5.892019	4.96395	4.472776	4.573641	5.216496	4.298522
4.668034	5.455978	3.609914	4.631565	5.137199	4.610851	4.710584	4.014646	4.903465	5.129504
5.009781	4.569709	5.005936	5.003464	5.061315	4.8379	5.090156	4.550969	5.009854	5.509849
4.443913	5.109479	4.987692	4.767184	4.560806	5.920777	5.227416	5.17013	5.494321	6.191494
5.427288	4.592127	5.777103	5.288262	5.315384	5.357984	4.993975	5.480278	5.612801	6.255392
5.847445	5.47587	4.286045	4.577699	5.963629	5.58641	4.986401	5.590181	4.689312	5.717793
4.525504	5.658918	3.813138	4.594576	5.827893	5.762234	5.325141	5.447898	5.920708	4.878297
5.478137	5.234356	5.212723	5.143801	5.131383	5.295784	4.955115	4.623376	4.7665	4.018208
5.354155	4.534363	5.607327	5.591554	4.781603	4.374849	5.448843	5.372037	5.153982	4.770238
4.990569	5.46463	4.313516	4.583196	5.021895	4.202468	4.381022	5.029367	5.842686	5.269306
5.609269	5.316559	4.99247	4.870506	5.080513	5.107938	5.075109	4.31316	4.66058	4.562033
4.509382	5.002403	5.251477	5.059638	5.366541	4.762751	4.744394	4.699796	5.23466	5.505459
5.563425	5.191368	4.915746	4.941754	6.252536	5.341481	4.830755	4.254296	5.341324	5.438579
4.765474	5.288609	4.823199	5.915749	5.148499	4.807536	5.143327	6.075818	5.408262	5.541639
4.857061	5.110857	5.102273	5.154601	5.365554	4.200629	5.335758	5.791037	4.628912	4.571781
4.111529	5.031194	4.434779	5.094396	6.072244	6.547644	5.078862	4.333404	5.589886	4.128572
5.019407	5.146071	5.303945	5.844384	3.836344	5.619428	5.196657	5.4987	5.469679	4.914462
5.108086	4.978992	4.957685	4.955214	5.09446	4.29867	3.491513	4.455108	4.961604	4.113005
4.448024	5.303619	3.73377	5.037879	4.520757	4.326088	5.253059	4.976471	5.211974	4.687865
5.176164	4.615623	5.132205	4.739795	5.194155	5.987148	4.70161	5.409197	5.908578	5.641518
5.630538	5.703611	4.967333	4.964861	4.418785	4.669749	5.262214	5.387217	4.971251	4.351924
4.421644	5.447576	5.778249	5.621847	5.06971	4.271357	4.92381	5.091837	4.165063	5.086556
5.240538	4.964539	4.934646	5.643641	5.345093	5.133871	4.342714	5.80407	5.448115	4.763315
5.187571	5.915462	4.660578	5.27951	4.05281	4.633681	4.61808	5.061827	5.294784	5.039585
4.798238	4.837891	5.333476	4.146786	5.294922	4.501883	4.404115	5.365107	5.180386	5.29948
5.820835	4.176697	5.119564	5.012069	4.833659	4.826718	5.02901	5.222614	5.415576	4.721651
4.322119	5.071708	5.557579	4.88218	5.765314	3.899359	4.979731	3.947047	4.725423	4.861339
5.247589	4.802831	4.333715	4.47923	5.441187	3.865686	5.661332	4.80034	4.894539	4.56952
4.392817	4.711971	5.148934	4.979118	5.166564	5.004458	4.613898	4.462771	4.695439	4.768769
