5.284607	5.549317	5.58931	4.273891	4.987076	4.973123	4.990307	4.803129	4.383804	5.274251
5.349961	4.539363	5.764263	4.733964	5.125434	5.111481	5.128664	5.761039	4.556457	4.319479
5.513968	4.916087	4.59659	5.08894	4.929253	4.9153	4.932484	4.677568	5.200871	3.574092
4.038546	4.664921	4.963104	4.56443	5.533545	4.417726	5.287314	4.814902	4.998564	4.994875
5.128087	5.152782	4.459188	4.78732	4.583765	5.365387	4.754156	5.918216	4.983465	5.7766
5.421735	6.123808	4.4073	5.04122	6.305959	4.367611	6.714928	4.857028	4.693826	5.732966
4.824905	5.234265	4.637747	4.742084	5.229393	4.804832	4.79545	4.852324	5.573846	4.650735
5.688384	4.475338	5.593209	4.614865	4.626991	4.896574	5.229909	5.122875	4.995832	4.464277
5.524993	5.269282	4.738542	4.578828	5.04425	5.081297	5.312938	5.926547	5.601449	5.0571
5.433122	4.724317	4.824972	5.494431	4.905695	5.482062	4.909037	4.466394	4.342139	5.98981
5.647981	5.943075	4.670218	4.936585	4.914793	4.171631	5.10954	5.636864	4.326609	5.133989
4.873063	6.003785	5.44826	5.140257	4.801982	3.982543	4.989178	5.029032	5.185719	5.566094
5.282308	3.858821	4.897308	5.052332	5.403861	4.812824	5.597692	4.798909	4.389586	5.267837
5.284171	5.253955	4.708873	5.272567	5.267222	4.274712	3.951733	5.347008	5.261404	4.63354
4.885375	5.024108	5.568441	4.062706	5.43121	5.416777	4.980105	6.105755	4.194702	4.109439
5.035015	4.701764	5.437628	5.46804	5.66176	5.181077	5.169125	4.707411	5.750612	6.035606
4.509197	5.588156	5.030089	5.601151	4.586077	5.231968	4.65521	4.109444	5.113276	4.980884
5.022654	5.019651	4.556236	3.776112	5.063076	5.46846	4.568697	5.008885	5.526474	5.478549
5.048729	4.838581	4.806941	5.521084	4.068251	4.93565	4.953753	4.216319	4.98983	4.19527
3.844074	5.092139	4.52504	5.228921	5.245299	5.278636	5.010462	4.44433	5.371801	4.878757
4.383589	5.250884	4.252972	5.463282	5.114698	5.100745	5.117929	5.178061	4.353228	5.177819
5.915157	5.185852	4.117046	5.815817	5.04468	5.030726	5.04791	6.204877	5.008459	5.307623
4.90954	4.813714	5.711961	4.942823	4.90658	4.630364	4.540776	4.933909	5.201902	4.691022
3.734461	4.590392	5.042365	4.706425	5.817309	5.171999	3.659318	5.241169	4.655087	4.79249
6.141576	3.647184	4.359227	4.849833	4.960335	4.946382	4.963566	4.400142	5.815936	4.751438
5.544626	4.17343	5.133831	4.953014	3.820825	4.49911	5.167544	5.388871	4.94225	5.007135
4.577283	5.009787	4.497324	5.251855	5.402609	5.136254	5.159012	3.625211	5.830704	5.445484
4.604184	4.427139	5.377125	4.608912	4.964943	6.109796	5.381899	5.516794	5.29226	4.514082
5.507026	5.258654	5.318789	4.68022	4.078576	5.368775	6.733398	4.85596	5.67718	3.839885
5.712206	6.049663	5.447009	3.822633	5.651744	4.407166	5.205983	4.272694	4.687792	4.95538
5.727524	4.666973	6.184142	5.302204	4.539545	4.614459	5.04228	5.237175	4.76193	4.790432
5.712617	4.921831	4.919481	5.53828	5.448695	5.252562	5.737167	5.214991	6.0495	3.93265
4.998516	4.483045	5.158603	5.059988	6.277316	4.485739	4.541941	4.661029	5.39693	3.90636
4.842981	4.690375	4.908824	4.821342	5.143955	4.575096	5.305868	4.955894	5.474917	5.221082
4.686244	4.830188	5.383256	6.249306	4.507028	3.789008	6.901029	4.7675	5.857323	5.694831
5.049645	4.29994	5.748338	5.263343	5.667719	5.117889	4.496098	4.003354	5.359799	4.960603
5.525681	5.337962	5.014606	5.626951	4.932365	4.918412	4.935596	4.554689	5.166501	5.788814
4.429329	6.059089	4.895293	4.773732	4.236634	4.737933	3.609648	5.13437	5.071095	4.971385
5.141556	4.832972	5.431115	4.808959	5.015953	4.544965	4.04278	4.805468	5.41254	4.820526
4.955488	5.321667	5.146857	5.418278	4.947861	5.389717	4.820208	5.726518	4.586544	5.290796
4.404377	5.973119	6.389674	4.747318	5.190799	4.090468	5.009409	5.195117	4.370019	4.371963
5.077625	4.271328	5.307969	5.114067	5.272836	5.185244	4.808292	4.398756	3.997821	5.255348
5.230436	4.890757	4.427488	5.767493	4.834226	4.820272	4.837456	5.69509	4.468539	5.71415
5.559467	5.361634	5.340743	5.218047	4.92662	4.971714	6.005644	5.573909	5.014334	5.022133
5.23503	5.086221	5.11294	5.506069	5.007647	4.993694	5.010878	6.368099	4.841352	4.925701
4.651899	4.468378	4.652476	4.988418	5.793149	4.733461	6.20714	4.762077	5.306316	4.6931
4.752215	5.156897	4.85971	4.235513	4.944511	5.063369	4.787787	5.21968	5.490447	5.223883
5.253828	5.428465	4.774887	5.464952	5.354006	5.067391	5.129114	4.455798	4.679703	5.002521
4.832644	4.708871	3.964667	4.42155	3.971128	4.104154	4.240603	4.788451	5.232603	5.283682
5.697163	6.879826	5.805804	5.492395	5.216263	4.574622	5.397459	5.325436	4.701726	4.714913
3.965078	4.853097	5.095819	4.650385	5.035449	5.021495	5.038679	5.869323	4.841182	5.574422
4.985001	5.231634	5.357265	4.193782	4.949712	4.935759	4.952942	5.804527	4.822047	4.928001
5.35781	5.197194	4.901849	5.024058	4.648324	5.197887	5.33586	4.451846	4.574431	5.414482
4.446263	5.192213	5.602962	4.835793	5.04237	5.468193	4.410048	4.394944	5.743956	5.784011
5.190364	4.47184	5.198773	5.522967	4.617941	4.892508	5.498518	5.602932	5.27988	4.273506
5.416845	4.590606	4.520688	4.851541	5.228005	5.674592	5.971994	4.751214	4.451823	4.880167
4.989849	5.330124	5.340691	4.622828	4.624993	4.360149	4.313164	5.004517	4.791319	5.426267
4.741549	5.175877	4.746507	4.220941	4.6044	5.560836	5.72948	4.835068	5.507175	3.821731
5.377213	5.609665	5.561937	5.009391	4.545725	5.152393	5.109999	4.35484	5.735381	4.738048
4.763987	5.180991	4.648015	5.345464	4.93648	4.922527	4.939711	4.563122	5.004309	5.330176
5.830375	4.552727	5.265796	5.212239	5.461964	5.339643	5.749742	5.397186	3.979292	5.058204
4.817369	3.953664	5.85402	6.75151	4.496643	5.430155	5.351193	4.758145	4.345737	5.160415
5.312283	4.470453	5.195572	4.526409	5.666854	4.054372	4.375278	4.250212	5.208509	5.373866
4.287097	5.665213	5.564156	5.779172	4.304989	5.16081	5.066781	5.247991	4.955462	5.243238
4.83632	4.867637	4.290493	5.715909	4.406567	5.419694	4.134011	4.299966	5.865918	5.304723
4.267422	5.952579	4.665859	4.606677	4.976718	4.866617	5.182285	6.068735	5.191973	5.161152
4.210347	5.009591	5.274524	3.395479	5.764828	5.606059	4.307262	5.519626	5.24482	5.332124
5.468088	5.037358	5.092896	3.670727	6.1351	4.94562	5.655236	5.236405	5.723138	4.795921
4.474462	5.889735	5.03721	4.573887	5.59852	4.959425	3.987598	5.471165	4.991212	4.435521
5.76681	4.878693	4.514729	5.168108	5.820092	4.397096	5.640289	4.960745	3.894183	5.358614
5.13104	4.136621	4.015122	4.002156	5.236282	5.669914	4.219851	4.746627	4.681756	4.525535
5.981696	5.027414	5.293664	5.333259	3.954064	4.410254	3.674106	4.70646	5.532355	4.297635
4.304958	5.678011	4.811186	5.099942	5.081368	5.067415	5.084599	6.100783	4.359414	5.76701
5.311846	5.407951	5.447532	3.743052	4.966329	4.952375	4.969559	5.619534	5.89364	5.345332
4.21455	4.692323	3.49104	5.371129	4.935133	4.436896	6.009068	4.765593	6.491122	4.99743
5.414229	5.197116	4.406356	5.666778	4.482536	5.18354	5.195675	4.084302	5.397292	5.870378
5.257059	5.408806	4.452066	3.879719	4.985421	5.232055	5.175751	4.928767	4.004816	4.151747
5.623646	5.016707	4.756248	5.441963	5.486341	5.508419	5.086437	5.143019	5.502832	5.144553
4.840389	5.793485	4.8169	5.20784	4.368456	5.932737	4.600222	4.9017	4.321553	5.571763
5.565425	4.475324	4.388581	4.630502	4.887235	4.873281	4.890465	5.34043	5.056528	5.669498
5.233624	4.575735	4.209376	6.077971	5.300191	4.29987	5.665654	5.373207	4.996133	5.358146
4.972464	5.239196	5.705653	4.088561	5.419372	4.356619	5.441488	5.332293	5.55574	5.744032
4.579896	4.572214	5.414116	4.847927	5.069281	5.71886	4.65506	5.154887	6.069573	4.959741
5.6097	4.0716	4.889458	5.176336	4.873948	4.859995	4.877179	4.605494	5.341654	4.476606
4.776766	5.013459	4.114609	6.37448	4.835112	4.56986	5.366338	5.659988	4.894816	6.112937
4.342509	4.608539	5.534525	3.964917	5.059148	3.933414	4.845151	5.063273	5.263915	5.777554
4.709292	4.640402	5.202109	5.826621	4.609806	4.760363	4.711621	4.477236	4.026087	4.773601
4.779656	4.956843	4.012337	4.637535	4.753049	4.64593	4.41455	5.285406	4.057523	5.285769
4.015521	4.274975	4.871072	4.865293	4.722402	5.210334	4.965959	4.621377	3.88646	5.341638
4.959634	5.798843	5.365285	5.698402	5.043719	5.029766	5.046949	4.421196	4.774784	5.186219
5.19839	5.359423	5.393923	5.114071	5.012938	4.998984	5.016168	5.18981	5.255848	4.526744
4.993364	4.9734	4.648261	5.437047	4.548437	5.555139	6.271455	5.375299	4.961162	5.463055
5.011519	5.115289	5.886951	4.6897	5.151032	5.630606	4.709893	4.42622	4.708929	5.4951
5.492363	5.417436	5.035182	6.011932	4.900455	4.455502	5.420342	4.726798	5.324308	5.182495
4.148623	5.433989	4.859841	5.459428	5.623444	4.557247	5.356517	5.551297	5.177988	4.950814
5.065845	5.284514	5.147505	4.881962	5.056585	4.875806	5.327497	5.364362	5.254787	5.648851
4.642733	4.517275	5.451478	4.570434	5.405221	4.411629	4.555932	5.89882	5.38266	5.720154
4.42216	4.988622	3.875074	4.372272	4.596214	5.258346	4.975815	5.244262	6.138372	6.024832
4.88966	4.96078	5.09117	4.085871	5.217275	4.940843	5.191802	5.366301	5.644477	3.685824
4.276796	5.757696	4.192955	4.384313	5.332734	4.196408	5.301381	5.724	5.292835	5.296997
5.227021	4.460833	4.590051	4.978899	5.597988	4.642172	4.873781	4.581838	4.401893	4.576528
4.747903	5.574414	4.889072	5.79202	5.955777	3.705026	5.495687	4.998233	5.828001	5.167517
5.589081	5.266722	5.657723	4.795284	5.713336	4.412389	4.01867	5.646238	4.942708	5.183207
5.800112	4.796556	5.552686	4.816841	4.443617	4.974939	4.933308	4.274194	4.410571	4.351796
4.968472	5.156785	4.207891	4.815837	4.983566	4.969613	4.986797	4.353776	4.873035	5.733411
4.892839	5.190195	4.907053	4.759647	4.748086	4.996232	5.138028	4.65095	4.839108	5.666611
5.066038	6.029204	4.89346	4.204804	4.434584	4.901211	3.532507	5.462699	4.738088	5.353873
4.503244	5.121864	5.855857	4.408577	5.758971	4.622189	3.645578	5.01068	5.076085	4.613519
5.212522	4.990458	5.276656	4.146349	4.866894	4.852941	4.870125	5.313838	4.482856	5.043835
5.310588	5.508684	4.271725	3.617915	4.274775	3.955924	5.716415	4.976444	4.773758	5.869675
5.970372	5.047259	6.274173	5.163067	5.116587	5.102634	5.119818	4.331266	5.408546	5.030835
5.683739	5.713845	5.816078	4.611538	5.300203	4.146514	5.005089	4.936759	5.192074	4.111259
5.196827	4.785605	4.450518	6.40563	4.771904	4.769665	4.810116	5.486805	5.167237	5.449064
5.600769	5.166068	5.025928	4.523055	5.354187	4.509036	5.334035	5.147684	4.741998	5.077772
4.509483	4.312012	3.687119	5.969508	5.629817	4.552642	4.924858	4.99578	5.449991	4.635454
4.217164	5.023782	5.949936	5.326092	5.086142	5.106269	5.58786	4.739172	5.415373	5.148633
5.451976	4.414928	4.99129	4.520098	5.393101	5.535351	5.892365	5.097424	4.801394	4.850913
4.427646	4.254725	5.197807	4.647296	4.692276	5.098404	4.94852	4.794163	5.231338	4.998363
3.943035	4.507945	5.998835	5.199106	6.328135	4.678597	5.753985	4.162569	5.320333	5.895724
5.245064	4.855213	5.053213	5.939668	4.952592	4.774541	4.952137	5.748628	4.560016	5.097179
5.584071	4.806525	4.649252	4.880885	5.517848	5.094212	4.322716	5.3077	5.098572	4.931605
4.457039	4.159449	4.907097	5.255616	5.538185	5.229079	3.943778	5.737727	4.655046	4.846333
3.977879	4.345211	5.273058	5.174412	5.177571	5.903084	4.608628	4.331146	4.604247	5.40689
5.315915	4.638055	4.647087	5.507786	4.872455	4.858501	4.875685	5.286253	5.148586	4.428318
5.289628	5.304612	4.059386	4.707508	5.810098	5.81237	4.585385	5.23699	5.110064	4.078179
4.385506	4.511951	4.735565	4.511637	4.985275	5.129017	4.047845	4.961762	5.067264	4.292712
5.186246	4.668961	4.557772	5.184491	4.753405	4.494285	4.639891	4.135414	5.098022	5.81179
4.751528	5.191653	4.905035	4.675735	5.128434	5.097673	4.380625	5.548131	5.278916	5.475061
5.510716	4.74321	5.234548	4.296445	4.884029	4.925106	4.594326	4.482388	5.024615	4.305037
5.461544	5.264195	4.914131	6.015499	4.019597	5.95436	4.831737	4.509816	5.290493	4.664032
5.428643	6.122913	5.534518	4.321517	4.471878	5.479212	5.074141	5.102511	4.838658	4.080353
4.758495	5.70214	4.844699	5.824298	5.453485	5.517869	4.045533	5.587508	5.649588	6.000443
5.205486	4.826004	4.771083	5.598947	5.273321	4.424622	4.651967	5.306471	4.716104	6.75155
4.678321	4.299208	4.740758	5.326277	5.034688	5.256017	4.854908	4.908918	4.976965	5.228613
5.429589	4.605628	5.997679	4.805651	5.291749	5.78486	5.112501	4.671926	5.343531	5.842046
5.240583	4.911472	4.594789	5.054154	4.897714	5.398984	5.431498	5.266264	5.63515	4.949095
4.961614	5.819298	3.825888	4.797352	4.583601	5.027163	4.838313	5.188746	5.128015	5.810146
4.894075	4.748632	5.013098	5.583859	5.852938	4.985408	4.371293	5.037175	5.925545	4.708712
4.796334	4.861352	4.90971	4.415947	5.542587	5.294469	4.622342	5.698316	4.680917	4.889021
6.04533	5.12641	5.412669	5.881951	4.111375	4.925349	3.834856	4.373927	4.851311	4.451628
5.169464	4.93546	5.026987	4.637852	6.277277	5.27068	5.462879	4.447021	5.029246	5.287954
4.411508	4.475305	5.233524	4.687909	5.732176	4.748518	5.626069	4.731206	5.310468	4.970592
5.354855	5.790565	5.228011	5.053525	4.992993	5.465759	3.896366	5.455905	4.961213	4.467062
4.061707	5.161299	4.840498	5.008207	4.185529	5.061267	4.523006	5.561615	5.48472	4.756067
4.810707	5.783892	4.260483	6.012052	5.322064	5.878365	5.564338	4.450464	5.641098	4.107193
5.504351	5.065434	5.719777	5.026753	4.012424	5.263152	4.994666	4.349244	4.298075	5.152666
5.41184	4.598032	3.778938	5.760675	4.504058	5.193845	4.80906	4.754915	3.694223	5.945185
6.018641	4.387623	4.286664	4.732489	4.588483	4.601197	5.273971	4.451153	5.003652	5.101653
5.293193	5.798948	4.800976	5.771207	5.970597	4.598581	5.59495	4.611407	4.402353	5.345601
4.994056	5.035045	6.387348	4.533791	5.0786	4.967075	4.867942	6.008568	5.391119	6.413326
5.33754	4.574306	4.201723	5.337786	5.280776	4.653954	3.914613	6.221431	4.275044	4.763212
5.914194	4.759594	5.734335	4.707885	4.38269	4.498525	5.252399	5.002847	5.176301	4.789728
5.467177	5.504644	5.59135	4.503876	4.937285	4.923332	4.940516	4.727527	3.307971	5.068183
5.049781	4.581486	4.086332	5.595722	4.170178	5.080273	4.782914	5.197018	5.336316	4.665872
5.053994	5.589573	5.375642	4.619716	4.890279	4.876326	4.893509	5.193745	4.439307	5.576873
4.28909	5.575747	4.936757	4.269773	5.265441	5.177442	5.251449	4.446371	4.885899	4.745818
5.036739	4.649706	5.654609	4.150737	5.095847	6.179959	4.410499	4.0368	4.744088	4.77118
3.779919	5.293352	5.490959	4.932106	5.500523	5.248781	5.188023	5.379722	4.63461	4.410001
5.4133	5.643698	5.02939	5.576956	5.148588	4.752988	4.898395	4.708532	4.934178	4.717758
4.933063	4.749777	4.05825	5.064006	4.933918	5.228862	4.553133	5.385258	5.294687	5.085268
5.560307	4.7918	4.168507	3.63472	4.646329	4.885916	4.371095	5.332004	5.342142	5.418642
5.314809	5.624989	4.295639	4.629253	4.506778	4.662519	4.887966	4.166577	4.824065	4.204853
5.345569	4.486131	4.454174	5.166287	4.146768	4.286991	5.207345	5.146993	5.638996	5.221187
5.057604	5.279504	4.435875	3.936994	4.933594	4.919641	4.936824	5.327932	4.814883	4.977331
6.091852	5.692809	4.745797	4.713781	5.139339	5.125386	5.14257	4.50733	5.269923	5.387415
4.608631	5.233474	5.104584	5.225838	5.058096	4.050538	4.734997	5.745038	5.488197	4.789119
4.814091	5.382657	5.316352	5.807215	4.894831	4.841255	5.070165	5.663287	3.864959	5.083945
5.132725	4.324358	4.526919	5.746708	4.949046	3.98079	5.703836	4.376714	4.857018	5.192012
4.677644	4.736234	5.967244	4.490161	4.803232	4.886124	4.520084	4.462394	4.743882	5.184518
4.971454	5.149094	5.024778	5.313753	5.155958	5.11228	5.234144	4.783914	4.754101	5.370207
5.486152	5.064642	4.718965	4.720312	5.049674	5.035721	5.052905	5.822243	4.535857	5.648004
5.546688	5.420866	4.599534	4.462324	5.229066	5.406308	4.756725	4.52474	5.502105	4.670257
5.464636	4.332904	5.540884	5.650413	5.362972	5.758723	4.829945	5.41306	5.156758	5.316515
4.885082	4.971067	4.913909	4.094581	5.174158	5.047116	5.113427	5.160445	4.402	4.877343
5.992691	4.838268	3.499377	4.895498	5.346801	5.635501	4.895665	4.515411	4.894285	5.155987
4.554002	5.514175	5.238921	4.817835	5.488204	4.920275	4.686377	5.010076	4.410317	4.843426
5.623004	4.015667	6.032002	4.152127	4.993007	4.979053	4.996237	5.422205	4.781761	5.23584
5.916048	4.768107	4.184983	5.112618	4.802429	6.314386	4.986677	4.813836	3.753431	5.189249
5.023973	6.507932	4.572116	5.466386	5.205919	6.087888	4.516036	4.215368	4.809823	4.550317
4.833353	5.372357	4.593259	5.147186	4.471738	5.073856	4.987722	5.621296	6.057772	4.857625
4.805121	4.965104	4.990274	5.287732	4.228093	4.953703	4.670017	5.517791	4.66444	4.85649
5.326668	4.328141	4.385759	4.842592	4.388853	5.051521	5.657607	4.916966	5.320335	5.327729
4.983017	4.901418	4.879418	4.336607	5.29025	5.320841	5.281365	4.88411	4.461102	4.449028
5.234769	3.967828	5.266137	5.050253	4.379454	5.707945	5.531819	4.797761	4.952364	4.367324
4.320629	4.813119	5.020446	5.252157	4.605614	4.127441	5.455696	5.135189	4.994855	5.206306
5.622912	4.706947	5.520101	5.171118	5.024224	5.010271	5.027455	5.185033	5.05968	4.423372
5.053666	4.808021	4.970547	4.537229	4.897565	4.883612	4.900796	5.552708	4.749336	5.20691
5.76824	5.429059	4.108519	3.776036	5.465271	3.941572	5.440056	5.041193	4.279854	5.517547
5.222572	4.226583	3.817848	5.513412	5.0287	4.902384	5.564219	5.269506	5.216763	5.485138
4.713388	4.486871	4.400832	4.538301	4.798417	6.173807	3.891862	5.423311	4.83476	5.183599
5.364486	5.106968	4.965892	4.525382	5.281684	5.583277	4.692389	4.992479	5.229837	5.050761
5.230993	5.078615	4.891011	4.646566	3.802185	5.356173	4.310619	4.933238	4.497381	4.05889
3.953338	4.415596	6.257239	4.918025	5.250487	4.702964	5.686139	4.627384	5.582226	5.464698
5.005075	4.654664	3.895617	4.151529	5.485927	5.349806	5.245818	4.538849	5.867657	4.634803
4.313721	5.127848	4.834625	4.729	5.339561	2.863394	4.394558	4.445112	4.349256	4.988043
5.011152	4.812115	4.903436	4.948557	5.36903	4.914617	5.479329	5.651713	5.099548	5.173964
5.278325	5.415594	5.165775	4.840651	5.021174	4.330508	4.857045	5.095633	4.704286	3.952707
4.730866	4.771327	4.537078	4.672666	5.580972	4.841878	5.165887	5.719844	4.932631	3.631143
5.194621	4.582306	5.245595	4.655364	5.898201	5.207487	5.519469	4.652728	4.795142	5.575894
5.788194	4.736493	4.974527	5.345722	4.465775	3.257371	5.990715	4.452428	4.452364	3.901073
