4.633905	5.311521	5.107616	5.290351	5.380885	5.123709	4.105342	4.982897	4.532445	4.52272
4.481094	3.823424	5.757637	4.774685	5.275959	4.75028	5.082077	5.560931	5.102274	4.603117
4.855513	3.84531	4.739722	5.346011	4.92351	5.588075	4.62893	5.338768	4.104336	4.37324
3.862663	5.038782	5.206575	5.941416	5.21805	4.665773	4.885181	5.302876	5.399963	4.667959
5.779785	4.089088	4.787243	4.293536	4.522067	5.658117	4.415367	4.501379	5.153266	5.254611
4.449141	5.43329	4.378565	6.081273	4.98999	4.636973	5.296033	4.471544	4.774532	5.434413
4.583324	4.537616	5.663826	4.965482	5.270112	3.901665	4.649861	4.967232	4.779782	4.645736
4.753256	4.64122	6.043468	5.385109	4.247371	4.193345	4.691643	4.066163	5.689118	5.410669
5.185544	4.290339	4.057309	4.619942	5.050233	5.394494	4.24289	4.761971	4.660462	4.541911
5.503822	4.815953	4.898753	5.565131	6.788438	4.840213	4.162765	4.315806	6.69089	4.914111
4.792171	5.063032	4.971961	5.219808	5.121324	5.44007	5.128903	5.056263	3.017691	4.151133
5.288234	4.079221	5.005421	5.799742	5.413954	5.914463	5.418437	6.105198	5.50351	5.045344
5.393563	4.505064	5.460462	5.554509	6.006299	3.024721	4.070333	4.793919	4.252922	5.009051
4.61122	4.72914	5.492762	5.791078	3.976406	4.497489	4.877466	4.842264	5.413442	4.689768
4.291903	4.599084	5.585909	4.984231	4.163722	5.225677	4.489872	4.703838	4.450644	5.616968
4.511023	4.85603	3.98616	4.642894	5.006819	4.560951	5.041361	5.857151	5.760241	5.130738
4.953044	5.150813	5.321439	5.041767	4.871262	4.690687	4.962507	5.223063	5.155273	5.191827
4.542795	4.563548	4.389445	4.193242	4.65384	4.909426	5.232284	4.474981	5.059544	5.382697
4.353294	4.852491	4.803968	5.626197	4.406574	5.488998	3.817962	3.804475	5.07954	4.550687
5.37695	6.090916	4.879588	5.310944	5.679372	5.861851	5.314018	5.085035	4.16475	4.85785
5.202291	5.683522	4.919073	4.418361	5.765083	5.224842	4.76475	4.897938	5.150188	4.880959
5.355432	3.877096	5.017753	4.393375	6.13074	5.04456	5.622334	4.385381	4.289995	5.367404
6.204229	5.386768	3.73426	6.714765	5.650815	4.498287	4.816453	5.16833	4.929728	4.692692
4.913919	5.415525	5.371792	4.64875	5.599125	5.047073	5.487945	5.538408	4.41747	6.038349
6.11862	5.429329	5.234632	4.548708	5.092826	5.82448	5.253907	5.597814	4.795134	5.877698
5.104817	4.978134	4.70229	4.659322	4.990024	5.503422	4.568974	5.498138	5.17625	4.796992
4.879114	5.091476	4.396863	4.814332	4.241721	5.690637	5.037599	4.696135	5.542488	5.126192
5.743678	3.789502	5.213575	4.370434	5.191894	5.660221	4.279864	4.779571	4.512059	5.356962
4.750605	4.590258	4.938595	5.604263	4.721508	4.107759	4.368625	5.423266	4.537393	5.273906
4.870151	5.348458	5.688222	5.439658	5.488784	5.056811	3.730919	5.67648	4.47939	4.988084
4.202186	5.834575	5.451537	6.053068	4.137318	4.722163	5.953891	4.551236	5.152199	4.722222
4.952619	5.44637	4.390084	4.487241	3.791141	4.985675	4.291585	4.461182	4.780188	4.944776
5.188313	5.981359	4.614516	4.177291	5.28009	4.475906	4.672541	6.242173	5.149994	5.246434
5.17337	5.568817	5.734844	4.009917	4.636006	5.350689	4.334773	4.573231	4.762868	4.305205
5.87705	4.521996	5.72135	4.975679	4.764811	5.043999	4.934058	4.464852	4.246049	4.747813
5.023912	5.816332	4.817309	4.69392	4.695632	5.543308	4.581496	5.235944	5.509212	4.904432
5.04355	5.171203	5.105762	5.578448	4.569423	4.623048	4.587627	4.73279	4.963486	4.927723
5.630372	4.313058	5.227148	5.138662	3.854899	4.71627	4.368421	4.801872	4.624547	4.562906
4.973458	4.98351	4.984328	4.954796	5.429252	5.197686	4.963171	5.050943	4.968076	6.012671
6.171938	4.837013	4.268179	4.483501	5.746067	5.348287	4.461966	4.983452	4.828559	5.56838
4.984254	6.76632	4.206375	4.931978	5.213057	5.080808	4.633646	5.341782	4.406743	4.603478
3.954718	5.850055	4.629837	4.835325	5.957459	4.667118	5.580849	5.325938	4.991381	5.344924
5.044079	5.925335	5.340326	4.178628	5.187564	5.392465	5.074248	4.191697	4.891069	3.889355
4.69736	5.043385	4.983664	4.537852	6.14051	4.385711	4.130282	5.333701	5.513804	3.745749
3.962521	4.501935	3.952729	5.667255	5.530924	5.784177	4.626215	5.405025	5.949302	3.955031
5.4247	5.083313	4.786645	4.757289	5.579957	3.872608	5.213219	4.723975	5.105664	5.149575
6.337893	5.044652	4.430631	5.790763	5.436613	5.791384	3.955159	3.970185	4.838523	4.930156
4.525435	4.913578	5.153673	5.419096	5.38181	4.499256	4.760788	4.470022	5.768029	4.386448
5.003594	5.22474	4.674645	6.315283	5.219832	4.581126	5.158408	5.281328	5.456787	5.67476
4.849778	5.029617	4.694359	5.485348	4.79535	4.154923	4.497048	4.932479	4.884541	5.247119
5.858433	5.448896	4.743707	5.99557	5.120224	5.148533	4.824934	4.544489	5.246461	4.057682
5.281867	5.796068	4.785184	4.357816	4.685111	5.310365	4.846206	5.037445	4.812126	3.982784
4.725202	5.716227	4.656769	4.953339	4.991957	5.039148	4.692056	4.537608	4.835071	4.638671
3.723144	5.812177	6.425449	4.373185	5.481042	4.787434	4.731434	4.890564	4.925342	4.726359
4.831638	4.602893	5.191177	5.734462	4.472947	5.793868	6.32029	5.11666	4.694339	5.276413
5.083538	4.811697	5.261594	4.689002	5.019135	5.590098	5.411244	5.031283	5.381777	4.850537
5.224617	5.303701	5.307405	4.735304	4.971124	4.956718	5.854564	4.579278	4.273777	5.080544
5.359737	5.43191	5.372416	4.888196	4.320834	5.399488	5.384803	4.928824	4.734542	4.779509
4.794014	5.898977	5.25195	4.795968	4.242538	5.926833	5.390222	5.284595	5.150132	4.637593
4.103785	4.546471	4.557876	4.408055	5.249833	5.210829	4.164968	3.573419	4.535558	5.019326
4.498306	5.084453	4.885036	4.645317	5.946068	5.345513	4.393365	4.300873	6.139748	4.541739
4.917197	5.097593	4.411913	5.265408	5.00813	4.790425	5.339503	5.052637	4.794139	4.924138
4.834391	5.670071	5.829439	5.494934	5.209577	5.186024	4.257572	4.742843	4.659663	5.340828
5.091869	5.429535	4.618438	4.865354	4.143681	4.970007	4.449149	5.259109	5.124006	4.777955
5.065556	5.479383	4.846315	5.44152	5.560507	5.299724	4.154759	5.293518	4.390145	5.459082
4.744422	5.034942	5.545893	6.827949	5.583645	4.795589	5.142822	5.198599	4.05535	5.37768
4.840085	5.37633	5.243741	4.778247	5.457646	4.876141	5.331125	4.8025	4.598077	5.414918
4.931518	5.418854	5.268503	4.35677	6.177724	5.428574	4.676444	4.215397	5.300786	6.558994
5.121481	4.701775	4.101808	4.071826	3.571508	4.385723	4.528999	5.064436	5.607881	5.135546
5.628906	4.711802	4.786679	4.677926	4.475575	5.069105	5.581434	6.045198	4.578017	5.233836
5.339314	5.151166	4.869859	5.84177	4.411849	4.242872	4.605374	4.687453	5.129837	5.01046
4.912013	5.622336	5.022298	5.051833	5.019412	4.729246	5.642866	4.904757	5.602628	5.579074
5.136403	5.727083	5.84452	5.334116	5.547121	5.27317	4.707534	4.480186	5.703856	4.621124
5.091932	4.49229	5.133957	5.096371	5.27258	5.367691	4.231466	4.925956	5.081163	3.957752
4.510333	5.218427	4.659644	4.457258	4.499679	4.948976	4.998636	4.513295	5.279165	5.073596
5.555063	5.30691	5.080504	5.038031	5.818777	5.520551	5.226106	5.242923	4.542748	5.085594
4.646555	4.872168	5.561974	5.875373	4.961167	5.461024	4.889705	4.488149	4.55249	4.373449
4.877553	4.811394	4.786979	5.3417	5.162358	5.573671	6.013866	4.826051	4.48904	5.841314
4.059681	4.879385	4.786162	5.560166	4.755284	4.724336	5.269861	5.233646	4.176506	3.846611
5.621134	5.600562	5.42182	5.634698	4.356749	5.106572	5.037058	4.79222	4.823294	4.033988
3.936199	4.894252	4.932265	5.773882	4.498283	5.977462	4.594699	4.601552	4.256143	4.774161
5.308916	4.726326	4.060191	5.091829	4.800865	5.054732	5.155162	5.041717	5.855191	5.578269
3.411709	4.999555	3.976301	4.446787	5.24307	5.772177	4.195324	4.594841	4.893977	4.904069
4.837054	4.52068	5.006758	4.573561	5.176696	3.80027	3.699222	5.622018	4.66168	5.192682
5.026543	4.756999	4.744241	5.016023	6.634719	5.086051	4.678672	4.922882	5.290842	5.106234
5.744324	4.51318	5.048204	4.627265	4.154489	4.981659	5.268995	5.932023	5.731539	5.345057
4.819573	4.533318	4.468297	5.985819	5.609245	4.915549	5.168676	4.35476	4.726055	5.657146
5.16815	4.893289	3.883338	5.206179	5.020205	4.856656	6.510787	5.73362	4.952487	5.180542
4.645166	4.978	5.309763	4.121027	6.02107	5.627505	5.010663	5.065304	4.917789	4.237879
5.227476	4.852323	5.681485	4.85299	3.821084	4.405225	5.770502	4.565584	4.660328	5.681268
4.481869	5.339772	5.414461	4.900208	5.44637	4.126328	5.809105	5.436308	4.586469	5.025415
5.034839	4.863684	5.360612	4.524848	4.889545	4.676223	3.839076	5.142431	4.52279	4.976359
5.485651	5.579119	4.835234	5.188859	4.843045	4.366682	5.479897	5.467824	6.664016	3.956151
3.841632	5.254197	4.289775	5.377577	5.031789	4.940339	5.575884	5.045775	4.600912	5.33534
5.187535	5.496603	5.396542	4.571478	4.645267	5.850179	5.074504	4.952566	5.028223	5.187809
4.604705	5.205042	4.807055	5.433132	6.295931	5.036098	6.116879	5.207459	4.287563	4.899952
5.601609	5.770486	4.330052	5.240866	4.785154	5.442983	5.114737	4.893413	5.694643	4.952269
5.156875	4.746594	4.693101	4.124535	5.981743	5.067625	5.207685	5.573361	4.729348	5.96031
4.949948	4.397062	5.116508	4.478084	4.50981	5.531249	4.605921	5.224125	5.70504	4.460395
5.647719	4.427934	4.80758	4.696222	4.504163	3.940529	5.038891	5.763086	4.87711	4.485873
5.990673	5.928175	4.905694	5.652108	4.080838	5.902596	6.294	5.362037	5.024631	4.560564
4.076796	5.245848	5.402934	5.314909	5.151917	5.653828	5.702693	4.486613	5.238654	5.387007
4.600399	4.824381	5.673259	5.207719	5.676817	5.168697	5.881209	5.574147	5.044489	5.303149
3.928686	5.43947	5.510672	4.691649	4.700803	5.781704	4.551676	4.505527	5.416057	5.077514
4.961926	6.083225	5.908605	4.00878	6.405543	4.720757	4.350797	5.095102	4.436223	4.594226
3.861544	4.576388	4.610838	5.327407	4.952483	4.790556	4.73961	4.925225	5.781201	4.511732
5.739091	5.472677	5.193008	4.447154	4.498191	4.779354	4.872518	5.622719	4.682689	4.543221
4.995535	4.00005	4.771712	5.127807	5.56321	5.728313	4.771136	4.426532	4.245846	5.65768
6.18134	5.265972	4.637376	3.871079	5.239989	4.883927	5.253517	4.720045	4.622892	4.905345
5.395308	5.970604	5.186604	4.822108	4.396117	4.222315	4.961075	5.14076	4.489021	4.775649
5.555891	4.200711	4.384067	5.541737	4.243504	5.491241	5.525244	5.227346	5.103199	5.384698
5.405876	4.27595	5.604439	5.106065	5.233775	4.17023	4.917381	5.757874	5.011458	6.074953
3.89439	4.647057	5.04645	4.987415	4.693916	5.259891	4.918321	5.721983	5.223317	4.194094
5.773293	5.82136	4.417867	6.012806	5.336318	4.348809	4.893632	4.755955	4.579026	6.213746
5.359731	3.674471	5.403702	4.972067	5.26514	4.762767	5.070091	5.866772	5.002802	6.211372
4.74326	5.178716	4.757763	4.507793	4.914203	4.858125	5.283345	4.376836	4.231775	5.871476
4.118134	4.872979	4.00016	4.916265	5.354118	4.448883	5.203557	5.352898	5.020987	4.509094
6.068678	4.755976	4.109206	4.719878	4.708586	5.315609	5.502709	5.100605	4.525692	5.759374
5.177615	4.726027	5.630708	5.471637	4.719729	4.05474	4.457531	3.530394	5.636143	4.629262
4.711441	4.668428	4.217111	4.66058	4.66186	4.51176	4.091906	5.795193	5.51028	5.698451
5.207734	5.129481	4.524078	5.453374	5.492634	5.526349	5.016661	5.140724	4.355461	3.691926
5.056715	4.727652	5.501731	5.592973	4.607352	5.874233	4.798854	5.644142	5.005918	4.095329
6.201865	4.199059	4.600162	4.028468	5.158945	4.677595	5.266407	3.549443	4.392834	5.208346
5.296616	4.939376	4.590385	4.774926	4.575167	5.20895	4.538908	4.114101	4.73843	5.717807
4.555597	5.193252	4.813291	4.944305	5.029458	5.293035	5.270657	5.566071	4.175647	5.380366
5.411393	5.820249	4.717154	3.946387	4.278472	4.708321	5.141828	5.219441	4.213638	4.31797
4.702858	4.411352	4.343162	3.9324	4.881226	4.620041	5.446454	4.462681	5.2633	4.668927
5.212701	5.569056	5.564347	4.850766	7.12469	4.855916	5.47998	5.391323	4.504826	4.710007
4.528535	5.861084	5.912264	4.330302	5.134326	4.593802	4.411026	5.048313	4.528731	5.614995
4.457116	4.980469	5.220438	6.050086	5.337633	4.952626	5.228844	5.208814	5.169306	4.95959
4.860352	4.585059	4.715645	5.236053	5.092576	4.53545	5.089279	5.272075	4.447996	5.416055
5.041605	5.100091	4.675446	5.342432	5.166498	4.696881	4.863505	4.513453	5.740309	4.570375
3.610493	4.866202	5.125059	5.123467	4.658865	4.377755	3.728187	5.17162	4.780505	4.748022
6.00081	5.796443	4.416361	4.237606	4.746799	5.676553	4.770869	4.765191	6.635459	4.128562
5.486555	5.177124	4.120896	5.285277	5.98327	6.330127	5.204575	4.923287	5.297721	4.603198
4.465405	4.947043	4.140422	4.213875	5.894687	4.434072	4.78921	5.391037	6.158745	4.628944
4.795725	4.65738	5.05064	4.514356	5.401408	5.195159	5.136249	4.905345	4.374237	6.295431
4.329978	4.516028	5.219554	4.755396	5.777863	5.179498	5.169841	4.999131	5.047082	4.31836
5.191259	4.638398	5.667563	4.45682	5.646681	5.844056	4.381904	4.731802	6.232889	5.406462
4.692813	4.99086	4.918281	4.2142	5.535314	4.670363	4.9032	4.070243	5.213451	5.304688
4.955656	5.161246	3.327046	5.299558	5.372777	5.148951	5.655039	5.004755	5.077814	4.532491
5.610576	5.2265	5.138522	4.818855	4.493457	4.572921	4.821108	5.470786	4.675026	5.782272
5.107345	4.248202	5.309556	4.209358	5.511001	4.952837	4.441426	4.91959	5.326005	4.484035
4.801981	5.501786	4.647324	5.42096	4.699229	4.7879	5.400485	4.643856	4.201474	5.279542
4.346488	4.111608	5.326353	4.141644	5.230416	5.023207	5.084427	4.800499	4.911915	5.223738
4.208495	6.094683	5.77726	5.250391	4.972137	5.599647	6.02816	5.480786	4.759766	4.323557
5.355786	3.947455	5.224811	5.403085	5.011974	4.750443	6.069234	4.85201	5.089821	4.863878
5.050482	5.127244	4.712294	4.938498	5.340423	5.230433	4.276539	4.854099	3.536614	4.095178
4.650888	4.806854	4.779421	4.16127	4.030635	5.147662	6.434651	4.285298	4.471045	4.634833
5.092867	4.919627	4.387325	5.387964	5.339554	5.59795	3.976915	4.836945	4.577738	4.0607
4.88753	5.780697	5.578001	5.00449	4.793129	5.665027	3.918541	4.430236	5.211018	4.362069
5.18258	5.426086	3.648597	4.755445	3.984279	5.744143	4.18101	5.238057	4.25602	5.774026
4.993222	4.941443	5.574146	5.066148	6.116036	4.947154	5.061855	4.444167	4.403206	3.623182
4.598718	4.517824	5.565843	6.182133	5.183824	5.556255	5.61916	4.976021	4.369486	3.91449
5.051073	4.793534	5.323149	4.457333	4.3032	4.078147	5.658913	4.300646	5.132537	5.766296
5.22402	4.79705	5.292966	3.730821	5.43188	5.218507	5.177283	5.01339	5.037983	5.598078
4.252599	4.817221	4.911809	5.233869	5.054754	5.339774	4.681453	4.75737	5.526387	5.59382
4.783594	5.392195	5.21778	5.381094	4.823792	5.29009	5.087882	4.686318	4.363024	5.586206
4.762444	5.101868	4.988491	4.4939	5.927895	4.824503	5.702031	4.511364	5.486269	4.101266
5.27723	4.938008	5.157981	5.530798	5.24051	3.969071	5.678408	4.245975	4.881351	4.678036
4.161817	5.726474	4.761322	5.065159	4.958423	5.911702	5.169454	5.542502	5.279166	4.49857
5.219647	4.926897	5.124427	5.00388	5.406566	4.669648	4.592084	4.780645	5.538855	5.415217
4.833136	6.147653	4.799374	6.035845	3.763443	4.875433	5.558074	4.976162	4.790386	4.113945
5.907459	4.254999	4.785263	5.411639	4.359582	5.132395	3.912365	5.3527	5.494029	5.064482
3.901483	5.305326	5.743529	5.011249	4.944973	4.892933	4.687944	4.155514	3.756444	4.90245
4.72297	4.038673	4.776175	5.36584	5.18475	4.057043	3.672585	4.911113	5.437612	5.00402
4.263381	3.721222	5.509755	5.217307	5.339267	5.103119	4.889588	4.138911	5.54312	5.723906
4.157084	5.254569	5.361526	6.070228	5.539748	5.354984	4.4429	4.431241	4.184419	5.417634
5.049885	5.190133	4.142353	5.534847	4.185061	5.445344	3.9572	4.830207	4.712492	3.544956
4.49051	5.400943	5.455905	5.267049	5.590363	4.726085	4.909638	5.346327	4.851253	6.139408
5.429894	4.699761	5.137829	4.65019	5.543715	4.50346	4.841121	4.755341	5.076719	4.630825
5.424141	4.590015	4.794887	4.470469	5.334206	5.43899	4.652444	5.682546	5.563578	5.061748
5.351162	4.466866	5.134345	4.100085	5.712443	4.874153	5.00254	5.034858	4.787921	5.447302
3.833939	4.932177	4.858183	5.676998	5.675542	4.731473	5.966637	4.646145	4.891742	6.392764
3.829437	5.855552	4.905789	5.538036	5.317597	4.816574	4.903651	4.5272	4.790442	4.524006
5.688518	4.306962	5.345216	4.692766	4.171006	4.666876	5.340494	5.23307	4.992208	4.76226
5.468665	4.886158	5.492595	4.427391	5.063436	4.394148	6.056426	5.168751	4.560716	4.772144
4.023283	5.185583	4.521551	5.456983	5.737925	5.295349	5.110313	5.583755	4.675938	4.799317
4.90537	5.130645	5.075834	5.313828	5.39718	5.417139	4.686188	5.576989	4.641742	5.794888
5.154911	4.496539	4.763746	4.876606	4.954778	5.533882	4.67776	5.091975	4.374362	5.530548
5.686273	5.332776	5.033225	5.227531	5.151692	4.29085	4.46522	4.560278	5.179623	4.695652
5.335853	5.570036	5.46262	3.568266	4.982855	4.284315	5.314475	5.637725	4.724484	4.767705
5.190869	3.94493	5.169187	4.751752	5.506075	4.779281	4.729875	5.043042	4.653994	4.774562
4.463929	4.890134	5.852507	4.282145	5.592546	4.666061	5.930328	4.713371	4.478674	4.766624
4.247271	4.98256	3.417478	4.14145	4.974548	5.71411	4.652644	5.799206	4.055143	4.83057
4.95671	4.72459	4.981371	5.28228	5.550267	4.808578	4.289288	5.700978	4.835483	4.514629
5.251243	4.562467	3.812459	4.946807	4.730361	5.479639	4.541173	5.638752	4.417142	6.170149
5.611344	5.541481	5.319941	4.882909	4.985087	4.528742	5.459708	4.915904	5.224831	4.193299
4.679424	4.615973	4.712573	4.652725	5.029323	5.11215	4.602299	4.688872	5.83211	4.822939
5.325098	5.223259	5.169159	5.591111	4.773889	4.298378	4.902878	4.940808	4.58872	5.818459
4.204592	6.332235	4.109982	5.097093	4.752285	5.518821	5.733793	5.030846	5.513125	4.802702
5.41383	3.109354	3.33887	5.070038	4.201377	4.907013	4.899032	5.575072	4.32775	5.734648
4.618655	4.73104	6.242185	4.694849	5.703671	5.192964	5.120966	4.838524	5.934363	4.384788
4.162486	5.570482	4.540024	5.317839	4.753095	4.962547	5.289636	4.888861	4.673083	3.80776
5.939592	5.113726	5.236777	4.466499	4.764214	5.281046	5.244341	4.435087	4.926725	3.909406
3.965229	5.004821	4.591747	4.955956	4.806145	4.83253	5.373983	5.34129	5.157142	4.167762
6.407154	4.141982	4.411587	6.204747	4.608273	5.170177	4.341897	5.081497	5.25929	5.054869
4.99686	3.691391	4.455369	5.687194	5.352812	5.280046	5.478807	4.907999	5.452382	5.263878
5.178917	4.380965	4.316364	5.256064	4.90043	4.949428	5.038662	4.631314	4.17053	4.797335
4.846524	4.384593	5.744016	4.415967	5.1697	4.785365	5.146713	4.833531	4.820225	5.326254
