4.60471	5.302552	4.649946	5.095387	5.56662	4.206318	5.290073	4.772321	4.79238	6.554391
4.674648	5.170438	4.082146	4.56806	4.692461	5.243327	4.433653	4.823709	4.379168	4.88331
5.032121	5.56396	5.333392	4.811747	4.714788	5.698689	5.279685	4.788435	4.534553	4.819704
5.147192	5.255915	4.653005	5.196583	5.124837	4.556789	3.486649	4.969089	5.237183	4.745801
4.131607	4.357228	5.896245	4.824081	4.785062	4.847863	5.177925	5.131102	5.223339	5.039679
5.504503	5.772755	4.815114	4.907607	5.023273	5.557262	4.946806	4.174693	4.909806	5.199759
3.815083	4.783885	4.667391	5.083113	5.628979	5.235335	4.808354	4.728543	6.065381	4.6129
4.58177	4.715463	4.920285	5.361455	6.047526	4.980747	5.268418	4.508546	5.488067	5.461308
5.101844	5.086494	4.506205	4.488387	4.931813	4.985432	4.503282	5.051014	5.101707	4.638274
4.76828	4.458159	6.081387	4.332101	5.351264	4.156745	3.736068	6.2384	4.876318	6.175174
5.072435	5.057086	5.40458	4.946713	5.100562	4.49738	5.776495	5.021606	4.72236	5.081273
5.023937	5.455698	5.631853	3.862587	4.525818	5.41719	4.921228	5.912034	4.971437	4.60604
4.533409	4.237679	4.917765	4.28604	4.870733	4.144138	4.986543	5.259032	4.090425	5.122625
4.724091	4.982929	5.204511	4.089235	4.892126	4.498013	5.676631	5.329837	4.177014	4.945852
5.558666	5.577013	4.566245	5.020288	5.935634	4.74982	4.991789	5.057371	4.708284	4.484786
5.133101	5.117751	4.749311	4.255168	4.154627	5.88868	4.203373	5.082272	5.819747	4.630059
5.508111	5.704268	4.873074	5.099613	5.007315	4.63992	5.553071	3.888906	5.616696	4.047423
5.006997	4.374816	5.601719	4.664308	4.976818	6.39725	3.844887	5.739258	4.883882	4.098253
5.127104	5.111754	4.909497	4.354812	4.395353	5.011701	5.440773	5.076275	5.239085	5.372129
4.819285	4.990418	5.126564	5.015936	5.092258	4.755136	4.840325	4.801557	5.595501	4.51656
5.125137	5.01189	4.522972	4.384614	5.885757	4.692013	4.944037	4.595519	4.54973	4.762477
6.059243	4.418083	5.246789	5.311693	5.53811	5.350801	4.187997	5.284264	5.238574	5.059093
4.454494	4.596849	5.153244	5.302161	5.312145	4.926058	5.447469	5.304518	4.593896	4.757942
5.189979	4.525493	4.943681	5.579858	4.471615	5.338851	4.621531	3.803331	4.778152	5.341279
4.714805	4.957192	4.60417	5.065268	6.009666	4.729659	4.492613	4.806539	5.237329	5.585636
5.02525	5.0099	4.162048	3.881977	4.462376	4.933316	6.284687	4.974421	5.28103	4.588793
4.448119	5.851175	4.061118	4.85407	5.312455	4.862813	5.568479	4.023049	5.810813	5.422199
5.110464	4.443148	5.326537	4.130661	4.383132	5.908662	5.486708	4.123225	4.970242	4.851356
5.041158	5.025808	5.140234	3.962828	4.456572	5.948933	4.719827	4.990329	4.579883	5.184512
4.736943	5.410583	5.073984	4.773466	4.368408	5.667512	6.065217	5.021471	6.035997	4.166647
5.188728	5.216848	5.577598	4.533618	4.988533	4.052889	5.231119	4.724501	5.289248	4.039237
5.46773	5.06615	4.971309	5.084721	5.098758	4.562755	6.154895	4.863482	5.658007	4.844561
4.887903	4.880136	5.261117	5.20841	4.491632	5.374389	5.235241	5.693912	5.869383	4.827699
5.088032	5.492998	4.753195	5.475721	4.939025	4.99463	4.953408	4.446086	5.376267	4.881698
5.809014	5.207752	5.668446	5.119633	6.257982	4.889393	5.019295	5.572319	4.699988	5.143188
5.025163	5.009813	5.537104	4.697383	5.503276	5.027787	4.428448	4.974333	5.328277	4.86167
5.214828	5.851667	4.969567	5.657234	5.46179	5.610096	4.862127	4.444254	5.987957	5.148428
6.062641	4.724329	5.322075	5.005923	4.720153	5.256529	5.437452	4.353795	5.898603	4.604569
5.056606	5.041256	4.629783	5.38142	5.117593	6.174381	4.883615	5.005777	5.232441	5.598604
4.529761	5.650338	5.71735	5.825415	3.921688	4.658617	3.784033	4.262729	3.965397	4.475069
5.353982	5.069544	4.869876	5.099771	4.995129	4.656938	5.478551	5.540059	4.603955	5.172092
5.008043	4.992693	4.95157	6.138872	6.324286	5.392035	4.727791	4.957214	4.031021	4.450871
6.187277	5.608006	4.882042	4.551671	5.261428	5.232192	4.221117	5.434271	4.972616	4.747183
5.487863	5.438704	4.467512	4.964993	5.096351	5.099699	5.070293	4.687091	5.557045	5.215509
4.72852	5.15398	5.488275	5.570079	4.994198	4.999931	4.146401	4.999995	4.751036	5.651708
4.584006	4.539926	5.373686	4.352219	5.225892	4.654622	5.288617	5.089498	4.574735	5.006586
5.270581	5.303502	5.284562	5.715473	5.128623	4.589212	4.65554	4.440458	4.160551	3.879263
5.169074	5.153724	4.298761	3.598862	6.180305	5.49404	5.31034	5.118245	4.68194	5.123098
4.198117	3.655658	5.585403	4.48895	4.746248	5.549599	5.262786	4.595709	5.037284	6.12082
5.06502	4.256997	5.271247	4.9107	5.699553	5.411731	5.524219	4.481297	5.008368	5.289871
5.170917	5.078795	5.281789	5.024723	4.688066	5.338596	4.464698	5.428375	4.691022	4.867875
5.076921	5.201974	5.899007	3.448468	5.249379	5.441387	4.154713	4.689702	5.297225	6.106914
4.098802	4.727872	5.270352	3.639453	5.556599	5.205729	4.456559	4.028418	5.06246	4.805585
4.819938	5.540488	3.807841	4.869556	4.971675	5.032974	5.406951	4.256074	5.847468	4.901506
5.270793	5.351388	5.788785	5.393733	4.206795	4.562281	5.48191	4.308918	6.024849	5.199165
4.901558	5.522621	5.346859	3.596251	4.664086	5.306347	5.526676	5.428368	5.054717	4.32026
5.036261	5.020911	4.021017	5.121678	4.792434	5.360535	4.242904	4.985432	5.41919	4.551293
5.758866	4.484587	4.730244	4.753927	4.677253	4.114346	4.119669	5.164797	5.020484	5.399631
4.334874	5.233353	4.447783	5.81239	5.038245	4.309486	4.821803	5.389519	4.699191	5.105405
5.154851	4.102025	5.309174	4.668393	4.482722	5.492575	3.817603	4.858544	5.61772	5.633567
5.166513	5.549668	5.123056	4.544211	4.980068	4.797292	4.345095	4.757737	4.619463	4.991329
5.057428	5.042078	4.877981	5.071471	5.07445	5.204145	5.680544	5.006598	5.356775	4.670884
4.936921	4.921571	5.00409	4.502223	5.073043	4.706204	4.260365	4.886091	5.954494	5.237081
4.609745	5.235366	4.949906	5.313295	4.919433	4.779234	5.103626	4.771147	5.707735	5.515628
4.743754	3.86502	4.628923	4.41327	4.934175	5.269978	4.929679	4.724092	5.070147	3.903749
5.119594	4.833107	5.555726	4.937361	4.658314	4.648031	4.743735	4.71738	5.527635	5.351573
4.288271	4.268693	5.033259	5.549223	5.26348	5.505311	4.325767	5.035356	5.529131	4.975965
4.479167	4.735351	4.024452	4.559611	4.986849	4.168827	5.020691	4.752186	4.442162	4.372065
5.598538	5.171227	4.358257	4.973826	4.505123	5.072942	5.502913	4.3534	4.700551	4.37917
5.119785	5.104435	5.120371	5.27663	4.180973	5.931728	5.289935	5.068956	4.881833	4.261831
5.456769	4.918523	4.372674	4.819825	5.374403	3.712136	5.036659	3.815016	5.217116	5.063201
4.96289	4.94754	5.823806	4.370595	4.918802	4.682381	5.265563	4.91206	5.546739	5.570317
4.576503	3.029459	4.466406	5.681709	4.162652	5.299489	5.344906	4.070099	5.750989	6.248408
5.544387	5.143466	5.521032	5.811948	4.066261	5.451679	5.848326	4.782362	4.47939	5.063783
4.587783	4.961966	4.498342	4.632001	4.788849	4.868729	5.119062	4.556539	4.87217	4.423759
3.705059	4.834474	4.25666	4.364682	4.325404	5.146674	4.806763	5.808785	4.517843	4.475137
4.969211	6.014095	4.287763	4.673178	4.792102	5.626196	4.955838	4.482683	4.935198	5.784008
4.112391	4.934321	4.200663	4.842085	4.631761	4.835831	4.523891	5.391963	5.473916	4.332839
4.837172	4.759388	5.811074	5.067945	5.603101	5.741127	5.284486	5.475449	4.553033	4.780952
4.083842	4.891083	5.496837	5.417686	5.358035	5.76375	5.23739	5.251842	5.464108	5.041272
5.84974	5.299063	5.023986	4.347113	5.231344	5.345191	5.131072	5.293886	5.560885	5.513545
5.339154	4.766243	4.767989	5.079309	5.235548	4.523342	4.878894	6.471339	4.646526	4.51947
4.776022	4.209917	4.061847	5.418656	4.630414	5.15175	5.719341	4.757357	5.31974	5.550667
5.197709	4.295271	4.409238	5.403208	5.028048	4.781971	5.413656	4.834716	5.580029	5.269819
4.13188	5.336814	5.392215	6.306294	3.91825	4.969638	5.088073	5.821379	5.841468	4.462046
3.88803	5.114585	5.048148	4.459209	5.328146	5.098434	6.006698	5.132944	5.848115	6.116322
4.115449	4.258548	4.295718	4.421316	5.033977	5.023705	4.602807	5.376102	4.540487	5.191671
4.569124	5.541029	5.500636	4.948647	5.381521	5.794093	4.565959	5.546986	5.078435	5.020853
4.856534	4.887811	4.671808	5.507847	4.74762	5.306575	4.460416	4.836271	3.959821	5.707451
4.747573	4.094459	4.793077	5.126539	5.47598	5.087771	5.103771	4.915805	5.786293	5.380547
5.005614	3.638844	5.009774	5.04492	5.109705	5.236592	4.705814	4.788555	4.9182	4.08856
4.614028	5.299983	4.542726	5.279515	4.761922	4.400363	5.026955	4.828832	5.254866	5.240845
5.372572	4.0659	5.26253	5.656295	4.357451	5.387899	5.19623	4.116591	5.167009	4.347735
4.939509	4.92416	5.574791	4.962463	6.165992	4.878984	5.771469	4.88868	4.941002	5.219798
4.444005	5.33032	4.349144	5.095329	5.18385	4.965798	5.588482	5.046647	4.805557	5.04315
4.727442	5.416108	5.256732	5.509843	5.705163	5.111566	5.716156	3.457485	5.01862	5.441928
5.058932	4.958445	4.572848	4.91485	5.116159	5.053409	4.855579	5.631001	4.706803	5.771333
5.362808	5.103508	5.759676	4.392776	4.480501	4.99338	5.110671	5.523564	5.421476	3.882712
5.093274	4.692095	5.430287	5.038806	4.642798	5.283176	5.054956	4.598207	6.413494	4.313205
5.000242	4.939012	4.842972	5.085767	5.313227	4.567877	5.035998	4.33859	4.487961	4.397394
4.867281	4.683147	5.749708	5.771157	4.596382	5.317592	4.763017	5.390661	4.427053	4.35219
5.026043	5.010694	4.529045	4.359749	5.13335	5.064138	4.326741	4.975214	5.413584	4.631167
5.334996	4.680209	5.035324	4.282474	4.951829	5.356348	5.447608	5.104536	4.60406	4.986709
5.961992	5.102108	4.262514	4.374076	5.262319	4.888087	5.031211	4.630808	5.318136	5.757663
5.045049	4.919369	4.998896	5.31062	5.61427	5.0824	4.237569	4.872726	4.766579	4.823782
5.445944	4.891397	4.578271	5.387517	4.908549	4.580663	5.051473	5.026821	5.816471	4.357368
4.456566	5.556982	4.812011	6.306604	4.885595	5.456979	4.73877	5.111847	4.237945	4.948667
4.56821	4.852845	5.728674	5.550099	4.874867	4.949443	4.50987	6.3872	5.059971	5.479296
5.682135	5.568067	5.32	4.17243	5.126648	5.744905	5.147847	4.19591	5.157845	4.373356
5.027128	5.138314	4.11948	5.81208	4.768209	5.666585	3.952496	4.923506	5.309155	5.3501
4.504603	4.802567	5.603756	5.2026	5.214657	5.316619	4.530648	4.084247	4.771216	5.862651
4.518288	5.45072	4.812381	6.066916	6.139028	4.611567	4.50774	5.760789	5.355718	5.255629
5.253618	5.148415	5.86403	4.287869	4.421425	4.800261	5.138201	5.401359	5.02795	4.495487
4.673393	5.922544	4.468421	3.780502	4.333374	5.660262	4.78345	3.837648	4.662961	5.218888
4.527375	4.859906	5.462788	5.062907	5.157804	5.332617	4.667227	4.375916	5.589633	5.607233
4.073776	5.013552	5.226482	5.80005	5.363707	4.80148	4.317723	5.613266	5.635826	5.794409
5.334344	5.490779	4.713271	5.781424	5.147387	4.929801	4.383168	5.030352	4.594961	4.862176
5.120996	4.357023	5.557203	4.950176	4.731707	5.207748	4.362673	4.539642	5.884332	6.160851
4.490229	5.772522	4.981182	4.313539	5.623306	4.981352	5.344575	4.512932	6.033934	4.473479
5.055748	4.942223	3.774985	5.033341	4.815516	4.798175	4.861632	4.727912	5.503059	4.364089
5.00478	4.479577	5.55045	5.164989	4.270051	5.067578	5.50486	5.0276	5.681387	4.51743
5.034241	5.018891	5.495142	4.577043	4.804944	5.072002	6.009592	4.983412	5.093249	4.806664
5.543359	5.290527	5.330138	5.850607	4.921338	5.414384	4.985625	4.857038	4.374802	5.539994
4.43293	4.65629	5.279287	5.086804	4.723077	5.468949	4.79755	4.695396	5.463116	5.7973
4.85355	5.131465	5.149574	5.356194	4.99031	5.985182	5.315748	5.16403	5.842352	5.795565
5.641808	5.955295	4.239674	5.248965	4.218204	4.361618	5.139515	4.581151	3.759786	5.442581
4.405301	4.723547	4.757377	5.461026	5.822336	5.644688	4.597866	6.408445	4.068646	4.299719
4.983944	4.968594	5.305265	5.091319	5.070105	5.296927	4.669898	4.933115	5.590596	4.484426
5.509656	3.920282	5.946119	5.217587	5.192619	6.073506	4.812354	5.449277	5.403488	4.413877
4.86194	4.846591	4.991122	3.650953	5.072638	5.322529	4.697537	4.811111	4.593496	5.422402
4.385545	4.074755	5.156957	3.60337	5.200048	4.99348	4.736844	6.063973	4.416679	4.136784
4.372353	4.965025	5.146027	5.472344	5.082835	4.278133	5.356769	5.281485	4.862049	5.061414
4.396914	4.88525	4.924925	5.999187	4.797032	4.408781	4.275392	5.076539	3.866803	3.632553
4.992618	4.977268	4.991752	4.971176	4.988963	5.245425	5.497327	4.941789	5.206918	5.759102
4.784642	5.269272	5.054804	5.515007	5.533018	4.837103	4.66579	4.558038	5.77373	5.411205
4.956871	5.395469	5.570532	4.352499	5.326643	5.049933	5.535543	5.464271	5.38441	4.854124
5.183708	5.626798	4.97806	5.566332	4.56312	4.545997	4.597826	5.458911	4.98605	4.475234
4.39011	5.521919	5.253826	5.258056	4.975108	4.593502	5.241521	5.088713	5.240681	5.607292
5.210343	5.263902	4.486497	4.12312	5.011095	4.474788	5.035573	4.995395	4.599134	5.039083
4.153749	4.840232	4.601404	4.914832	5.07494	5.751028	4.940246	4.553002	4.85279	5.185543
5.27201	4.681805	5.152409	4.995006	5.359159	5.497447	4.809382	4.575722	4.581161	4.902617
5.00252	5.555833	5.495688	4.178681	4.286081	4.899225	5.162851	5.251054	4.260406	5.560643
4.60371	5.067002	3.626618	4.639057	5.246518	5.306337	5.242882	5.468439	5.378755	4.6273
5.717757	4.288918	5.81634	4.742199	4.248401	5.161075	4.321394	5.862888	4.632389	3.698481
5.225681	5.569499	5.6882	4.908302	5.211491	5.027051	4.605197	4.50032	4.99961	4.776783
4.898658	4.883308	5.285171	4.901814	4.896607	5.783638	5.024388	4.847829	5.856637	4.711604
5.443391	4.979849	5.152382	5.153874	5.294255	4.791912	4.938948	4.481027	5.25409	5.834782
4.119457	5.692188	4.745697	4.871318	4.678795	5.019237	5.049663	4.460709	4.017044	5.67937
5.066529	5.051179	4.39885	6.017886	4.506181	5.263166	4.738707	5.0157	5.020099	4.075771
4.787208	5.275165	4.88477	5.876326	5.359993	5.660791	5.295974	4.740559	3.967982	4.702806
4.769123	5.700052	4.561133	4.448678	4.794112	4.258014	5.416565	4.688886	4.326318	4.239641
5.228517	4.779381	5.022737	5.042047	5.344011	4.698525	4.461936	5.3315	5.125902	5.073806
4.277297	5.140203	5.296994	4.808258	4.570414	5.709417	4.68917	5.254155	4.964295	4.754899
5.008428	4.993078	5.410881	5.517238	5.264292	5.537915	4.421388	4.957598	5.415908	5.043664
4.480072	4.868821	5.023688	5.995245	5.435768	4.076551	5.185188	5.2978	4.080559	4.308079
4.999058	4.088236	6.135131	6.011257	5.329088	7.168171	4.303819	5.611122	4.557719	5.650723
5.119863	5.734045	4.990963	5.068572	5.547924	5.206754	5.557986	4.74038	4.792926	7.038804
4.182661	5.655423	5.192045	5.24023	5.427363	5.197335	4.936231	5.552606	4.651554	3.926312
4.956612	5.073224	4.869139	3.955463	5.426232	4.8592	4.947244	5.294377	5.452396	4.511031
4.439557	4.223837	6.073978	4.835152	4.582174	4.362885	6.197511	4.862802	4.272742	4.963053
5.068383	5.053033	5.149249	5.318715	4.753724	5.086275	5.03598	5.017553	5.293638	5.160915
4.950424	4.935074	4.892452	4.898621	4.429948	4.255524	5.691582	4.899594	4.72963	5.315191
5.251127	6.255629	4.635533	5.007818	5.497005	5.236036	4.697637	5.50324	5.289901	5.239576
4.993948	5.14198	4.329865	4.223804	4.469429	4.40641	6.125942	4.807111	4.717358	5.750569
6.038363	5.071271	5.653168	4.965001	5.122445	5.04049	4.287118	4.545999	4.581353	4.930338
4.199014	4.655395	4.074822	5.198552	4.894793	5.073118	5.835147	5.117325	4.397684	4.885781
3.973368	4.402085	4.778697	5.150366	6.155516	4.509127	4.757166	5.179253	5.148157	4.167235
4.720438	5.036664	5.635357	4.045463	5.270886	4.971116	4.321559	4.894042	5.806386	5.017425
4.935628	4.920279	5.262378	4.647028	5.338397	4.704649	4.098139	4.884799	5.250344	4.668043
5.856566	5.222005	5.239669	4.901016	4.995995	5.288776	4.015549	5.618545	5.07982	4.751908
5.252918	4.66086	5.062109	5.645905	4.685147	4.657921	4.412817	4.798824	5.544749	5.358141
5.138021	4.140627	4.786362	4.351482	4.590762	5.524612	4.681755	5.277481	4.759335	6.203256
4.26566	4.44112	4.895815	4.377711	6.187446	4.269825	4.654453	5.459229	4.774061	5.036204
5.471826	4.295282	4.775315	5.109021	4.765429	4.603962	4.810218	4.673536	5.124428	5.536002
5.839978	5.723086	4.983018	5.052482	4.762938	5.413394	4.695154	5.275433	5.546761	5.265857
5.050365	5.035016	5.043691	5.75602	5.375988	5.055191	5.15337	4.999536	5.134789	5.404407
4.856936	4.375061	4.540842	5.023033	5.308097	5.024559	4.957026	5.108101	4.92028	4.942269
4.941428	4.926078	6.114392	5.205413	5.132572	4.993755	4.308622	4.890599	5.082125	5.460294
4.056565	5.316147	5.051075	5.039443	4.852602	5.415767	4.900855	5.27309	5.478912	4.648559
4.844194	5.248493	5.091362	5.441252	4.766469	5.030816	5.42507	4.416947	5.360102	5.088662
4.666986	4.679625	5.086683	4.932534	5.743827	4.288175	4.444707	4.483376	5.854888	5.642446
5.177631	5.628614	5.291983	4.855035	5.070526	5.514203	4.488566	5.116039	5.76191	5.777314
5.875759	4.508231	6.606018	4.462783	5.000552	4.925128	4.780047	4.687776	4.588666	5.246695
4.487637	5.247437	4.577549	5.008884	5.223243	4.15642	5.01129	5.752823	5.044728	5.465814
4.892218	4.733336	5.449877	4.015189	4.593706	5.441378	4.892214	4.548418	4.108175	5.415739
5.283803	4.843469	5.450419	5.983293	4.176925	5.023862	4.858058	5.314842	5.541971	5.263388
5.050208	4.798253	5.551857	5.283295	5.298086	5.40607	4.940365	4.849654	5.188166	5.326228
5.418354	4.742787	4.952783	5.370131	4.358061	5.02185	4.883298	5.466036	5.350511	4.499507
4.895239	6.42405	5.989374	4.789192	4.057329	5.430866	4.928369	4.618176	5.212464	5.015596
5.031788	5.016438	5.106984	5.047822	4.941678	5.053685	3.956069	4.980959	5.52092	4.68355
5.269214	4.67753	6.008354	4.243823	4.779042	4.821407	5.215409	4.955897	4.401492	5.63026
4.959934	5.774745	4.188673	4.685776	4.47213	4.491173	6.06599	4.620867	4.922896	5.728534
5.998216	5.11709	4.757638	5.181898	5.094279	4.117458	5.572344	6.284803	5.466105	5.815341
4.023832	4.384909	6.14699	5.364133	4.660164	4.375419	4.770905	6.018341	5.514914	5.30724
4.647431	5.047916	5.021945	4.638407	4.601418	4.669192	4.823854	5.518843	5.969449	4.113191
4.983053	4.465911	5.030692	5.394382	5.712165	4.374782	5.070933	4.076747	5.805786	4.441747
5.406491	3.448617	5.208628	4.84295	4.867103	5.18739	4.915438	5.86082	5.634956	5.192556
4.917476	4.198669	4.190684	5.340593	4.724332	4.848126	5.016851	5.127007	4.553039	6.056676
5.337426	6.18762	4.742425	5.337313	5.094479	4.311709	4.980215	5.317863	4.40433	4.910991
5.477709	5.271319	5.796302	3.604974	4.445008	5.822359	3.602658	5.549933	4.049001	4.650872
