5.669533	5.062806	5.363153	5.764818	6.127781	5.120369	4.800389	4.26471	4.577262	5.607726
5.075869	5.053026	5.15698	4.813283	5.295141	5.272144	5.839545	4.452483	4.231263	5.080472
3.80161	3.849102	5.110299	5.916042	4.131433	4.928245	5.206751	5.464655	4.853017	5.024488
5.3946	5.131854	5.593525	5.907768	5.519968	6.209838	5.33466	3.865091	5.245326	5.006401
6.012595	4.88149	5.358629	4.946693	5.068117	4.94091	4.815112	5.265839	5.812892	5.299914
5.71002	6.019047	5.712992	6.196348	5.06753	5.322145	4.779278	4.394156	4.995084	4.99739
4.828076	3.74017	3.301761	5.404991	5.121718	4.651018	4.961467	4.429144	5.388346	5.108451
4.569231	5.096591	4.075816	4.730692	5.514375	4.536154	5.344718	4.548557	6.031717	5.461657
5.212668	4.188735	5.212749	6.062632	4.347812	5.643931	4.738173	5.070173	5.278633	4.504976
4.253215	4.172765	4.879787	4.877316	4.931712	5.42094	5.781958	5.851821	4.883706	5.195806
4.995152	5.327392	4.748063	4.223909	5.086752	5.913792	4.836724	5.355358	5.637933	4.45635
4.471552	4.563317	5.522377	4.914684	4.871998	4.405828	4.871561	4.177217	4.480244	4.602211
4.915779	4.94096	5.063245	5.060773	5.262909	4.844805	4.934616	4.784101	5.067163	4.803607
4.726812	4.011507	5.508071	5.99339	5.300857	5.399691	5.122481	4.929013	4.505109	5.316628
4.896954	4.921816	5.583165	5.141007	4.853673	5.438129	5.709064	4.446217	5.138219	4.331281
5.611054	4.735337	4.933715	4.900167	4.18667	4.364637	5.7058	5.011206	4.010096	5.23377
4.440666	5.142555	4.95751	5.505233	5.496897	5.097471	5.86729	5.378057	4.657043	6.248394
5.155167	4.831929	4.924619	4.172387	4.973684	5.486716	5.4029	5.587033	5.430695	5.543996
5.483463	5.180442	5.019576	4.993242	5.223727	5.002114	3.861127	4.73635	4.815244	4.907171
5.288241	4.431749	4.559135	4.808377	5.393279	3.892576	4.913309	4.582634	5.504188	4.927719
5.563484	5.46425	5.696223	4.661622	4.635457	5.584355	5.578863	5.378709	4.627089	4.822948
5.765059	5.057468	5.211483	5.549016	5.324235	4.898499	5.640342	5.094058	4.589317	4.82961
4.421293	5.34206	5.660922	3.789575	4.986231	5.643065	4.286214	5.215594	5.21128	5.233116
5.55564	3.918707	4.77605	4.606461	4.931588	5.293385	4.868235	5.838184	5.403137	4.026656
5.31004	5.099563	4.447872	5.134213	4.825371	5.574471	5.372844	5.169497	5.520345	4.839538
4.838183	5.117115	5.525886	5.367907	5.463723	4.822507	4.936843	5.103657	4.681949	5.692186
4.26042	4.52707	4.671087	4.296921	4.788256	5.458245	6.0179	4.188101	4.752573	4.900947
4.556645	5.791335	5.070325	5.067853	4.851562	5.108815	6.372707	5.748645	5.074244	4.812841
4.965403	3.731275	4.754354	5.07837	4.761982	4.880189	5.946387	5.137398	5.444489	5.140561
5.38215	4.554593	5.582388	4.346914	6.088079	4.802766	4.436162	5.075222	4.937957	4.835431
4.880592	4.79096	4.384782	5.150983	5.625197	5.015893	4.90046	5.60724	5.581063	5.993395
4.620657	4.558434	5.540819	4.642336	5.392833	5.418038	5.147533	4.852116	4.404579	4.999068
4.611706	6.501491	5.543728	3.296082	4.667199	4.593941	5.1116	5.153964	4.763072	4.602641
5.49314	5.41803	5.077187	5.074715	4.314843	5.335516	4.932207	4.428251	5.081105	4.870296
4.951434	4.815506	5.079746	5.077275	5.505055	5.309897	4.837958	5.31937	5.083665	5.112966
5.124661	6.172234	4.573635	4.668349	5.183568	5.218441	5.601296	5.426082	5.143791	4.392173
4.382421	4.881587	4.749533	5.062639	4.892383	5.457417	4.112305	4.680208	4.973888	5.148217
4.356692	4.025017	4.951146	4.948674	4.871451	4.736776	5.287803	5.11612	4.955064	5.056991
5.373728	4.002458	5.642178	4.378067	5.422046	5.148987	4.886784	5.215577	4.079344	5.034034
5.471156	5.981524	5.685579	5.031705	4.708686	4.316125	5.622719	4.589509	4.476662	4.326727
5.524529	4.863194	5.250042	5.677722	5.489387	5.535636	4.405911	4.612714	4.929723	6.314506
5.326198	5.118289	4.845408	5.064611	4.077542	4.834145	5.838166	5.11391	3.970904	5.526869
5.766029	5.630497	4.510893	4.994187	5.467273	5.610368	5.113336	4.778524	3.587176	5.228524
5.191864	4.630399	4.934827	5.203152	4.07938	4.496383	4.856583	4.421906	5.464331	4.803863
5.329749	5.043108	4.815567	4.874603	3.786675	5.031609	6.311542	4.839314	4.967815	4.570796
4.807156	4.777849	6.527506	4.62438	5.38703	4.650694	5.872932	6.334285	5.727314	4.781077
4.276037	4.995147	5.788487	5.514296	4.669818	3.815359	4.56062	4.889876	4.63776	4.788716
5.759922	4.542546	5.297888	4.72566	5.037504	5.023307	4.20586	5.593282	5.437835	4.971801
5.376494	4.733706	4.983278	4.980807	5.525838	4.587712	4.745947	4.836586	4.987197	5.488555
5.151975	4.810704	4.209478	5.814297	5.579515	4.467746	5.359738	4.141329	4.379494	5.223751
4.575645	5.019232	4.892742	4.668097	4.938342	4.447901	4.852766	5.093484	4.753329	4.319376
4.359485	5.512699	4.395284	4.021853	4.546882	4.878841	4.83875	5.066224	5.777574	4.556155
5.690295	3.94829	4.482952	5.754753	5.758207	5.142744	5.147873	5.20642	5.433271	5.032899
4.273712	5.134706	5.161547	4.798929	4.73413	5.801725	4.693061	4.232757	4.128463	4.288795
5.497504	4.430726	5.056167	5.053696	4.834943	6.037026	4.674501	5.363425	5.060086	5.615432
5.183776	4.524398	3.57212	5.296088	4.943287	4.297412	6.106999	6.215701	5.101876	5.174148
5.54873	4.613797	5.011298	4.479022	5.420507	5.030795	4.088759	5.108284	4.334547	5.47267
6.173781	6.034908	5.057151	5.05468	4.724878	5.016313	5.357734	4.738218	5.06107	5.698512
5.420704	4.504709	4.411628	6.59878	4.972211	5.505357	4.825264	4.12002	5.323104	4.023442
4.699236	4.989629	5.426432	4.531675	5.606189	4.486736	5.28153	4.245492	4.100664	4.324267
4.970221	5.382154	4.166396	5.613883	4.653889	5.858906	4.622454	5.362506	4.632069	4.753148
5.057327	4.790079	5.845984	5.092028	6.080271	4.257447	4.905219	4.875857	6.217125	5.421035
5.475749	5.392369	4.731219	5.588856	6.057009	4.565638	5.05755	5.240498	4.705446	5.314653
5.212867	5.163291	3.501458	4.496179	5.143163	4.389391	5.914289	4.784531	3.985258	4.05752
5.244226	4.711091	5.135642	5.133171	5.561276	5.388853	4.47459	5.37335	5.139561	4.781971
4.923801	4.980731	5.445408	4.663303	5.341196	5.651768	5.21333	5.510587	5.636425	5.10385
4.364599	6.054527	5.235712	5.750443	4.250997	4.62843	5.183419	4.099744	4.8925	4.810493
5.316176	5.285213	4.498491	5.076251	5.390053	4.650759	4.258786	4.643787	5.017835	5.359198
4.387286	4.675034	5.00382	4.502103	5.540258	4.263286	4.885719	5.607281	4.472755	5.310935
4.263633	5.272886	5.557259	4.408812	4.983791	5.425447	5.649355	5.155397	4.457078	4.272859
4.076052	4.893086	5.8462	4.860443	4.099569	5.859334	5.563384	5.66123	5.905665	5.966716
5.224752	6.197503	5.432276	5.058138	4.494151	4.461758	4.98333	4.640323	3.971605	4.26421
5.348866	4.853553	4.825552	5.346814	4.884545	5.458656	5.527549	5.03488	6.186558	4.401495
5.941615	4.980174	4.795817	5.578151	4.5046	4.246967	5.027791	4.172976	4.690241	5.268899
5.638434	5.923711	4.668386	4.930298	5.184977	5.77792	5.28546	5.940493	4.833007	4.580801
4.403171	6.54914	5.077301	5.07483	5.501532	4.246709	4.993984	4.766359	5.08122	4.707497
5.300451	4.717224	4.975822	4.973351	5.830021	5.075579	4.327582	5.005648	4.979741	4.556027
5.017133	4.953201	5.418013	5.724	4.819735	5.097	5.007294	4.607101	5.453757	5.340674
5.35998	4.875792	4.956704	4.744981	4.603025	4.559155	5.229204	5.270727	5.185703	5.049571
5.002287	6.071589	4.795386	5.46356	5.512181	4.349015	5.872874	5.126633	5.203077	4.481944
4.459873	5.993864	3.882357	5.357539	5.076593	4.72639	5.643337	4.938394	4.771922	5.737325
5.091984	5.114204	6.328534	5.608811	4.731894	4.652383	4.202417	4.677288	5.086112	4.808868
4.69991	4.247937	4.602943	5.211702	4.329991	4.878796	5.078682	4.829122	4.317964	5.989539
4.836436	4.930446	5.92657	5.136691	4.001266	4.985633	3.509001	4.499756	5.20589	4.755749
4.715745	4.422125	5.262531	4.48238	3.877017	5.041121	5.260921	4.465534	5.004827	4.885126
5.792297	4.953146	4.792284	5.104016	4.384357	4.995926	4.300925	4.970466	4.907026	4.410526
5.676564	4.144326	4.912339	4.270349	5.154155	4.363122	4.366357	5.473099	5.86198	4.173051
5.042035	4.482636	5.416681	5.538533	4.49718	4.242883	4.749881	4.379707	4.989455	4.032608
5.034818	4.834913	5.683477	5.128553	4.64297	4.852741	5.397605	5.10263	5.542501	5.927339
4.775946	5.71358	4.288395	5.506611	4.579436	5.526091	5.939222	4.719238	5.054007	4.776186
5.771021	5.598447	5.601879	5.971217	4.786988	5.37016	6.191333	4.93318	5.210104	4.481205
4.584055	6.054799	5.086063	5.083591	4.462055	5.175252	6.379671	4.627597	5.089982	6.417833
5.439602	5.63082	5.221429	5.404843	3.567933	5.48723	5.738969	5.234729	4.90754	4.055662
3.731311	4.686517	4.78883	4.533904	4.749503	5.179609	5.471533	4.251223	4.903367	4.341436
5.077516	4.917424	4.304576	5.176837	4.781579	4.583858	4.796792	4.513358	5.868955	5.278654
4.762972	5.41869	5.519361	4.491663	5.796158	4.648369	5.363764	5.431365	5.211155	5.052994
4.673747	5.591881	5.008628	5.006156	5.627035	5.597448	4.934811	4.614929	5.012547	3.949565
5.197903	6.303883	4.86745	5.058229	4.770991	4.976268	4.466484	5.807571	5.023554	4.564708
4.862724	5.055965	6.041206	4.712436	4.073256	4.706874	4.946352	4.519247	5.273511	5.209741
5.842731	5.284526	4.275734	4.752765	5.088903	4.496383	6.047922	5.270234	5.679972	5.68277
4.33407	5.093698	5.027555	5.025084	4.813346	4.053831	5.001454	5.59591	5.031474	4.359941
4.672581	5.546948	5.585718	5.560023	4.321543	5.576937	4.94998	5.65709	4.752216	4.988419
4.301267	5.389322	4.51351	4.78662	4.393432	5.642956	4.458766	4.497549	5.532287	4.59727
4.724311	4.955021	6.030986	4.879066	5.027637	4.613025	5.097427	4.837787	5.122824	4.659673
4.682431	4.506296	5.389258	4.795238	5.077433	5.911744	4.524509	5.02087	4.933323	6.124192
5.541136	4.598531	4.957283	4.576693	5.572878	3.876321	4.935192	4.893643	4.731416	4.551274
5.068801	4.947712	4.519497	4.849567	4.898074	4.586393	5.225024	4.47978	4.487349	5.263127
4.013044	6.281745	5.031973	5.687295	4.741792	5.204068	4.734301	5.399261	6.363058	5.410981
5.496551	5.101108	5.164587	5.591984	4.892117	5.281362	4.55966	4.756289	4.762087	4.71558
4.327003	4.709254	4.99168	2.840968	5.298172	5.063056	4.997977	4.00264	4.742512	5.802547
5.436343	5.542827	4.942419	4.964278	4.914856	4.780249	4.37807	4.632684	5.435471	5.315376
6.228375	5.206501	4.516949	5.388888	5.395439	6.046707	5.177333	4.215547	4.372544	5.483106
4.982437	5.529504	5.235204	3.770182	4.199477	5.582498	3.681512	4.542822	4.691856	3.916071
5.318847	5.687768	4.785616	5.07725	3.85684	5.584116	4.334682	4.85778	4.783667	4.320409
4.388155	5.767801	5.573852	5.419572	5.353882	5.792473	5.256384	5.133713	5.062621	5.110847
5.230631	4.869399	4.552913	5.889156	5.288466	4.174984	4.360178	5.528328	5.182892	5.475707
6.335032	4.620456	4.761529	4.759058	4.393247	6.013813	5.401009	5.781611	4.765448	5.353138
4.881414	5.060475	5.19142	5.051882	4.620187	4.918422	4.748773	4.732882	5.242481	5.402485
4.64466	5.070656	4.912736	4.910264	5.284449	5.910472	4.649571	4.837091	4.916655	4.847116
5.575128	4.523434	5.004044	5.001573	5.477032	4.635644	5.346802	4.008953	5.007963	4.648676
5.724744	4.96635	5.414101	6.308082	4.814064	5.148196	5.622408	5.410005	4.936712	5.062717
5.655745	5.538748	3.896887	5.297878	4.790593	4.274352	4.696315	4.536628	5.019352	5.333904
5.428766	6.056095	4.57862	4.392736	5.872314	4.922061	4.885624	4.868523	4.570833	5.225888
5.89705	5.478848	5.252117	4.836911	5.953386	4.963552	5.297528	4.939284	4.458615	4.88626
3.908751	3.975811	5.392677	5.526086	5.618452	5.323014	4.401612	5.484138	4.584077	5.723927
4.525423	4.582224	4.947534	4.945063	5.257155	5.246215	5.462155	5.337305	4.951453	4.845723
5.464725	5.11229	5.363823	5.385682	4.28143	5.73698	4.844162	4.707901	5.647185	3.933557
4.088907	5.542293	4.153991	4.653111	5.342226	5.390435	4.745183	5.177872	5.59867	4.594872
4.947311	4.671876	5.333043	4.144426	4.503915	4.550518	5.124537	4.566449	5.860112	4.602567
4.267089	5.638848	5.205392	5.427063	4.974197	4.749278	5.280937	4.079663	4.964664	5.141026
4.593164	3.564245	5.059898	5.057427	3.648805	6.146482	4.601772	4.704288	5.063817	5.202816
4.815548	5.780196	5.313509	5.896532	4.774952	5.025218	4.362848	4.864144	5.716132	5.217363
4.430349	5.054125	5.017363	5.014892	4.948418	5.720893	4.706308	5.25754	5.021282	4.82029
5.307514	5.492188	4.694836	4.530295	4.548354	4.370992	4.923002	5.439876	4.524005	5.158147
5.445683	4.426446	4.9786	4.976128	5.309626	5.269784	4.386753	4.553116	4.982518	6.090711
4.51207	6.045517	5.246781	4.809261	4.733367	5.342226	4.626647	5.144891	5.909596	3.781771
5.338719	4.103303	5.234339	5.073583	4.715087	4.921285	4.991595	4.091467	4.959677	4.792432
5.095926	4.54238	4.701897	5.214509	4.784556	4.496926	4.979719	4.420001	4.972241	5.44278
5.797637	5.311664	3.858737	4.673896	4.912837	5.090761	4.687378	4.301976	5.278075	4.668803
4.905044	5.226714	5.015798	5.013327	5.707021	4.371199	4.934921	4.707425	5.019717	4.808525
5.19111	4.577984	5.621829	4.755517	4.968825	4.623556	4.826996	5.890453	5.521893	5.771297
5.676669	4.780205	5.026385	5.238694	4.28547	5.756968	4.332655	5.21514	4.967476	4.875427
5.752815	5.261472	4.911405	3.942141	4.585339	4.313899	5.80265	4.993773	5.723497	3.77121
5.643241	5.138683	5.895356	4.520609	5.374268	4.769627	4.213981	5.607211	4.721114	4.743892
5.363376	5.251469	5.40262	4.912118	4.951936	6.123438	5.113891	5.099293	5.295055	5.450339
6.15907	5.629887	5.460029	4.789826	4.943851	5.158286	5.938479	4.871171	5.692498	4.500068
5.725155	5.423293	4.824459	4.328092	5.76735	4.534406	5.068696	4.104891	5.501797	5.023878
5.948538	4.549132	4.603011	5.024711	5.207515	5.101517	4.783434	5.183213	5.748119	6.113363
5.477702	4.963959	4.63045	4.467703	5.003697	5.417624	5.424948	5.011172	4.885581	5.716939
4.193282	4.768124	5.045235	4.900393	5.265886	4.51327	5.721418	5.733268	6.980277	4.708003
4.515034	4.965577	4.486032	3.846648	5.349298	5.563017	5.244454	4.908436	5.055381	5.154857
4.773818	4.405585	5.261538	5.188795	4.701333	5.105779	4.492898	5.21364	5.296706	4.765621
5.418472	4.718387	5.416815	5.085015	3.894548	5.432083	6.012906	5.998626	5.582009	5.696452
5.437283	4.953019	5.167567	4.664472	4.888318	5.346454	4.707832	4.677933	3.884608	4.351717
5.25255	5.14414	6.010569	4.65882	4.221171	4.639369	5.043832	5.28456	4.117525	5.336784
5.554782	5.680245	5.061173	5.058702	5.163311	4.214172	4.450496	4.306638	5.065092	5.338411
5.317211	5.528032	4.671391	5.784101	5.123424	5.337671	4.369043	5.229436	4.462433	5.548774
5.065867	4.342035	4.436934	4.525992	5.262716	6.425726	4.795464	5.207087	4.280005	5.179555
5.901331	4.625887	5.297247	5.274951	4.620924	5.523652	4.846348	5.346953	4.890211	4.786855
5.537197	5.330851	4.7893	5.127955	3.896559	4.30755	5.154743	4.417314	4.854725	5.021484
5.043327	5.067019	5.967367	5.387976	5.281346	5.067464	4.421178	5.165646	4.07141	6.492127
4.503949	5.171296	5.869902	4.794337	5.156879	4.612919	5.210462	4.61284	4.534173	4.999753
4.751021	4.661233	4.798112	4.79564	4.808799	5.098667	4.755387	5.123731	4.802031	4.040977
5.182436	5.311619	4.908748	4.258486	5.949765	5.260682	4.276198	5.675281	5.273968	5.249069
4.35271	4.700816	4.341444	5.040864	4.636233	5.119414	5.347691	4.981555	5.144449	5.416512
5.239205	5.190934	4.989751	4.987279	4.278522	6.638887	5.377582	4.879732	4.99367	5.369542
4.740067	5.77482	4.806148	5.683234	5.145232	4.441819	4.008074	5.440557	4.860474	5.223691
4.637705	4.487809	4.427315	4.554415	4.126619	5.70838	4.979111	5.15397	5.127452	5.227455
5.199436	4.586389	4.855349	3.903942	5.070858	4.570592	4.506885	4.338902	5.290051	5.343875
4.643244	4.436387	5.018071	5.0156	4.605254	5.705519	4.814124	4.973303	5.02199	4.491562
5.011988	4.834533	6.150004	4.77874	4.712247	4.737623	4.373129	5.032174	4.712266	5.36796
5.503567	4.967247	3.919624	4.925861	4.5692	5.096892	4.925209	4.239264	5.76207	5.04357
5.217122	4.921463	5.946904	4.278664	4.968804	4.738062	4.649162	4.463884	5.300025	4.506667
5.839703	4.900691	5.001618	4.999146	5.531645	4.357586	4.540627	5.836089	5.005537	4.544083
5.629958	4.888753	4.937356	4.829278	4.52472	5.112973	5.378506	5.016372	4.926186	5.500823
4.702839	5.29987	4.388735	5.836925	4.269258	4.867778	4.284695	5.398205	4.880147	4.373343
5.789747	4.742182	4.656757	5.17984	5.037746	5.141201	4.627197	4.557269	4.923797	4.961989
5.093815	4.446362	4.81222	5.708107	4.991506	5.689431	4.443506	5.026393	5.526684	5.29318
4.946654	5.483544	5.047437	6.579988	5.253139	4.548227	4.812069	4.455587	5.360807	4.376064
4.359147	5.162537	5.090712	4.785153	5.328421	5.185247	4.405224	4.963611	4.528108	4.447552
6.14621	5.659963	4.102458	5.33141	5.250716	4.845743	5.772614	4.282353	5.360792	5.045258
5.175484	5.956747	4.698453	4.7851	5.43573	4.818708	6.384699	4.659083	4.364932	4.605742
5.293843	5.264729	5.192939	4.626663	4.921661	5.012046	4.326769	5.315707	4.574186	5.087509
5.207213	5.672712	5.864304	5.340218	5.370923	4.620477	4.721366	5.571225	5.202929	4.860528
4.357555	5.048832	5.236327	5.539324	5.396239	4.843107	5.022125	5.989851	5.184978	4.747094
4.423956	4.979619	4.119349	5.988273	4.346677	5.715053	4.50011	4.78201	4.268631	4.849945
5.270473	5.402892	4.617083	4.459087	4.47796	5.842973	4.947306	4.477811	4.547739	5.859565
4.560909	5.348408	4.893959	4.221098	4.44147	4.8271	5.937637	4.527814	5.136232	5.779573
4.135364	4.948986	4.953368	4.950896	4.967231	5.50862	4.880077	6.097009	4.957286	5.045209
5.206409	5.913721	4.190015	4.011211	4.645901	5.14167	4.412667	4.7727	5.049815	4.927151
5.946713	5.540545	4.13075	4.624078	5.408305	4.201913	5.342521	5.43919	5.554502	4.457159
5.806002	4.922057	4.963015	4.960544	5.502785	5.40605	4.359452	5.16009	4.966934	5.150021
5.436352	4.568476	5.712064	5.055997	4.859397	5.762661	4.606978	4.306601	4.928381	4.149899
4.905273	4.826028	6.201117	4.785953	4.790439	4.730775	5.629759	5.925733	4.869314	5.1757
5.460118	4.567533	4.868312	4.418467	3.345613	5.073411	5.434827	4.978917	5.155669	4.272187
4.855021	4.294509	4.993445	4.43078	3.834451	4.702087	5.381209	5.322278	5.172661	5.043487
5.425169	4.601737	3.676874	5.049411	5.305728	5.740019	4.983179	3.910985	5.435972	3.070963
5.403548	5.477311	4.294078	5.304867	5.163321	4.862188	4.568339	4.972306	4.942976	4.439119
5.257432	5.137415	6.032534	4.626287	4.420251	5.641711	5.287516	5.265541	5.031923	4.9691
5.738839	4.822046	5.881729	4.440048	5.669781	5.775356	5.972019	4.89601	5.435254	4.971703
