4.911659	4.861071	4.623409	4.462746	4.539227	4.107086	5.742282	5.218528	4.713738	4.265742
5.67236	5.713629	5.22526	4.427369	5.125194	5.451884	6.25185	4.300848	5.885433	5.307194
5.837432	4.405346	4.539841	5.323694	4.406992	5.818952	5.438607	4.03777	5.207323	5.813595
5.492499	5.080956	5.195646	4.610714	4.831895	6.032403	5.485544	4.512364	5.616663	5.884806
4.651182	5.103817	5.425307	5.219762	4.45406	5.407928	5.900605	4.714817	5.233916	5.71081
4.727436	5.011009	5.17118	5.491362	5.194421	4.419764	5.870687	5.848004	4.825166	5.569988
4.691929	5.38336	5.158967	5.068644	4.988048	5.01061	4.391819	4.738355	5.246257	4.853858
4.821633	4.440271	4.279739	4.722132	5.312736	5.816008	3.195193	4.957743	4.253029	5.306417
5.089952	5.074602	4.974252	5.804386	4.918353	4.905844	4.756805	5.039122	5.009741	5.59764
4.726278	5.676634	5.29849	6.551578	5.720412	5.836639	5.397436	4.961641	5.645232	5.085903
5.060543	5.045193	4.697936	4.080777	4.888447	4.609689	4.977496	5.009714	6.432786	5.166775
4.859545	4.300288	5.780746	4.752764	4.440436	5.151425	5.507676	5.219098	4.659308	4.17352
5.583114	5.003754	5.046383	5.171718	4.132789	5.330498	5.252844	5.450641	4.638894	5.570177
4.76997	4.535097	5.75184	4.919361	4.778662	5.353213	4.21405	3.843214	5.055985	5.617488
5.068661	5.256032	4.890289	5.189838	4.747537	5.733043	4.976692	4.944425	4.596681	4.719227
5.121209	5.105859	5.455709	4.848966	5.24016	5.465953	4.679089	5.070379	5.694544	4.080724
4.4642	5.791575	5.142667	5.392759	4.039952	5.396688	5.287599	5.96488	4.668431	4.315474
4.434188	4.804297	4.933934	5.63022	5.475565	4.753977	5.582445	5.681048	4.724639	5.025776
5.115212	5.099862	4.400373	5.546552	5.001508	5.17512	5.023583	5.064383	4.728093	4.821447
4.511002	5.564274	5.692893	5.171003	4.759376	5.563442	5.125645	4.95302	5.22815	4.302157
4.481921	5.342278	6.312141	5.403227	4.434441	4.899761	5.534466	4.891251	4.854457	4.961524
5.344761	6.51811	5.050404	4.228911	4.113343	6.228636	4.622066	4.387801	5.336636	5.075243
5.563533	4.383893	5.519101	5.40028	5.514019	5.255131	4.740765	6.304342	4.509816	5.102865
4.916308	4.980164	4.834659	5.594549	4.46593	5.838517	4.691961	5.042924	5.350256	5.018664
3.554967	4.088466	4.459529	5.416514	5.286295	5.957253	4.806147	4.73706	5.583532	5.993773
5.013358	4.998008	4.496371	5.315518	5.27141	4.818502	4.857488	4.962528	4.78218	4.853986
5.064782	4.907556	4.248165	6.459	3.981771	4.247907	4.430409	4.523777	4.585257	4.4026
4.920971	5.155625	4.815089	4.496993	5.243484	5.819013	3.733422	3.976972	4.58473	4.190804
5.029266	5.013916	5.870147	3.738713	4.979151	5.25347	4.412072	4.978436	4.912599	4.925976
5.086842	4.518657	5.238555	4.791352	4.968579	4.251295	4.894145	5.283088	4.700603	4.928676
4.421492	4.536234	4.889314	4.429174	4.336021	4.525161	5.385952	5.819383	4.201074	5.476058
5.360277	4.499716	5.35914	5.083644	5.960057	5.037642	5.384407	5.301897	4.475662	4.707195
4.723295	5.310349	4.2283	5.724397	4.954855	4.980447	4.375886	4.582579	4.46208	3.525852
5.004528	5.3485	4.966564	5.349548	4.604997	4.403064	5.193589	4.819948	4.81882	4.249706
5.093969	4.146712	5.478665	5.000403	4.566017	5.52452	5.385283	7.090375	5.825444	4.597049
5.01327	4.997921	4.882247	5.865969	4.244061	4.790991	5.295323	4.962441	5.493266	3.963335
5.015015	5.093156	6.093014	4.717391	4.611835	4.669619	5.339886	4.442433	4.551883	3.593545
5.787695	5.049335	5.343515	6.223564	5.033415	3.662408	4.601784	4.663113	5.832126	5.175949
5.044714	5.029364	4.658419	4.558774	4.439838	5.059966	4.62015	4.993885	4.820441	4.072544
4.970428	4.612024	5.808216	5.423998	4.663643	4.635429	4.557359	5.565155	5.209108	5.156404
4.513689	5.907581	4.539415	4.406549	4.768673	4.989201	5.595136	5.453387	5.384501	4.15451
4.996151	4.980801	4.868911	3.637416	4.552902	4.690569	5.221114	4.945322	5.413981	4.788381
4.98527	4.734656	4.728421	4.954055	5.861637	5.438248	4.838304	5.41902	4.470256	5.723937
5.276861	4.349204	5.190592	4.845317	4.854146	5.333652	4.867874	5.643773	5.554224	5.001475
5.109944	6.184787	4.464871	4.798756	5.134972	3.643137	5.810646	4.530982	5.512429	4.606
5.492126	6.04192	4.544606	4.469342	5.056039	5.026884	5.481074	5.212234	5.909318	4.903478
5.046858	4.423984	5.06567	5.170754	5.350006	4.715869	4.860939	4.955378	5.355228	5.083133
5.157182	5.141832	6.014848	4.769579	5.013468	4.498368	4.868795	5.106352	5.114714	4.392656
5.572787	5.300322	5.209256	4.891157	4.885312	5.524166	5.631385	4.274237	5.743833	5.221526
4.29727	4.546358	5.544857	5.575457	5.050921	5.24572	5.29548	5.310843	5.03249	5.913347
4.800354	5.292667	4.442921	5.728112	5.020292	5.015169	5.196835	5.207251	5.759255	4.895785
5.463409	4.951535	3.998062	4.413215	5.294788	4.961552	5.326046	4.450762	4.495806	4.990374
6.076539	3.8907	4.863881	4.304308	4.008548	4.956711	4.247567	5.123405	5.630562	5.631514
5.413734	4.457882	4.879385	4.928099	5.10543	5.307112	5.113129	4.762185	4.854738	5.479621
4.578596	4.834215	4.550146	5.170722	4.597456	4.706866	5.507385	4.146569	5.386988	4.321862
4.223987	4.288744	4.419982	5.344266	5.882887	4.820382	5.624123	5.151788	4.832149	5.868663
5.024369	5.009019	4.457297	4.940015	3.844558	5.211521	5.436282	4.973539	5.111602	5.035789
5.077277	4.952528	4.992399	5.112571	4.966429	5.949886	5.003504	4.699875	4.643054	4.988317
5.882596	5.196873	5.60962	4.888707	4.399755	4.999096	6.704579	5.303532	5.526237	4.123799
4.728334	5.725149	4.872131	4.984642	4.450216	4.646075	5.331317	5.056186	4.969548	4.964621
4.596651	4.893975	5.117059	5.520552	4.427378	4.913342	4.768318	5.043203	5.301131	5.508267
5.045536	5.030186	5.683039	4.541099	5.033436	4.914659	4.650971	4.994706	5.176273	4.287898
4.925028	4.909678	6.237757	4.038725	4.194111	5.621744	6.277066	4.874199	5.930202	6.126434
4.624835	4.528586	4.861439	5.276073	4.636619	5.453804	5.241583	4.29939	5.177415	4.705718
5.908155	5.302787	5.305056	5.318743	4.40018	5.108485	4.461957	4.320324	4.598154	5.3961
5.284113	5.209018	5.879475	4.970215	4.826904	4.266944	5.418348	5.183367	5.348609	5.330237
4.74874	4.258118	5.315524	5.260377	4.394203	4.881012	4.035445	4.589871	5.203985	5.270257
4.901056	4.334288	6.172744	5.14971	4.479032	5.464947	4.655888	5.085747	5.437673	4.714875
4.505376	5.641309	5.758492	5.094075	5.007219	4.289474	5.064219	5.62161	5.353013	4.426965
5.107893	5.092543	4.788767	5.519335	4.407926	4.250788	5.882725	5.057064	5.78097	4.632851
4.828813	4.311694	6.249249	6.205701	5.203145	4.663751	4.775342	4.823214	4.304236	5.678935
4.950997	4.935647	4.75555	5.445312	4.833544	4.560252	4.325517	4.900168	5.036012	5.630526
5.257476	3.686045	4.947656	4.518488	5.330761	5.133772	5.09387	4.239178	4.627748	5.554974
4.756271	4.526787	4.650969	4.112	5.275218	4.63339	4.682714	5.64027	5.382992	4.774793
4.612356	4.602212	6.223029	4.601795	5.465329	4.863204	6.499242	5.325185	5.052168	5.659492
4.607357	3.822186	4.617542	4.507277	4.388221	4.306511	3.780408	4.967645	4.23253	4.844559
4.740662	4.432198	5.278435	5.333475	5.39045	4.839847	4.712604	6.155571	4.469031	5.589532
4.32516	4.786735	5.926838	5.490764	4.194026	5.053322	4.606102	5.253609	3.940765	4.917092
5.162691	4.60059	3.690096	6.607459	4.655042	5.278471	6.71153	5.360378	4.644874	4.784412
4.905484	3.717359	4.60257	4.698946	4.879682	5.386964	5.081656	5.689724	5.327495	4.696889
5.187303	4.727611	5.349988	5.110214	5.640236	3.961024	5.218163	5.600955	5.079031	5.007649
4.712395	4.858054	5.86586	4.432119	5.244002	5.708546	4.232101	4.956017	5.124397	5.07258
4.795307	3.985411	5.250595	4.196644	6.351461	4.510537	4.359851	3.992254	5.062064	4.879525
5.428737	5.137509	4.524414	5.644228	4.340271	5.32677	5.25098	5.221539	5.278243	5.194021
5.051404	5.402164	5.427982	5.30119	4.970967	5.887772	4.756627	5.020463	4.929992	4.607116
4.971758	5.806687	5.693185	4.6233	4.818085	3.788632	4.971491	4.770287	4.866712	5.064971
4.641799	5.040664	5.104033	5.132115	5.10142	5.116076	5.942201	4.733774	4.956521	4.561612
5.63829	4.648459	5.897941	4.584201	5.18511	3.961825	5.252168	5.345995	4.234605	4.749974
4.894643	5.128668	5.710766	5.41464	5.727879	4.39454	5.121926	5.028639	5.196185	5.189734
4.951172	5.406186	5.726936	4.361558	4.775498	4.972176	5.698351	5.863644	4.773501	4.645681
4.659759	5.267142	4.288901	4.045039	5.851487	5.776886	5.207155	4.725894	4.799142	5.012717
4.374444	4.936383	5.196776	4.553954	5.417568	4.768022	5.593941	4.547503	4.634398	3.999122
5.048111	5.248698	5.367156	5.120007	4.699324	5.356556	5.054304	5.370869	4.439876	3.893478
4.927617	4.912267	5.208253	5.903881	4.294198	4.837949	4.492154	4.876788	5.086666	4.713943
4.410761	5.851279	5.892912	4.534542	6.007432	6.225237	5.077604	5.546677	4.267205	3.728825
4.898897	4.600044	4.686473	5.697517	4.250376	3.634922	5.129805	4.758102	5.216116	5.129332
4.472156	5.74539	4.318825	4.792128	4.632916	4.919064	4.707776	4.198547	4.975658	3.961793
5.540492	4.712005	4.463638	5.056293	4.769568	5.495469	4.760935	5.80269	5.412901	4.608431
4.964195	6.47919	4.438722	5.224113	5.286371	4.420086	4.916564	5.159366	3.751619	4.681656
5.47485	5.314944	5.086325	4.695337	5.045291	5.995138	4.878299	4.817763	4.795505	3.789293
4.454811	4.46277	5.392722	4.777842	4.736063	4.476998	4.955935	4.786858	5.581891	4.608611
5.014151	4.998801	5.503222	5.105423	5.466192	5.319084	4.552074	4.963322	4.756886	5.077977
4.15065	5.817682	4.666799	5.540115	6.029056	4.315177	5.182764	4.650787	6.241567	5.940933
5.417557	4.950928	5.262329	4.656021	5.598476	4.85358	5.520024	5.09402	5.71812	5.068052
5.851512	5.210175	5.217891	5.395094	5.146459	4.887364	4.388535	5.23213	3.972788	5.36485
4.711912	4.918803	4.590817	4.791836	4.188568	5.066229	4.680178	4.372272	4.462511	5.627866
5.184055	5.209589	5.257969	5.145802	4.939433	4.641001	5.201611	4.378158	5.709858	4.311102
4.435555	5.61804	5.503943	4.690028	5.024838	5.599475	5.013988	5.439689	5.843215	5.222878
4.892002	5.529084	5.138097	4.817158	4.392545	6.039512	5.151357	3.843172	5.261146	4.581997
4.869586	4.982727	5.330204	4.742063	5.510444	4.615384	4.874406	5.95996	4.753192	4.816531
5.094546	5.214991	5.34648	4.744685	5.525607	6.400604	5.468182	5.800034	4.425518	4.753356
5.227537	5.058627	4.463608	4.737735	5.810505	4.261042	5.251738	5.566195	4.719086	4.778425
5.740499	4.970867	6.120889	4.96781	4.890058	4.43601	4.649544	4.993004	3.56229	4.825104
4.307365	5.162782	5.640684	4.72022	6.180917	4.65399	6.172392	4.795672	4.740345	5.237205
4.655183	4.213545	4.678593	5.645062	4.428609	5.216692	4.263396	5.341769	5.278285	5.485038
5.983277	5.195459	5.349564	6.24004	4.881602	5.843116	3.789178	5.085632	5.394949	5.253832
5.420702	5.688596	5.089436	5.450657	5.394386	6.624751	3.918553	3.936077	5.723583	5.75437
4.753164	5.248309	4.002029	5.020624	3.917197	3.878792	5.465336	5.642355	5.241597	4.987131
5.320102	5.517167	5.379066	5.654427	4.726074	5.177066	5.762988	5.690673	5.230942	6.135365
4.646982	5.725234	6.032987	5.499358	5.839332	4.818051	5.190983	4.880702	4.672792	5.129798
5.072982	3.989323	5.353261	4.412992	4.817149	6.359557	5.635729	4.808781	4.367506	4.679193
5.022349	5.006999	4.73749	5.423831	4.162933	5.58196	5.778243	4.971519	5.221495	4.698846
5.166757	4.810336	4.909407	4.877691	3.821855	5.217445	5.18132	5.221772	4.205914	4.203674
6.140037	4.356929	4.943658	4.013973	4.676116	4.262519	4.788238	4.147502	5.013678	4.982957
4.414496	5.750478	4.866301	4.829154	5.09808	5.659881	4.869396	5.783215	5.326069	3.714329
5.473191	4.394434	3.847428	4.561293	4.782732	5.210931	5.891593	5.25239	4.894322	5.295953
5.539496	5.728519	4.523128	4.111372	5.225308	4.989797	5.373185	6.088706	4.345128	4.701385
4.972052	4.956702	4.020496	4.379014	5.91091	4.96313	6.180441	4.921222	4.84955	4.93217
5.542902	4.902244	4.0062	4.36124	5.157103	5.165975	5.119617	5.356297	6.142787	4.531456
4.850048	4.834698	4.617868	6.109508	4.112047	5.406975	5.700901	4.799219	5.616763	4.91923
5.103751	5.002231	5.139548	5.739095	4.98738	5.187804	4.92479	4.777512	4.888224	4.932328
4.926502	5.051462	4.300423	4.46385	5.467907	5.51095	5.437175	5.748853	5.03147	4.365778
5.629534	5.141016	5.409792	6.003404	4.534097	5.736101	4.980407	5.055805	5.020038	4.43993
4.980726	4.965376	5.461127	5.249979	4.138969	5.505319	4.765824	4.929896	3.886929	5.159915
5.042039	5.783466	4.899436	4.845531	5.545805	4.681952	5.80521	4.70764	5.405847	5.045682
5.021141	6.042	4.993896	4.876525	4.852032	5.470686	4.438567	5.400986	5.463581	3.852935
4.755671	4.876464	5.250916	4.042803	5.05301	5.567598	4.488468	4.090243	5.544366	4.361689
4.520706	4.152026	4.812758	4.172892	5.457308	4.696794	6.108202	5.078492	4.492408	5.811747
5.045946	5.694086	5.01131	4.205658	4.678035	4.726222	5.243415	4.127923	4.923104	5.209446
5.018046	3.353426	4.9439	4.613249	5.005396	4.690583	5.712913	5.34876	5.794054	3.754213
5.363427	5.004709	4.102507	5.564288	5.36624	4.875055	4.863172	5.161637	3.859961	5.170518
4.23564	5.010127	5.416812	5.68708	4.777201	5.193327	5.127975	4.83191	5.486505	4.623045
4.896173	5.351339	4.346409	5.709005	5.653963	4.415576	4.794219	5.780535	5.351612	5.640063
4.778896	4.171967	5.717644	4.927567	4.406738	4.444591	4.978584	4.71708	4.599734	5.319958
6.000369	3.957238	4.847066	5.349186	4.898946	4.31245	5.738855	4.860806	4.960077	4.520678
4.886766	4.871416	4.753917	5.551785	6.043416	5.765381	4.785797	4.835937	5.165892	4.795157
4.623816	5.332013	4.347501	5.616675	6.00376	5.122579	5.038074	5.45736	5.246537	5.58089
4.871229	4.769545	5.091374	4.180097	4.80066	4.36556	5.868577	4.797124	4.852185	4.92941
5.054637	5.039287	5.124603	5.157133	5.102509	4.951538	5.239705	5.003808	4.806575	5.643086
5.197105	5.569264	5.479447	5.948336	4.77811	5.05882	5.067886	5.841495	6.203362	4.883605
4.019761	4.84057	5.130889	5.487347	4.268915	4.684597	5.075824	4.848821	5.252198	5.02456
5.340044	6.100954	5.250544	4.263017	4.597959	4.43139	5.209905	4.37878	4.891684	5.008079
5.497365	5.147592	4.171777	5.072671	5.699333	4.908763	4.557139	5.053534	3.93317	4.298636
4.996535	4.981185	4.807041	4.134962	4.716537	5.221452	4.793002	4.945706	5.669553	5.122302
4.039185	4.587068	4.997385	4.950111	5.191633	3.82344	5.006143	5.523022	5.739844	5.828049
5.213801	5.578347	5.042315	5.056077	4.834449	4.93962	4.514295	5.432765	5.046656	4.725711
4.590484	6.076852	5.082001	4.516883	5.072508	4.663385	4.443825	4.732159	3.670519	6.284653
3.844249	5.445409	5.028045	5.113577	5.294996	4.612419	5.261388	5.141994	4.90541	4.337243
5.674528	5.512311	5.379444	5.68438	4.472508	5.742298	5.656101	4.283696	4.923381	4.72675
4.549445	5.12618	4.696942	5.122609	5.026614	5.395644	5.411934	5.680185	4.727897	5.330231
5.05649	5.041141	6.053991	5.740481	4.565446	4.808	4.85768	5.005661	5.925233	5.296086
4.938531	4.923182	4.95888	4.600632	5.378092	4.362525	5.128918	4.887702	4.308709	5.590722
5.0228	4.352542	4.826329	4.766393	4.449893	4.467731	4.413498	5.100609	4.606915	5.869248
4.883046	6.144154	4.925623	5.554039	4.628853	3.876841	4.185956	5.202245	4.791386	5.308037
4.966911	5.025943	5.518124	5.002866	6.00423	4.835713	5.857219	5.482748	5.270603	4.694506
4.94401	5.475955	4.790329	5.084206	5.228843	5.280541	4.40324	5.678662	5.810938	4.993836
4.821052	4.402259	4.511068	5.654656	4.298318	4.713165	5.870998	5.423116	5.383504	4.716835
5.038075	5.275808	5.821052	4.289382	4.715439	4.489357	4.891418	5.976897	5.611619	3.950527
4.923736	4.908386	4.912411	4.991246	5.011134	4.963887	5.442861	4.872907	4.982336	4.720793
4.485705	4.270073	4.898123	4.553813	4.476814	5.250369	4.873616	4.199241	4.344007	5.603734
4.45067	4.680712	3.955477	5.419289	4.835971	3.976101	4.6893	5.225511	5.571719	4.472801
4.06887	4.927166	4.987924	4.356179	6.027686	4.931567	4.757515	5.01666	5.076564	4.384483
5.352386	5.022572	4.676567	5.184853	4.871236	4.127446	4.265637	4.414125	5.455915	6.133045
4.927824	4.736477	4.518659	5.949211	5.046056	4.510802	5.150039	6.145674	4.952605	4.459611
4.680121	5.184792	4.711668	4.723096	4.532892	5.690006	5.566946	5.111048	6.366625	4.982829
5.038473	5.023123	4.245641	5.471531	5.504432	5.780232	4.779779	4.987644	4.81291	4.558342
4.807069	3.879674	5.088749	5.115927	6.270236	5.056155	5.994825	5.313545	5.241141	4.373469
4.929536	4.914186	5.401614	5.991074	4.977905	5.040696	5.298713	4.878706	5.26314	5.21914
6.140474	5.134795	4.692597	4.290459	5.942009	4.506665	4.760541	5.835797	4.93468	5.33379
5.596232	5.764164	4.522094	5.006356	5.071317	5.103849	4.181143	5.717978	4.736383	5.080199
4.895042	5.949779	5.086523	5.542029	5.487746	4.702298	5.356134	4.447959	4.830986	5.526373
4.375032	5.263401	5.865719	5.25711	4.561735	5.762527	4.816154	4.830521	5.454402	5.098864
4.634365	4.414506	6.232902	4.588792	4.801396	4.625352	4.683377	5.053257	5.178482	4.769695
5.136882	5.301286	5.261271	5.613842	5.482387	4.813677	4.750508	4.123518	5.040375	4.274804
6.287743	4.381188	4.796601	5.03891	5.853381	5.278004	5.18447	4.819579	5.645575	4.545731
4.383059	5.897874	5.563487	5.253772	5.028469	5.182653	4.854028	5.232581	6.443623	5.622221
5.184761	3.939187	5.154197	4.46426	5.347509	4.268524	4.942064	4.699022	5.071185	5.14859
4.354598	4.858386	6.228208	5.903962	4.133465	6.176329	4.945961	4.889442	4.496256	3.674729
4.419791	5.220539	6.158635	4.793057	5.025086	4.821263	3.434747	5.823602	5.153392	4.723748
5.019896	5.004546	5.198068	4.336559	5.058065	4.661592	4.765451	4.969067	5.184709	6.365468
4.843864	4.532319	5.02136	5.314792	5.013742	5.588971	4.582125	5.966201	4.5982	5.556124
5.142554	5.35359	4.642314	5.1899	5.037608	6.289686	6.45726	4.286131	5.746188	4.418903
4.362352	5.629655	4.672841	4.422716	5.16729	4.147665	4.277047	5.746188	5.755519	4.742427
4.805534	4.449866	5.444642	5.070305	5.621258	4.883232	5.269618	5.264715	5.358891	4.262246
5.474146	5.373202	6.205231	4.593822	4.598179	3.865597	4.837789	5.24535	6.146004	4.872152
4.306394	3.828443	5.871071	4.080012	4.518819	5.431097	4.587154	5.282671	5.318143	5.637646
4.541183	5.545571	5.544587	5.157135	5.476488	4.805946	4.721824	4.606737	4.993419	4.416686
5.055475	5.129428	4.984502	4.785761	5.126045	5.018918	5.271631	4.574512	4.4028	5.046999
5.14531	4.564734	4.226049	4.582303	5.160228	4.853628	5.350731	5.028508	4.848545	4.164761
5.843938	6.074989	5.276338	4.772297	4.279294	5.694833	5.801581	5.412077	4.378558	5.009236
