5.343246	4.698465	3.929078	4.253291	5.011238	5.066082	4.912185	4.173018	4.666361	5.388572
4.598632	6.166603	5.5361	5.552175	4.644572	5.231789	5.699582	4.354631	6.06664	4.971806
5.804959	4.445807	5.092975	5.388813	5.871315	5.32275	5.668054	5.241894	5.064682	4.649353
5.612248	3.765293	5.516846	4.508484	5.196135	5.266075	4.857949	5.111621	5.993188	4.341305
4.92267	5.018392	4.380643	5.445411	4.966596	4.982379	5.318763	5.105156	5.178038	4.531068
4.672554	5.421074	4.416393	5.043345	4.511837	4.594473	4.816136	5.178763	5.787449	5.909159
5.197457	4.744092	5.07694	4.759053	5.194366	5.263518	5.342162	4.950718	5.134322	4.50692
4.75062	4.931257	4.976436	4.680561	4.676225	4.179875	5.152386	4.864007	4.654755	4.780819
5.133368	5.118019	4.868984	5.322437	4.121271	4.318919	4.97685	5.082539	4.802027	5.252174
4.83168	5.506292	5.772658	5.05026	5.725829	4.593376	5.017869	5.38755	5.379951	5.005634
5.10396	5.08861	4.668039	5.386893	5.422894	4.597768	5.466514	5.053131	5.131988	4.497703
6.243906	4.390782	5.593977	5.505388	5.206614	4.987158	5.369705	5.242994	4.426189	5.529395
5.286619	4.139833	5.170936	5.252095	4.562666	4.274928	5.583116	4.633057	4.755178	4.605652
5.085288	4.845204	5.244689	5.882666	5.618188	4.813129	4.883636	5.786685	5.257838	4.40415
5.036892	5.259418	6.108602	4.565538	5.398419	5.677833	5.617506	4.577473	5.064419	5.413964
5.164626	5.149276	5.647711	5.701408	5.135927	4.711514	5.641113	5.113796	4.615131	5.188407
4.900029	4.765938	4.710262	4.860112	4.482955	4.943918	6.005375	5.035631	5.149702	5.044649
4.683147	4.059533	3.903637	4.715847	4.843516	4.459838	4.181733	5.46133	5.005361	6.051892
5.158629	5.143279	3.628297	5.273048	4.461291	4.277421	5.454213	5.1078	5.436191	5.329062
5.060546	5.064523	4.467037	5.135902	4.93464	5.010501	5.517482	4.313185	3.960105	5.152827
4.267723	4.209455	3.948065	4.738422	5.527716	4.998779	5.249248	5.237143	4.612331	5.228852
4.765494	5.642372	5.480304	5.293703	4.683288	5.825471	5.29862	4.214021	5.377475	5.348128
4.479256	5.908778	5.939685	5.50413	4.940534	5.211428	5.314855	4.586244	5.3458	5.035125
4.617401	4.982678	4.08147	5.277546	4.814516	4.594634	5.174393	4.017434	4.447458	5.432626
5.072237	4.170723	5.759043	6.028485	5.933468	4.611623	3.80318	4.331396	4.450071	5.312689
5.056775	5.041425	5.551231	5.695194	4.158832	4.654778	4.802871	5.005945	4.375199	5.795279
5.073638	5.414347	5.846177	5.249435	5.509251	5.584347	4.620295	5.395481	5.329871	4.310948
4.481629	4.592929	4.690398	4.133129	4.670032	4.780755	6.140882	5.382251	3.749477	5.076125
5.072683	5.057333	4.319392	4.574068	5.229452	4.570295	5.544613	5.021853	5.562021	5.217137
5.72194	4.934158	4.586222	3.797117	6.214406	4.89198	4.980206	4.835505	5.950936	5.44032
4.687427	5.463894	4.610543	5.088465	5.153744	5.925219	4.920165	5.844087	4.422937	4.964097
4.930772	3.911792	5.885993	4.721128	4.525591	4.581529	6.128945	6.026351	4.623035	6.170863
5.768316	4.354709	6.075944	5.568303	4.735174	5.546347	4.881611	4.701506	4.521737	4.53294
3.929611	5.738188	5.165401	5.125541	4.684826	4.33861	5.976697	4.427597	4.665593	4.945837
5.305771	4.25645	5.061512	4.539094	4.063053	4.981743	4.736149	5.580495	5.279037	5.470981
5.056687	5.041337	4.939335	5.902391	3.98594	4.298478	3.985495	5.005858	5.284549	4.743746
4.382341	5.231769	5.678731	5.500476	4.550286	5.711828	5.256712	4.717619	5.699044	5.598763
5.623908	5.183886	4.914941	4.91493	5.346169	5.653734	5.413439	5.69322	3.886839	4.89472
5.088131	5.072781	5.770164	5.864162	4.214848	5.138197	5.937652	5.037302	4.76976	5.126536
5.189013	5.014165	5.341428	5.627882	4.877044	5.191739	5.164756	4.756479	5.113761	4.581956
4.664313	4.642129	5.220252	5.042185	5.180528	5.681975	4.226938	5.556043	5.261951	3.919365
5.039568	5.024218	5.028992	5.059209	4.429685	4.952475	4.682064	4.988739	4.630201	4.667014
4.368934	5.042292	6.396914	5.000196	5.105692	5.514776	5.452891	3.784685	4.189113	3.947132
4.863278	5.146242	4.554429	5.929317	4.226749	5.290619	5.20613	5.676377	5.462273	5.060177
4.716503	4.747509	4.500638	5.325276	5.277824	5.529422	5.185146	5.037447	4.604167	4.510224
4.669632	4.860826	4.97597	4.812218	4.461482	4.660769	4.261258	6.244324	5.478897	5.584204
5.098139	5.029856	5.550304	5.241343	5.095087	5.751877	4.240774	4.641365	5.519584	4.905246
5.200599	5.185249	4.891872	4.61486	4.813448	4.225343	4.13729	5.149769	4.71034	5.688048
5.5988	5.328352	5.495558	5.582837	4.997255	5.394889	4.45792	4.778718	4.490662	4.624574
4.973284	5.134351	5.307826	4.421268	4.986789	4.8178	4.226612	5.168557	5.083118	5.258973
5.470928	4.673618	4.471777	4.902958	5.320557	5.518675	5.247156	4.938295	4.731925	5.27853
5.211336	4.589057	4.546056	5.148238	4.693146	4.735356	4.225162	5.078733	5.229729	4.533428
5.631278	4.554822	4.686316	5.978328	5.140891	4.828362	4.627788	5.190916	4.866364	5.069428
4.527311	5.577252	4.298033	5.477235	4.50562	5.251478	5.027973	4.836253	4.662973	5.517132
4.822191	5.601003	4.369307	5.763123	4.908649	5.34016	4.560136	4.42548	4.097215	4.911688
5.925934	4.487364	5.224852	5.267276	5.197925	4.93373	3.742328	4.926552	4.542627	4.719435
5.067786	5.052436	4.249702	4.336741	4.753684	5.718528	4.612093	5.016956	5.603656	4.594337
4.03078	5.394042	5.204531	4.95088	4.766627	5.802562	5.502975	4.852257	4.92204	4.81286
6.233494	5.050711	5.803444	5.064415	5.209882	5.056919	3.700041	4.967118	5.667699	5.468956
5.916346	4.046874	4.590253	5.803436	4.243331	5.588607	5.037789	4.650463	5.764524	4.293442
5.734586	5.80551	4.398046	4.958963	4.640025	5.380992	5.43443	4.67739	4.154537	4.468388
5.088953	5.073603	5.687703	4.459339	5.383027	4.558973	3.508614	5.038123	5.111781	5.106617
4.968445	4.953095	4.800839	5.156172	5.553946	5.659625	5.954789	4.917616	5.185648	5.614197
4.729622	4.551935	4.741978	4.552086	4.581315	4.683142	5.637455	4.833762	4.825874	4.587336
4.553309	5.240734	4.491239	4.888175	5.255226	5.59959	4.98322	4.981143	4.82688	4.871092
5.983636	3.90625	5.747734	5.463387	3.88812	4.557314	5.319331	5.057831	5.742172	4.959493
4.845834	5.213258	5.642036	4.387733	5.716491	6.114969	5.528531	4.629558	5.312899	4.186898
4.41323	4.921024	4.386374	4.66519	4.035621	3.63791	4.792309	4.676455	4.318523	4.488019
5.717233	4.630861	5.012343	5.499036	4.669991	3.960671	4.686574	5.218988	4.496736	4.407267
5.15131	5.13596	5.08697	5.573051	4.995967	5.02898	5.562553	5.100481	4.260625	4.27246
4.80798	5.123028	4.78302	5.83004	4.859866	4.7332	4.980383	4.558162	4.181638	4.351112
4.994414	4.979064	4.383099	4.752622	5.539507	4.982832	4.921616	4.943585	5.086944	4.603987
6.341092	5.446558	4.34383	4.484828	5.067917	4.917363	5.105169	5.110754	5.222677	4.815976
4.529415	4.807804	4.215809	4.734233	5.27885	4.669516	6.23048	5.565275	5.394179	4.709294
5.44147	4.140837	4.893322	4.996466	4.032581	4.286851	5.30796	5.090315	5.596955	5.447473
5.205189	5.785598	5.929042	4.779193	5.480197	5.501443	4.873478	4.910934	4.219215	4.861758
5.773829	5.198331	4.71243	5.597905	4.72561	4.591779	5.437677	5.252881	4.138354	5.065756
5.517274	4.780539	5.668221	4.911063	6.33225	5.252233	4.594536	5.016741	5.491996	5.009614
5.262369	5.188828	4.675385	5.367918	4.50752	4.834227	5.489031	4.184831	5.947484	4.06396
4.764269	5.21572	6.045582	4.745645	5.682887	4.746325	4.314084	5.920022	4.493629	4.81034
4.728007	4.073298	4.561749	4.692475	5.524049	5.32005	4.859271	4.872025	4.613536	4.33959
4.568755	5.412501	4.557252	4.640832	3.701674	4.499681	4.630639	4.959936	5.575832	4.468987
4.572698	5.067811	3.723376	5.628352	4.4074	4.854106	5.196667	5.676897	6.147089	3.748364
5.595236	4.111431	4.189283	5.361071	5.281367	5.377148	4.569185	5.051616	4.718819	4.801083
4.586635	4.731275	5.034886	4.919373	6.12418	5.033691	4.557403	5.655368	5.918129	4.09937
4.555373	5.045227	5.784961	4.609177	5.426091	6.542632	4.745726	5.117996	4.78782	5.177284
4.519448	5.375411	4.403284	5.864214	4.948271	5.347467	5.642272	5.308081	5.062512	4.525693
6.717589	4.682364	4.163411	4.7951	4.90719	6.273941	5.438574	5.632421	4.843488	4.522271
5.054814	6.144557	6.066423	5.245643	5.854986	5.033761	5.028042	5.378249	5.084715	5.338115
5.246235	4.097219	5.242375	4.628122	4.589467	5.312425	4.873782	5.028777	4.987453	6.03142
5.014861	5.464568	5.127455	4.161663	4.213932	4.993201	5.841107	5.482228	4.974702	5.056923
5.40584	4.944243	4.762006	5.269663	4.715757	4.802185	4.582012	5.377336	4.353281	5.937381
4.695792	5.039565	5.25565	5.16337	4.798273	5.019877	5.108244	4.389025	5.048871	4.686128
4.971034	4.955684	5.573806	5.638644	5.530074	5.400079	5.17148	4.920205	5.457021	5.388684
4.989414	5.239911	5.253093	5.343895	5.479649	4.429471	5.300131	4.492987	5.273759	4.714459
4.12123	5.528398	5.026721	5.294173	4.676337	4.673939	5.1658	5.736871	4.889512	5.242895
4.390749	5.514967	5.292757	5.146099	3.922268	4.795165	5.347902	3.240685	5.446845	5.036427
4.603716	4.22029	4.027129	4.788476	4.153491	5.1141	5.875332	4.799749	4.649859	5.115435
5.096772	5.785259	4.502015	5.321569	4.70193	5.988398	5.025874	4.833665	5.376358	4.194622
4.559021	3.990107	4.7477	4.086651	4.670167	4.333157	4.694989	4.907448	5.525199	6.449546
5.782405	5.419002	4.806041	4.146388	5.865146	4.803774	5.055866	4.324333	5.932525	5.840231
5.057568	5.042218	5.428541	4.28466	5.954707	5.372797	5.679564	5.006739	4.201568	5.724269
5.057199	4.218424	4.294584	4.906737	5.589143	4.679602	4.092299	5.440647	5.077512	4.246097
4.704299	4.451533	5.071754	4.55199	5.48573	4.915333	4.934141	4.587511	5.22451	5.819648
4.782367	4.741941	4.782393	5.525044	5.217207	4.568247	5.452112	4.844278	5.268565	5.268018
5.481671	4.832238	4.940709	4.266617	5.442636	3.73802	5.263891	4.791582	4.51534	3.4126
4.887051	5.753832	5.140804	5.44867	5.492338	5.501386	5.315617	4.899929	5.577879	4.863595
5.578945	4.608607	4.640341	4.954671	4.999025	5.003248	3.892354	5.870209	5.71493	4.745249
4.455778	4.668773	5.218044	4.108684	4.308134	5.22008	4.854168	5.752905	4.725643	4.172077
5.319087	5.495604	4.871554	5.403183	5.252259	5.508421	4.52929	5.299544	4.530001	5.077003
4.172033	4.879966	5.047564	5.072598	5.063005	5.1243	5.518665	4.896478	5.177974	6.578737
5.449191	5.179574	5.394005	4.841765	5.50307	4.914456	4.562365	5.631796	4.939192	5.288693
5.271963	4.766905	5.026204	5.559255	4.178265	5.335393	5.339712	4.919724	5.367267	4.697244
4.568569	5.312231	4.892329	4.96109	4.952654	4.834632	5.444163	4.943785	4.715085	5.088785
4.417814	4.906042	5.335475	5.060249	5.203678	4.534442	4.887111	4.276517	6.016718	5.832591
6.307769	5.437224	5.047115	4.528455	5.350401	4.728411	5.642669	4.914507	5.755144	4.627433
5.39438	4.490824	5.563633	5.127238	5.02976	4.342216	4.552663	4.458773	4.39849	5.194952
4.162058	4.663142	4.779136	4.748695	5.143445	5.340961	4.988733	4.518087	5.089319	6.089553
5.182514	5.378859	4.438873	4.81382	5.497517	5.436307	5.477697	4.422106	4.387931	3.902251
4.787917	4.201653	6.456472	4.101458	4.872806	5.880506	5.014007	4.798869	4.787254	5.287774
4.862765	5.639584	4.536366	4.178554	5.889477	5.865018	5.236452	4.910813	4.831947	4.202941
5.065766	5.050416	5.604327	4.946546	5.024674	4.453606	4.675872	5.014936	4.24024	3.995469
5.915961	5.659286	5.114455	4.804678	5.213001	4.866332	4.12324	4.946007	5.585011	5.638579
4.402857	4.31176	5.547913	4.730428	5.351991	5.662186	5.161398	5.856405	3.724296	4.460998
5.663835	4.940136	5.413435	5.204648	5.520508	5.457693	4.831085	4.369265	5.053919	5.293547
5.469877	5.623438	5.037475	4.997189	4.62825	5.280617	4.762914	4.841255	5.012463	5.575074
4.419017	4.629167	5.180538	4.875566	4.868772	5.051853	4.067917	4.875082	4.943429	4.611145
5.015469	5.000119	4.27374	4.702086	5.405434	4.60866	5.196648	4.964639	4.262459	5.081923
4.710369	5.036644	4.76246	5.285979	4.770238	5.819656	5.541519	4.704322	5.019554	4.688241
4.893465	4.878115	4.09166	3.639059	5.36448	5.123529	4.219382	4.842636	4.910702	4.145114
4.92632	4.553658	5.140943	4.867765	4.838266	5.379516	5.240005	4.329476	5.344988	3.675432
4.401766	4.933611	5.264651	5.694633	5.117273	4.722023	3.901186	5.82327	4.322117	4.932001
5.462171	4.853822	5.053624	5.278686	5.277225	5.398858	5.25178	3.76273	5.427187	5.379295
5.024143	5.008793	4.757685	5.081328	5.349588	4.900849	5.772345	4.973313	5.314634	4.757812
5.147329	5.758272	5.249716	4.167626	4.703961	4.988972	4.973595	4.643656	5.456451	4.574018
5.471219	5.69177	5.447255	4.221683	5.258221	5.034719	5.064674	5.194907	4.724817	6.378093
5.478466	5.473749	4.779173	5.350218	5.010788	4.640023	5.908222	5.777246	5.133976	5.342498
5.140685	5.163526	4.478702	4.72039	4.943329	4.785644	3.874974	5.832809	4.914985	5.155452
4.503718	4.537275	5.357202	4.813087	4.15975	4.66222	5.366278	5.12738	5.90271	5.809308
5.058724	4.840373	4.588291	4.790229	4.17556	4.377819	4.763681	4.373766	5.084345	5.108637
6.658019	5.073089	5.339383	4.563889	5.134315	4.303196	5.865467	4.658453	4.53818	5.189213
4.628551	5.363164	5.355262	5.304782	5.042791	5.752568	5.833645	6.128223	5.568538	4.157369
5.64732	4.901015	5.163168	6.020067	5.477008	5.668513	5.265947	4.320076	5.104484	5.390285
5.147674	5.592631	5.180154	5.644876	5.76856	4.153694	5.265441	5.702025	5.708729	4.444654
5.602526	5.047886	6.073347	5.249015	4.790714	5.585101	4.343354	5.072003	5.560908	4.675395
4.930183	4.914833	4.167993	4.228849	4.048051	4.408763	4.686987	4.879354	4.804634	5.702898
4.455245	4.3438	4.963798	4.643119	3.956055	4.672716	5.553681	5.519478	4.672977	4.542553
4.213997	4.138553	4.514382	5.947664	4.304732	4.209014	4.700575	5.619756	5.308298	5.000597
5.098054	5.082704	5.336128	4.898981	4.745907	5.280975	5.982149	5.047225	5.433262	4.651371
4.429355	5.037902	5.262853	4.927172	5.217931	4.739452	5.137008	5.308095	4.135387	4.69281
4.591843	5.046199	4.393359	5.073866	5.554509	4.970604	6.175406	4.580921	4.954332	4.852349
4.188124	4.395262	5.042459	4.567247	4.905166	4.484582	5.643061	5.212122	4.162102	5.713564
4.745863	4.524946	5.763347	3.873597	4.655825	4.132633	5.076956	5.110772	3.532165	4.675603
5.039952	5.024602	4.715847	3.459991	4.335694	5.612072	4.951031	4.989123	5.5876	4.682436
4.825202	6.089489	5.593722	4.732714	5.154134	4.851534	5.461791	5.613454	5.003017	4.918712
4.526407	5.566791	5.435005	4.930991	5.518471	4.278732	5.095209	4.447149	3.952321	4.492278
4.986781	5.197087	6.412374	5.215702	6.100884	5.565508	5.170433	5.19482	4.168083	5.330942
4.209087	5.302747	5.851437	5.678624	4.525852	4.720793	5.925708	5.285741	4.980434	5.186572
5.490467	5.389194	5.241553	4.631597	5.395741	5.067056	5.852199	4.564315	4.157317	5.451375
4.951786	5.045348	5.481521	5.461884	5.986667	4.514078	5.124774	4.929668	4.34659	4.252371
5.099907	5.084558	4.344916	5.477484	5.425647	4.385365	5.196472	5.049078	4.884887	4.256477
4.981948	4.966599	4.729692	5.651917	4.925359	4.991071	4.771556	4.931119	5.500043	4.839368
5.45423	5.152591	5.467765	4.331015	4.720283	4.604117	5.287239	4.734831	5.027606	4.390735
5.405739	6.428797	5.099399	4.66594	4.712526	5.208601	5.977552	5.151696	4.514544	4.696856
5.034293	5.602818	5.159667	5.321072	4.387786	3.969667	5.907052	5.102748	4.794209	5.141449
5.768074	4.852783	4.770359	5.19022	4.648813	4.704177	4.33103	5.394556	4.864671	5.924402
5.696363	4.525722	5.084005	4.744566	5.320832	5.067265	5.416485	4.031067	5.372002	4.606283
3.839978	4.660411	4.418917	4.89003	4.305893	5.256492	4.695683	5.422305	4.894734	4.725233
4.967153	4.951803	4.871881	5.889884	5.060411	4.823132	5.545279	4.916324	4.507106	5.488219
6.143786	5.631427	5.542121	6.20153	4.608963	4.745437	5.050395	5.597267	4.713182	4.328851
4.718002	5.783188	4.317312	4.822077	4.307079	4.734121	4.208426	6.086869	5.06758	5.270657
5.525005	3.917294	4.573926	5.116597	5.099775	5.243263	5.302641	5.468097	5.882479	4.613821
5.821119	5.463048	4.40248	5.510787	5.00916	5.216561	5.034929	4.25766	4.745808	4.902909
5.254463	5.648652	4.9883	5.851198	5.413212	4.802368	5.417957	4.475544	6.100515	5.045902
4.998396	4.619248	4.746052	4.726721	4.925919	5.254019	3.963319	5.012247	5.256598	4.636893
5.08189	5.06654	4.576909	5.66279	4.388446	5.506273	4.41136	5.031061	5.203178	4.019253
5.362211	5.708445	5.571129	5.621329	5.616181	5.081493	5.462621	4.694911	5.908169	4.329886
4.972953	4.957603	5.157938	5.135925	5.114322	6.137753	5.500546	4.922123	5.302746	5.881737
4.667482	4.344438	5.802546	3.865126	4.750349	5.320885	5.998189	4.218965	4.448184	4.026033
4.405528	4.73208	4.180539	5.071377	4.947443	5.82364	3.812267	5.06629	5.06163	4.872257
5.244783	4.494144	5.229117	4.782988	5.842359	4.656864	5.450873	4.708064	6.013113	4.011886
5.017926	5.138179	6.087717	5.81222	6.036182	4.909152	4.080139	5.22253	4.942132	4.218396
4.179961	4.29127	4.210141	4.282791	4.161667	5.59862	4.597881	5.452531	4.818353	5.421769
4.611516	4.836869	5.758648	4.731701	4.797411	5.298418	3.469256	5.077419	5.233078	5.112218
5.144344	5.505411	4.81312	5.781858	4.540665	6.107383	5.209377	5.252608	4.266404	4.46348
5.184	5.466655	5.211976	5.989561	5.053584	4.520468	3.891876	5.387963	5.252911	4.801031
3.949031	5.755416	5.143013	5.124591	5.055408	5.341897	4.20569	4.183885	5.317522	4.800722
5.0562	5.067121	4.207833	5.531009	5.260882	5.142528	4.508466	5.492209	4.367954	4.783123
5.49752	4.00897	4.528658	5.587391	5.558971	4.809387	5.326877	5.483809	4.992803	5.093781
5.063313	5.047963	5.65053	6.437953	5.77868	4.68741	4.812663	5.012484	5.41854	5.443368
5.901639	5.615612	5.764809	5.285173	5.75762	5.656824	4.982871	4.950047	5.339831	4.107682
4.444688	5.09916	5.972665	5.233072	4.677552	5.176538	4.403046	4.917539	5.147126	5.506867
5.457445	5.589481	5.687445	6.392956	4.814878	4.243466	5.001976	5.038351	4.052085	4.625573
5.21226	5.297343	4.815392	5.746598	4.764815	5.414402	5.719031	4.663145	5.03701	4.495688
5.685416	4.345541	5.645126	5.016952	4.826166	4.962223	4.450142	5.334826	6.247746	5.358394
4.682894	4.773617	5.224983	4.23882	5.909402	4.34451	5.32486	4.408726	4.682566	5.601452
4.644551	4.661165	5.755195	5.161435	5.665693	4.021048	4.709693	4.456594	5.853159	4.934534
5.136743	4.549515	4.161877	5.004481	4.186391	5.019416	5.221094	4.806663	6.156715	6.179924
4.175774	4.155722	4.561662	4.136675	4.762868	5.95095	5.45011	4.841304	4.55639	5.721683
5.777523	4.310644	5.991965	5.669159	4.911282	5.118134	3.929109	5.364192	4.758167	5.702703
