4.688605	4.79917	4.833786	5.835876	4.347433	5.141659	5.586677	4.337734	5.286944	4.272486
5.140945	5.61367	4.966039	4.738695	3.956102	5.61308	5.50983	4.484063	4.392246	6.071971
6.379024	4.642889	4.466864	5.450892	6.046119	5.676455	5.125886	4.764709	5.652109	4.824668
4.136616	5.810446	4.694389	6.262545	4.512867	5.352299	4.570155	4.471296	4.878441	4.895783
5.173197	5.06869	4.576073	5.691298	5.163219	4.466002	5.76999	5.886491	4.854889	4.711614
5.373138	3.919382	4.850065	6.229286	4.166699	4.984657	5.430241	4.517844	5.448082	5.098843
4.661449	4.311888	5.237505	3.380073	5.493412	5.649177	3.884133	4.29204	5.548859	5.501178
5.061563	5.559633	4.637413	4.862973	5.973063	5.323728	5.87847	5.280836	5.366788	4.908279
4.950994	4.99718	4.717368	4.890256	5.531122	4.620403	5.064994	5.714136	5.064098	4.293297
5.096422	4.632329	5.479064	4.490978	5.121855	4.298179	5.027668	4.913077	4.389321	5.457918
5.401712	5.290534	4.986753	4.662791	5.366313	4.919585	5.922756	4.51225	5.629607	5.433932
4.745032	5.506752	5.275983	5.535958	4.936343	4.900076	4.887959	4.611794	4.514814	4.707522
5.380482	5.891369	3.834911	5.13436	5.593223	5.870772	5.537083	5.324651	5.550789	4.380451
4.714402	5.339451	4.874343	4.677686	4.517462	5.871405	5.007108	4.712587	5.041941	4.965168
6.394671	6.1982	4.792456	5.216905	4.7841	4.281554	6.041035	4.582708	5.262605	5.088751
6.479379	6.084826	5.821026	4.555918	5.057514	4.840529	4.541941	4.31931	5.131561	4.637794
5.133876	5.851053	4.019226	5.175583	4.483912	4.66143	5.031045	4.097521	4.643744	5.198271
5.099944	4.717119	4.504572	5.416028	5.301319	4.859175	5.348022	5.192218	4.02261	4.693361
4.931071	5.756003	5.233713	5.255272	4.795593	4.508836	4.639154	4.503841	5.67997	4.33693
5.775689	5.610482	4.477299	4.04184	5.335701	4.904273	4.746863	5.063177	4.84852	4.768079
4.78019	4.549009	4.945875	4.994128	5.040142	5.162436	5.631159	5.170622	5.25743	5.290786
5.157844	4.291673	5.701773	4.167787	5.47026	4.788114	5.848421	5.347051	4.435837	4.799038
4.365789	4.839892	4.826738	4.858085	4.604315	6.31672	4.353332	5.15849	5.355953	5.049569
3.776366	6.171402	4.380573	5.756058	4.456944	4.674104	4.642559	5.321463	5.918567	5.741821
4.528993	5.471957	4.647008	4.226409	5.594874	5.644114	5.506807	4.615253	4.962276	4.85556
4.406391	4.399048	5.113568	5.470994	4.96645	4.682964	5.96865	5.540214	5.427514	4.244716
5.590747	5.245345	4.59568	5.523613	5.353047	5.17725	4.893269	4.69132	4.748682	5.687034
5.280094	4.878728	6.07203	4.983641	4.124564	5.320108	5.449635	5.030186	4.821473	4.949077
5.121868	4.738039	5.571159	4.947288	5.274034	4.832557	4.960616	4.864458	5.26647	4.743427
5.043991	5.265453	4.03602	4.69942	4.533808	4.660011	5.649833	4.945243	5.031194	3.882318
5.13271	4.555693	5.231567	4.546648	5.713587	4.952744	4.636302	5.413449	5.067724	5.639999
4.685838	5.545483	4.9029	3.955566	4.196609	5.531994	5.492512	5.084185	5.92397	4.719731
4.737405	4.252548	4.878974	3.762175	4.802153	4.371673	4.444016	5.79781	3.717493	5.304375
4.685285	5.498963	5.621154	4.938592	4.37835	4.048231	4.107768	4.377399	5.835447	5.743104
4.711438	5.164297	5.533131	5.822671	4.538836	4.687326	4.413403	4.444709	4.92951	4.522307
5.577294	5.868454	5.33427	5.973074	3.875635	5.037017	4.051007	5.234715	5.835594	4.701228
4.393021	4.314007	5.428195	5.289093	4.625353	5.518548	4.730043	4.537263	4.938868	4.695383
5.887856	5.976147	4.582225	5.231455	3.753564	5.054325	4.719944	5.571666	5.406937	5.330146
5.878693	5.072189	4.262181	5.390296	4.781836	4.515651	4.770087	5.048784	4.258213	4.167717
5.814696	5.541535	5.819124	4.492866	5.045101	4.757383	4.98785	5.654701	4.239798	4.587345
4.783144	5.50244	4.448167	5.671516	4.537449	4.968149	5.542006	4.551085	4.472795	5.170795
5.081564	6.297182	4.660472	5.113844	5.258447	5.67971	4.727113	5.158711	6.044772	5.399315
4.796496	4.527513	4.704131	5.290547	5.456549	4.189703	5.342553	5.288041	5.579048	4.719212
4.956279	5.119821	5.178249	4.52191	4.595699	5.149736	4.598833	4.605503	4.504403	4.753357
5.029732	4.943638	5.451591	5.557005	5.326211	5.33041	4.778566	5.221766	5.212903	5.052927
5.11061	5.456198	4.328145	5.718913	4.975111	4.106993	6.50141	5.112166	4.221528	4.599328
4.178788	5.816224	4.360605	5.231709	5.983555	4.904054	5.506433	5.967895	5.097635	4.1989
4.365829	5.021711	4.087142	5.036387	5.50033	5.269162	5.263419	5.172811	4.151741	5.231001
4.695309	5.439936	5.556937	5.329681	4.978612	5.626679	5.136998	4.617215	5.368177	4.92788
4.200148	4.92283	5.217357	4.606371	4.508827	4.772308	4.819474	5.351466	6.086493	4.411026
4.991842	4.88099	6.415016	5.102904	4.786163	5.039077	4.813912	5.352646	5.361361	4.694915
4.810579	4.351764	5.024206	5.508104	5.585348	6.68679	5.089054	4.496275	5.269029	4.937973
4.633469	5.048001	5.767739	5.336205	5.854617	5.252614	4.057737	4.447454	4.697338	4.994465
4.500652	4.227454	4.7126	4.943837	4.3139	4.34213	6.006261	5.478762	5.395532	5.343899
5.854693	5.388637	6.016124	4.178196	4.941548	5.738852	5.142925	4.735179	5.481728	4.76907
5.239791	5.419471	5.582226	5.687044	4.945622	4.672167	4.868894	5.681736	5.212906	5.016172
4.742061	4.636862	4.955231	5.347163	4.813005	3.918602	5.370679	4.638757	4.326119	4.480146
5.182146	4.386469	4.74126	4.5358	5.579357	4.95732	4.751813	5.71582	5.593509	5.473999
5.052311	5.119626	4.907486	5.39575	5.013506	5.096985	4.930637	4.959869	5.100844	4.342111
5.38444	5.017323	5.311098	4.907922	5.477886	5.110406	6.389105	5.606744	4.866218	4.866722
4.574426	5.727217	5.139709	5.329724	4.52153	5.675602	4.680037	4.224741	5.475626	4.130032
4.612103	4.347934	5.041815	4.979072	5.674208	5.592415	3.382013	5.738362	4.656279	4.955368
5.367378	5.452191	4.641547	4.854974	5.25533	4.931859	5.459326	5.166035	4.212807	4.948668
5.928804	5.178836	4.726665	5.285093	3.860663	4.639542	4.34711	5.14744	4.976528	4.464947
5.04118	4.61453	5.093356	5.231684	4.441069	5.213407	4.88247	5.361045	5.389969	5.421539
4.825886	5.060642	4.892514	4.233333	5.245209	5.140922	5.385344	4.644165	4.87571	4.710433
4.73316	4.923577	4.498127	5.015234	5.143446	4.916095	5.038062	4.342536	4.408459	4.855905
5.657248	4.962821	4.788308	4.673403	4.787491	4.482325	5.20637	5.388121	5.004708	4.666417
6.468064	6.113417	4.436175	5.567546	4.876166	5.726619	4.894639	5.172355	5.19074	5.47868
4.512823	3.484496	5.090549	5.01882	5.047243	5.704408	5.118828	4.229895	6.036659	4.955371
5.752144	6.093919	4.502838	4.889714	4.192071	5.66792	5.019304	5.025694	5.64737	5.042853
4.590085	4.879292	4.563556	4.554419	4.40927	4.57647	4.913901	4.87782	4.234667	4.308048
5.195738	5.466695	4.809311	4.633463	5.234909	5.469338	5.575579	5.33356	4.968623	4.910551
4.468587	5.04868	4.683492	4.732028	5.584857	4.465036	5.364657	4.939948	5.12444	5.555638
4.791961	4.116823	4.331465	5.228005	5.740873	5.179455	5.630991	5.685354	4.248184	4.178207
5.84358	5.654531	4.858212	5.074964	5.287922	5.099899	5.644883	5.264171	4.860171	4.438706
4.867596	4.561695	3.930466	5.920247	5.372709	4.905215	5.601031	4.496742	5.4409	4.783132
5.296952	5.435262	5.329182	4.999564	4.922274	5.561147	5.498845	5.42885	4.767489	3.777705
3.833759	6.374959	4.611853	5.043616	5.918946	5.034826	3.575687	4.934951	5.836146	5.255617
5.496823	4.820684	5.0786	4.853647	5.249772	4.056825	5.619256	4.993701	4.869488	4.84476
5.144768	4.767361	4.744243	5.172551	4.329576	4.936084	5.068092	3.842211	5.306661	4.98897
4.857978	4.390999	4.516904	5.068532	5.272815	5.412801	4.919806	4.691967	4.687197	5.658783
4.493886	5.881236	4.466826	4.571548	4.724319	5.440138	4.994111	4.607766	4.343536	4.434865
5.900631	5.073742	5.599207	5.076239	5.355324	4.976707	5.438786	5.024755	5.752204	3.867834
5.09762	4.569882	5.193234	5.275611	4.452094	4.87368	4.34497	4.731639	5.692739	4.150629
4.870564	5.441958	4.624836	5.368344	5.125628	4.499378	4.650776	4.509687	5.090496	4.692811
4.968329	4.665673	4.695041	3.916173	4.54494	4.582675	5.251204	4.839716	4.858433	4.794974
3.818609	5.044086	4.147014	4.886281	5.511148	5.111029	4.86572	4.648882	4.758143	5.038122
5.369235	4.570389	4.82446	4.957373	5.951044	4.878713	5.388906	5.250074	4.287681	4.246721
3.963357	4.941888	4.851132	4.746593	5.12996	4.879383	4.240343	4.207237	5.150846	4.630566
5.308744	4.974403	4.69959	4.881883	5.454101	4.260367	5.522182	6.19279	5.619818	4.756505
4.65273	5.476375	4.896731	5.120975	5.044362	5.097593	5.186769	4.701156	4.298775	4.575705
5.682153	5.309815	5.247599	5.274531	5.20392	4.578954	5.547956	4.484178	5.197542	5.520956
5.902514	4.535154	5.34851	4.725576	4.537753	5.670744	4.815008	4.698724	4.507494	4.361078
5.836935	3.981663	6.081809	5.591165	4.7232	4.797823	4.60668	5.776824	5.992431	5.067657
4.861757	5.299371	4.539815	3.90677	5.575185	5.625403	4.622705	5.063945	5.053413	4.795244
4.778185	5.536476	3.279592	5.443931	4.948815	4.250546	4.879415	5.702457	4.252998	5.130621
4.895679	4.55501	5.213344	4.885997	5.160533	5.682925	4.893105	4.468088	5.587637	3.349146
5.91062	4.964831	4.345695	4.698575	5.534522	5.276694	5.04347	4.0661	5.326363	5.53997
5.029659	5.160383	4.420118	5.162142	5.02804	3.700833	5.280262	4.782328	4.514401	4.839198
5.013808	5.361763	4.616681	4.937018	4.458714	3.902361	4.243682	5.525431	5.003231	4.212197
4.616847	5.440407	5.141071	5.478827	6.206333	4.388172	5.516266	5.712366	5.655313	5.188472
4.761858	5.060116	5.120989	3.469944	5.873156	4.686068	6.020124	4.51909	4.43986	4.66479
4.684178	4.847518	4.486042	4.770757	4.188215	5.265043	5.090575	4.257638	4.369606	5.747181
5.965133	2.877918	4.907693	4.932015	4.741716	4.585464	4.525863	5.497846	4.45593	5.560831
4.961778	5.859636	5.448574	4.782473	4.903781	5.26216	5.265648	5.022752	5.292514	4.021364
5.338637	3.807121	4.213351	4.823101	4.922177	4.293854	5.085717	4.860549	4.470798	5.024866
4.446547	4.388541	4.44649	4.642889	5.007792	4.730643	4.786457	5.192918	5.012056	4.687264
4.378111	5.738298	5.760248	4.41014	4.40933	5.228724	4.994849	5.312228	4.309988	4.464362
4.965611	4.352847	5.455806	4.889163	5.982572	5.892115	5.689076	5.222803	4.650467	5.867857
5.348381	4.808566	5.490656	4.714986	5.611609	4.77422	5.895301	4.553153	4.417222	4.683355
5.384794	5.163703	4.667583	5.11053	6.03103	6.265187	5.152323	4.583499	4.918692	4.414366
4.852716	4.565155	5.367774	5.205682	5.550776	5.103288	4.328948	5.474916	5.549937	5.129763
6.043755	5.324107	4.456453	4.784466	5.132498	4.493984	4.827673	5.67921	5.432145	4.798378
5.750206	4.720888	4.296726	4.193026	5.525755	5.179811	4.665415	5.564279	4.336263	4.909126
4.832786	4.643163	5.593101	4.474356	5.060124	3.74276	5.036097	4.596009	5.002677	6.00409
6.008161	5.900006	4.731914	5.573194	6.001224	4.914819	5.146006	5.451055	5.310667	4.590778
4.522167	4.830757	4.946891	5.293317	4.157945	5.170176	5.30668	4.776255	4.311771	5.663254
4.59632	4.670922	5.011979	4.531163	5.114535	5.415226	4.781992	4.280169	5.438376	5.322907
5.433004	5.379315	5.701121	4.531324	4.160616	5.409842	4.829827	4.714203	4.731442	4.738595
5.540036	4.484871	4.086693	4.863307	4.163378	4.378335	5.467394	4.933706	4.504978	4.965271
4.331686	5.085757	5.236696	5.237746	4.610186	4.37923	4.513257	5.262078	4.951285	5.255668
4.486653	4.49556	4.819951	5.545455	4.817747	4.725926	6.221806	5.198236	5.167083	4.831266
5.685799	4.844542	4.696862	4.099116	5.274591	5.680487	5.910029	4.939508	5.657298	4.640221
5.778644	5.030308	4.534487	6.002062	4.397529	5.198364	5.400369	5.231937	3.821141	4.587075
4.525951	5.654648	3.859167	4.651412	5.101481	4.96523	5.450925	5.267642	4.708522	5.170321
3.991292	5.009437	4.629362	4.567719	5.645034	4.916619	4.417192	5.550412	4.825077	4.980885
5.586402	5.318992	4.643425	4.916116	5.378572	4.951223	4.722253	6.016528	4.691677	4.403347
5.52719	5.316536	4.255887	4.802046	5.476945	5.424226	5.074464	4.631598	5.142646	5.50176
4.491482	4.349149	5.273778	4.33325	5.106524	4.998458	4.790248	4.415386	3.6405	4.055531
5.124879	4.658686	6.082063	4.769768	4.058278	5.379135	4.850028	3.596156	5.235503	4.844911
4.314254	5.536008	5.503213	5.54015	4.658384	4.983135	4.570562	4.658251	6.247194	4.168911
5.207489	5.711898	4.128202	4.679865	4.185114	5.370534	5.250535	6.259328	4.631747	5.329537
3.988993	5.105835	5.045115	4.200196	4.511634	5.319674	5.570247	4.59448	5.393245	4.739839
5.441713	4.993757	5.33933	4.982917	5.019772	5.820488	4.376225	5.635782	4.04016	4.087481
4.810524	5.197583	5.423038	4.628409	4.383192	5.338026	4.776525	5.0753	4.883349	4.936013
4.835924	4.427852	4.969859	5.402188	4.898896	4.510684	4.994145	4.54625	5.224965	5.045881
4.323757	4.871036	6.264896	5.090078	5.226273	5.062036	5.341671	5.223586	4.61261	4.371628
4.11556	4.83508	5.031393	4.981657	4.417807	5.03993	4.873494	5.234385	5.890953	4.41385
5.539643	4.70894	4.282843	5.041661	3.840279	4.730716	4.525555	4.532518	4.204467	4.892856
4.432296	5.309809	5.678328	5.647218	5.599908	3.818332	5.540729	4.757983	5.572062	5.230709
5.881071	5.375534	5.362662	5.052696	5.181325	4.716518	4.732521	5.174194	5.514197	4.641391
4.468434	5.305802	4.243118	5.632925	5.311528	5.16607	5.422832	5.531425	5.475863	4.598371
4.862567	5.328277	5.502513	4.703946	4.520962	5.288043	3.994841	4.060832	5.811401	5.121168
5.004114	4.042485	5.306107	5.376442	4.841331	4.833807	5.609087	4.322772	4.350918	5.355044
4.945972	5.602542	5.63257	6.367585	5.446969	4.884562	5.094567	4.235202	4.135858	4.827594
4.909897	5.368976	3.477299	4.844484	4.199169	4.728733	4.345779	5.892057	4.680132	4.927122
5.16039	5.142886	4.759867	4.452688	5.408336	4.753848	5.628866	5.050021	5.301298	4.397894
4.306282	5.393317	6.300527	5.230791	5.875493	5.118537	4.944603	4.364318	5.579915	5.80919
5.314814	4.509414	5.610905	5.545509	4.803529	4.247826	5.052102	5.587676	4.776604	4.478682
4.308712	4.90459	4.053343	4.239112	5.129789	5.936352	4.931564	6.120671	5.834349	5.589953
6.255893	6.426847	4.319359	5.765263	4.272639	4.653326	3.933446	4.994338	3.590879	5.210961
5.192451	5.658904	5.360636	5.610205	5.244961	4.496698	6.062047	5.326314	4.457186	3.989714
6.040836	5.402261	5.072372	4.71468	5.241028	6.007581	4.959177	5.998815	5.449963	5.047707
4.868936	5.739937	4.999415	5.901489	5.408791	4.352048	5.379467	5.567086	4.081326	5.382749
5.130163	5.300539	4.195434	5.019585	4.775006	4.716383	5.948574	5.051664	4.891134	5.646775
5.461903	4.887287	4.959955	5.270247	4.919034	5.414885	5.034269	5.213082	5.531843	4.67076
5.056443	4.332538	5.94369	4.453311	5.811673	4.564583	6.699734	4.850297	4.733133	4.798188
3.929239	4.95119	5.927322	5.152124	5.6353	4.863829	4.934546	5.537875	5.783349	5.504265
5.686652	3.672314	4.685815	4.53797	5.258074	4.652393	5.42947	4.989437	4.883005	4.795752
3.752654	4.643668	5.658027	4.372583	4.839845	5.344297	5.05369	5.3593	4.878095	4.663208
4.637401	4.33623	4.461274	4.960834	5.614072	4.801933	5.504341	5.601414	4.90305	5.437284
4.354796	6.052381	4.792719	4.419221	5.070551	5.226692	5.173807	4.914992	5.827651	4.399372
4.678699	4.915682	5.615213	4.547356	5.0758	4.368589	5.185765	5.140718	4.537323	4.712868
4.463016	4.021304	5.303122	5.889823	4.760044	5.632247	3.98802	5.217969	4.453865	5.021235
5.005902	5.682876	5.046088	4.583371	3.936958	4.586606	4.966817	5.552194	5.45723	4.50485
4.117522	5.38702	5.210459	4.964129	4.694772	5.322404	4.640472	4.855727	5.672348	5.121706
5.253314	4.533865	5.295051	5.035557	4.996605	3.842717	4.17936	5.278674	4.664415	4.07567
6.493467	5.099679	5.447501	5.983125	4.839969	5.295789	4.577156	4.131582	5.441913	5.061842
4.594796	5.439355	4.599763	5.051748	4.578644	6.333905	5.282048	5.117149	4.9664	5.868588
4.760791	4.466178	5.239434	6.054944	4.513375	5.915912	4.545585	5.242999	4.501772	4.730495
5.243765	5.412192	4.747756	4.688751	5.831174	4.880453	4.311576	4.915521	5.274008	4.769284
5.488606	5.765855	4.686517	4.552577	5.221004	4.453656	5.537668	4.801892	4.567101	5.380047
4.467092	6.013533	5.592788	5.441602	5.346324	3.909185	6.157686	5.150148	5.77338	4.824221
4.873736	4.368044	5.108395	4.627866	4.556976	4.80869	5.025926	4.855072	4.838758	4.398784
4.963204	4.347287	3.986103	5.979033	5.05565	4.835327	4.886349	5.460771	5.173823	5.275013
5.600413	4.910462	5.32678	6.501897	5.037163	5.133121	5.485062	5.410408	5.245673	5.828347
4.239532	4.955624	4.845164	5.271502	5.260302	4.983154	4.918148	4.165349	5.16426	4.678278
5.086571	4.719536	4.698172	4.816872	4.479808	5.634415	5.232318	4.350787	5.396176	5.878605
4.667922	5.253247	5.611161	4.101245	4.264585	3.672606	5.504464	4.404437	5.429897	4.737206
5.176068	5.883564	4.768024	6.31091	5.926519	5.665142	4.797941	5.656709	5.236182	5.433099
4.711977	5.375762	4.899329	5.55711	4.310111	5.665992	4.438449	4.893524	5.040139	4.801489
5.688184	4.861598	4.521087	4.360361	3.859941	4.515363	4.831939	5.104062	5.485425	5.021951
4.386365	4.971881	4.715547	6.358809	4.74813	4.062841	4.803138	5.710829	5.359423	6.122153
5.121442	4.904664	5.801721	5.371559	3.801172	4.613079	4.921947	5.962912	5.143196	5.565046
5.458631	4.86956	5.66039	5.073457	4.370558	5.649312	5.668108	4.939663	4.921522	5.070418
5.225645	4.762542	5.590114	4.566733	5.054775	4.951219	4.894186	5.150933	4.924663	5.176778
5.223316	6.047116	5.18448	4.934432	5.023015	4.842816	5.125703	5.227001	5.423234	5.874506
4.996841	3.874268	5.546131	5.05612	5.266641	3.420516	5.007365	5.150239	5.563186	4.994867
6.097549	5.535456	4.393938	4.217736	4.772962	5.456385	4.81862	5.001374	4.875905	5.46487
4.660816	5.359916	4.036083	5.098512	5.084885	4.931017	3.976079	5.470615	4.689259	4.67608
5.107832	4.622491	5.335987	4.496034	4.379171	4.827623	4.982025	5.678773	5.250437	4.676946
5.484606	4.872325	4.613307	5.473131	5.504303	5.402938	5.524478	5.269251	6.002224	5.516653
4.634007	5.244431	4.090683	5.139145	5.376399	4.409037	4.555675	5.550978	4.379628	4.662897
4.671214	5.161526	5.09466	5.08089	4.524879	5.770404	4.192801	5.583298	4.020484	5.106999
5.102799	4.630942	5.175349	5.096941	4.829835	5.469384	5.113945	4.552493	5.66925	4.75223
5.015783	5.496821	3.99493	5.219946	4.649051	4.261996	4.033567	5.036075	4.196471	4.791254
5.462826	5.001205	5.020675	5.017777	4.848338	4.790768	5.222339	5.913381	4.715637	4.177442
4.757039	5.137603	6.095215	5.630749	5.181868	5.372152	3.559243	5.286237	5.094408	5.116282
4.190452	5.017879	5.314088	5.263488	4.477356	3.980036	5.592731	4.844505	4.894403	4.975887
