5.440266	5.028269	5.556693	5.037754	5.198864	4.703562	4.468992	4.931482	4.289188	5.066684
4.773077	5.947559	4.706625	5.252749	5.276202	4.857829	5.864792	4.079139	5.755	4.598727
4.5723	4.675519	5.451918	4.135331	5.347786	5.406693	4.993951	5.880374	4.629074	5.414882
3.649854	5.835034	5.445619	4.328978	4.950823	4.689511	5.119678	4.647494	4.536578	4.018125
4.703254	4.732466	4.468122	5.840063	4.725278	3.813258	4.831853	3.968051	4.451325	4.152384
5.045498	4.554003	5.009894	5.09764	6.098561	5.428748	5.504736	3.875548	4.724552	5.710853
4.615829	5.494472	5.462943	6.122837	5.869392	5.532484	4.573998	5.065739	4.88125	5.78624
4.843663	5.178907	4.365465	5.926415	5.724423	5.459595	5.390453	4.156559	4.582346	5.662281
5.090035	5.074686	4.788198	4.839509	4.258147	4.714411	5.723534	5.039206	5.071451	5.350727
4.665114	4.958182	5.329515	5.080069	5.893371	5.244623	4.770587	5.267111	5.849489	5.233294
5.060627	5.045277	4.014386	5.034746	5.579711	5.72931	5.596683	5.009798	5.218619	5.910871
5.531627	5.929968	4.470128	4.747434	4.954562	4.127592	6.402918	4.079274	5.969826	5.42636
5.066126	5.538329	5.017804	4.954105	5.302738	5.622491	4.204121	6.182987	4.768452	5.758653
4.888041	5.286799	4.669558	5.471394	5.237008	4.505199	6.087897	4.484658	5.215701	5.124162
5.067191	4.22571	6.272384	4.797715	4.93635	5.857674	4.511229	5.120145	5.7447	4.256527
5.121293	5.105943	5.04393	4.749708	4.359159	4.174711	5.268506	5.070463	5.179122	6.476202
4.924097	5.416651	5.507438	5.419696	5.850897	3.913595	4.045771	4.6672	4.9921	5.795858
4.865226	4.286159	4.033896	5.453087	5.487083	5.472221	5.600307	5.54666	4.767488	6.045003
5.115296	5.099946	5.266633	4.418739	5.232495	4.581849	4.666066	5.064466	4.373381	4.762491
5.348803	4.817467	4.555515	5.02013	5.696826	5.019078	5.280529	5.564161	4.601918	5.863454
5.66285	5.466807	4.285037	4.658784	4.671629	4.857923	5.623334	4.828746	4.468251	4.720013
5.922375	4.897606	3.842511	4.580905	4.820361	5.460338	4.672157	4.738402	5.437346	5.031674
4.732272	4.108191	5.110486	6.351635	5.289386	5.350713	5.073055	4.426478	4.902334	5.235975
6.368433	4.560024	5.233602	5.115194	5.492345	4.383105	4.00782	5.096921	4.760811	4.142493
4.496072	5.633613	5.270249	6.210104	5.040121	5.593581	5.207728	5.208054	4.349649	5.829054
5.013442	4.998092	4.016342	4.442662	5.404552	5.339835	5.184915	4.962612	5.365996	4.961027
5.628238	5.093038	4.83302	4.527387	4.936285	5.184939	5.919815	5.059319	5.312186	5.555667
4.627485	5.725582	5.537324	4.257351	4.008421	5.450423	5.594148	5.253918	4.888208	5.305556
5.02935	5.014	5.535367	5.107932	4.884439	5.343321	4.189719	4.97852	4.48768	5.042799
5.448658	4.353484	4.477939	5.17712	4.730369	4.355251	5.6138	4.343	5.700697	5.894871
5.964324	5.508264	5.717269	5.097818	5.00228	4.661654	4.908265	5.132552	4.614466	5.490582
4.948735	4.777228	4.861195	5.085257	5.404535	5.074637	4.311405	4.573256	5.0414	5.538009
4.652933	5.136059	5.568985	5.237404	4.831223	5.378644	4.283157	4.572713	4.822306	4.444225
5.008873	4.53494	4.393115	4.529206	4.819643	5.045675	5.587386	4.739022	5.217915	4.849854
4.444496	4.863863	5.033099	4.834468	5.149424	4.971212	4.55387	4.419552	5.796541	4.245926
5.013354	4.998004	5.392073	4.613219	4.562248	4.074028	5.275641	4.962525	4.442721	4.458183
4.847727	4.491868	5.331731	4.865206	4.184887	5.249898	4.533127	4.720205	4.17355	4.676916
4.775904	4.24823	4.443739	5.531764	5.722163	5.54597	4.471712	4.110627	4.046889	5.101268
5.044798	5.029448	4.894167	5.604271	5.569731	4.727633	5.745411	4.993968	5.785715	4.353568
4.181934	5.2356	4.585003	5.525916	4.803573	4.738469	5.732516	5.051493	5.388472	5.649672
4.818606	4.214895	5.54623	4.153419	4.263766	4.888527	5.115264	4.488324	6.112355	5.762802
4.996235	4.980885	4.639765	5.607861	5.377478	5.74064	5.012738	4.945405	4.815459	5.289888
4.603439	4.766308	4.737146	4.915908	5.987877	5.200251	4.759863	5.291874	4.182912	5.66221
4.701182	5.373866	5.414576	4.848172	6.094052	5.244003	6.001919	5.153004	4.35941	4.917878
4.742476	5.139328	5.593627	5.163139	5.576464	4.781617	5.602955	5.018232	5.154504	5.875541
4.578433	5.386485	5.042484	4.787007	4.410419	5.710412	5.161675	5.165496	5.065893	4.96608
6.026852	4.251466	4.957236	4.549105	6.039364	4.646038	5.212838	6.045516	4.299748	4.38845
5.157266	5.141916	4.707058	5.017865	5.046557	5.120722	4.643394	5.106436	4.74018	4.276772
4.466618	5.326679	3.945903	5.562932	6.221967	4.576511	4.860275	5.368191	4.34653	4.743598
4.773067	4.220878	4.787412	4.552129	5.088911	5.056151	4.718357	4.933939	4.376974	4.510198
4.897731	4.120048	5.161655	4.65817	4.685711	5.092928	4.614987	6.013396	4.784808	5.47225
6.457928	4.486228	4.832753	5.599022	4.649058	5.730538	5.15633	3.577606	5.68293	4.774652
5.903361	5.863702	4.512843	4.796364	5.357757	4.663127	5.068505	5.680127	5.039508	6.237056
5.187331	4.679642	4.759552	5.546618	5.005081	5.205982	4.938212	4.156952	4.81469	4.805614
4.124077	5.67255	5.749302	6.197742	5.541927	6.09247	5.688861	3.817682	4.796247	4.909581
4.931053	4.928573	5.306089	5.948896	4.312881	4.003688	4.937987	4.592449	5.948483	4.733501
5.024453	5.009103	5.536667	5.167183	5.39072	3.95997	5.665849	4.973623	5.259128	3.778196
5.507843	4.814909	5.120246	4.604499	5.603209	6.650631	5.620171	5.468038	5.204006	5.901486
5.025481	4.897525	5.728477	4.766048	5.210278	4.973737	4.263589	4.804471	4.029128	4.304926
5.406471	4.505089	4.3463	4.877485	4.839932	4.811969	5.769475	3.916237	4.513295	4.94938
5.080791	5.161914	5.486269	5.067055	4.860034	5.714792	5.040679	5.417787	5.108936	5.678694
5.045619	5.03027	4.9871	5.440371	5.32255	5.288173	4.958031	4.99479	5.9275	4.68859
4.925112	4.909762	4.830391	5.804828	5.562171	4.411263	5.439919	4.874283	4.279609	5.101453
5.406577	4.571471	4.895992	5.210073	5.764127	4.508701	4.400272	4.711532	4.953557	4.577014
5.254701	4.70207	4.312909	3.957205	4.051553	4.846719	6.107271	6.078022	5.194273	4.805192
5.024757	5.064331	4.625497	4.935296	4.288809	5.588695	4.673902	5.344981	4.91098	5.245653
4.645787	4.956503	4.57938	4.139233	5.199201	5.131447	4.574005	5.329176	5.676503	6.161721
5.402239	3.741119	5.731047	5.189468	4.784849	6.136912	5.829205	5.014222	4.868715	4.962104
4.66193	4.184014	4.723097	4.606973	4.701798	4.397191	5.024173	4.768549	5.353647	4.548318
5.107977	5.092627	4.804795	5.644648	4.471817	4.57385	5.588903	5.057148	4.47119	5.648642
5.876506	4.648314	4.878025	4.136538	4.457428	4.683305	4.375992	4.693938	5.006714	4.693653
4.951081	4.935731	4.44541	4.821579	4.822004	4.576447	4.496835	4.900252	5.085263	4.955878
5.139636	4.366397	4.219022	5.415893	5.096671	4.639994	5.225527	5.822	4.497215	4.237851
4.126603	4.682511	4.227301	4.466077	4.558024	4.864569	5.308959	4.363236	5.002068	5.656353
4.396458	4.422294	6.037717	5.695107	5.864684	4.234355	4.76634	5.290177	4.502582	5.907841
4.373151	5.92897	3.444106	5.335973	6.010876	4.452761	4.97584	5.198496	4.57182	6.239802
5.288229	4.094393	4.426805	4.556533	4.829094	5.359786	4.89625	5.219205	5.780923	5.416221
4.152604	6.12306	5.437913	5.085303	5.556107	4.636514	4.819554	5.918655	4.792138	5.176787
5.493211	5.674633	3.831734	5.010996	4.726981	5.954093	4.480398	4.211927	5.507007	5.681781
5.295427	5.514498	5.039882	4.760981	5.405607	4.491663	5.030869	5.131384	5.204265	4.908489
4.93896	4.913006	3.770113	4.867107	4.084615	6.641175	5.078469	5.208789	5.086246	4.79227
5.159889	4.932578	5.438982	5.030624	5.365512	4.735352	5.315299	5.536888	4.982039	5.356637
5.293873	4.422919	4.939252	4.955282	5.018375	4.812123	4.139859	4.509558	4.658733	5.565615
4.952897	5.408062	5.494657	5.336398	5.533811	4.933618	4.77098	4.756831	4.788157	5.06098
4.145195	4.475033	5.723722	5.055116	5.078462	4.745883	4.658836	3.631153	4.636414	5.237265
6.630505	5.213032	4.886086	5.264353	6.081348	4.669629	5.064382	4.755812	4.58231	5.794596
5.798051	4.512161	4.131771	5.458796	5.235063	5.25988	4.31337	5.068284	5.187366	5.642978
5.09289	5.020604	4.515996	4.337574	5.87822	4.881989	5.757831	6.029122	5.207088	5.401917
4.142872	4.717337	5.204866	4.815023	4.3882	5.532355	5.49258	5.416111	5.35943	4.622936
4.642554	4.790227	4.877036	5.076764	5.075228	4.646743	5.532139	4.520163	4.992543	4.962887
4.932615	4.890469	4.436048	5.338812	5.093641	5.453729	5.68538	5.278712	5.142244	4.605356
4.277353	4.54808	4.858038	5.373831	5.307488	5.270095	4.832421	4.248912	4.698736	5.02231
4.933542	4.721252	5.115188	4.800897	4.101849	5.013491	4.542278	5.951344	4.98644	5.127531
4.927701	4.912351	3.723715	5.447185	4.541063	5.06526	4.902128	4.876872	5.128713	4.994283
5.387613	5.128377	4.933043	5.638058	5.378749	5.158793	4.482571	5.512665	5.036577	4.730396
5.346941	5.643505	3.978681	5.196436	4.677546	4.315577	5.499942	4.544969	5.144673	4.889114
4.564739	4.995294	5.090641	4.72228	5.476468	6.039309	3.652124	5.354722	4.891043	4.616976
4.792574	4.580903	3.778627	5.660537	4.738364	5.665454	5.088143	4.68703	4.866484	4.710805
5.044316	5.713782	6.013544	5.023945	4.838311	4.824483	4.657482	5.834223	5.528006	6.226717
5.706326	5.556407	4.498337	4.365249	4.747369	5.775791	3.789217	4.114493	5.499196	4.030121
6.268121	4.541472	3.981638	5.786087	4.243509	5.826794	5.032288	5.341854	5.122792	5.700552
5.014235	4.998885	4.335357	4.610295	4.745118	5.115776	4.913382	4.963406	4.846646	4.991349
4.913114	5.204669	4.621336	4.653906	4.712806	4.573415	4.567274	5.675469	4.234167	5.539992
4.199409	5.165715	4.657372	4.573017	5.397355	4.473773	5.085545	4.862898	4.743596	5.460469
4.166686	4.918248	4.491843	4.517337	4.990613	6.052762	4.735949	4.858112	5.353843	5.920676
4.275743	5.422887	5.998746	5.499928	4.81585	4.221887	4.535272	4.720789	5.094565	4.03368
5.599854	4.955107	5.385405	5.044199	4.331169	5.459428	5.66846	5.527744	5.310261	4.824964
4.536132	4.868299	5.078821	5.373417	5.170443	4.494369	4.711175	4.843778	4.830433	4.773758
5.637938	3.8319	5.467875	5.456164	5.969089	5.26016	4.023197	5.267538	4.961371	4.402443
5.985661	5.791581	4.237225	4.930414	5.688095	5.272267	4.873821	4.661555	4.304765	5.685078
5.133069	5.044306	5.429926	4.602649	5.70815	4.718743	5.782976	5.175418	4.827104	5.209606
4.955328	5.012895	5.254553	5.019154	4.907836	5.41148	5.376862	5.650365	4.846673	5.48215
5.557602	5.980814	5.299678	4.086508	4.542693	4.697362	4.57306	4.989404	4.686421	5.773158
4.484999	5.142957	5.397906	4.845724	4.869377	4.523735	5.237062	5.993647	5.127581	4.508534
5.695784	5.11018	5.988274	4.388136	4.884004	5.21475	5.006867	3.966441	3.899596	5.548593
4.819647	5.990974	4.502453	5.477145	5.023874	5.958941	5.048464	4.538782	5.083192	5.312352
5.552337	5.873491	4.062706	5.152481	4.23566	5.097021	5.788861	5.242068	5.793094	5.358766
5.126082	3.820681	5.117234	4.953332	4.683813	4.191501	4.999691	4.979578	5.340344	4.331761
4.784556	5.706217	5.248139	4.96116	4.943536	5.304325	5.024266	5.717901	5.842984	4.807602
5.203345	3.892135	4.7055	5.887849	4.838794	4.427677	4.590033	5.313357	5.632284	6.502297
4.984037	5.045865	4.97949	5.347207	4.570283	4.936315	6.506936	4.794843	4.4674	4.785166
5.022433	5.007083	4.717477	5.397439	4.143803	5.425612	4.481138	4.971603	5.923909	5.399651
4.561652	5.891265	5.70396	5.210166	4.560765	4.824548	5.917144	4.377163	5.327615	4.956703
4.537461	5.090546	4.113722	5.28124	4.49966	6.433137	4.419631	5.250435	5.649287	5.613321
4.938	5.819161	5.160356	5.095832	4.673131	5.073436	5.140924	4.551892	4.906562	4.988745
4.572905	4.661566	4.498416	4.882029	4.751716	5.753033	5.667665	4.957374	5.3094	4.125687
5.859053	4.240429	4.635466	4.714536	4.98814	4.865276	4.834733	4.979618	4.94653	5.933317
4.972136	4.956786	5.765957	5.150892	6.212204	4.866678	5.01344	4.921306	4.924725	4.447593
4.749	6.030394	4.597429	4.120865	6.132024	3.534181	5.411326	5.161198	5.685447	5.490198
4.850132	4.834782	5.364703	5.043581	4.726598	4.498154	4.41621	4.799303	4.730186	5.181899
4.963874	6.296825	5.545499	4.113642	4.524257	5.529516	4.759196	4.503044	5.279307	4.24046
5.628808	4.799366	5.325354	4.649798	5.308163	4.832186	4.847434	5.219352	5.293242	4.869311
5.294224	5.507542	5.815266	4.528006	4.493335	5.135969	4.950013	4.112016	4.516714	4.686622
4.98081	4.96546	5.134241	5.763811	5.375861	4.475505	3.907182	4.92998	5.45809	3.652876
5.760746	5.647052	4.577173	4.411734	4.799053	3.801269	5.78464	5.195116	4.747908	4.377981
4.980608	5.738845	6.073975	5.131112	4.809216	5.048847	3.913542	5.526467	5.039388	4.673844
4.374782	4.584853	4.783008	5.082848	4.840243	4.707767	5.036471	4.814938	4.74906	4.794137
5.150215	4.618406	4.345144	4.934546	5.432475	5.163281	4.478024	5.024516	4.105042	4.516363
4.588776	4.850261	4.741292	4.768817	4.557523	4.692337	5.027047	4.632715	5.12605	5.057697
5.060734	4.42092	5.295201	5.002143	4.669159	4.797439	4.28767	4.851489	4.674337	5.681817
4.666516	6.244555	4.73454	3.956404	4.946692	4.859725	5.402115	5.462293	4.61242	4.571796
4.781441	5.049909	6.336211	4.871086	5.281408	6.03806	4.937036	4.151161	5.063183	4.100536
4.150078	5.800522	5.015937	4.419435	5.432603	3.970587	5.202928	5.871319	4.856441	5.546123
5.098406	5.724933	4.825168	4.757287	4.453948	5.644757	5.129445	5.550148	4.225697	5.315522
4.336778	5.241156	5.252697	4.845585	5.474673	5.735518	4.569236	5.213751	4.802963	4.875801
4.88685	4.8715	5.030216	5.213903	3.417153	5.442082	4.641989	4.83602	5.14802	4.967197
4.583769	5.328358	3.378595	5.468947	5.762721	5.425335	5.254189	6.244287	4.813634	5.404113
5.530647	5.395558	5.197999	5.068627	4.750987	4.865544	4.073695	4.679677	4.862942	4.723314
5.054721	5.039371	5.300538	6.042808	4.716807	5.145813	5.233556	5.003891	4.774397	5.638823
4.516507	5.041883	4.538158	5.418244	5.810585	4.423651	6.118217	4.299771	4.357446	5.377391
4.932833	4.699291	5.625877	4.252043	4.49634	5.780492	5.143433	4.936624	4.41753	4.899164
5.56161	4.951273	5.68417	4.972493	6.180669	5.373398	5.261501	4.462754	4.835555	6.368738
5.642877	5.024436	5.689658	5.607293	4.509845	4.922915	5.431872	4.64276	4.295238	5.849031
4.996619	4.981269	5.657899	5.234648	5.312123	4.998895	3.887488	4.94579	5.118342	4.413757
5.267739	4.469087	5.618843	5.301986	5.137767	4.377796	4.646045	4.832276	4.214753	4.947833
5.054689	4.936357	4.865943	5.427521	5.419515	5.692038	5.744162	4.967578	4.733416	5.506457
5.630108	5.556862	4.774174	5.391883	4.838913	4.536737	5.269043	4.651246	5.704055	3.796088
5.581096	5.033834	4.932266	5.929853	5.012469	4.640243	5.339001	4.184508	5.288811	5.19318
4.686021	4.699683	4.902482	5.373335	5.37353	5.7862	4.823538	5.087353	3.848899	4.552673
4.595804	5.141031	4.623106	5.074482	4.765281	6.297101	5.053081	5.585749	4.794919	4.858704
5.056574	5.041224	6.104972	5.101467	5.818289	5.320601	5.016418	5.005745	4.76446	3.73936
4.938615	4.923265	5.383018	5.218626	5.682143	4.416543	5.76017	4.887786	5.007178	5.343287
4.703106	5.858003	4.561946	4.964828	5.150351	4.16058	5.130571	5.114469	5.196603	4.828755
4.002154	4.467794	5.329571	4.24138	4.982573	4.417486	5.818405	4.987584	4.90918	4.2683
3.820609	4.473137	4.983988	5.024583	4.618582	4.676543	4.985878	5.746418	4.332483	5.065039
4.785028	6.600174	5.143885	5.339081	5.358059	5.611767	5.501293	4.831938	5.677712	4.987118
5.18644	5.752448	5.262964	4.804175	3.417585	4.571985	4.311309	4.934893	4.195875	4.040107
5.327277	5.339074	5.248182	5.213002	5.335964	5.938897	5.545209	4.508098	5.620387	4.774987
4.92382	4.90847	5.660621	4.802977	4.587026	5.458756	4.366061	4.872991	3.858622	6.339945
5.926872	5.211941	5.047261	4.423806	4.131509	5.604073	4.814082	5.186013	4.545387	4.47594
3.69221	5.34748	3.92781	5.121445	4.6848	5.08433	4.57699	4.733318	4.88335	4.363536
5.068141	4.900374	4.401185	4.705964	4.846569	5.64555	5.077981	5.312226	6.263141	4.064485
4.606627	3.238465	5.612134	3.881166	4.566749	4.982957	5.45505	4.914224	4.629624	4.838612
5.417906	5.228269	5.87805	4.376016	5.415985	4.85953	5.292017	5.013463	4.704443	4.075581
5.707644	5.598258	5.59916	5.414576	4.033654	4.614499	5.139907	5.4973	4.187476	4.780519
5.038557	5.023207	4.498271	5.230402	4.385045	4.825226	4.277075	4.987728	4.506372	5.221609
5.135538	4.839322	4.552798	5.569151	5.285334	5.518341	4.993979	5.155814	4.631554	4.42933
4.92962	4.91427	4.364243	4.893578	4.260345	4.687056	4.512036	4.87879	5.790344	4.494831
3.887043	5.269859	4.227915	5.617943	5.92041	4.372642	5.132391	4.970866	4.850404	5.723804
4.155431	5.338882	5.901227	5.235885	4.523818	4.554283	4.470603	4.045334	5.744377	5.257476
5.386033	5.647564	4.976761	5.299542	4.262008	4.273367	5.367779	5.217619	4.751171	4.528414
4.417075	5.40132	5.997593	5.181169	5.469306	5.056093	5.074235	4.27785	5.458554	4.67727
4.012643	4.794962	4.216996	4.850719	4.974817	5.3386	6.193367	5.158911	4.837541	4.853717
4.73197	4.70564	4.933199	5.257117	5.77388	5.360755	4.689948	4.492196	4.349425	4.549424
4.87411	5.299288	5.074122	4.343474	5.030512	5.011612	5.149813	5.057293	5.361907	4.70503
6.048669	5.008365	4.471237	5.049335	6.089077	4.024567	4.305183	4.381715	4.752111	5.170971
4.974808	4.197829	4.840231	4.683945	5.959855	5.773423	4.732693	5.975904	5.563679	4.664811
4.207438	4.421329	4.336541	4.563475	4.593962	5.031077	5.574947	5.536415	4.584352	5.032394
4.667894	4.950405	6.407537	4.370628	5.266892	4.683748	4.533877	4.773308	5.831196	4.306302
5.01998	5.00463	4.895924	5.268116	4.618804	5.0963	5.034928	4.969151	5.374848	5.470091
5.26166	4.501022	6.163131	5.615296	4.489037	4.904096	3.790259	5.911627	5.35206	5.283545
3.633255	5.221885	4.567423	3.898713	5.136422	5.727503	4.689401	5.849899	3.581626	4.97288
5.042048	4.616704	5.166756	5.346428	4.461572	4.875426	5.080647	4.746259	4.852277	4.677565
5.989595	3.617089	5.541738	5.194905	5.215335	4.018039	5.834352	4.443977	4.460776	4.68558
6.201375	4.946651	4.308523	5.453275	4.820574	7.041351	4.142841	4.568089	5.628713	5.320698
5.424631	4.848299	4.677248	4.62849	4.783369	5.734079	5.46328	4.902357	5.659079	5.358365
4.858613	4.13066	4.81219	4.072633	5.808029	3.979093	4.471299	3.508131	5.333998	4.067371
4.890102	4.457564	5.1456	5.99149	6.418126	3.780317	4.554206	4.64317	4.064123	5.195712
4.147784	5.027886	4.605743	4.951403	4.774686	4.019942	5.656858	5.514904	5.593132	6.0917
4.613073	4.475807	5.278895	5.195667	4.496911	5.671394	5.078435	4.788505	5.309787	4.968678
