4.342127	5.800969	4.972383	5.138988	5.875547	4.716377	4.102602	5.240964	4.074618	4.285645
5.209671	5.4784	5.47953	5.508182	5.733469	5.810442	4.414342	5.072723	4.597193	6.132424
5.535933	4.763579	4.57797	5.185212	5.285494	5.560767	4.939395	4.884955	4.584116	5.003896
5.14327	5.919384	4.038692	4.442096	5.290674	4.522482	5.284765	5.032603	4.610515	4.471742
4.906967	4.960643	4.866174	3.945596	5.205456	4.550262	4.809347	4.497403	5.068636	5.109338
5.456809	5.455499	5.322429	5.107428	4.999504	6.431359	4.59256	5.461697	5.467173	5.403609
4.491356	4.265716	5.204989	5.615304	5.1266	4.908578	4.193546	4.559468	5.564575	4.583461
5.109475	4.501578	4.881139	5.338824	5.84934	4.311052	5.054343	4.50818	4.374143	5.023469
5.13836	5.100431	5.46359	5.743407	5.951429	4.937138	5.140818	5.195319	4.583337	4.701133
5.697162	5.703456	4.899627	4.897155	4.721349	5.573535	5.005227	5.271785	4.903545	5.33568
5.986554	5.428262	4.581531	5.358096	5.429621	5.719516	5.458913	5.418108	4.518357	4.928662
4.931035	5.830888	4.586054	5.189814	4.475954	5.313833	4.488114	4.783285	4.587359	5.027866
4.337818	5.598909	5.083084	5.080613	5.159129	5.063128	5.004825	5.557889	5.087003	4.746512
5.572294	5.075226	5.435397	5.490644	5.498046	5.491291	5.688504	5.332003	5.154943	5.239799
5.348664	5.527452	5.191672	4.944279	5.519973	6.022536	5.847708	5.6569	5.528746	4.952412
6.17431	4.875773	4.75673	4.481588	3.68123	5.764045	5.190506	5.279664	5.781352	5.363928
4.580174	5.202392	5.464848	5.679402	5.756044	4.490514	5.201192	5.093304	5.765117	3.753541
4.993165	4.604251	4.886135	3.746149	4.751096	4.167542	5.410685	4.900715	4.532965	5.757254
5.050465	4.79126	5.205897	4.036508	5.769593	4.859634	5.409149	4.226514	5.952989	4.679986
5.352436	3.701489	5.689449	4.795134	4.433191	4.92574	4.849295	4.319828	5.284684	5.786087
4.824487	5.656025	5.412148	5.003962	5.569016	5.105017	4.226816	5.36414	5.496134	4.319106
5.207738	4.788031	4.395457	6.110955	5.16086	4.767591	4.12219	4.947525	5.027303	5.291074
4.884541	5.335226	4.961366	4.545131	5.126743	4.917954	5.09294	4.514183	5.809548	3.907677
4.593757	5.884292	5.198503	4.962482	5.210201	4.972696	6.182275	5.773652	3.922935	3.600127
5.201321	5.249169	4.880031	4.500091	4.928968	3.834338	5.368463	4.836089	5.305369	4.923521
4.645908	5.285176	6.602335	4.726487	5.069539	5.379749	4.599999	5.277613	5.083444	5.446234
4.613511	4.877888	5.529997	5.614409	3.859411	4.821638	4.447642	5.336738	4.651978	4.876414
5.33443	5.123341	5.090164	5.087693	4.988343	5.681944	4.727057	5.391064	5.094083	5.357391
5.139073	5.360701	5.20194	4.741947	5.09039	4.469128	5.475398	4.991904	5.02121	5.86191
5.061676	4.614414	3.946021	5.610189	6.125543	4.85518	6.032372	4.598313	4.462404	4.378747
5.002512	5.748262	5.432043	5.39001	5.284788	5.805982	5.673203	5.190234	5.088573	5.033492
4.672949	4.873079	4.714052	5.358075	4.508254	5.536148	4.972861	4.338751	4.618333	5.566823
4.279624	5.047275	4.264662	5.973279	5.456294	5.156197	5.44577	4.847711	3.44635	5.399036
5.42662	5.05258	5.097026	5.094554	4.751419	5.741569	5.376705	5.496634	5.100945	4.238369
4.557498	5.591641	5.099586	5.097114	4.693458	6.136603	5.259519	5.118276	5.103504	4.47657
4.96835	5.116193	4.822962	4.909058	5.8772	4.181515	5.296247	4.356176	4.605869	5.029714
4.619971	4.689059	5.068249	4.289246	4.553713	5.535143	4.866272	5.217372	4.581062	4.396567
4.974853	4.810324	4.970985	4.968513	4.82967	4.673311	4.872316	4.117401	4.974904	5.189103
6.262134	3.816939	4.719262	5.990944	4.986465	5.100142	4.807096	4.570284	5.245919	5.011539
4.299804	5.012536	5.192062	5.487871	5.731409	5.253082	5.547631	4.379524	5.305383	5.077165
4.09298	5.202863	5.651458	4.81864	4.585534	4.887181	5.026731	6.19373	4.879021	4.860533
4.898139	5.000677	5.733188	5.020178	5.863323	5.455335	5.747362	4.796601	5.258738	5.551517
4.408412	5.338693	5.245657	5.993153	5.002966	5.341459	4.567761	5.133226	4.790268	5.353861
4.665217	5.128066	5.313282	4.664511	4.415848	5.326164	6.024888	5.405562	6.122306	4.510838
5.452209	5.183913	4.456568	5.281412	4.261294	4.753744	5.051485	4.78389	5.728476	5.34859
5.462041	5.221052	4.94404	5.551682	5.593561	4.620947	4.533223	4.416965	4.77498	5.056497
4.482435	5.20101	4.118124	4.972206	4.543382	5.424466	4.969455	4.636901	4.035213	5.334935
5.489625	4.618184	4.678081	5.512165	4.587126	4.889885	4.652415	4.550649	5.162895	4.896279
5.136761	4.381363	5.003118	5.000646	5.126484	4.787052	5.473978	5.386102	5.007036	5.440934
4.869344	5.239742	4.331743	5.255324	4.44158	4.414004	5.354978	4.408097	5.555426	4.108162
4.38608	5.505757	5.059954	4.953576	4.277941	5.013367	5.203468	4.361647	5.365091	5.296837
5.215024	6.008222	4.242586	5.415136	4.61088	5.03976	5.426974	4.89355	5.86985	5.529711
4.679701	3.861693	4.220497	4.958085	5.494992	4.441271	4.098177	4.902266	6.13653	5.401961
4.182013	4.807845	5.700566	5.502895	6.21702	4.216421	5.039283	5.141308	5.410942	4.096612
5.341035	4.797359	5.076006	5.073535	4.271338	5.075031	5.44418	4.495032	5.079925	5.535576
4.774281	5.473017	5.594923	4.043855	5.420551	5.862191	5.352609	4.811106	4.364814	5.576974
4.207243	5.071739	5.356469	4.863883	5.943799	4.90503	5.056304	4.803276	4.723842	4.609622
4.977889	4.991186	5.076991	5.074519	3.899465	5.933007	4.949957	4.764618	5.080909	4.455877
4.62907	4.774971	5.326263	5.099067	5.208084	5.624013	5.137453	5.348625	5.058127	5.100789
4.59022	5.417093	5.30126	5.415326	4.234354	5.891497	4.106359	4.55409	5.145113	5.042708
4.36107	4.757585	4.586828	4.278574	4.980442	5.35816	4.499728	4.592142	5.040613	4.129025
6.050079	4.33198	4.871273	3.606884	6.085032	5.618932	5.00847	4.178006	5.023474	4.795113
4.696372	4.460331	5.198365	5.388806	5.139088	4.609096	5.583856	5.053576	5.505646	4.758053
4.934375	5.569484	4.958915	5.125173	4.143775	4.364086	3.753386	4.746485	5.303572	5.531979
4.660571	5.662025	5.155481	5.15301	3.930116	4.857642	5.061243	5.250152	5.1594	4.803508
4.782575	4.925235	4.871038	3.762816	5.116066	5.045993	5.596069	4.735847	3.915777	5.559336
4.916739	4.274747	4.501996	5.04599	5.34524	5.307417	5.069571	5.231198	5.3778	4.667016
3.349039	4.937957	5.605291	3.823116	4.927025	5.175938	5.127373	5.288185	5.332099	5.198108
5.033329	4.061783	4.188994	5.41386	5.297827	5.549936	4.298561	4.895128	5.346266	4.486644
4.842975	4.26209	4.308928	4.428429	5.114311	5.226052	5.239094	5.147888	5.76955	5.103275
5.918276	5.321205	4.98372	5.09172	4.883853	3.966626	5.814502	5.327658	4.939001	4.104921
5.113374	5.382726	5.360458	5.523771	4.728955	5.174347	4.535842	5.470581	5.05271	5.401492
4.594418	4.830245	5.624505	4.373803	5.720051	4.619114	4.803705	4.995335	5.786862	5.255751
3.990997	4.579973	5.671052	5.048691	5.101725	5.609928	4.158574	4.889668	5.297098	5.304095
5.100313	4.743382	6.123714	4.846755	4.646321	4.969194	4.978732	5.390788	4.621292	4.358941
4.06497	5.148467	5.09714	5.094669	5.298737	4.149709	4.977986	5.61908	5.101059	4.211513
4.995253	5.226882	4.995661	4.99319	5.430994	5.055997	5.05625	5.13312	4.99958	4.898641
4.995512	5.060038	4.455983	4.812066	5.435912	5.023116	4.431189	5.200524	4.591183	5.274189
4.564525	5.572033	5.351088	5.481103	5.062537	5.323775	4.942823	5.63244	4.869366	5.435906
4.566985	4.903243	5.174972	4.914471	4.042633	4.282975	4.874497	5.389634	6.147518	4.375399
4.996485	4.791887	5.569107	4.484392	4.843972	5.373202	4.351925	4.598535	5.247389	5.006593
5.305852	4.784859	4.631908	5.149489	5.342687	6.136997	3.924914	6.059965	5.147174	4.713827
3.906526	4.875207	6.561882	4.397386	4.610913	4.224195	5.619076	4.398688	4.870885	4.885993
4.564855	5.492061	4.319026	4.812177	4.5102	5.439762	4.455427	5.568394	5.08198	5.808814
4.016241	5.274405	5.047528	6.138849	5.950073	5.108329	5.437765	5.568472	5.260935	5.65789
5.802597	4.924871	4.95888	4.831065	5.17171	5.369237	4.810122	5.137829	6.2852	5.624169
5.748859	4.868012	5.44725	5.404428	4.925425	5.828601	4.441197	5.430055	5.232237	5.01174
4.910833	6.191967	4.724277	5.350387	4.815744	5.405216	4.050931	4.752684	4.492239	5.5168
4.832963	6.061515	5.536807	5.334336	4.735613	5.499956	6.844697	5.456743	4.347335	4.788429
4.769121	4.903546	5.369328	4.766974	5.381349	4.29152	5.670531	4.971617	4.904936	5.497889
5.471007	6.076727	4.829608	5.470054	4.81461	6.542458	5.139275	5.139102	5.4356	5.069579
5.514048	5.02704	5.105902	5.103431	5.709308	5.408952	4.957683	3.848808	5.109821	3.964651
5.451111	4.874527	5.706175	4.926722	5.753996	4.687104	5.088373	5.84163	5.024394	4.685455
4.909973	4.068302	3.96676	4.937047	5.048899	4.755588	5.72133	4.84467	5.137052	5.334479
5.303619	5.058565	5.254813	4.684151	4.937891	3.906809	5.092839	3.716803	5.085599	5.26138
4.524154	5.467322	4.804347	4.715682	4.911807	5.257822	5.59271	5.198399	4.495977	4.829063
4.977856	5.148401	5.028467	5.025996	5.475573	4.427099	4.100577	4.076711	5.032386	5.217963
5.643472	4.741853	5.320296	4.690503	4.889123	5.28283	5.563339	5.136196	5.11924	5.083713
4.997415	5.462681	5.40623	4.966135	4.508548	4.861092	4.778647	5.401818	5.483266	5.684201
4.934492	5.131652	4.745162	4.858835	5.314165	4.609451	4.582211	4.179734	4.989339	5.517781
5.672941	5.807683	5.047395	5.044923	4.982777	5.054568	4.934348	4.985107	5.051313	5.064175
5.211804	4.891024	5.690635	5.249036	5.35528	4.376406	5.667185	5.378463	4.729215	5.008512
3.760472	4.531184	4.731544	4.844245	4.543503	5.462943	4.70003	5.361922	5.12346	5.832073
5.120066	4.638708	4.803703	4.305677	4.821208	5.190701	4.867242	4.018123	5.212723	4.546234
5.529927	5.077598	5.579713	4.218365	4.759136	5.578676	5.494644	5.001921	5.998794	5.066834
5.28333	4.915336	5.344882	5.354501	5.660317	4.097771	5.532951	5.504971	5.660601	4.710979
4.966008	4.890529	5.744001	5.643808	5.091665	5.557063	4.319842	4.235433	4.971416	4.38589
4.825531	3.999393	5.204616	4.851595	5.609136	4.511167	4.278076	5.236088	4.776454	4.966516
4.49859	4.86292	5.211842	4.52906	5.285584	4.370544	5.419125	5.930298	4.456428	5.509811
5.224316	5.330393	6.381586	4.921338	5.446198	4.121035	4.720285	4.599089	4.96474	5.387769
4.865378	4.612214	5.244941	5.725606	5.276587	3.948033	4.883849	4.83882	4.635421	5.467033
4.304821	5.368184	5.196221	4.506779	5.587156	5.955116	4.084424	4.418678	5.326151	5.301422
4.285251	4.395271	5.128581	5.026315	5.143576	5.15668	4.973811	4.789762	4.687058	4.689806
4.719279	5.807862	5.177592	4.381095	5.291758	4.903812	4.781003	4.272373	5.106866	4.867709
5.267582	4.781533	4.533246	4.959595	5.913638	4.739763	4.899578	5.122576	4.148334	5.939463
4.465821	4.65413	4.044604	4.822514	4.050951	4.967379	5.593809	4.724388	6.17456	5.136962
5.071922	5.092453	4.781369	4.778897	4.509779	5.399082	4.081872	5.560108	4.785287	6.223315
4.411793	4.231634	5.490189	5.509724	5.652092	5.00059	4.601319	5.328937	5.209658	5.635733
4.781859	5.11462	4.932575	4.930104	5.148223	6.377583	4.453807	4.139945	4.936494	4.992096
4.321669	5.193138	5.023883	5.021412	5.517945	5.562146	5.443125	4.207521	5.027802	4.204108
5.06915	4.021151	5.273071	5.147608	4.924663	4.481882	4.074153	4.500582	5.08104	4.994002
5.224737	4.929084	4.998877	5.089139	4.864511	4.528175	4.812582	4.110928	5.639114	5.347793
5.432479	4.751985	4.386187	4.763553	4.279651	5.105246	4.502991	4.836967	5.018434	4.833277
5.905427	5.353013	5.269071	5.269934	3.85495	4.797039	4.988337	4.245871	5.250342	4.385216
5.084237	4.342396	4.884941	5.110297	4.89719	6.149903	5.080269	4.884946	4.996941	5.595577
5.686504	4.932248	4.967373	4.964902	4.539313	4.485481	4.235614	5.383613	4.971292	4.69967
4.469441	4.449262	5.291373	4.399573	5.767992	4.738751	5.186903	5.60035	4.679659	4.801653
5.779306	4.613212	4.760612	4.879205	4.499735	4.002338	4.669973	5.023376	5.520033	4.679532
5.045293	5.525473	4.956383	4.445049	4.537349	4.501661	5.277541	5.877188	4.285084	4.977948
5.464621	4.642679	5.042722	4.202734	4.901341	3.880727	3.649897	4.440723	5.849108	4.1629
5.57274	4.64958	5.079738	5.077266	4.451956	5.127727	4.541201	4.518761	5.083656	4.289954
3.942707	4.900477	4.369208	4.397469	5.145521	3.744541	4.868123	4.56356	5.65363	4.756419
5.220824	5.322994	5.037202	5.034731	5.621007	4.795288	5.267268	4.583105	5.041121	4.976809
3.740618	4.394156	4.589976	4.461298	4.314816	4.832025	5.446292	5.080958	4.686749	4.94451
4.947834	6.044955	4.998439	4.995967	5.144452	5.560355	5.092548	4.489033	5.002357	5.490253
5.009077	4.062623	4.913439	5.144266	3.764198	4.978961	5.30647	5.667021	5.946298	5.387498
5.619216	5.371803	5.005577	5.328207	5.188131	4.593602	4.879526	5.74614	4.698751	4.514576
5.880522	4.701767	5.094925	4.431715	5.153847	5.824108	5.057078	5.25791	4.355112	5.352359
5.024297	5.178571	4.417906	5.102514	5.61531	4.46643	4.957103	4.971008	4.814028	5.140165
4.840451	4.936673	5.035637	5.033166	4.206478	5.457383	4.496487	5.13549	5.039556	5.176643
6.02778	5.85845	4.586228	3.987585	5.228149	4.976622	5.101442	4.25958	5.085842	4.487846
4.421021	6.00261	5.175295	5.51963	4.569565	4.947678	4.887213	4.753352	4.848216	5.951377
4.755132	5.51407	5.540982	5.179574	5.427963	5.028484	4.780932	5.857735	4.720025	4.419431
4.226617	4.909747	4.423898	5.282931	5.497057	5.132202	4.696454	4.087064	5.095111	4.755933
5.206483	4.51901	4.744612	5.407789	5.05014	5.340137	5.545267	4.7494	4.736838	4.711211
4.696913	4.968736	5.49782	5.492671	4.527921	5.646569	5.075123	5.306111	4.805735	5.615591
5.143852	5.321847	4.052787	4.749804	5.882419	4.279681	5.404132	4.024878	4.085868	4.780265
4.51298	4.528667	5.208776	4.841654	5.093602	5.207575	5.089722	5.060014	5.250043	5.9671
5.324739	4.850774	5.033845	5.0142	4.802622	4.545784	4.509465	5.799918	5.463396	5.89486
5.56128	4.160753	5.347856	5.463835	4.841028	5.033127	4.619461	5.406451	5.621754	5.080083
5.249194	5.19981	6.032768	4.657915	4.244935	5.433014	5.310213	4.719558	5.74358	5.384347
3.917862	5.24177	5.263006	5.209831	5.580934	4.89108	5.467364	5.905943	4.621133	4.909612
4.79555	4.512528	3.728845	5.235316	3.467602	4.306559	5.575534	4.709466	4.978945	5.033695
4.441939	5.321005	5.183579	3.418046	5.0024	5.604317	5.908015	4.447706	4.998209	5.060988
4.006869	5.689475	4.459867	4.375261	4.763598	4.726659	5.512208	5.848185	5.76938	5.730625
5.61856	4.491582	5.081013	5.078541	4.060511	5.088713	5.063801	4.618324	5.084931	4.810105
5.268568	4.711044	4.705021	5.586806	4.625047	4.680414	6.017069	4.388947	5.908845	4.337841
4.753213	4.591819	4.218815	3.945912	6.241755	4.502142	5.341785	6.038687	5.313536	4.161404
5.516417	4.052331	5.336733	4.489065	4.266829	4.894828	5.552445	4.78734	5.245662	5.691259
5.792926	4.556659	4.835564	4.161119	4.343917	4.067347	4.329192	5.561464	5.835268	5.631324
5.835975	5.307739	4.324143	5.801648	5.594884	5.309491	5.633974	4.947457	5.234127	5.026819
5.438897	6.019818	5.061411	5.01613	5.081239	6.185104	4.689996	4.85884	5.26451	3.920736
5.031516	4.856584	4.817951	4.81548	5.097793	5.429039	5.114958	5.659475	4.82187	4.794219
4.936315	5.475891	4.597932	5.29495	4.988328	4.840166	4.69355	4.38392	5.162104	5.150732
6.140644	6.525448	5.196723	5.849875	3.802822	5.783813	5.256372	5.155272	4.70715	3.849737
5.153055	5.195412	5.00959	5.007119	4.983355	4.66639	5.992361	4.919025	5.013509	5.258542
4.11272	5.357305	5.252367	4.697834	4.224118	5.06044	4.905132	4.591284	5.240162	4.698167
5.685332	5.298233	4.870579	5.117881	5.046762	4.65837	5.075958	4.858078	5.260365	3.839472
5.076816	4.902382	5.746233	5.592605	5.355874	4.955041	5.360317	4.757666	4.963464	5.670931
4.887918	5.368697	5.03791	5.035439	5.508291	5.504367	4.521719	4.396706	5.041829	4.146049
5.743647	5.21081	5.464556	4.690774	4.537964	5.847433	4.690551	5.133771	5.151048	4.73713
5.456021	5.289543	5.270562	4.070893	4.629322	5.008677	5.138524	5.752254	4.265869	5.256042
4.786011	5.643932	6.111829	5.526884	4.934174	4.761957	5.135123	4.884347	5.927785	4.145359
4.396446	4.893273	5.021457	5.018986	5.546763	4.883627	5.830799	5.24823	5.025376	4.643151
5.787387	5.568736	4.370614	5.901731	5.409449	5.45454	5.239304	6.230563	5.163435	5.18878
5.847606	5.82232	5.464625	5.52181	4.737818	4.806322	5.924911	4.650533	4.534266	5.617605
5.086791	5.592673	4.865702	5.72558	4.608986	3.768463	5.355585	4.454115	5.525456	4.779843
4.413577	4.925668	3.992023	4.472794	4.383493	4.814306	6.355523	4.689967	4.354431	5.205457
5.163141	5.088254	4.534439	4.393013	4.962398	5.242612	5.657385	3.797122	4.563526	5.30899
5.141092	3.913916	4.619187	4.804466	6.228045	4.543731	4.587713	4.591563	5.125501	6.260611
5.617057	4.274964	5.348449	5.213159	5.337083	5.789332	5.694644	4.641969	5.64527	4.789577
5.271295	5.680831	4.903328	5.657182	5.234392	4.688004	5.217457	5.259829	5.509615	5.57919
5.013279	4.991062	4.833363	4.514466	6.138599	5.413276	4.64021	3.908489	3.797501	4.596593
4.869627	4.821717	4.906366	5.012128	4.686524	5.00664	6.631217	5.288947	4.48141	5.437168
5.103494	5.456151	4.304561	5.09147	5.213764	4.571721	4.986681	4.331348	5.363247	4.310883
3.771328	4.604857	5.407422	4.749277	5.04734	4.867841	5.297778	4.772703	5.191717	4.810474
3.596851	5.177088	4.460755	4.073148	5.452494	4.829105	6.024252	4.684443	5.043716	5.307815
5.270378	5.356823	5.270805	5.343936	5.312937	4.410027	4.955642	4.252348	4.297513	4.977306
4.756448	4.601337	4.973207	4.970736	4.371861	4.365962	4.72646	4.153248	4.977126	5.809156
5.252082	6.214664	5.079234	4.886271	4.541388	5.329435	5.690429	4.202624	5.404465	4.878925
4.472963	5.567483	4.118897	4.931658	3.657768	4.772735	5.532467	6.258915	5.357515	4.891462
6.257079	4.157348	4.982854	4.980383	5.505769	5.407676	5.521828	4.81847	4.986773	5.054481
5.126491	4.996749	4.616754	6.012738	4.170731	5.847502	5.410357	4.807545	5.415288	4.664527
5.589782	4.953464	4.473968	5.352493	4.779899	5.377695	5.187049	5.328492	4.487695	4.173149
5.57289	4.331019	4.926029	4.808935	5.215554	5.195949	5.600827	5.097987	5.302207	5.184825
4.260794	4.589974	3.750077	3.87686	5.260323	5.757892	4.905241	4.60088	4.819407	4.971606
4.337521	4.759278	5.926145	3.748391	4.155711	4.449402	5.089028	5.430672	5.186162	4.546708
4.978885	4.666562	5.099285	5.200321	3.957966	4.260827	4.040181	5.431479	4.905032	4.826495
4.50755	4.945377	5.754067	5.078102	5.363266	5.194086	4.742875	6.787385	4.479283	5.044818
3.769942	4.34998	5.704369	4.963526	5.263875	4.958408	4.646804	4.130147	4.646025	4.57784
