5.440242	5.20144	5.870831	3.878602	5.432463	4.952645	3.930223	4.498715	4.781876	4.806837
5.368786	4.296181	5.334262	4.446506	5.484901	4.798013	5.591391	4.226367	5.47318	5.186303
4.430539	4.893908	4.307123	4.977082	4.640275	5.067669	4.457175	4.375953	6.036587	5.530757
5.157414	5.063075	5.948207	4.747893	4.920844	6.221509	5.709443	4.558356	5.371777	4.466955
5.064861	4.894084	5.395675	5.439767	5.563241	5.565545	5.621249	5.883604	4.114592	4.262533
4.471231	4.693061	5.870834	4.90922	4.52369	4.764529	4.689794	5.042399	4.258611	5.338108
5.523042	4.768309	4.889469	3.870003	4.530109	5.211694	5.683083	5.531366	5.598589	4.890754
5.188566	4.381263	4.294275	5.361116	5.489117	5.548879	5.6102	5.821501	4.96268	4.459541
5.359941	5.017512	4.458032	4.168762	5.141011	4.987897	5.921546	5.268062	4.186565	4.361606
5.081201	4.408393	5.464061	4.488501	3.976644	5.713143	5.823637	5.238665	4.894339	4.965569
4.620548	4.97162	5.362883	4.037514	4.893045	5.695245	5.52485	4.594297	4.581199	5.006443
5.664415	5.923803	3.645911	5.885924	5.382151	4.895887	4.797955	5.703704	4.933722	5.215814
4.510666	4.797616	5.378452	3.883026	4.893878	4.885595	4.334529	3.965319	5.085207	5.20819
4.737112	5.055559	5.513628	5.266764	4.999441	5.071267	4.815504	4.829284	4.792059	5.237305
5.363417	5.023575	5.564551	5.059094	5.112089	4.758144	4.743801	5.310307	4.635403	5.326601
5.473515	5.162065	4.793913	6.019493	5.544982	5.563964	5.390124	4.837693	4.463415	4.843667
5.876861	4.549194	5.254985	5.018021	4.453368	4.2733	4.910653	4.495142	4.675406	5.738596
5.613501	3.797216	5.241891	4.851635	5.67645	4.572393	4.968799	5.392873	5.889553	5.628172
4.841482	5.716001	4.679812	4.934908	5.801171	4.925077	5.361807	5.336601	4.203072	5.137954
5.348411	4.852177	5.266257	5.422944	5.051127	4.864176	4.54478	5.71322	5.030935	3.265681
5.068641	4.291413	5.020333	3.742683	5.613199	5.097079	5.454325	5.164783	5.516732	4.560955
4.95475	4.52152	4.694443	4.192267	4.963105	4.68361	5.450696	4.298018	4.689095	5.71661
4.616704	5.175798	4.70625	4.176587	4.446672	5.261203	5.159044	5.629282	4.745811	4.069269
4.469604	4.900259	5.005661	5.499274	4.833567	5.378717	5.089023	4.106545	5.077617	5.241004
4.061332	5.352848	4.810099	5.857806	4.69832	5.791576	5.828367	5.58345	4.491745	5.440399
5.112023	5.029836	4.482354	4.610106	4.583139	4.836204	5.423923	5.035396	5.914087	3.890606
4.648299	5.345009	6.199782	5.423068	5.092008	4.743749	4.989873	4.801712	5.50484	4.574257
4.617623	5.678447	4.257078	6.270681	4.356413	5.262447	5.348396	4.911667	5.211522	4.782674
4.705925	4.712827	4.925077	4.874182	4.095546	5.940505	5.163486	4.434604	5.311804	6.206101
5.018686	5.558854	4.514204	4.656327	5.171835	4.615426	4.937344	6.037377	5.251369	5.204083
5.176898	5.183552	3.92754	6.314234	4.680456	4.904799	5.626868	6.018636	4.041471	4.457627
4.89883	5.327554	5.194778	4.84429	5.173929	5.879844	4.879601	5.255475	4.09369	5.441951
5.567977	3.81181	4.885874	4.787636	5.593385	4.111121	4.38186	5.63801	4.415562	4.118693
4.396619	5.811835	5.477252	4.46139	5.241784	5.073254	5.079474	3.281536	5.739289	5.520256
4.083856	4.295995	4.804984	4.938819	4.190151	5.498495	5.346306	5.166295	5.436111	5.607634
6.314655	5.73735	5.314957	5.381823	5.508093	5.323732	4.649912	5.285368	4.623894	5.683033
5.253799	5.255144	5.260451	5.480392	4.376655	5.121305	3.605067	5.812376	5.543269	3.75153
4.271353	5.593366	5.065653	5.157203	4.422802	5.470452	4.421918	5.477151	5.598646	5.319061
4.824068	5.104041	4.210928	5.137398	4.820217	5.233297	4.721313	5.114955	4.969629	4.776787
4.381799	4.978514	5.109589	4.71452	5.102093	4.278569	5.993009	5.291642	5.298077	5.153378
4.271725	5.669238	5.347048	5.692177	4.664435	5.074085	4.552366	4.545427	5.019837	5.503709
5.41843	5.924432	4.788176	4.086487	4.8587	5.380149	4.553669	5.00103	3.963005	5.476923
5.579527	4.690992	5.072165	4.779401	5.461675	4.770686	4.87412	5.040517	4.674372	4.651893
5.146921	4.420247	5.920738	5.900318	4.93895	4.657629	3.972747	5.404059	5.264782	5.799989
5.588816	4.418023	4.5838	5.436696	5.312248	5.407808	5.753367	4.49315	5.624187	4.698365
4.979536	4.583786	5.751486	6.049911	4.857396	4.558101	4.151334	4.935785	5.151405	5.4047
4.988904	5.024268	5.93155	5.337896	5.016488	4.05773	4.949605	4.740973	4.650078	4.969099
4.734514	5.164749	3.932387	5.264063	5.100543	4.392955	4.264261	5.838522	5.374097	5.142012
5.316546	5.247147	5.103991	4.366116	5.543656	4.193641	4.379795	5.319431	4.996927	4.939209
5.237973	4.435311	5.66502	3.900625	5.16849	4.285523	4.806491	4.679248	5.272795	5.87912
5.038206	4.326215	5.40322	5.254175	4.610448	5.483289	4.726117	5.199843	5.958146	6.168109
4.926857	5.039813	4.241385	4.183033	4.232309	6.500544	6.081398	5.389272	4.488625	5.561535
4.801063	4.721809	4.302559	4.603993	5.339206	5.547296	4.579169	4.040643	4.198386	4.377889
6.171525	5.130878	4.557863	5.544284	4.992698	5.141356	4.777824	4.863402	5.886875	4.650941
5.563583	5.162733	4.162273	5.503218	4.984832	4.483457	4.783181	4.430872	5.185318	5.115749
6.082735	4.793859	5.055914	4.845408	5.105899	4.176954	5.011496	5.428627	6.115422	4.497569
5.802977	5.155567	5.430303	4.636023	4.529727	5.373613	4.792917	5.263278	3.886777	5.402786
6.236408	4.960868	5.088259	4.319736	4.513638	5.242296	4.612871	5.950573	4.078844	5.214415
4.83112	5.028122	4.31582	4.545436	6.660387	4.314366	5.438357	5.025393	5.31787	5.260379
5.35125	5.915032	5.813223	5.385228	3.783669	4.34718	5.15782	4.797808	4.449014	3.957434
5.2432	4.982964	5.540467	5.472593	5.41217	4.904965	6.25146	4.953911	6.144264	4.630589
4.920353	5.737051	5.674105	4.88016	5.233243	4.826109	5.067987	4.849264	5.001792	5.589874
4.288359	5.499282	4.288453	4.595855	5.708834	4.495882	5.575839	4.864071	4.689085	5.983021
5.549185	5.38756	5.279008	6.068559	5.612974	5.00366	5.642223	5.203767	3.56796	5.258389
4.418628	4.936682	5.342649	4.489119	4.815302	5.309199	5.707751	5.091527	5.164979	5.14006
5.14843	5.112185	5.017233	5.002162	4.85643	5.295903	5.376729	6.314002	5.120378	4.66334
5.128424	5.266637	4.997688	4.305748	5.05462	4.249429	5.35866	5.228748	4.966659	4.682645
4.782922	4.817806	4.932613	5.588029	4.318179	4.024088	4.347521	5.013513	4.628051	5.87045
4.90321	6.053168	5.45645	4.376143	5.756375	6.229447	5.1948	5.232492	4.356938	4.855033
4.248464	5.219467	4.717464	5.651693	4.732275	4.782224	5.141314	4.958512	4.804451	3.830918
5.000052	6.021023	5.418542	4.414256	4.788599	5.447114	5.501762	4.471688	4.123734	4.452711
4.833978	4.562118	4.201565	5.545989	5.117309	5.06677	5.277041	5.702486	4.619475	4.34685
5.389432	5.998982	5.241618	5.310221	5.377265	4.786733	6.074666	4.560541	4.458084	4.920005
4.868413	4.938306	4.139662	5.027328	4.750589	5.423988	5.296217	4.468646	4.547781	4.252441
5.083586	4.218055	4.10667	4.288758	5.193209	5.273925	5.028734	5.433697	5.168722	4.711497
5.86279	6.149678	5.18446	4.214885	5.272633	5.361465	6.372525	5.310733	4.723481	4.554403
6.310688	4.46138	5.042912	4.875006	5.163745	4.790248	5.906186	4.359555	4.851213	5.525092
3.879445	3.9679	4.648028	4.664724	5.037252	4.98848	3.852061	5.151284	4.878325	5.803363
4.689346	4.043873	4.83919	5.076205	4.642081	5.266016	4.92352	5.291219	4.900218	3.988347
4.243104	6.366776	4.327219	4.597978	4.76109	5.408143	5.033052	5.035671	4.941934	5.325243
4.436541	6.004124	4.767574	4.596833	5.92022	4.818968	6.373107	4.446346	4.360435	5.005177
4.58325	4.040033	4.31286	4.738422	5.763835	4.767174	5.322824	4.339664	5.758356	5.256374
5.671126	4.255671	5.220777	4.965829	4.474538	5.397128	5.603516	4.799963	4.595779	6.023736
5.194854	6.056304	4.173605	4.813983	4.668967	4.333831	5.290638	5.270889	4.416408	6.470091
4.533808	5.550008	4.882207	4.929649	5.679795	5.24482	4.510755	4.502303	4.846286	5.669884
5.097105	4.769386	6.063273	4.481488	5.295813	4.769686	6.061399	4.545798	5.904644	4.247598
5.570027	5.627204	6.070296	3.956868	5.424294	5.175311	5.323075	5.744106	4.799759	5.152802
4.773818	5.192189	4.713345	5.664728	5.068126	4.934182	5.298756	5.454134	6.070947	5.453024
4.870624	4.723961	5.229895	4.085378	5.156013	4.307693	4.266166	4.891613	5.186811	4.480551
4.580674	4.336311	4.906285	4.468214	4.723299	5.381821	4.967681	5.011821	4.968473	5.845398
5.174676	4.893159	5.412745	5.670723	4.905633	4.829197	4.772773	5.2656	5.304677	5.236806
5.868499	4.68701	4.719582	4.452377	4.227458	4.518114	5.324275	3.968978	4.887251	6.459422
4.970612	4.771298	4.614813	5.338671	4.415996	3.619123	4.988492	6.009836	5.126785	5.936328
5.474069	5.546351	5.437211	5.247286	5.521258	5.958825	5.258527	6.060686	5.362797	5.417038
4.848166	4.479813	5.30425	4.622668	4.678573	5.36711	4.508695	4.311784	5.11414	5.543244
4.559936	5.957244	5.467864	3.842315	5.3512	4.05748	5.619086	5.035047	5.86282	4.289228
3.919913	4.714211	5.513065	4.353683	4.695136	4.659176	4.634366	5.001741	4.478988	4.876929
4.440463	4.669619	5.07101	4.294776	4.507654	4.921217	5.461401	5.318498	5.111382	5.411025
4.843474	5.585707	4.720526	4.364493	5.21687	4.686642	5.368917	4.869384	4.624726	4.151153
4.981752	5.154804	4.435937	4.847087	3.851273	4.457147	4.736934	4.314771	5.119339	4.782233
5.611897	5.103848	5.49359	4.998204	5.000825	4.894071	4.797277	5.005034	4.240754	5.104255
5.094948	4.864675	5.911193	4.00257	5.073253	5.171658	5.130111	5.357711	4.029663	5.329287
6.046255	4.866201	5.095618	4.241621	4.881321	3.982662	5.442345	5.026505	4.73814	4.545878
5.378464	5.272739	4.934326	5.473987	5.60798	5.534686	5.460749	4.489557	4.102431	4.629072
4.969055	4.794067	5.597741	5.693341	5.881509	3.336236	5.012926	4.311286	5.229713	5.55436
4.332208	4.517656	5.223838	5.635707	5.203782	4.819278	4.261594	5.474009	4.765199	5.213467
5.163816	5.34535	4.824419	4.159266	5.318312	5.547994	4.533097	4.352969	4.613375	5.809246
4.384907	5.382522	4.816626	4.779854	4.571344	5.235389	5.20767	5.81374	5.008761	5.54439
4.646753	4.261345	3.742899	4.458443	5.37837	5.54939	5.757923	4.968391	5.090974	5.400629
4.696922	5.654993	5.055921	4.678563	5.023677	5.129482	4.942554	4.398759	5.328998	5.560484
5.856967	5.574855	5.082664	5.015588	5.488322	5.421629	4.861784	4.752535	6.100802	4.575224
5.009678	6.436862	5.125801	4.484228	4.201399	5.399297	5.370782	4.208866	4.73574	4.554703
5.414836	4.71997	5.124453	5.315838	4.172486	4.546063	4.934606	4.674542	4.747312	4.299329
4.228971	4.937354	5.122198	5.724841	5.032547	5.158103	6.43119	4.976428	5.209041	5.696286
5.603856	5.69829	4.345325	5.105318	5.047635	4.782568	4.28895	4.346951	5.647138	5.069581
4.639852	4.2794	5.621866	5.021954	6.039231	4.538319	6.443939	4.365271	4.441138	5.438387
4.454914	5.78021	5.085302	4.552136	4.283659	4.504182	5.788501	5.19559	4.761484	4.853912
4.842293	4.699123	5.778847	5.236632	4.417035	4.744363	3.686646	5.408086	4.617348	4.862499
5.345902	4.37393	5.089181	4.903327	3.977527	4.403058	5.752241	5.639907	5.072876	5.627866
5.127772	4.904883	4.192207	5.651798	5.437073	4.833235	4.282212	5.092821	5.81561	4.933361
6.303791	4.806878	4.099725	5.809475	5.117581	5.296816	4.826747	5.026902	4.798067	4.96494
4.608996	5.252789	5.375153	4.565967	3.936601	4.240125	5.641581	4.719015	5.460278	5.741286
4.934641	4.906097	4.720232	3.984642	5.636089	4.802824	4.713936	5.657387	4.889793	5.707871
4.680631	4.894176	5.292366	4.857124	4.425291	4.6765	4.709075	4.663812	5.318257	4.810428
5.537973	5.709626	3.605918	4.502276	4.705271	5.028686	4.846684	5.689001	4.771457	4.94155
5.136155	4.755384	5.426261	4.815251	5.445884	4.652271	3.957836	5.595588	4.591914	4.454973
5.18583	4.841849	5.436309	4.828422	5.180118	4.272807	6.14763	4.401814	5.340072	5.976012
5.326043	5.32135	5.522799	4.980257	5.654071	5.451719	5.869402	5.493967	5.705065	5.477576
5.371913	5.574652	4.95606	5.432721	4.899819	4.520817	5.497919	4.994482	6.222418	4.924556
5.867246	5.237144	4.577168	5.088466	4.578411	5.13407	5.533319	4.998297	5.238535	4.232408
4.960534	4.646118	5.137527	5.217769	4.818212	5.241382	4.833796	4.794283	5.654348	4.837871
4.727904	5.98043	5.399807	5.404834	5.515223	4.850986	4.697337	5.245802	5.136256	4.9948
5.206658	6.247516	5.531558	4.275466	6.046962	5.339317	5.194467	4.896819	5.67028	5.691807
5.878346	5.36152	5.254874	5.91856	5.143925	4.645211	5.604475	4.751288	4.891454	4.402231
6.066714	5.049029	5.552056	5.001985	5.372398	4.917475	5.348191	4.921501	4.075234	4.335522
5.31215	4.803832	4.725013	4.148123	4.630949	5.052194	4.511089	5.428553	4.178462	4.855875
4.90986	5.413885	5.708166	6.392124	5.021109	4.915519	5.156674	4.934323	4.964218	6.046992
4.370235	4.974881	4.486511	4.691696	4.749512	4.505947	5.804824	4.438879	5.344929	4.716374
4.256951	4.207334	4.253644	5.286933	4.379009	5.602372	4.166515	4.434284	4.262516	4.658459
5.94177	5.156605	4.738948	4.784872	3.614315	6.054636	5.409869	4.507433	4.14484	5.031415
5.346198	4.855392	5.543097	5.158505	5.316959	4.89726	4.262094	3.544921	4.660135	3.839852
4.539242	5.418817	4.604559	5.012432	4.536408	5.671575	5.556203	5.06479	4.741629	5.12615
4.904016	5.031926	6.423823	3.780155	5.840246	5.317137	4.519215	5.708448	5.501223	4.758842
4.47706	4.470711	4.938351	4.601158	4.154388	4.412042	5.143035	4.715033	4.576921	3.916431
4.705993	4.881413	4.623376	4.612433	5.070387	5.168931	4.876526	5.11579	5.417539	5.440204
4.933372	4.530111	4.818263	5.318369	4.10636	5.056402	4.422906	4.781848	4.215212	4.516861
4.874255	5.37358	4.59628	5.752047	5.632745	5.500108	4.803031	4.67394	4.510469	3.755358
4.937681	5.181533	4.919451	4.861803	5.339027	5.157388	5.398912	5.962917	4.839512	4.460971
4.946159	5.369739	5.233885	4.776869	4.936109	4.71064	4.713487	5.344869	5.53537	5.458684
5.395061	4.876458	5.67585	4.136912	4.710271	4.413184	5.791765	4.96675	5.268826	5.077566
5.229647	3.536107	5.502079	4.79811	4.626164	6.02039	4.594145	4.792034	5.266123	4.644736
3.888031	5.139305	4.886235	4.69679	4.673322	4.738117	4.683408	4.099328	4.576395	5.144493
5.134666	4.796846	4.036886	4.567738	5.563279	5.081974	4.365911	4.537927	5.61184	3.984149
5.538475	5.10651	5.258154	5.099974	4.715109	4.78815	5.048182	4.82299	5.636888	5.17841
5.188268	4.305824	5.48126	4.377833	5.361555	5.48934	4.751214	5.807951	5.923922	4.557001
4.853986	5.230184	4.688713	5.478671	4.832575	4.785582	4.419093	4.391158	4.48785	4.293895
4.713552	6.106022	4.382509	5.164126	4.577588	5.614427	4.998588	5.930809	4.124366	4.995227
5.220665	4.803791	5.028974	4.938897	5.182258	4.315877	5.034086	5.915547	5.390193	4.233636
4.584415	5.424993	4.680456	4.576121	6.051165	5.147335	5.026935	5.504781	5.615786	4.394417
5.403934	5.388614	4.770705	4.342395	5.030348	3.852935	4.818269	4.894194	5.70621	4.872695
4.614875	6.180859	5.249442	4.569831	4.879296	5.492594	5.693747	5.386362	5.647534	5.042727
5.515413	5.20224	4.11929	4.312417	5.100214	5.474496	4.840548	4.136572	5.112756	4.756125
4.998761	5.572746	4.34699	4.692574	5.799378	4.78281	4.714461	5.799457	5.794385	4.251565
4.961204	4.880048	3.710719	5.006047	4.074074	4.625205	5.175787	5.77698	4.881335	5.151964
4.663139	5.235817	4.869585	4.84268	4.922959	4.458496	5.259517	4.327025	4.741804	4.944921
5.221979	5.375365	5.014356	4.288766	6.208821	3.888921	4.911433	4.72923	5.978005	5.44724
4.32807	5.777977	5.716227	4.283311	5.633956	4.464412	4.088502	4.8666	5.019845	5.517423
4.221645	3.397842	4.358457	6.04017	5.431662	4.484908	4.145637	4.834729	5.072488	4.407751
4.870954	4.244271	3.755203	6.177998	5.599112	4.401006	5.10429	4.947901	5.447373	4.164951
4.346156	4.697976	4.606744	5.890083	5.17864	4.92382	4.274376	4.579581	4.828403	5.054649
4.221126	5.620101	6.091609	5.907814	5.415625	4.915133	4.964468	5.05648	4.857152	4.123373
5.340726	4.132685	6.29907	5.255277	4.716971	4.925278	4.463974	5.298361	5.819841	5.776184
4.542893	4.949909	5.167776	5.035152	5.683433	4.990289	4.799418	5.341034	4.590976	5.415815
4.637529	4.24288	4.989252	5.127369	5.091627	5.830661	4.916106	5.190241	4.864027	4.780215
4.469747	5.412822	4.825559	2.667146	5.153711	5.615665	4.757848	5.145023	4.376146	5.846313
3.91321	5.440542	5.388527	5.16812	5.690943	5.347816	6.35822	4.564497	3.456622	5.998453
5.004464	5.305605	3.706918	5.172235	3.93134	4.510662	4.563766	5.093023	5.198278	4.647754
4.586097	4.29107	6.172569	4.187477	5.105723	5.123065	5.416801	5.609657	5.297444	4.089062
4.843995	4.801499	5.027415	4.89926	5.251863	4.499395	4.406529	4.549414	5.525569	5.263574
4.982533	4.439914	5.499959	4.828798	4.15134	4.642942	5.934064	5.074387	4.953619	5.683808
5.549048	4.89114	4.512219	5.495329	4.655169	4.491717	4.524436	5.0643	5.349326	4.486027
4.347393	5.342704	5.075387	5.192976	5.071095	5.715588	4.616992	5.330579	4.649755	5.139126
4.359591	4.788494	4.473388	5.182096	4.554482	5.037508	4.851753	3.470912	5.030976	5.06181
4.800067	4.307814	4.170654	4.175555	5.020862	3.741469	4.378253	5.807201	4.303343	5.368357
4.968627	5.272013	5.344461	5.534486	5.497732	4.913094	5.797321	4.39209	4.382726	5.387646
4.211132	4.586911	5.578226	4.777711	5.031576	4.471148	5.160402	5.466051	6.044541	4.759925
5.537786	3.80848	5.544548	4.28484	5.723436	4.984008	5.340859	4.582478	5.52147	4.562848
4.261994	5.458646	4.749257	5.617748	4.595656	4.328298	4.080532	5.695319	5.816809	5.36657
5.230472	5.315969	4.990499	5.476973	5.175117	5.311174	4.380919	5.698625	5.55967	5.406046
5.09803	4.920895	4.709272	5.582913	5.527537	4.221245	5.907575	4.924436	4.826041	4.901402
5.660645	4.218365	4.917708	4.365815	4.764617	3.119753	3.98677	4.861262	5.215477	3.597008
4.965296	4.314138	4.952466	4.750615	4.750696	4.65884	5.342107	4.860671	5.69538	6.033511
5.00307	5.24277	5.483988	5.904636	4.510495	5.061536	4.995236	5.469579	4.342597	4.326866
4.446227	4.970701	3.623326	4.025626	4.729074	5.42444	5.53294	6.053669	5.034986	4.521184
3.638118	4.658195	4.393338	5.16145	4.592515	5.362747	4.45091	4.573228	5.773315	4.61691
4.484885	5.360885	4.968706	5.404045	4.994015	4.22416	4.866147	5.472087	3.978331	4.505919
5.719465	5.534291	5.415987	5.066154	4.707516	5.810591	5.813013	4.821857	5.028786	5.160586
4.881162	5.365273	5.522974	5.554467	5.95578	5.065279	5.068781	5.070395	4.691186	4.999428
4.545187	5.957136	4.869899	6.341449	4.343666	4.378059	4.986634	3.726544	4.939481	4.766394
4.413142	4.921215	4.318338	5.728214	4.033277	4.700146	5.6468	5.659585	5.44529	5.270421
