4.790171	4.383294	5.586484	5.242389	6.134165	4.028927	5.296794	5.569564	5.607347	4.802309
5.482304	5.624753	4.271169	4.849062	5.949064	5.948184	5.852422	4.758012	5.396985	5.671987
5.626843	4.410598	3.39681	5.129488	3.954413	4.500371	4.466127	5.015848	4.317769	6.636696
4.294899	4.857555	5.681339	5.895686	4.607955	4.164027	5.375	4.478158	4.200144	4.572673
4.878849	5.159759	4.816885	4.280517	4.698277	4.356945	5.645837	5.145733	4.830439	4.243408
3.949166	4.101054	5.079699	5.733114	4.849138	5.855372	5.454459	5.074045	5.336906	4.700671
5.0036	5.165695	5.032309	5.610463	4.535967	4.976273	4.793601	4.838567	4.036502	5.091441
5.259536	5.154504	4.480149	5.115678	5.832178	5.444725	5.271488	4.060917	4.608351	5.604802
4.950424	5.113029	4.869576	4.767158	4.644145	4.148108	4.957226	4.620531	4.725444	5.4432
4.826745	3.661386	5.197887	4.102157	4.944047	5.300308	4.406266	4.261196	5.734313	5.970855
4.918694	4.533889	4.687966	4.238051	4.847031	3.757316	5.698755	5.494918	5.643477	4.86041
4.860838	5.076736	5.124518	4.249213	4.880721	5.439047	5.420321	5.052157	4.521	5.668943
4.327036	5.393122	4.558185	5.251234	5.90708	4.961785	5.496199	4.864762	3.645439	4.997191
4.971594	4.940835	4.831511	5.233282	6.170736	5.669106	5.638615	4.283366	4.816892	5.495205
5.110295	4.809546	4.506999	6.321906	5.211778	5.398153	3.218469	5.285859	4.889252	4.763422
5.374446	5.425015	5.186852	5.031696	5.229205	5.14823	5.270412	3.953114	4.819232	4.417
5.544931	4.462312	4.897552	4.721374	6.59202	4.796168	5.380221	5.543088	5.209541	5.27177
4.712916	4.956839	5.160182	5.040109	4.941977	5.189168	4.172715	5.599743	5.548826	5.325058
5.205813	4.655769	5.334444	5.280101	5.934591	4.01201	4.798835	4.354705	5.222139	4.453131
3.997754	4.467416	5.911529	5.016024	5.024908	4.870317	5.27183	4.448493	4.266301	5.360227
5.452765	5.332159	4.776	5.705277	3.859647	4.964924	5.007002	5.914269	4.502327	4.801596
5.172706	5.049763	5.329264	4.631298	4.742668	5.377698	4.674	4.933843	5.441017	5.761083
4.057526	4.741591	4.2739	4.469351	5.493521	4.552559	4.359311	5.623316	4.930308	4.815846
4.917885	4.969338	4.918315	4.825915	3.96943	5.010033	4.502219	4.376017	5.254647	5.177578
4.985392	4.502522	5.790311	4.576888	5.230928	4.357517	5.194989	6.169672	4.66729	5.846294
6.066992	5.275445	5.29956	5.418701	4.927533	5.1342	5.234215	4.910992	5.044124	4.474332
4.005013	5.928735	5.39643	4.114254	5.64396	5.346056	4.266821	6.226847	4.820859	5.967
4.340239	5.992316	5.124066	5.575842	4.948519	5.761536	5.066226	4.376206	5.070622	5.615846
5.211115	6.096261	5.498875	4.321675	5.355011	4.715056	4.114839	5.140582	4.781547	4.031603
5.42729	5.007662	5.125819	4.683746	6.012464	5.044514	5.061482	4.223403	5.067695	4.76957
4.268174	4.763428	5.560972	5.655606	5.531807	5.089141	5.064468	5.15267	4.7828	4.064626
4.73489	5.307208	5.255655	5.487843	4.4809	4.448224	4.408224	4.798265	5.17306	5.797605
4.915853	5.508363	5.304802	4.956438	4.959302	5.979876	5.326642	5.190377	4.698891	4.959342
5.334408	5.720368	4.649655	5.240888	4.329576	5.513316	5.624153	5.159812	5.512511	5.514018
4.962836	4.552064	5.214771	4.826976	5.176322	4.707902	4.419082	4.482096	4.34866	4.775122
5.073963	4.819532	5.563697	4.669223	4.309903	4.51733	5.830956	4.411348	5.672252	5.439531
4.087786	5.402678	5.508777	4.811018	5.026038	5.225609	5.170792	4.323102	5.768436	4.357517
5.84113	5.187161	5.445207	5.371981	5.399449	4.582485	5.704167	5.79695	5.40056	5.24756
4.980803	5.735047	4.779151	5.227002	6.596913	4.256233	4.436735	5.41802	4.726077	5.894611
4.625278	5.202518	4.740804	4.11299	5.132718	4.985947	4.933746	4.868876	4.450288	5.487934
4.800869	4.127625	5.536637	4.38014	4.476046	4.872645	4.559117	4.684102	4.226484	5.949278
4.863044	5.382834	4.981411	5.024631	5.353533	5.640286	5.403737	4.942491	4.7037	4.707746
5.009077	5.344769	4.788897	5.556068	5.21083	5.078017	5.115126	4.338386	5.53619	4.596633
5.998745	5.082136	3.695057	5.609688	4.762196	4.846473	5.2039	5.170459	4.44376	5.244321
4.797466	4.68923	4.738156	4.443157	5.090803	5.778332	4.58443	5.050345	5.174603	5.641761
4.707745	5.706136	5.200533	4.0012	5.868325	4.804064	5.238038	4.383718	4.153877	4.364152
5.487268	5.33691	5.703652	4.640131	5.118544	5.086598	4.684043	5.205651	5.29952	4.930903
5.323201	4.220953	5.475826	5.226942	4.771749	4.598883	5.015186	3.672625	4.674626	5.100278
4.778771	5.542006	4.926556	5.977637	4.648334	5.010742	5.361305	5.210609	4.370394	5.274707
4.532924	4.793521	5.148905	4.421669	5.4301	5.44685	5.843552	5.05121	4.350811	5.257655
5.81361	5.119506	5.686554	4.899174	6.539756	4.651716	4.939799	5.207073	4.943926	5.824485
5.444573	4.435669	5.477304	5.12732	4.313238	3.626788	4.950527	4.118822	5.195388	4.874472
4.243552	5.257153	4.497925	5.16689	4.382548	4.582983	5.401432	5.364502	4.585898	4.773317
4.310845	5.738599	6.232131	4.976751	4.360692	5.599531	5.022368	5.015689	5.276174	4.217383
4.897334	5.504181	3.553644	4.55507	4.790117	5.140859	5.056927	6.199747	4.916681	5.272767
4.324491	5.801229	5.238744	4.222536	5.087336	4.346311	5.014672	4.50898	3.573727	5.291231
4.876099	5.053795	4.531995	5.113354	5.342939	4.52283	5.041482	4.48163	5.173195	4.970699
5.635205	4.683212	4.883638	4.727396	4.683649	4.290766	5.347974	5.532055	4.972292	5.730813
4.063925	4.195514	4.682429	5.291958	4.350749	4.699939	5.512405	5.169757	4.762142	6.134893
5.1932	6.07171	4.21967	5.071966	4.941525	5.032983	4.097102	5.67474	5.121388	5.929329
4.563281	4.398559	5.494517	4.2198	5.619123	5.106325	5.071071	5.146696	4.715282	4.905248
4.764286	5.027049	4.868573	4.838531	4.412521	5.052149	4.921024	4.684262	4.628618	4.814397
5.670111	5.45248	5.744656	5.570104	4.304564	4.528624	4.557068	5.482475	5.047579	5.161705
4.943296	4.757126	4.218103	4.757647	5.60551	4.50845	4.556743	4.886355	5.096494	6.128621
5.380409	5.211129	5.168876	5.276502	4.980647	5.781909	4.734574	5.340556	5.391654	5.034663
4.714683	4.598273	5.390407	4.954672	4.686009	4.721534	4.782151	5.614751	5.367882	4.744111
5.529752	4.598767	5.668096	5.249255	4.161554	5.138773	4.711376	4.15746	5.251507	4.144058
5.389601	5.603483	5.669647	4.70049	5.743103	5.746243	4.621227	4.427243	6.081482	5.112587
5.152737	3.909287	4.732489	5.636454	4.889359	3.978085	5.094458	4.570782	5.473433	3.927344
4.683138	5.915548	5.067997	3.771874	5.592901	5.412374	5.041758	3.966134	5.414289	6.211168
5.000548	5.159879	4.52087	5.916238	5.097034	4.187293	5.523765	3.66042	5.881159	4.963511
5.000305	4.633927	4.221907	4.794711	5.554801	5.337591	3.947969	4.894119	4.040881	5.116483
4.748907	5.092558	4.688097	5.486223	4.904766	4.638167	5.172807	4.301374	3.938892	4.653079
4.999403	5.891513	4.367964	5.579847	5.193596	4.838796	5.757819	5.127317	6.055444	5.869561
5.165206	4.872245	5.225443	5.122429	5.34212	5.607851	5.325568	4.882502	3.974335	5.114352
4.736952	4.493222	4.783173	4.149613	5.413948	4.585218	4.161754	3.714097	5.016384	4.755393
4.715756	4.025078	4.667099	4.861872	5.146474	4.864421	5.686692	5.038133	5.156755	4.602742
5.178265	5.44452	6.064601	4.896609	4.426875	4.858712	4.835872	4.458306	5.997744	4.556643
6.371147	6.041286	6.775492	4.930474	5.160678	5.762788	5.789954	4.522845	4.579535	5.31591
6.598618	5.482829	5.708249	5.146821	4.642487	4.22631	5.507693	4.531945	5.179353	5.619288
6.286096	5.277281	5.023067	5.923983	4.552619	5.151545	4.724766	4.763371	5.040348	4.292423
5.254261	3.899642	4.870272	4.996373	4.348127	5.041555	4.413651	5.407639	4.907496	5.519641
5.299154	5.344911	5.665956	5.233932	4.998445	4.559063	4.20016	6.267292	4.705976	4.820651
5.275049	5.985187	4.354154	5.649289	4.846501	5.934142	4.50229	4.705526	4.432342	5.068802
4.486227	4.107425	5.100331	4.390035	5.196891	4.900746	5.669979	5.09631	4.872745	4.645162
5.142298	4.515148	4.705066	4.425384	5.718615	4.426114	5.145249	6.155138	4.115432	4.538301
5.351115	5.997305	5.030891	4.6721	5.393867	4.108887	5.890658	3.84899	5.495168	5.566834
5.012937	4.009177	5.106994	5.504797	5.073771	5.286661	4.753635	4.646235	4.942124	5.336209
5.340664	5.443699	3.514927	4.731653	5.074474	5.652362	4.515681	4.096835	4.311083	4.87071
6.122533	5.744061	4.895647	5.010215	5.175673	4.607812	5.420829	5.150545	4.393434	4.475048
4.481532	4.394575	4.597659	3.803288	5.016196	5.264421	5.349707	4.465814	4.870003	5.21827
4.605905	5.438275	4.729573	5.257758	5.261986	4.621263	6.010341	4.59514	5.068331	4.423713
4.898381	4.905147	5.833846	4.214778	6.126703	5.049991	3.677422	4.936164	5.157154	5.977103
4.500679	4.790882	5.235535	4.977299	4.396583	5.398004	6.101678	6.254383	4.812146	4.901718
5.69754	5.571646	4.92674	4.363655	5.386281	5.709165	4.767255	4.679288	5.072116	5.350419
5.917881	6.139482	5.235746	4.288039	4.41317	5.189202	5.1849	5.027945	5.538343	5.22501
4.427109	5.122269	5.131999	5.247835	5.106511	4.935494	5.981363	4.955374	5.765756	4.680629
4.836012	5.194166	4.740984	4.776183	5.456803	4.844933	5.595885	4.539553	3.74321	5.936577
4.409979	5.218016	4.132444	4.613059	5.177471	5.159073	4.727982	4.863808	5.52267	5.066966
4.777597	3.852216	5.062714	5.082388	4.97152	4.609994	5.354252	4.400655	5.242326	4.563501
5.229275	4.663822	4.773479	5.70045	4.783914	5.419633	4.567135	5.099185	5.317114	4.572521
4.48143	3.478612	4.005135	5.34662	6.086459	4.695747	5.181701	5.319812	4.990047	5.538651
3.768814	4.641034	5.568236	3.632989	4.348065	4.806401	5.698279	5.39839	5.367491	4.802222
4.655589	5.219236	5.350788	4.296345	5.427215	5.716538	5.604055	5.410061	5.146329	5.497502
5.223286	5.008738	4.845531	5.037898	4.754602	4.16019	6.038201	5.534423	4.716633	4.036364
5.467999	4.222117	4.843269	4.28571	5.269228	5.074523	5.655359	5.24333	4.460165	5.466143
5.628415	4.327742	5.054958	5.393979	5.823561	4.731346	6.205736	5.756806	4.231942	5.079088
4.962552	4.379743	4.194278	4.755474	4.839531	4.871488	5.277651	5.148116	5.690348	5.23785
4.972108	5.148056	4.676154	5.801236	3.758827	4.834399	4.747698	5.127892	5.368814	5.233883
5.202456	5.452537	3.371303	5.218183	4.462215	4.936458	5.575981	4.766615	5.179541	5.126349
4.560928	5.816457	5.02652	4.113841	5.046328	6.246204	5.475083	5.269006	5.543121	4.740152
5.534713	5.445776	5.286139	4.953173	4.733366	5.264814	4.426098	4.985009	4.505314	5.913569
4.600162	4.510338	4.614264	5.201927	4.587113	4.508059	4.811539	4.653163	5.278506	5.1215
5.363562	5.059915	5.317052	4.946128	5.211029	5.91182	5.12745	5.04659	4.307836	5.289874
5.124579	5.447958	4.924841	5.389147	4.401335	4.792991	5.17495	5.112176	4.973111	4.819118
4.938172	5.036308	5.043831	4.309822	4.925359	5.045382	5.594819	6.117942	5.124212	4.886364
5.262636	5.640475	4.487199	3.890956	4.709412	4.128294	5.481737	4.522459	4.326715	5.47895
4.979791	4.408828	4.870564	4.647808	4.131731	5.095683	4.684606	6.032067	5.944477	3.833376
4.407751	4.322445	3.767458	5.515585	5.4946	4.630766	5.154489	5.273254	5.50123	5.153698
4.63907	4.453855	4.960904	5.352274	4.75985	4.721311	5.974751	4.225088	4.978183	5.045333
4.387116	4.672766	5.05099	5.504095	5.030864	5.434201	4.541327	4.880971	5.048519	5.395316
4.393936	4.335667	5.158379	4.986559	4.778547	5.266345	5.70329	5.374984	3.745728	5.271324
4.117404	5.629748	4.877706	3.57591	4.720337	4.335218	4.996141	4.462385	5.426681	5.403084
4.734778	4.967549	4.348267	4.939957	5.12405	4.22018	6.206086	5.750969	5.726737	5.049165
5.023513	5.381146	5.192852	4.909936	4.982039	5.913424	4.772276	5.24297	4.866688	5.226583
4.750213	4.896694	5.043946	3.784358	4.797932	4.580026	4.961111	4.467253	5.27697	4.560746
4.071814	4.388726	5.541346	3.862378	5.29368	4.856373	4.686462	4.945088	4.794985	3.99589
4.774526	4.370893	6.186511	5.632988	4.982305	5.078824	4.582777	4.637586	4.221812	4.706239
5.066462	4.663553	4.666851	4.834532	5.474809	4.822417	4.25434	5.260171	4.995702	4.945778
3.954432	4.856476	6.097631	5.228946	5.285289	5.742938	5.017612	5.468987	6.060775	4.904263
5.241705	5.261195	4.151046	4.671862	5.008434	5.066318	5.631344	5.064168	4.660914	4.966023
5.726095	4.488289	5.097658	5.503955	5.343992	6.085287	4.747667	5.391108	5.262391	5.23386
4.926761	4.395534	4.853314	4.934874	5.16182	5.44212	5.033764	6.264014	4.737713	4.519605
4.832391	4.592223	5.05798	3.616576	4.848553	5.769684	4.376735	4.915336	4.951953	5.423808
5.337417	4.467516	5.393286	4.366274	5.749866	4.636118	4.159073	6.228135	5.230049	5.070535
3.629133	4.380546	5.270248	5.509208	4.416937	5.316783	4.912531	4.800731	5.187325	5.188127
4.157991	4.85542	5.080431	5.988797	5.767039	5.327536	3.936735	4.928441	4.932349	3.959824
5.745179	5.419523	4.767052	5.511953	5.762253	4.786904	6.641308	4.908051	4.936151	3.845685
5.37316	5.711492	4.798862	4.859198	4.829772	4.86801	5.458836	5.423431	5.048089	5.270573
4.974768	5.135614	4.869022	5.255753	5.680867	4.579966	4.573719	4.986593	5.258252	5.871079
5.158898	4.392235	5.6038	3.911591	4.413873	4.819221	4.934231	5.158916	4.530074	5.864828
5.00847	4.653062	4.569881	4.078457	4.818895	4.167402	4.804179	5.055736	4.29225	5.116508
5.61447	5.921321	5.011508	4.489939	5.235427	4.926663	4.713501	5.222599	5.100529	4.863913
4.988365	5.858842	5.097878	4.534296	5.174196	4.414641	4.284914	4.499228	4.852109	4.67107
5.046089	4.905303	3.648409	5.381196	6.026647	5.870915	5.32744	5.403429	5.493587	6.282262
5.950519	5.478359	5.658115	4.904936	4.76384	5.103965	4.735811	4.552458	5.831763	4.835275
4.619104	6.371346	4.689025	5.051713	5.312604	5.12156	4.763038	5.594237	5.514759	5.142283
5.0408	4.66786	5.32323	4.905738	3.630201	4.90631	4.933965	5.156715	4.434304	5.559356
4.482657	4.683012	5.07819	5.620703	5.492833	4.798848	5.520534	3.755166	5.027869	5.059872
5.283327	5.212123	5.211722	5.140888	4.670028	5.410543	4.056715	5.382836	5.62568	4.229612
4.416327	5.319803	4.982922	5.078926	4.617556	5.668455	4.637562	5.086071	4.920259	4.776542
4.680312	4.376438	4.384669	5.035044	4.882541	3.938629	5.662622	6.41327	6.16017	5.00564
5.51454	4.976082	4.781879	4.964527	4.813742	5.074836	4.973173	4.817731	4.590517	5.938795
5.672143	5.25868	4.80292	5.119797	4.13882	4.02372	5.101284	4.452566	4.032418	4.911083
4.586368	5.524795	5.504572	4.968612	5.58228	5.158012	4.239914	4.605779	4.454172	5.107859
5.226179	4.025318	4.971601	5.147232	5.039371	6.066397	5.424681	5.089859	4.912909	5.494953
4.154674	3.511516	4.170507	5.704412	5.208839	4.697272	5.127905	4.932546	4.648711	5.106494
4.421182	4.405317	5.153896	5.277419	4.380628	5.67956	4.423196	5.271029	4.542206	5.252768
4.014388	6.719938	5.386905	5.526432	5.416894	5.251893	4.886102	5.374173	3.972809	5.455912
4.671566	5.372678	4.719333	4.697268	5.052804	4.185478	4.56269	6.549541	5.588414	5.246763
4.97755	4.717405	4.723486	5.405725	4.949712	5.587	4.817552	5.338898	4.90483	3.964853
5.382654	4.63176	4.927869	5.665106	5.164238	4.797395	5.666452	4.522346	4.659772	5.900974
5.480768	5.782776	3.73735	5.600657	4.392575	6.219768	5.526394	5.429458	4.975452	4.66151
4.671864	5.164922	4.6491	4.407353	4.677518	5.301023	5.183247	4.490343	6.222793	4.168887
4.542068	5.869113	5.526763	6.136582	5.077192	4.493101	5.106043	4.966396	5.897797	5.684684
4.515601	4.742497	4.0422	4.186215	4.633464	5.649949	5.804711	4.363286	4.621653	4.27227
5.515335	5.424393	4.121927	5.339419	4.395017	4.496273	5.003489	5.013552	5.023343	4.311173
5.38041	4.273765	5.349262	5.022899	4.451292	4.896007	4.518596	4.125906	5.205064	4.09012
4.36395	5.57647	4.390635	6.028165	5.622944	6.342971	4.409444	5.255332	4.957213	5.444573
5.297062	4.527189	5.286635	5.777	5.484565	5.312052	4.327226	5.265356	4.410801	4.823552
4.806527	5.680024	4.678743	4.873275	5.378228	4.998952	5.963174	5.807961	5.179053	3.556792
4.696678	4.704574	5.005154	5.083444	4.176592	4.911419	4.72691	5.174366	5.16676	5.956511
5.659676	5.500886	4.600082	5.877911	4.57052	5.174688	5.017585	5.175527	4.780946	4.555678
4.901517	5.101941	5.245051	4.858371	5.052145	5.041375	5.685869	4.101751	5.171164	4.796865
5.885775	5.670058	6.122437	4.840894	4.69228	4.35268	5.142426	5.504862	5.061694	4.885419
6.065433	5.164551	4.918266	5.710557	5.076918	4.964509	5.078895	5.714235	4.847873	4.889345
4.384465	4.981874	4.488276	5.057469	3.874843	4.427645	4.553001	4.756681	5.19193	4.423689
5.275062	4.914787	3.987493	4.988074	5.843866	5.083341	4.453564	5.231654	5.514471	4.637477
5.303288	4.631335	4.630504	5.15645	5.139117	5.173895	4.268419	5.550125	4.538322	5.669552
5.509503	4.597834	4.844896	5.192793	5.485564	5.754698	4.870783	5.25127	3.769406	4.688826
6.311286	4.708613	4.734746	5.612283	3.935829	4.380119	5.59407	5.818511	6.441391	4.360062
5.627811	4.995528	4.739166	5.930524	6.111855	5.234954	3.635215	5.790013	4.933834	5.460036
5.214893	6.369303	5.575927	4.581614	5.670311	4.604894	4.716414	5.275545	5.126873	4.41011
5.157786	5.46112	4.381149	4.321246	4.581959	4.576278	5.635263	5.646759	4.708184	5.978505
4.513232	4.456106	5.347923	5.26992	5.530599	5.223982	4.797283	5.015679	5.674768	5.267592
4.763299	5.546337	4.47978	6.456551	6.187741	5.214181	5.652687	4.918857	5.316877	5.587121
4.796744	4.839257	5.347777	4.540377	4.759969	4.956883	5.412526	5.116966	5.191733	5.433769
3.78701	5.333321	5.4673	4.719214	5.737002	4.881725	5.203431	5.570577	6.307927	4.73867
4.701545	5.361229	5.304129	4.810561	5.392106	5.496875	4.972972	5.203272	5.011963	4.667794
5.644336	5.183582	5.167734	4.984491	4.760524	4.805268	5.247741	5.737656	4.92409	4.756803
5.770443	4.177941	5.18185	5.550452	4.789167	4.318342	5.301999	5.458071	4.563717	5.232642
4.888354	5.045501	4.72006	5.727343	4.002635	4.408762	4.859147	4.729531	5.125014	4.753033
5.310523	4.764277	5.360321	5.182781	4.905754	4.897594	4.724732	4.262645	4.276805	4.049443
5.197509	4.573027	6.152179	4.567945	5.483766	5.145688	4.708864	5.779282	5.07765	5.322058
5.430418	5.697548	4.801168	5.207876	6.234857	6.225972	4.562494	4.626301	5.426608	5.674757
5.485091	4.089478	3.978513	5.503889	4.951525	5.048244	4.563896	4.94751	6.11467	4.652064
6.053498	5.261806	4.192484	4.934025	4.993843	6.09522	5.802132	5.581733	5.231874	4.86002
3.609319	5.139286	5.647621	4.614465	5.062923	4.737234	6.329515	4.905556	4.841588	4.803445
5.633476	4.820445	4.912982	5.505642	4.74789	5.296025	4.64758	5.390738	5.576319	5.743214
4.803497	5.165928	4.220541	5.150064	4.922615	4.408323	4.790606	5.462263	4.865305	5.592541
