5.194047	5.018214	5.084638	5.039603	4.998422	4.984468	5.001652	4.103128	5.359799	5.416426
5.112867	4.458963	5.181249	4.925131	5.136779	5.122826	5.14001	5.235946	5.001142	4.529395
5.304339	5.3789	4.501397	4.75243	4.940598	4.926645	4.943829	5.861275	4.908549	5.138049
5.451482	6.211499	4.914655	5.833915	5.330985	4.383797	5.152341	4.424688	5.988095	5.572255
5.46298	5.168503	5.160313	5.109775	4.860105	4.453989	4.021754	4.676647	4.713846	4.935237
3.958695	4.444819	5.324392	5.618012	4.993574	4.695965	4.989309	4.520031	5.105966	4.793277
4.760576	4.88441	4.662261	5.104494	5.343813	5.017154	4.626348	4.109341	5.663167	4.323297
5.124479	5.399865	5.279119	5.937738	4.881136	4.810661	6.189646	4.538359	4.689277	3.837161
4.888905	5.097083	4.252457	4.776394	4.867694	4.142394	5.483563	5.957785	5.554881	5.240463
5.783209	4.767216	5.619757	5.638238	4.156531	5.319264	4.385297	4.851206	5.36507	5.682681
4.242992	5.264461	4.38306	5.40804	5.182743	4.867946	5.606595	4.299326	3.732057	4.922447
5.271934	4.56854	4.626883	5.592661	5.568231	3.912935	5.382656	4.160836	4.717589	5.270239
4.399066	4.305392	4.637607	5.402044	4.570943	3.5686	4.972074	4.237958	5.516444	4.863057
5.500381	4.329558	5.565505	4.968915	4.833158	4.667925	5.902007	5.83551	4.131364	4.90909
5.776346	5.729023	4.950974	4.967143	5.499907	5.511692	5.508764	5.228786	5.150836	5.130592
5.321225	4.323209	5.062248	4.605136	5.222242	5.497945	4.408686	5.022221	5.263295	5.105084
5.445531	4.191665	4.573567	4.535285	4.597542	5.024405	5.28214	4.174651	5.128663	5.109623
4.465812	4.564986	4.17176	4.990509	4.825084	4.262391	4.320813	4.971746	5.152117	4.622768
5.229994	5.834227	5.758777	5.16349	5.369143	4.745522	4.6695	4.681707	5.83801	3.951695
4.544114	4.761332	4.699989	4.53416	3.914371	5.830467	5.597639	4.413355	5.017889	4.458122
5.677307	5.001847	5.023802	4.824903	5.126043	5.11209	5.129274	4.832713	4.297313	4.224675
4.264693	4.877806	4.571394	5.19552	5.056025	5.042072	5.059256	4.521671	5.349782	5.465258
4.66384	4.924312	5.847727	4.629787	5.257029	4.36163	4.51424	4.7016	5.767502	4.106971
4.89004	4.510445	4.758868	3.782705	5.837696	5.216692	4.884646	4.728475	4.651324	4.694727
6.046415	4.761571	4.783203	4.435038	4.971681	4.957727	4.974911	5.298626	4.806587	5.110343
5.401773	5.051007	5.054519	4.625471	4.775927	4.265263	4.966895	6.220428	5.38433	4.561069
4.860572	5.04439	5.415553	4.91802	4.764154	5.456726	6.069425	4.994337	3.922107	6.105353
4.739052	4.1071	5.300424	4.797865	6.320494	4.715427	5.302058	4.618629	4.598241	4.571436
4.815135	4.64888	4.204571	4.847855	4.98416	5.054042	4.570837	4.366309	4.980493	5.621156
5.366421	4.80639	6.115377	5.077918	4.361996	5.36106	4.078222	6.623607	4.413151	5.193333
3.278775	5.459714	4.810638	4.267441	5.566826	5.168782	4.827868	4.512437	4.429257	4.291657
3.35112	5.654144	4.981282	5.728521	4.226859	5.65918	5.043588	4.085292	4.141164	6.523773
4.958137	4.812527	5.525976	4.931209	5.059795	4.987171	4.918804	4.952432	5.430607	4.345619
4.471589	4.484026	6.134204	5.012571	4.669809	4.992231	4.510561	4.494831	4.009247	4.465344
4.169549	5.674489	5.47122	4.52034	5.101005	5.470844	4.879265	4.808636	4.605604	5.654123
5.301654	5.300435	5.414377	4.697504	4.817389	6.13421	5.112803	6.038826	5.092417	5.24598
3.290325	5.308667	5.775508	5.418359	4.94371	4.929757	4.946941	5.375264	4.799812	4.654218
5.937496	4.799758	4.13598	5.050018	5.392914	5.103565	5.521048	5.34487	4.831625	3.908406
5.072752	5.107479	4.739821	4.66772	4.959611	5.592858	5.194078	4.629498	4.075345	5.06561
4.476131	4.163561	5.594038	5.177784	4.801527	5.835896	4.458293	4.936204	4.078269	5.882206
3.746656	4.096974	4.907252	3.986829	4.860022	4.344856	4.893756	5.829556	4.825263	4.480689
6.179035	5.469316	5.405756	4.658015	4.331995	6.06247	4.264523	4.757463	5.356407	4.579731
4.463232	6.049018	3.978726	4.832825	4.845571	4.831618	4.848802	4.822189	5.5473	5.719594
4.668674	5.05769	5.774384	4.73002	5.114708	5.798751	4.913582	4.982513	4.650084	4.620133
5.289304	4.574933	4.381023	4.000347	5.018992	5.005039	5.022223	5.039079	4.456173	5.50345
5.169695	5.606365	5.648959	4.407642	4.357147	5.878395	4.377488	6.150333	4.110938	5.356224
5.569244	4.55387	6.047829	4.798888	6.195401	4.616254	4.79008	4.956894	4.088253	5.084235
5.830392	5.427803	4.570821	5.708008	5.88833	5.793516	4.793589	5.759157	5.240239	4.067924
5.130658	6.039494	5.709913	4.283224	5.24649	4.878668	5.53296	5.931259	5.676252	4.038507
5.049398	3.947173	5.354328	4.642323	4.241014	5.163585	4.760649	4.84984	4.76421	5.58733
6.164589	5.974458	5.268048	4.779071	5.046794	5.032841	5.050025	4.923196	4.744585	4.667602
6.275252	5.032556	4.794999	5.256252	4.961057	4.947104	4.964288	4.655977	5.092162	5.848961
5.190258	4.565291	6.084677	5.101697	6.048171	4.278776	5.584014	5.876095	5.638921	5.468901
3.414079	5.884506	5.049545	6.078326	4.166922	5.114615	4.910708	5.713621	5.993524	4.390412
5.403624	4.911476	5.438039	3.754176	4.09547	5.378026	4.064894	5.189699	4.348575	4.89381
5.527191	5.804293	4.459867	6.346791	4.26835	5.000761	4.117041	5.081819	4.920786	4.956128
4.728911	5.476983	4.741779	5.712144	4.710128	5.233283	4.750801	3.815005	4.880435	5.609213
4.928033	4.806756	4.556178	5.21572	4.870393	5.271452	4.868177	4.458992	5.093509	4.67504
5.217254	5.28272	4.950069	4.777262	5.152029	5.135265	4.579812	5.682107	4.819109	4.959746
5.055891	4.067157	5.270961	4.834435	4.947825	4.933872	4.951056	4.365187	5.086367	4.60636
4.520952	5.164	6.461321	5.507164	5.328822	5.836659	5.28739	4.899676	5.463927	4.922611
3.808067	5.345661	4.942153	5.584078	4.861453	4.989495	4.86697	5.223918	5.255419	4.299704
4.618031	4.650807	5.785626	5.191029	4.320287	4.599295	4.793808	4.611949	4.902591	3.941918
5.238539	5.513131	4.831735	5.766874	5.04142	4.862281	6.392357	5.798775	4.495108	4.019957
5.107224	4.902669	4.739996	5.570007	4.500387	4.943882	5.219687	5.266735	5.840313	5.46532
6.132468	4.853252	4.503067	5.622651	5.149154	5.916511	5.79636	4.827562	6.552985	5.275364
5.097238	4.784474	4.148281	5.910643	5.297132	4.738504	4.387929	4.527512	4.470567	5.541646
5.380593	5.207594	4.745521	4.605863	4.888052	4.731378	5.249536	5.574605	5.198419	5.398501
5.133517	4.254517	4.982193	4.982896	5.246716	4.993973	4.752306	5.421148	4.243675	5.132211
5.966453	4.966818	4.85263	5.120754	6.008642	4.88159	5.049359	5.714252	5.149126	4.221655
5.994311	6.020026	4.495139	5.131852	6.174666	5.525456	4.472838	5.531825	4.112781	5.800234
5.110748	4.715453	5.348394	4.525964	4.6731	3.932955	5.031536	5.141431	5.819038	4.349053
6.119267	5.026964	5.263013	5.044819	5.092714	5.078761	5.095944	4.714077	5.68563	4.904126
4.265113	3.8046	4.884619	4.525522	4.977674	4.963721	4.980905	4.901337	4.340667	5.496731
4.793071	3.954992	6.082767	5.929702	5.001855	4.607569	5.671714	5.238042	4.397326	5.749629
4.446457	4.812102	4.185748	4.948316	5.363707	4.702613	5.622391	4.72532	5.504099	4.698712
4.235652	3.681348	5.074402	4.927404	5.432422	4.593211	4.091312	5.720154	4.729734	4.056279
5.362123	5.126194	4.511992	5.036164	4.592371	3.822373	5.660581	5.501764	4.808961	4.326725
4.730732	4.149934	5.090294	5.415669	5.701869	5.227878	4.827767	5.364633	4.787395	4.080859
5.509042	4.369478	4.112568	4.751167	4.89858	4.884627	4.901811	4.006927	4.132122	4.402327
4.47263	5.00595	4.185433	5.090226	4.869022	4.514075	5.267643	5.003655	4.213631	5.076812
4.602489	5.081075	5.120466	4.362384	4.454643	5.605564	4.95447	5.659454	4.303188	5.05499
4.70159	5.65125	4.924969	4.58713	5.891411	5.114216	5.944882	4.411361	5.788807	5.156998
4.689131	4.459668	4.612745	4.838737	4.885293	4.87134	4.888524	4.765732	4.239528	4.62407
4.86778	2.996683	5.15928	5.266936	4.799273	5.187186	5.439966	5.555323	5.252401	5.443662
4.589781	5.606414	4.464068	5.591868	4.809638	5.005903	4.358176	5.302939	5.208343	5.200142
5.572184	5.391599	4.712697	4.625022	5.492037	4.862196	4.429049	6.061267	5.203648	5.683017
4.215412	5.109767	5.393739	4.528101	5.178949	5.927171	4.681795	4.807235	4.412905	5.509467
5.354177	5.307858	5.481147	4.808808	4.72508	4.568866	5.221376	4.551948	5.283056	4.499074
5.319016	2.969648	5.080176	5.709732	5.055064	5.041111	5.058295	5.716798	4.890347	5.210277
5.316579	4.459721	3.647764	5.530674	5.024283	5.01033	5.027514	3.85352	4.462643	4.62777
4.448143	4.816501	5.466692	4.199496	4.906076	5.065237	5.365592	4.341182	4.533615	5.748604
4.495722	5.416608	4.83942	4.936887	4.653025	5.093118	5.383111	5.093373	4.062786	4.109834
4.757669	4.650862	4.875625	3.842527	4.418024	4.446598	5.173215	4.800415	5.168334	4.838134
5.702341	4.567948	5.093023	5.637856	5.014187	5.632819	4.257411	4.036079	5.220219	4.585831
5.192116	4.980904	5.210976	5.467741	5.18251	4.125973	5.061045	4.899964	4.469378	5.437844
5.030201	5.370649	5.353484	4.72412	3.863277	5.033344	6.037969	5.840398	6.31479	5.958606
6.013496	5.283165	4.308156	5.415375	4.901364	4.976108	4.32148	5.10216	3.656191	5.798318
5.834375	5.212781	5.010883	5.275125	3.919537	5.574089	5.869073	4.940142	5.029046	5.245414
4.826218	5.441765	5.002939	4.648938	5.572648	4.951708	4.675971	4.77457	5.607786	4.735516
5.304754	5.053919	4.515522	5.441797	5.327923	4.293297	5.168239	4.525751	5.226821	5.614762
4.488152	5.490102	4.863017	5.432791	4.989582	4.223603	4.873646	4.895094	4.572748	4.259592
4.577655	4.271103	3.86014	5.878154	4.677953	4.418001	6.090893	6.226725	5.032742	4.741698
5.010251	4.444829	5.349497	4.37973	4.442735	4.47409	4.833092	4.571723	5.273848	5.41291
4.963808	4.741671	5.038166	5.416252	4.994912	4.980958	4.998142	5.483465	4.503012	4.997593
4.785202	4.669931	4.761921	5.533778	5.007583	4.542927	5.075501	5.782519	5.497778	4.148527
3.907311	5.20752	5.627869	4.039746	5.579059	5.555099	4.703292	4.560774	5.341587	5.464366
5.456696	5.188285	3.868196	4.975254	4.719282	4.750147	5.393751	6.127752	4.314491	5.003226
3.373189	5.273208	5.551354	4.161036	4.87824	4.864286	4.88147	4.785588	6.264203	4.806487
4.887892	5.542154	5.054426	5.641362	5.440914	4.827027	4.446208	4.98119	5.536721	5.647414
5.441783	5.56811	5.329033	5.089547	5.127933	5.113979	5.131163	5.651213	4.734421	4.689321
3.570015	4.724345	4.684708	5.388673	4.843902	4.698836	4.540041	5.164094	5.996053	4.888874
4.219664	5.184166	4.659416	5.060286	5.018126	4.802935	4.299397	4.781811	4.63487	4.809171
5.357195	5.68816	3.44891	4.539032	4.375512	5.49186	4.691081	4.901138	3.924267	5.064447
4.806771	4.585399	4.503844	5.856619	4.877297	4.014629	4.41899	4.849112	4.945847	4.772819
4.654491	5.4045	4.768066	4.614058	4.914772	4.353188	4.57473	4.774459	4.004714	4.34317
4.359972	5.605805	5.962706	4.20244	4.925873	4.342376	5.502108	5.087855	4.022827	5.851485
4.201266	3.907485	4.438797	5.027648	4.923542	4.474813	4.929749	4.77515	5.58862	4.78613
4.647146	5.455847	5.070478	5.293723	4.914018	4.352467	4.412907	4.167071	3.803525	4.538638
6.021252	5.177691	5.299882	5.773781	5.354158	4.68123	5.37231	5.227953	4.823629	4.789957
4.298839	5.026213	3.634141	3.687844	4.733339	4.618171	5.45104	5.331894	5.2906	4.228811
4.986567	4.899198	5.325576	5.280409	4.831749	4.661023	4.891184	4.607275	4.756594	4.066376
4.589692	4.90244	4.202249	4.49519	4.093529	4.965529	5.352372	5.217173	4.885832	4.840725
5.820931	5.203375	5.137122	4.953491	4.8838	4.869847	4.887031	4.189748	5.271933	5.10887
4.767443	4.872732	4.72919	5.258592	4.778611	5.516884	5.492997	4.799286	5.203878	5.142182
4.986321	4.949662	5.933813	5.087812	5.550694	4.737631	5.150641	4.119784	5.819268	5.113026
5.562976	5.268452	5.66325	5.094109	5.442339	5.040284	4.982934	4.039835	5.40802	4.907621
5.096007	5.353085	4.805741	5.71435	5.175745	6.149273	4.408611	4.841242	5.270958	4.880334
5.384364	5.013888	4.768885	4.14294	4.624129	5.69803	5.549675	4.460392	4.519428	4.926167
4.294704	4.679438	4.955286	5.058049	5.086884	4.467005	4.642712	5.092036	5.100053	4.783871
5.310082	4.281557	5.662013	5.729346	5.539017	4.576552	4.898179	5.284411	5.280577	4.782261
5.544928	5.046934	5.196295	5.740615	5.156006	5.22477	4.799411	5.16691	5.543973	4.54596
4.463934	4.319513	3.770623	4.812039	4.329628	5.209956	5.044767	5.125335	4.597959	4.26594
4.836397	5.166511	5.971259	5.123763	6.02988	5.263921	3.847856	5.467963	5.419986	4.877211
5.62653	5.110426	4.909176	4.679874	4.480548	5.547152	5.506791	4.731965	5.115635	5.430954
4.824528	4.655871	5.454455	5.894342	5.117772	5.628806	4.367723	4.970647	3.926616	5.075682
4.748932	4.570535	5.025187	4.811464	5.450322	4.405298	5.242574	5.814614	4.321252	4.271014
5.763032	4.474634	3.978403	4.965767	4.963435	5.587399	5.621823	4.993118	4.649423	5.326572
5.101188	5.107964	5.546183	5.468324	4.567291	5.136809	5.830405	4.788415	5.034657	4.678895
4.623496	5.001035	4.925819	5.14874	4.816857	4.732213	4.592606	4.464818	4.816773	6.22094
4.752528	5.094386	4.338531	4.771741	5.212015	5.315001	4.404166	4.539755	4.568503	4.832437
4.371153	5.071743	4.97178	4.222857	4.576095	4.903237	4.462884	4.687411	5.684676	4.887328
4.694664	5.005632	4.817766	4.171885	5.224918	4.446398	4.933827	4.586898	5.542887	5.617914
4.696996	4.719903	6.188019	5.581087	4.292816	4.623113	4.733715	5.111346	5.283545	4.84921
4.850771	4.726423	4.376317	5.482605	4.254392	5.553851	3.437608	4.937438	4.192776	4.991032
5.017078	5.580133	4.105596	5.772853	4.414722	5.089461	4.869454	4.706182	4.969535	4.211984
5.500752	6.046953	5.182546	5.016805	5.272579	5.26272	4.232012	4.596737	5.745467	4.930291
4.245151	5.29689	4.519394	4.781147	4.959214	4.135942	5.03386	4.836191	4.508699	5.508019
4.870194	4.218227	5.807102	4.720565	5.001593	4.896995	5.721236	4.480308	4.981806	5.629754
4.489471	5.294102	4.946633	4.236198	5.043959	4.748521	4.479741	4.261453	5.469745	4.34375
4.786036	5.201099	4.9314	4.600126	4.115979	5.591088	4.625206	4.830376	5.545697	4.574755
5.940749	6.171508	5.524279	5.06234	4.430467	4.811211	6.130248	5.768802	5.501888	4.973398
4.64078	4.807184	5.013073	5.879484	4.94863	4.934677	4.951861	5.355331	4.846092	4.465983
5.211859	4.929776	4.480091	4.713289	4.039165	4.541019	4.292095	5.14627	5.489324	4.969576
4.81359	5.326269	5.682464	5.604415	4.901624	4.887671	4.904855	4.359277	4.747107	4.279252
5.576487	4.943429	4.644531	6.151998	5.059016	4.712962	5.598764	5.020391	5.211305	4.807276
4.902951	5.208405	4.665912	5.74389	4.215983	4.807425	5.230422	4.556227	4.652272	4.724306
4.850029	4.34275	4.669456	5.989273	5.387089	5.264031	4.954762	5.235684	4.229893	5.250904
4.702659	4.079507	4.922997	4.829374	4.553437	4.484606	5.001381	6.379326	5.268695	5.941447
4.777813	5.18372	4.139674	4.004787	5.408958	6.070763	5.337314	4.63256	4.849865	5.011074
5.105449	5.125459	5.529713	6.070982	5.037275	4.448207	4.274296	4.749139	3.79989	5.195364
5.842579	5.396612	5.44586	5.818979	5.184224	4.812905	4.958182	5.255553	4.803864	4.605854
5.179412	4.008234	4.749873	5.818029	4.941944	5.568343	4.730423	5.396649	5.123743	5.254879
4.964771	5.062433	4.825429	4.898953	4.944939	4.930986	4.94817	5.171509	4.105454	4.912016
5.222181	4.789128	5.911323	4.718023	5.150685	5.136732	5.153915	4.975285	4.687732	4.717069
4.99971	5.581042	4.79376	3.788208	4.447256	5.497224	5.550848	4.04363	6.351719	4.41832
4.703063	3.71065	4.474442	4.661488	5.667702	5.141274	5.970397	5.31922	6.332354	5.046397
4.131838	5.397032	4.594723	4.906722	4.744063	4.466647	3.986001	5.426005	4.798756	4.257148
5.221359	4.883528	5.129637	5.095178	5.619092	5.402411	4.98337	5.722046	4.469279	5.062417
5.399908	5.264087	5.259725	5.169616	5.35148	4.744922	3.974916	4.898605	5.279221	4.478225
5.44608	5.043853	4.761292	6.179517	5.061019	5.047066	5.06425	4.810724	5.660934	5.024138
4.763738	4.661582	5.742369	4.946469	5.149217	5.516878	5.252827	5.261672	5.736	4.91215
5.117316	5.83109	4.737726	5.713861	4.503201	5.148216	6.243567	4.517298	5.452416	4.382589
4.524736	5.068656	4.60128	4.534657	6.045029	4.428752	3.966597	6.143751	5.1361	5.430918
4.565828	4.798868	4.896225	4.384726	4.544828	5.009939	5.175869	6.055085	5.439224	5.116392
4.397818	5.067799	4.710574	4.581362	4.222007	4.729667	5.791268	5.670245	5.111987	5.375501
4.326053	5.360303	4.714336	5.492925	5.004352	4.990399	5.007583	5.003481	4.655072	5.024051
4.544784	4.8648	4.904001	5.237045	4.555442	5.406324	5.505685	5.189004	5.594265	5.047389
5.515873	4.934878	5.291403	5.093561	5.310184	4.625962	5.430204	4.612839	5.276678	5.105183
4.901688	4.63626	5.057121	4.778285	4.851915	5.275181	4.082855	4.518874	5.388622	4.483928
5.940823	5.106362	4.607732	4.824954	4.957814	5.50359	4.932787	4.645622	5.069546	4.969661
5.647061	5.282641	5.065757	4.482624	4.206037	5.349578	4.262991	5.598955	5.495067	4.629227
4.443201	4.522812	4.96139	5.165448	3.932213	5.228389	4.560779	4.689593	4.469405	5.059333
4.753292	4.754251	4.987464	3.989149	3.78128	4.509299	5.836351	5.407235	5.592684	5.325122
5.12091	5.850632	5.098772	4.252733	5.253076	3.949061	5.125837	5.286516	6.217484	4.873116
4.745179	5.770996	4.35745	4.25315	5.03557	5.021616	5.0388	4.317199	5.363508	4.772126
5.101742	3.861491	5.70931	4.382172	4.908911	4.894958	4.912141	4.463029	4.77296	4.362444
4.70742	4.771587	5.094873	4.406834	4.845901	5.335405	5.688811	4.53571	3.988503	5.152881
5.663725	5.052167	4.610567	4.698671	4.362565	4.447851	5.3781	5.742494	5.489263	4.394143
4.670413	5.196207	5.052991	4.569968	4.62387	4.025246	5.835218	4.388971	5.437433	4.986556
3.983683	4.991173	5.163763	4.670177	4.41037	4.67397	5.118495	4.85783	4.635586	4.738983
5.494452	4.801272	4.823581	5.155783	4.69328	4.915024	5.408301	5.113233	5.105272	5.148681
4.986102	5.662267	5.73187	4.458598	4.840325	5.091323	4.230296	4.559472	5.634151	5.245039
4.858782	4.932298	4.528123	4.954814	5.251351	4.284207	5.01625	5.410446	5.244962	5.061466
4.939785	4.587155	5.143913	5.360858	5.109529	4.762166	5.67964	4.5476	5.341599	4.791719
5.559156	4.951926	5.064707	4.939744	4.601063	5.262921	4.906398	4.934244	4.102802	5.363531
4.236368	4.2661	5.24906	4.673192	5.2201	5.329566	4.843547	5.539595	4.338786	4.869857
5.465853	5.042965	4.910512	5.439012	5.688545	4.237307	5.500675	4.326238	6.063827	4.635075
5.21688	5.200326	5.94183	5.992544	5.840088	5.160661	5.418269	3.827963	5.608091	4.832025
5.269045	4.95796	4.978652	4.520352	4.95999	6.327549	4.32918	5.44231	4.345862	4.333067
