4.803057	5.222502	4.703064	5.168532	4.672724	5.678822	4.900196	5.134077	4.075291	5.206435
5.643229	4.575288	5.373203	4.790452	4.756583	5.286376	4.260078	4.729453	5.611384	5.427585
4.899592	5.332669	4.679176	4.398872	4.687713	4.497272	4.913255	3.698773	4.684991	4.303958
4.5976	5.70794	4.846591	4.913528	4.859794	4.378958	4.95466	5.028286	4.224127	4.374949
4.552244	4.599324	5.822289	5.495449	5.608536	5.188756	5.051293	5.318646	5.058197	4.610631
4.584562	4.130176	4.897674	4.846865	4.956501	4.369034	5.216471	4.640797	5.131339	4.883932
5.000834	5.140642	4.684951	4.425487	5.786227	4.412398	4.812639	6.120279	6.015	4.44643
5.473044	5.159372	4.029973	4.964181	5.394679	4.67871	5.711075	5.927691	4.856445	5.396703
5.111171	4.556334	4.55937	4.508347	4.629219	4.362216	4.857595	5.208163	5.190922	5.1255
5.070582	4.046825	4.948963	5.172819	5.663418	5.615929	5.039962	4.906039	5.733968	4.759607
5.226701	5.713524	4.073377	5.502763	3.71167	4.818385	4.861655	5.848908	4.933283	5.399384
4.560102	5.13128	5.38831	4.987271	5.099503	4.374955	4.82715	4.54041	5.398513	5.063859
4.873582	4.631068	4.91178	5.160229	5.552321	4.129765	5.973946	4.400852	4.633223	5.543822
5.547307	4.891107	5.22947	4.554284	4.22888	4.430394	4.795143	4.85924	5.070479	5.053444
4.789493	4.632009	4.330039	4.637561	5.462831	4.70083	4.526348	4.879536	4.889665	4.536085
4.968637	5.327635	4.322952	5.15245	3.971219	5.108492	5.978243	4.407367	4.353301	5.203303
5.495583	4.220752	4.182462	4.173304	4.956372	4.933137	5.041348	5.569941	5.27489	5.180745
5.460311	4.68491	5.531358	4.530206	4.475742	4.734973	3.946316	4.858294	4.838142	4.01375
4.494618	5.497706	5.017064	4.556474	5.057388	5.026323	5.354497	4.430318	4.559798	4.753478
4.49473	4.796444	4.750147	5.921633	4.878485	4.61677	4.276721	6.058522	4.586408	5.328887
4.573881	5.253281	4.902877	4.085649	4.248816	4.42141	5.546144	5.089496	4.744264	5.460502
5.008545	5.632287	4.9588	6.362223	4.645267	4.356628	6.228539	5.301328	5.07933	5.87239
4.988976	4.236085	5.359656	5.062325	5.672663	5.273026	4.936102	5.482986	4.921748	5.717166
4.906623	4.050213	4.419529	5.224973	3.862745	5.133754	4.99394	5.158288	5.981221	4.785107
4.589311	6.099826	4.549403	4.8233	5.028718	4.856813	4.890038	4.469258	4.142952	5.495221
4.775023	4.666723	4.32062	4.189859	5.622525	4.087203	5.30824	3.609645	5.434216	5.096618
4.713142	4.922054	4.360024	5.343304	4.41933	5.666226	4.506128	4.870932	5.993768	4.911065
4.773922	5.260417	5.947878	5.451875	4.680805	4.94452	5.42951	5.560499	5.510722	4.751441
5.059225	5.032062	4.85496	4.441893	5.959021	5.740742	5.994439	5.538491	4.83954	5.09264
4.638723	5.242949	4.728127	5.156191	4.648766	4.963028	4.975633	4.862698	5.581705	5.018719
4.667953	4.819447	4.791453	5.656551	4.72379	5.514672	4.578369	5.532244	5.020514	5.160684
4.260228	5.992949	5.198623	4.763562	6.053828	3.831526	5.813829	4.261094	5.269524	4.950875
5.606226	4.60834	4.38113	4.69072	5.719265	5.271286	4.858506	5.275422	4.374449	4.456359
4.84133	4.698782	4.922024	4.608557	5.028118	5.571956	4.015491	4.049121	4.766017	4.707196
5.816274	4.76395	4.365726	4.353549	5.904413	4.62738	5.433416	4.859905	4.304792	5.895893
5.096291	5.44263	4.093148	5.122582	4.894988	4.987494	4.579765	4.518252	4.655302	5.088487
5.612203	5.513952	4.396443	3.989726	5.133851	6.044105	5.357165	5.157231	3.489713	5.034171
4.712667	4.966739	4.887828	4.141917	4.446058	5.343549	4.40056	4.438834	4.643784	4.495115
5.045106	4.890012	3.863842	4.913054	4.11468	5.14611	4.941738	5.580418	5.891584	5.046956
4.696778	6.052626	4.74198	4.820919	4.126264	6.088858	4.899387	5.942677	5.656055	4.41968
4.689419	4.850975	5.039383	5.036688	5.423571	4.856618	5.294188	5.838229	5.332845	5.182491
5.425424	4.897976	5.666784	5.077862	4.573315	4.703249	5.527331	5.857907	5.658502	5.090676
5.303573	4.870987	4.812896	4.990619	4.458031	4.502098	5.396275	4.80424	4.497561	5.164824
4.121017	4.308164	4.886343	4.092605	5.185894	4.686173	5.258037	4.681029	5.2886	4.496509
4.803354	5.185696	5.74224	5.667757	4.659684	5.061958	4.357664	4.765369	5.25722	5.617196
3.715599	4.92105	4.586338	5.34984	4.723337	4.775418	5.337945	5.397394	4.876308	5.056714
5.526836	4.727757	5.050576	4.484202	4.171562	4.466184	5.589482	5.712787	5.265506	4.304775
5.238786	4.417277	4.66037	4.980732	3.9238	6.35474	4.298237	4.193967	4.748325	4.981505
4.755689	4.871865	5.084609	6.016017	5.417375	4.365163	5.521547	4.824804	4.89034	5.329046
4.939648	4.634884	5.085653	4.849802	4.109537	5.920015	4.400005	5.890531	5.854344	5.093593
4.388435	5.200914	5.624618	5.109238	4.843636	4.656145	6.263458	5.435549	4.553672	5.298604
4.338879	4.27727	5.577641	4.73281	4.725888	5.59489	5.576864	4.972204	5.571996	4.971435
4.715832	4.659233	4.366659	5.609621	4.894799	6.127989	5.707042	5.145874	4.987362	5.508147
5.093088	4.591589	4.588802	4.856807	4.404598	5.154206	4.688609	3.88226	5.006545	5.390546
4.835691	5.463626	5.598958	4.817694	5.252344	4.767894	4.339032	4.344009	5.590972	5.0817
4.619131	5.883361	5.758636	3.5792	5.54394	4.930649	5.493437	5.82261	5.199953	5.149065
4.452801	4.722321	4.55186	4.787971	5.298975	4.918874	5.236916	5.087833	4.684306	5.503734
3.96695	4.74731	5.743622	4.35767	4.079794	4.960032	4.866019	5.788956	5.408115	5.092438
4.574591	5.01985	6.530447	4.997923	5.384008	5.731195	4.781061	6.136628	4.201367	5.178298
5.429465	5.083837	5.013527	5.242558	5.270446	5.155247	4.770821	6.139838	4.839338	5.059462
4.990767	5.084934	5.592448	4.982141	4.588991	4.455498	5.309701	5.406713	4.855979	5.459655
5.436095	6.686004	5.232454	4.756204	4.336768	5.731261	4.96916	4.217816	5.616929	4.200579
5.405001	4.81707	5.652172	5.300277	5.087142	4.691246	5.465201	4.721269	4.453817	5.81847
4.669947	4.10193	4.898538	5.273901	4.873345	5.163906	5.569965	5.501627	4.532358	5.003444
4.547991	5.887389	4.704979	5.367105	6.334467	5.387411	5.361622	4.772998	4.796058	4.541523
5.178629	5.201961	5.264832	4.37073	4.348019	5.326962	4.027526	4.653276	4.424956	4.399558
3.721599	6.176893	4.455555	4.673419	6.616564	4.94827	4.902766	5.145794	4.745136	4.565488
4.030722	4.20913	5.614707	4.850574	5.548951	4.754144	4.654613	5.259517	4.723427	5.906318
4.948304	5.446491	4.689341	5.440835	4.22837	4.693181	5.575871	4.157352	5.179607	4.419059
5.195	4.374284	3.27543	4.409302	5.163669	4.545048	4.442858	5.082174	5.125902	4.652636
3.641974	4.594014	4.690974	4.625434	5.390871	5.868947	4.362911	4.257792	5.320955	5.410514
4.203375	5.072135	5.182771	5.129622	5.258044	4.911948	4.120609	5.457903	5.312803	4.879951
4.653962	4.308295	5.212127	4.600414	4.854468	4.42341	4.412194	4.520907	4.979037	5.608509
5.350188	4.627181	4.629184	4.404366	5.77538	5.04237	5.752515	4.299829	4.79731	4.899464
5.224636	5.420836	4.526132	5.195695	4.551136	4.201861	4.438507	5.166212	5.053333	5.419958
4.242496	5.249824	4.506011	5.596396	5.446926	5.36686	4.314372	5.613289	4.799187	4.663593
4.943021	4.357164	5.03477	4.579651	5.477912	5.771593	4.895658	4.076894	5.78614	4.43096
5.244891	4.130616	4.086382	6.31521	5.064125	4.733994	4.952834	4.366866	5.116083	3.708852
4.980517	4.961972	4.66072	4.896369	5.31267	4.867749	5.590127	5.156141	5.099524	5.531734
5.898296	5.86353	4.745024	5.264636	4.141266	3.992945	4.896131	6.051182	5.084092	4.797993
5.493545	4.816958	4.415539	4.522581	5.72633	5.762289	5.023825	5.384582	5.417877	5.599149
6.150192	5.101719	5.002705	4.298758	4.642871	4.631656	5.598722	4.433167	6.388038	4.897862
4.494495	4.552655	4.343801	5.203856	4.047715	4.213173	4.840496	3.933495	5.688578	4.553878
4.298948	4.971085	5.204061	5.714363	5.821628	5.430496	5.314882	4.640697	4.688837	5.607582
5.04416	5.448761	5.741953	5.645071	4.715876	5.003307	4.368942	4.574383	5.396131	5.775853
4.396619	5.062072	4.903053	3.803553	4.641984	4.848756	5.876346	5.195697	4.526959	5.098202
5.202274	3.869061	6.537026	4.763569	4.309843	5.87535	5.772526	4.788804	5.366193	4.237829
5.28377	5.198812	5.500056	5.065719	4.740481	5.296913	5.350772	4.981349	3.577169	5.229573
4.3298	5.23489	4.963876	5.071932	3.76395	5.276543	4.435819	4.551514	4.343711	4.86924
5.232987	4.908622	5.808135	5.030489	5.288851	5.555909	4.490276	5.262992	5.366294	4.977003
4.693892	4.500866	5.600471	4.996696	4.584098	6.214433	5.70235	4.858605	5.005547	5.475765
4.68422	4.786703	6.271059	4.81546	3.915493	4.865373	5.241642	5.210156	5.177069	5.091691
5.401292	4.747352	5.215952	4.864178	4.361395	4.889849	4.730713	5.155519	5.304021	4.902071
5.103898	5.24494	4.281576	4.710054	4.318842	4.960032	5.11934	5.211395	5.098857	5.479883
5.564692	5.159737	4.671216	5.508333	5.022958	5.524499	5.330889	4.271354	3.852131	4.703607
4.598223	4.082922	4.793524	4.561261	5.205545	5.582033	5.026201	5.072964	4.826196	4.071303
5.050721	4.886701	4.799594	4.378267	5.343495	6.011681	5.348547	5.338371	5.937286	5.412728
5.170084	5.013621	5.101308	5.922517	4.31238	6.162291	5.378906	5.451754	5.070489	5.241759
5.377101	4.627977	4.482324	5.837471	5.307202	5.463418	5.561954	5.241206	3.636088	6.087481
5.002432	5.355165	4.734322	6.148459	5.156003	4.819643	5.038942	5.331351	4.720636	4.826573
5.029827	6.397409	5.326192	5.042738	4.858044	4.681138	4.841271	4.767445	4.793449	4.948892
4.67127	5.509919	4.871706	4.795972	4.374748	5.389756	4.936348	5.449666	5.432953	4.117355
5.305182	4.599193	6.137052	5.231145	4.585067	4.634318	4.663324	5.695374	5.272972	5.67804
5.046844	3.76529	4.544254	4.445151	5.567719	5.170139	5.007252	4.257495	5.295862	4.317044
4.324947	4.460954	4.169023	4.646727	4.682158	4.842864	4.898476	4.766415	5.597868	5.81776
5.136748	5.436801	4.153134	4.642268	4.572475	4.101573	5.427582	5.346993	3.918088	4.43188
6.07828	5.44979	4.958675	6.006613	4.8115	4.944923	4.787328	5.070365	5.483303	5.124406
4.635178	3.897192	4.609517	5.14107	6.578834	4.4363	4.631194	5.206665	5.035956	5.029112
4.923311	5.315215	5.390839	5.179118	5.432853	4.526295	4.359266	5.630074	4.132161	4.660443
4.920085	4.462626	4.871164	5.076731	5.704524	6.188004	6.301711	5.035886	5.901073	4.143237
4.543369	4.574452	5.377716	4.676459	5.339621	5.780391	5.272835	5.513951	4.79315	5.452293
5.777788	5.150378	5.164514	4.47413	4.129017	4.760615	5.004849	4.559959	4.913039	5.609828
5.074704	5.417461	4.760393	4.584328	5.033498	5.729113	5.075835	4.999155	5.235476	4.750961
5.487877	5.088459	5.330813	4.328947	5.982339	3.93513	4.42174	3.926952	4.721298	3.941647
3.884465	5.231573	5.622738	4.616196	4.726494	5.632418	4.990285	5.423008	5.057151	5.199574
4.423271	5.193175	4.632499	4.555787	5.050508	5.08879	5.396748	5.325278	5.257036	4.499005
4.747462	3.908713	4.527469	4.985808	4.917627	5.241064	4.59867	4.090126	5.314148	5.033607
5.402157	5.325734	5.068002	4.805484	5.050287	4.784544	5.079357	4.908687	4.376916	4.379889
5.489669	4.953716	5.707456	5.386184	5.03787	4.475319	4.641327	4.825901	5.867938	5.581161
5.854069	5.401398	5.602461	4.214248	4.892172	4.594254	4.510811	4.482171	4.66917	5.420601
5.17099	5.554561	4.578749	5.695273	4.554013	4.768466	4.210752	4.687345	5.554424	5.46112
3.868366	5.149294	3.580634	3.759084	4.36418	4.297908	4.867041	4.969033	5.650012	5.012554
4.977193	5.536163	5.804309	4.893692	4.160339	3.777838	5.457644	5.660336	4.624294	4.263486
4.207948	5.4992	5.697034	4.787307	4.811528	4.287293	4.358693	4.506374	6.320971	5.385152
4.870483	4.610268	5.722377	5.607075	3.803228	4.406253	5.22849	5.183523	4.992731	5.07197
5.219753	5.15199	4.664151	4.123546	5.59651	5.346143	4.928729	5.788337	5.421494	5.139507
5.540861	5.221326	5.181724	4.091985	5.028609	3.843911	4.6698	4.981936	5.248897	5.65615
4.136704	3.638761	4.726079	5.327363	5.237015	4.337294	5.041758	4.816102	5.497782	4.90563
4.721412	6.035172	4.696621	4.489725	5.562374	5.296639	5.26549	4.929142	5.230759	5.195169
5.318732	5.431164	5.737982	5.430289	3.823241	5.191279	5.585018	5.079123	5.059679	5.60638
4.637438	5.384866	4.727602	5.322684	5.26018	5.15358	4.272449	5.259555	5.604595	5.059515
5.203346	4.58515	5.348003	5.366957	5.597558	5.522896	4.811571	4.727631	4.357911	4.322438
4.795936	5.029879	4.70409	4.226525	4.546861	4.708939	5.068605	5.365808	4.603683	5.51807
6.133563	4.723376	5.536697	5.024726	4.770839	6.037569	5.475138	5.582271	5.831849	5.169259
3.86699	4.590727	3.996539	4.495522	4.890833	5.40735	6.03169	5.623216	5.412424	5.52715
5.087204	6.469496	4.91211	5.14814	5.072849	5.582249	4.121961	4.290282	5.077168	4.558689
5.579076	4.955829	4.406117	4.891654	6.20004	4.605919	4.827145	5.643773	4.940827	4.956567
4.858685	5.08938	4.026696	4.585334	5.032375	4.900849	4.619549	5.075031	4.16587	4.750405
6.009363	5.12222	5.672938	5.266655	4.847865	5.063016	4.429816	5.079047	5.185516	4.70854
5.550235	5.315927	5.206642	4.280281	5.36168	5.296176	4.135392	5.854548	4.507807	4.108091
4.999022	5.203251	5.529572	5.142437	6.03561	4.481268	5.320188	5.022271	4.83498	5.693763
5.220031	4.711533	5.481063	4.490309	5.284484	5.297098	4.626335	4.395478	4.355366	5.453577
4.951399	5.036607	4.160475	4.602268	5.557579	4.384486	5.577912	4.559645	4.471684	5.348843
4.729465	4.823936	5.374482	4.222533	5.112216	5.094895	4.674325	5.20125	4.79621	5.232858
6.018607	5.264814	4.872389	5.394388	4.133241	5.044072	5.393382	4.800297	5.813134	5.123704
5.977108	4.795863	5.885788	5.245866	5.198801	5.217292	5.752169	4.635162	4.15009	4.983853
4.82833	6.187723	5.649159	5.202874	4.663399	3.945677	5.212207	4.993282	4.664008	5.916703
5.441797	5.32287	5.060752	4.368232	4.421083	5.119084	5.377025	5.270111	5.389738	4.625345
4.61256	5.186036	5.125927	4.670959	4.718849	5.391128	5.93278	4.63536	3.854071	5.466527
5.059709	4.826347	5.235279	5.054815	5.440763	4.599596	4.557927	6.190246	5.178725	4.692559
5.893462	5.874868	4.675609	4.504919	5.170475	4.913904	5.27607	4.726086	5.515077	4.295937
4.544893	4.530406	4.718231	4.360102	5.731106	5.700689	5.168869	4.947444	4.452537	4.761112
4.62382	4.846347	4.282766	4.400215	4.700163	4.42101	4.501817	4.745706	4.151165	5.49475
5.069474	5.867964	4.810693	4.95369	5.557861	4.074532	4.541679	4.974017	4.664965	4.275151
5.835902	5.054989	5.186759	4.667373	5.965804	5.170378	3.917012	5.273523	4.493466	4.464454
4.669636	4.890528	4.759935	5.396764	5.509912	5.668634	5.168517	4.044241	4.416043	4.972816
4.706285	5.164004	4.497401	5.554863	5.648465	5.116797	4.396573	5.022014	5.081263	5.386348
5.420789	5.002566	4.212162	5.1291	4.841208	4.792055	5.110674	4.479057	4.185509	4.746534
4.702544	5.200117	5.345516	5.169415	5.66589	5.297038	5.429168	4.675269	5.329526	4.982495
5.30631	5.718038	5.513019	5.340136	4.841757	4.674758	3.628514	5.322781	5.971969	5.776833
5.929688	5.268734	4.416942	5.636822	5.853375	5.32493	4.429335	5.468624	4.526809	5.181372
4.837387	4.599986	5.11735	4.47481	4.38732	3.766988	5.358073	5.10796	5.209022	5.311716
4.55374	4.961467	4.888184	5.11721	5.333378	5.435325	4.836794	4.920352	5.604349	5.412578
4.642079	4.821735	5.26978	5.872172	4.476931	5.838101	6.025294	4.341651	4.243593	4.232835
4.43687	5.029531	4.709775	4.799973	4.568257	4.301631	5.381888	5.204667	3.951261	5.015042
5.098991	4.899673	4.32064	5.443383	5.04072	4.845735	4.664497	3.48072	5.91797	4.352874
4.578586	5.073362	4.108702	4.598466	4.972905	5.09051	5.497492	6.825602	5.965843	4.501564
3.250213	5.469506	4.02622	4.764463	4.981197	4.121655	4.424652	4.814106	4.979959	4.97733
4.512195	4.589896	4.814552	5.233313	5.472097	4.959801	4.744742	5.4245	5.882979	4.560349
4.656849	4.068356	4.518729	5.214968	4.917274	4.940434	3.716076	5.173763	5.23761	4.126573
4.367441	4.747156	4.853641	5.48379	5.305839	5.680768	5.848726	5.711066	5.083615	6.01343
6.370521	4.89962	5.08834	4.656191	4.139362	4.705544	4.724129	5.637352	5.08303	4.938452
4.206692	4.721021	4.498876	4.833558	4.821526	5.202105	5.509744	3.470933	5.708869	4.59409
5.236235	4.4409	5.211821	4.525464	5.172241	3.963494	5.653302	5.799819	5.506906	4.209452
4.828013	4.879741	4.49242	5.110833	4.643795	3.541122	5.314062	5.076151	6.046522	5.530375
5.769308	5.54916	4.896672	4.195034	4.891561	5.586492	4.45036	4.571169	4.819726	5.466216
3.771218	4.569248	5.855712	4.107079	4.476848	5.219534	4.81293	5.771063	4.72708	5.440329
4.956313	4.922066	4.907544	4.977349	4.488517	5.875327	4.592611	4.6017	4.65503	4.506989
4.444788	5.40211	5.248319	4.414185	4.341246	4.876384	5.66113	4.329549	4.910798	4.828414
3.788244	5.161013	5.302211	4.983193	3.734579	5.55259	5.445681	4.524386	5.10578	5.117419
4.778259	4.248236	4.534916	4.97063	4.518945	5.097024	5.83702	4.812047	5.358732	4.893591
5.15785	4.59229	5.3166	5.431285	5.716731	5.323713	4.856514	4.907726	5.091864	4.973133
4.281548	4.68595	4.418858	4.59623	4.860817	5.126154	5.125144	4.451795	5.229575	5.102909
5.598208	5.845758	4.632408	3.532561	4.678574	4.30334	4.933423	4.557254	4.059683	4.724626
4.655218	5.63587	5.019215	4.785991	4.150559	5.457093	4.847138	5.266643	5.662891	4.984139
5.785314	4.267353	4.846457	5.088402	4.996118	4.918468	4.98754	4.519554	4.72916	4.935963
4.979941	5.42819	5.602259	4.134417	4.11391	5.237943	5.697331	4.727583	4.86217	4.641865
5.358981	5.077169	5.075632	5.231186	4.684303	4.875769	4.296775	5.188524	5.921304	4.769089
4.615637	4.867259	4.301528	5.285233	4.998356	3.920715	4.705081	3.738087	5.422217	4.176198
5.017427	5.182075	4.496236	4.927925	4.339588	5.22143	4.703198	4.904445	3.924159	4.431962
5.215553	5.128063	3.977708	4.487002	4.465826	5.132135	5.201816	4.743304	4.329783	5.516384
5.909272	5.697039	5.184464	5.056765	4.21988	5.100976	4.620345	5.17873	5.435007	5.44585
5.235252	3.949097	3.888201	4.571756	5.099905	4.92694	5.273283	3.753651	4.362654	4.402776
5.438358	4.957783	5.272162	5.400413	5.319822	4.713747	5.265738	4.484722	5.024516	4.472903
5.202111	4.555474	5.312175	4.992815	4.937507	4.283344	4.253901	5.000357	4.796552	5.579003
5.689263	4.732481	5.653799	5.509692	4.465458	4.157549	6.288498	5.678045	4.838826	4.561983
6.061916	4.998887	4.987515	5.806963	4.486558	6.02425	5.468436	5.559684	4.907083	5.021977
5.064384	6.161996	5.90336	4.782965	5.620693	4.232263	4.854421	4.68765	4.850977	3.731994
4.636636	3.890345	4.631287	5.327807	4.602382	5.594051	4.984877	5.676314	5.831199	5.264546
6.367617	5.171926	3.519621	4.796187	3.742735	5.183567	4.729033	5.842172	4.903755	4.10429
