5.148246	5.863383	4.958353	4.836685	5.029212	5.015259	5.032443	5.354543	5.592318	5.613336
5.500655	6.482895	5.484096	5.513465	5.16757	5.153617	5.170801	5.477946	5.100324	4.413043
4.98463	6.176295	4.195668	4.733851	4.971389	4.957436	4.97462	5.51728	4.897488	4.52464
5.194861	5.337898	5.422975	5.382489	4.910444	4.836608	5.116325	4.268642	5.026073	4.578691
5.195012	5.169899	4.958624	5.842381	5.278031	4.533132	4.962471	5.367923	5.487526	5.02336
5.159699	4.734069	5.715858	5.090349	5.961522	4.902015	5.384348	4.696684	4.859442	4.363299
3.588452	6.593213	4.301111	5.139346	5.111658	4.640648	4.916152	4.919254	5.36402	4.938704
5.267813	4.85901	4.595372	5.310196	4.854296	4.909359	5.300134	5.838472	4.358714	4.570379
4.541543	5.815956	5.151832	5.056081	5.307951	5.011157	4.095009	4.992634	5.355524	6.14183
4.788002	4.242782	5.469931	4.941617	4.087945	4.492103	4.959957	5.109769	5.15539	4.424706
4.703207	5.267457	5.347569	4.614645	4.107676	5.203024	5.563101	5.194047	4.708915	5.300278
5.350904	5.226744	5.681997	5.07899	4.677278	5.510553	5.430028	4.546568	3.833609	5.321115
5.694424	5.431608	4.379433	4.216747	4.747591	5.473366	4.45671	4.525374	5.789643	5.15507
5.334827	4.57699	5.430157	4.45911	4.94367	5.02413	5.904274	4.78899	5.127946	4.830417
4.235345	4.204195	5.247023	5.237976	4.942365	5.056126	5.582976	6.05014	4.564604	4.274249
6.045568	5.729221	4.817419	5.243425	4.631388	5.993242	4.319307	5.755332	5.720049	6.102271
5.627943	4.599809	4.646439	4.807544	5.235275	5.388189	5.697593	4.484513	4.486441	3.988436
5.302514	4.933064	5.311847	4.331398	4.683439	4.940819	5.304869	4.65358	4.820818	4.787141
4.510972	6.053221	6.050924	5.249714	5.079868	4.957965	3.567664	5.102617	5.56125	5.499133
4.762314	4.13671	4.779468	5.106542	5.12819	4.973247	4.308055	4.045604	4.515879	4.689236
4.742491	4.060902	4.658552	5.377247	5.156834	5.142881	5.160065	5.144701	4.710604	5.078771
4.628921	5.748024	5.508203	4.227853	5.086816	5.072863	5.090046	4.565622	4.823361	4.31908
5.353664	5.020516	4.706033	3.658415	4.752522	4.371525	4.720596	5.870196	5.780984	6.22787
4.700975	5.092309	6.159555	4.892581	5.372863	3.854618	5.064653	5.023559	5.316151	6.163908
5.188198	5.06057	4.33007	5.376804	5.002471	4.988518	5.005702	5.308818	4.703981	4.787062
4.016134	5.395595	4.980874	5.089556	5.00122	5.67479	4.370113	4.5233	5.714943	5.386125
4.924106	5.080806	4.932717	4.481728	5.756636	4.650965	4.709743	5.732461	4.889498	4.669213
5.121238	3.988686	5.3364	4.109058	4.6749	5.130862	4.738769	5.48172	4.609321	5.198126
5.292508	5.810716	4.778424	5.185982	4.790485	4.709414	5.701593	5.114599	4.314908	5.151275
4.82138	3.904642	6.283562	4.676616	5.838868	4.504828	5.166307	4.646055	5.920475	5.389987
5.135281	4.896254	4.511641	4.782911	5.120554	4.994071	5.698287	5.036359	4.824677	4.64267
4.129343	5.560027	4.985028	4.712322	4.689993	4.241673	5.118247	4.614015	5.59376	4.369956
4.308328	5.679736	4.342471	5.076695	5.003262	5.064756	6.001248	4.671099	5.81141	5.738551
5.887869	4.528847	4.249184	4.899618	4.145717	5.175772	5.929856	4.284206	4.837554	4.902342
5.972137	4.596139	5.441127	5.242345	5.085651	4.658337	5.239567	5.937944	5.024508	4.368153
4.941607	5.693428	5.122613	4.508323	4.804327	5.523292	5.041737	5.04281	4.845737	5.165303
5.191051	5.004335	5.23667	4.54736	4.974501	4.960548	4.977732	4.614486	4.537176	5.356747
4.82491	4.548768	5.014827	4.89369	4.772069	5.041201	4.881204	5.163812	5.480923	4.458154
5.119389	5.063354	5.182992	5.151473	4.941652	5.117116	4.733927	4.960259	5.992482	4.965456
4.411973	4.140204	4.893795	5.732305	5.072847	5.366257	5.72486	5.770062	4.429269	4.54484
5.548458	4.104638	3.912667	4.661565	5.007771	5.059654	4.465117	4.80312	5.223759	4.316289
5.256954	5.259736	5.521859	5.079062	4.710615	6.573472	5.260431	5.442364	4.598372	4.907287
4.677516	4.59692	5.625226	5.288095	4.876362	4.862409	4.879592	4.778509	5.551407	5.783179
4.544366	4.772155	4.130192	5.08322	5.193239	5.257254	4.884087	5.315068	4.645439	5.233475
5.13281	5.929834	5.321977	5.135718	5.049783	5.03583	5.053014	5.32897	5.467582	4.715403
4.829769	5.265705	4.499939	4.396902	5.576154	5.255804	5.001784	4.673993	5.055592	5.125548
5.045665	5.041096	5.741102	4.68778	4.286739	3.980134	4.761747	5.204504	5.416897	4.630143
5.032487	3.859076	4.876965	5.499279	4.845175	5.506287	5.400854	4.025418	4.341601	4.399224
5.64929	5.465843	5.808823	4.931826	5.528135	5.02389	4.329351	3.960655	5.37141	5.162461
4.71887	5.552946	5.11858	5.441439	4.461711	5.588256	4.960385	4.478198	4.415947	5.071156
4.17703	5.279853	5.77545	4.40415	5.077585	5.063632	5.080815	5.521639	6.118913	5.056092
6.047231	5.42944	5.497684	5.309975	4.991848	4.977895	4.995079	4.83077	4.349758	5.080936
4.700869	3.763179	4.848957	4.790938	5.540817	4.418007	5.433774	5.923311	5.831854	4.732733
4.787008	4.947959	4.757575	5.500429	4.981946	4.132691	5.503474	4.58966	5.041996	4.524736
5.405462	5.02334	5.329009	5.537391	5.294511	4.313078	5.264966	4.420742	4.968744	4.368608
5.508894	5.677666	4.848798	4.9426	4.439752	5.058334	4.039495	5.664961	5.038506	4.842472
4.832061	4.752009	4.538787	6.366347	6.397702	4.807271	5.261417	3.790846	4.848002	4.922548
5.031893	4.587614	5.602698	4.584408	4.104931	5.276366	5.419303	6.142805	6.155207	5.253782
3.548715	4.750502	4.774348	5.771268	4.784643	6.306822	5.364623	5.706117	4.973872	5.457136
5.426815	4.037404	4.470009	5.429769	4.978616	4.964663	4.981847	3.992442	5.518115	5.210544
4.897747	5.531619	5.161003	4.549665	5.680995	4.98708	4.848714	5.854013	5.515189	5.404826
5.367728	4.098623	5.930541	4.572811	5.907391	4.906829	4.370512	4.647857	4.605421	5.62344
4.516422	5.111709	5.090707	4.408842	5.038479	4.434704	4.555531	5.122899	5.357332	3.956821
4.874845	5.593813	5.681275	5.060152	4.775869	5.161668	4.665809	5.787702	4.498645	4.730704
5.318502	4.36978	5.302903	4.078306	4.767066	5.034919	5.733375	5.158365	4.632452	5.181173
4.38594	5.178871	4.773098	5.1383	5.513167	4.834115	4.841247	5.164981	5.034988	5.518046
4.615869	5.041657	3.313323	4.891103	5.325047	5.776548	5.697514	4.593165	3.294537	5.496287
4.60224	4.997105	4.34693	5.042958	5.046166	4.854288	5.122648	4.528732	5.223847	4.110265
4.326065	5.33045	5.156483	5.147974	4.766877	5.433374	5.447658	5.09966	5.134626	4.992916
5.506537	5.920702	5.882205	5.59139	5.543137	5.224536	4.330519	4.903735	5.440976	5.056307
5.981052	5.324958	4.642137	4.947897	5.319088	5.320191	4.391813	5.551774	5.662143	3.849005
5.692626	4.530658	4.559251	4.875008	5.03318	4.481307	5.278996	4.060883	5.059635	4.206592
5.89764	5.129387	4.65826	5.548012	5.123505	5.109551	5.126735	5.445163	5.099842	4.858277
5.192852	5.145362	5.731087	5.347645	5.008465	4.994512	5.011695	5.395195	5.306215	4.606188
5.712453	5.25486	5.429996	3.520655	5.6891	4.814417	6.316851	5.230158	5.019171	4.777597
5.315477	4.160304	4.300161	5.14208	5.463134	5.059982	4.665323	3.66354	4.709884	4.678327
4.275264	5.803739	5.742965	4.99993	5.231737	4.873922	5.548029	5.445329	5.832244	4.528196
4.973527	4.887293	5.291542	4.893118	6.093509	5.925895	5.601162	5.210036	5.238412	5.068913
4.474696	4.971124	5.346457	5.272048	5.226711	5.15336	5.315754	5.212106	5.546947	5.279062
5.123284	4.492793	4.507579	5.33667	4.929371	4.915418	4.932601	5.402956	4.357545	4.656448
5.303354	5.731018	5.144385	5.464453	4.793072	4.407865	5.213078	6.220923	5.432628	5.357176
5.809937	5.35014	5.10608	5.894022	4.738001	5.333329	4.448139	5.059093	5.521542	6.515305
4.272261	5.611314	5.074637	5.305571	4.351896	4.991375	4.85039	5.165137	5.288727	5.116266
5.386159	5.761996	3.650771	4.453731	4.916084	4.902131	4.919315	5.287868	4.747112	5.849597
5.00345	3.9771	5.219882	5.894105	5.230684	5.555068	5.131887	5.581521	4.802367	5.095591
5.064653	4.31483	5.451514	5.74973	4.964471	5.066865	5.641708	4.376778	4.656819	5.209507
4.652507	5.084088	6.015973	6.178937	4.796944	5.595841	6.013201	4.551134	5.920138	4.748752
5.447738	5.533106	6.629228	4.554171	5.056291	5.162082	6.039482	4.473337	4.614483	5.035207
4.263665	5.342021	4.660577	4.982199	5.342444	5.707675	5.429935	4.241261	5.267757	4.311829
5.575016	4.412035	4.66149	5.536843	5.085855	5.071902	5.089086	4.733056	4.17106	5.537801
3.096287	6.353508	4.750205	5.15226	5.055074	5.041121	5.058304	4.891342	4.825447	4.601143
5.080384	4.80757	5.037584	4.755136	5.70597	4.945342	5.291114	4.80505	4.533446	4.687394
4.780041	5.472132	5.28313	5.594816	5.040422	6.051069	4.295188	4.53256	6.076071	4.735435
5.349351	4.65204	4.774784	4.390328	5.125083	5.47791	4.90673	5.223219	5.641489	6.026671
5.382486	4.653999	6.343131	5.171759	4.842492	4.802411	5.009028	4.288981	4.474572	4.71812
4.02064	5.022963	6.28541	5.224332	5.103715	4.340146	5.496016	5.468378	5.528317	5.113985
4.112937	4.45158	3.807017	5.525587	4.340789	4.637537	4.691094	4.865341	4.849337	6.170267
5.618972	5.432662	3.995426	4.396553	4.825793	4.700332	4.670482	5.048653	4.707458	5.425062
5.524997	4.742531	4.662465	5.661981	5.66985	4.55597	5.757228	5.026788	4.779535	4.915298
4.664981	4.998236	5.013847	3.926764	5.218653	5.365477	5.762719	5.048189	4.556975	4.377609
3.816627	5.11794	5.85148	5.439169	4.605128	3.967554	4.764507	5.382855	5.189553	5.246187
5.229561	5.659113	5.06276	4.487987	5.235719	5.133383	5.298685	5.610935	5.939269	4.220487
4.642305	4.244349	4.050516	4.543181	5.257349	5.390811	5.362547	5.559521	5.257706	5.477304
4.546575	5.435683	5.626884	5.328484	5.547361	4.989283	4.898333	4.329675	5.566805	5.034808
5.225044	4.710021	5.937975	4.522712	5.025702	5.011749	5.028933	4.018308	4.899751	5.34833
4.669299	5.226305	5.889323	5.052908	4.619982	5.571588	4.704637	4.538815	4.655387	4.617294
4.736098	5.16284	5.048735	6.068423	4.58109	5.053533	4.455173	5.777332	5.067164	4.488007
4.291942	4.294222	5.940774	3.408848	5.374112	5.626078	4.444736	5.040186	5.225402	5.529838
5.619741	4.702523	4.163718	4.656834	4.90903	4.895077	4.912261	5.70327	5.935538	5.018666
4.239516	5.314229	4.698666	5.207421	5.218871	5.153308	4.841358	4.636525	4.986735	5.392917
4.082863	3.459197	4.425551	4.606875	5.158723	5.14477	5.161954	4.63565	6.122553	5.342853
5.192125	5.320701	4.620522	5.49859	5.140505	5.249471	5.436824	5.20611	3.999866	4.483922
4.52565	4.847012	5.214786	5.487288	5.055167	6.581378	5.034112	5.77915	4.184595	3.924585
5.441826	5.118174	5.108131	5.257717	4.699031	4.612431	5.463822	4.797125	5.510699	5.119736
5.344443	5.187059	4.563374	5.537272	5.871569	3.957779	5.913699	5.583083	5.729062	4.894631
3.966966	4.983935	4.435853	4.836856	5.963246	5.268113	5.029133	4.619636	5.584723	4.904036
4.226859	5.045757	5.155013	5.408302	5.787122	5.320908	4.882861	5.25595	5.389915	5.237084
5.408454	5.077362	4.526001	4.332761	5.22844	4.944889	5.674146	4.641273	4.754306	4.906358
5.505709	5.676192	5.055223	5.546134	5.149464	4.267625	4.365509	4.724998	4.700319	4.977334
5.380135	4.765998	5.415946	4.745986	5.40556	5.131043	4.998063	4.821385	5.22378	4.753699
4.730263	5.977449	6.449461	5.221838	5.589306	4.202794	3.901763	4.693785	5.511294	4.268802
4.675815	5.59398	5.853509	5.481149	4.337902	5.182603	4.28424	5.221949	5.214556	4.597397
4.836264	5.652169	5.412985	4.36324	5.969072	5.807668	4.482019	5.365324	4.04998	4.894216
5.130996	4.322752	4.908521	5.103731	4.914591	4.900638	4.917821	4.704008	5.062895	4.76067
5.579698	5.348319	4.057534	4.99406	4.920662	5.113173	4.881357	4.485585	5.816356	5.205747
4.770075	4.482395	5.684183	4.813752	4.31732	4.348906	5.696453	5.058597	4.769409	4.325917
4.420612	5.887584	4.923224	4.772656	4.995391	5.840096	4.994236	4.815842	5.68856	5.042064
5.08295	4.732875	4.823908	5.269761	4.610229	4.773064	6.626159	3.807347	4.956388	5.155719
5.328337	5.459473	4.84004	5.568163	6.15082	4.69784	4.529037	4.912096	4.757212	4.937307
5.68787	5.197148	5.306979	4.812261	5.601021	5.143024	4.828235	5.22812	5.598094	4.783966
4.497886	4.611674	4.661426	3.990571	5.222195	5.214118	5.406182	4.825219	5.082357	4.540309
4.872334	5.642057	4.708638	5.114208	6.098656	4.9271	5.531159	5.040904	5.470447	5.253551
4.57178	5.591144	5.085389	5.519036	5.727026	5.780375	4.989428	5.565327	4.797959	5.389798
5.155846	4.437031	5.18685	4.782265	5.537519	3.874523	5.01184	4.631874	4.494657	5.117126
5.388787	5.148188	4.951311	5.343803	4.971015	3.675772	5.340885	5.956322	6.209708	4.973979
4.046865	5.586863	5.138714	5.473952	4.295515	4.879438	5.317604	5.436186	5.666514	5.165753
5.141448	5.982872	4.742448	3.945025	5.442341	5.381591	5.231919	4.132951	4.842225	4.001357
4.843229	5.817369	5.647406	5.579611	4.542789	5.459942	5.706896	5.408165	5.29883	5.486299
5.050222	5.691357	5.101671	5.211704	4.162384	5.35019	4.687021	5.610844	4.997079	4.621679
4.218779	5.07202	5.559015	5.492521	4.300796	5.232972	6.058166	5.072928	4.994365	5.395124
3.825095	5.614613	5.557992	5.470409	4.856528	5.268277	6.116087	5.282329	4.811448	5.061722
5.38911	4.558933	6.322139	5.0094	4.415108	5.147671	4.993725	5.84354	4.674104	5.862136
5.352587	4.497218	4.378139	4.509936	4.915964	5.303225	5.151474	4.973472	4.712199	4.65685
5.151842	4.751446	5.169671	4.951378	5.130197	4.758523	5.125503	4.18902	5.635509	5.17231
5.289695	5.755988	4.646235	5.46704	5.06741	3.504664	5.026257	5.598102	6.497866	4.564489
6.527084	4.614442	5.431819	4.061741	5.442267	5.664282	5.398994	5.061252	4.544206	4.94925
5.348391	4.337819	5.20247	6.68183	4.400079	4.466969	5.304274	5.138012	5.338024	5.174067
5.107739	4.572016	5.045696	4.586607	5.505436	4.176908	5.231893	5.034516	4.695251	4.660295
4.39695	4.601956	4.727401	5.432601	4.658427	4.936236	5.345597	5.76702	4.774929	5.395137
5.028677	5.382538	5.978374	5.274333	5.478402	4.356771	4.349487	4.797119	4.208007	5.24033
6.336078	3.809465	6.154697	5.826894	4.410954	4.969095	4.378191	4.984196	4.456166	4.476372
5.414395	4.491888	4.385176	5.368414	4.405286	4.405295	4.459222	4.818216	4.807799	5.318042
4.928728	4.904266	4.630706	4.879329	4.979421	4.965468	4.982652	4.138381	3.840886	4.686979
5.660412	5.950283	5.375986	5.03659	4.57653	5.040763	5.244097	4.720879	4.685507	4.538532
5.621959	5.068418	5.692315	5.607407	4.932415	4.918462	4.935646	5.142491	5.819348	5.551384
4.442235	5.685216	4.636026	5.540475	4.298152	5.704676	4.642382	4.423625	4.102718	4.673889
5.280413	5.180367	4.304127	5.493743	4.884557	5.526874	5.26452	4.546111	5.501961	5.216763
5.830182	3.880343	4.315028	4.880534	4.836923	5.823239	5.174515	5.793316	6.520834	4.272015
4.328531	3.563659	5.429395	4.931777	4.207593	5.832423	3.923043	3.753838	4.656782	4.810046
5.298965	3.672495	4.94328	6.615395	4.350052	4.233898	5.061294	6.279129	5.304347	4.575348
5.583146	3.284614	5.345522	5.307965	4.38983	4.627203	4.642087	5.094756	5.553564	5.535044
5.056252	5.206791	5.389666	4.685475	5.48964	4.454348	4.873683	5.337273	4.391901	4.608268
5.925682	3.783371	4.976878	4.278481	5.227142	5.322269	3.527693	4.248531	4.665281	5.493521
5.656117	4.971844	5.110722	4.662124	4.97573	4.961777	4.978961	5.24542	5.337465	5.321272
4.702288	5.652605	6.333193	5.18378	5.181476	5.167522	5.184706	4.774468	5.28362	5.035942
4.635768	4.708173	5.060185	4.924099	4.891553	4.928847	6.16493	4.871356	4.404216	5.19026
5.106951	5.240925	4.296726	5.263659	4.977679	4.533395	5.363905	5.095558	4.647092	5.316225
4.684317	6.006252	4.893435	4.686549	4.650981	4.735174	4.60174	4.858035	5.107868	5.400105
5.780643	4.606502	5.489413	3.870945	4.68542	4.017647	4.299072	4.681013	5.218112	4.712738
4.963843	4.656231	5.237685	4.673122	5.175994	6.040148	4.469933	5.381755	4.783136	4.265312
4.912099	5.490829	4.879583	5.106792	5.09181	5.077857	5.095041	4.910147	4.762918	4.861138
4.963556	5.554947	4.299241	4.148901	4.96274	5.731217	5.109093	4.037246	4.623454	4.663382
5.143396	5.53799	5.809055	4.499913	5.289027	4.675991	5.548087	5.407128	4.336788	5.676419
6.318897	5.561981	4.823563	5.729104	6.566735	5.401598	4.69628	5.596474	4.689767	6.00091
4.59194	5.099276	5.057817	5.657099	4.899627	4.748407	5.100859	5.060587	4.405762	4.909513
5.16313	4.655851	4.82793	4.527071	4.487849	4.850202	4.22379	4.860385	5.33423	5.795708
4.944858	5.501033	5.322878	4.816134	5.035143	5.02119	5.038373	4.684664	5.141615	5.642147
4.171545	4.042986	4.452892	4.70275	5.558762	5.09259	3.787832	4.74086	4.50238	5.262782
5.269089	5.100018	4.579825	4.475054	4.888941	4.537557	5.292021	4.239763	6.228332	4.91833
4.472688	5.145331	5.174832	4.991777	5.048688	5.210305	5.406613	4.543602	4.53877	6.394879
4.539175	4.888412	5.485304	5.739581	5.309897	6.188107	5.479651	4.860674	5.544277	4.90677
3.012413	6.020503	5.129504	4.786005	5.476599	5.366197	4.06317	5.484194	4.455062	5.122373
5.477859	5.463077	4.438597	4.950247	4.781677	4.115034	4.702002	4.830802	4.489951	5.32302
4.718535	5.664987	4.422611	4.423698	5.881077	4.531202	5.322747	4.571208	4.602702	5.138987
5.63712	4.932965	4.341983	4.436019	5.085977	5.095133	5.512678	4.999314	4.00486	4.536157
5.851794	4.990755	5.80295	5.361772	5.06636	5.052407	5.069591	4.598043	5.075297	4.297061
4.91463	5.063296	5.345785	5.074909	4.939702	4.925748	4.942932	5.279782	5.001806	5.406378
5.997578	4.679247	5.172451	5.576744	5.112773	5.266006	3.774952	4.893351	5.539526	4.487965
4.464198	4.927826	5.394443	5.54102	5.091527	4.538261	4.775551	5.535888	4.665458	5.638604
4.875536	5.702783	4.707358	5.031973	5.500622	4.5218	5.427591	6.011547	5.221673	5.501369
5.24665	5.977836	4.761333	4.638237	3.781497	5.076599	5.881529	5.89939	4.652394	5.67805
4.439749	4.748485	5.371044	4.419448	5.032432	5.664194	5.888032	5.432732	5.11812	6.195366
3.518979	5.0305	5.020098	5.487036	5.55614	5.104028	4.227173	5.181167	4.706846	5.426128
5.397769	6.0921	4.588234	5.968315	5.178755	4.601001	5.351024	5.129043	5.521705	5.225157
4.896973	5.740624	4.05735	5.533712	5.50655	4.900598	4.077526	4.482287	6.38373	4.696778
4.538573	4.439844	4.548213	3.870695	4.273432	4.699927	5.092789	5.378013	4.300785	5.45884
5.722469	5.450459	4.930117	4.582349	4.982875	4.198755	5.166534	5.274699	4.832683	4.913616
4.753629	5.969354	4.609531	5.11547	5.202057	5.413398	6.082798	4.472794	4.518443	6.11083
5.301641	5.629434	5.810269	3.949699	4.868241	5.36694	5.036744	4.882639	4.649855	3.624499
5.152677	4.846081	5.501045	3.485445	5.163727	5.101626	4.345821	4.379105	5.820844	5.054827
