4.885311	5.167094	5.239155	6.646357	5.121334	4.981314	5.510296	5.310622	4.857407	4.378226
6.009829	5.856017	5.818056	5.081509	5.142099	4.629093	4.814418	4.640664	4.856404	5.737203
5.204463	5.607615	4.480172	5.050035	5.038425	5.33875	5.166639	5.05153	4.442029	5.294003
5.465466	5.656673	5.097486	4.681298	5.123451	5.398029	4.816021	4.379802	5.338347	4.888721
6.136065	4.705281	5.167871	4.973545	4.938297	5.406566	4.943496	4.625878	5.122246	5.481375
4.887127	4.901597	5.685202	5.427307	5.447805	5.350703	4.385563	4.342812	5.059423	4.872863
4.296872	4.904966	4.754752	4.316774	5.460694	4.752446	4.858932	4.532976	5.171614	4.149136
4.825266	4.674538	4.970768	5.396603	4.798081	5.114256	4.405687	4.349484	5.436897	5.023015
5.026955	5.529872	5.415417	5.221735	5.570245	5.15234	4.729772	5.342407	5.144243	4.49865
4.965302	5.411595	4.878058	4.875587	4.501767	5.46079	4.990434	4.527513	4.881977	4.901299
3.902587	6.106192	4.824004	4.943605	5.062617	4.448403	4.512188	4.131572	5.125161	5.38711
4.843919	4.822807	4.10685	5.884998	4.266908	4.080617	4.614973	4.776156	5.424979	3.542125
5.083109	3.941246	5.061516	5.059044	4.281304	5.065377	4.468118	4.805694	5.065434	4.962921
3.984848	4.926297	4.465527	5.317094	4.388883	4.571738	5.024789	3.498801	4.871248	4.878841
4.283714	4.649219	5.571767	5.018167	5.570959	4.97815	4.05875	5.301319	4.431974	4.318262
4.740643	5.900188	4.20089	5.090855	5.222591	4.413689	4.943699	4.981398	4.344217	5.149954
3.567928	4.688642	3.987837	5.425915	5.504675	4.914598	5.737592	5.885637	6.377077	3.384984
3.381205	5.107758	4.739336	5.301078	3.928539	5.885704	4.868302	5.336079	5.054182	4.099713
4.378537	5.382218	4.523175	4.755021	6.06214	4.743112	5.094106	5.147213	4.862148	5.99091
4.75029	5.057913	4.510087	5.059968	5.712459	5.530487	4.509191	4.746921	5.418006	4.665778
6.158585	4.709976	5.723855	4.825816	5.746391	5.171565	4.813868	5.421691	5.25438	4.107361
5.003674	5.236332	5.089421	5.225908	5.400939	4.636092	5.619809	4.07034	4.928245	4.750494
4.194971	4.851275	3.866321	5.003608	4.185767	4.295801	4.643788	5.246651	5.00757	4.729166
4.720501	4.452812	4.894297	5.789468	5.099167	5.063453	4.086162	5.552459	5.009908	4.19122
5.732548	4.03667	6.667448	4.847543	6.013373	4.387492	5.041387	5.993538	5.317771	4.495553
4.507059	4.603002	6.026146	4.978126	4.430708	4.951648	5.125956	6.400253	5.228833	5.405035
5.29876	4.857056	5.032124	4.854416	4.598374	4.773255	5.281613	5.231533	5.545314	5.915672
3.82117	4.151753	5.068596	5.066124	4.781905	4.727171	6.108101	5.511836	5.072515	4.973384
5.919043	4.078645	5.048972	5.385974	4.586749	5.759346	4.896035	5.112784	6.094423	5.243069
5.197943	5.14396	4.875323	5.509182	4.822261	4.758126	3.885951	4.84948	5.178573	5.505232
4.860569	5.291059	4.857187	5.139321	5.417032	4.61587	5.442304	5.506313	4.57249	3.834291
5.487352	5.123803	5.543131	5.414991	4.931905	4.413327	3.816161	4.147627	5.572349	4.931466
5.203194	4.195577	4.249405	4.223321	5.423362	5.341207	4.863482	3.901203	4.510835	5.247282
5.134378	4.691009	5.075458	5.072986	5.063717	4.973684	5.233078	5.174927	5.079376	3.959506
5.312522	4.712625	5.078017	5.075546	5.593617	5.182317	4.502024	4.866856	5.081936	4.885714
5.16692	5.055306	5.664259	5.615818	5.704218	5.275923	5.172703	5.523036	5.046165	4.901035
5.095514	4.94089	5.072344	4.646595	5.237749	5.592502	4.359567	4.687087	4.751881	4.8436
4.064781	5.119448	4.949417	4.946945	5.619925	4.853791	5.969485	4.499086	4.953335	5.107605
4.625386	5.339561	6.174262	4.753163	5.473577	5.374342	5.382312	4.513825	4.907785	4.502692
5.355092	4.619905	3.696641	5.824923	4.997631	5.069488	5.866181	5.044778	4.525767	4.564735
4.358789	5.39882	4.33603	4.761335	5.713066	5.862564	4.572496	5.301006	4.935884	5.747149
5.231858	5.156826	4.929308	4.4076	5.828662	4.682232	4.438079	4.764583	5.205927	5.7837
4.523234	4.342162	5.733291	5.12513	5.064801	4.330974	5.270042	4.322436	4.833175	4.244106
4.311034	4.551935	3.513943	4.282787	3.738052	4.118633	5.955906	5.894745	5.307469	5.132214
4.605462	4.273486	5.428376	5.937033	4.78975	4.211522	4.570964	4.98378	5.368066	4.534907
5.02316	5.702396	5.082047	4.785098	5.044986	5.299717	4.465501	4.486561	4.895378	4.933648
4.352765	5.066596	5.111722	4.984611	5.141023	5.553268	5.314005	4.549983	4.095505	4.434539
4.423533	5.178823	6.060039	5.173112	4.513929	5.039251	5.004547	4.788227	4.922553	4.569708
5.044093	4.769254	4.981549	4.979078	5.632644	5.199812	4.6368	4.709638	4.985468	3.747707
4.34753	5.38054	4.112225	5.021151	5.346541	4.858829	5.443196	4.471818	5.287628	4.458668
5.46122	5.886564	3.520459	5.403524	4.802436	3.675031	5.464483	5.376604	4.397197	5.109573
4.623389	4.13782	5.860406	4.600667	5.327056	5.509969	4.241101	5.083454	5.135388	4.683524
4.738433	5.045401	4.386158	5.190338	5.114684	4.94955	4.258653	6.0349	4.86593	4.55908
4.271232	5.166096	5.192098	5.201218	5.384973	5.265506	3.915258	4.62549	5.544903	4.491733
5.03466	4.967432	5.054438	5.051967	4.430296	4.605674	4.974235	5.092495	5.058357	5.222669
5.312839	4.29859	5.530315	4.923657	4.731234	4.57838	4.613796	5.563331	6.247037	4.744046
5.907336	4.79107	4.538047	5.554051	4.390385	4.755633	5.750279	4.711668	4.83829	4.875159
4.807792	4.384973	5.055422	5.052951	4.956731	4.679786	5.151141	4.800168	5.059341	4.85722
4.46081	4.986255	4.334049	4.934172	5.212538	5.28563	4.724523	5.25774	4.860063	4.709083
5.046542	4.586606	5.526594	4.833869	5.659802	4.687769	5.61014	3.925249	5.341643	5.563593
5.069952	4.906777	5.607772	4.292282	5.139088	5.63305	4.693024	5.476502	3.995	5.597664
5.254185	4.232365	5.803841	5.125373	5.040874	4.837378	4.515403	4.612526	4.981536	4.398757
4.751485	4.396772	5.214512	4.233589	4.482447	5.060957	5.217988	5.252531	4.569222	5.485492
4.87552	5.24916	5.69889	5.617118	5.497851	5.099269	5.352792	4.737843	5.103856	4.738859
5.000277	5.059304	5.133913	5.131442	4.193027	5.334015	4.916862	4.6252	5.137832	4.642851
5.588914	4.719835	4.543551	5.129283	5.286273	4.561726	5.058444	4.639604	5.221463	5.596683
3.994591	5.29642	5.319419	4.886094	4.168754	5.104312	5.703621	5.153091	5.287733	4.961563
5.062295	5.289092	5.315465	5.683736	5.315329	4.428052	5.09942	5.249928	4.117081	5.161495
6.18782	3.796766	4.26042	5.118707	4.416666	4.763844	4.650712	5.740319	5.081421	5.050825
4.647252	4.925198	4.744704	5.913988	4.956686	4.944287	5.200198	4.688332	5.449185	5.129578
4.10753	5.962335	4.982609	4.844143	4.590549	4.989577	5.334379	5.079063	4.767152	4.948755
4.884308	5.571393	4.722105	5.496708	4.041453	5.73317	5.394945	4.168785	5.488963	5.375035
4.984985	5.174918	5.229049	4.031346	5.745001	5.440544	4.980584	4.109903	6.068098	5.031926
3.933457	5.221606	4.994003	5.887344	3.610644	4.773715	4.544089	4.592322	5.207723	5.032579
3.720074	4.607533	5.824296	5.456222	5.389761	5.766716	4.94983	5.151873	5.863614	5.568886
4.265902	5.223364	5.075572	5.073101	4.997592	4.768919	5.562824	5.93001	5.079491	4.639578
4.645344	4.272546	4.974093	4.971622	4.495491	5.052475	5.9355	4.709535	4.978012	4.51654
4.594646	5.375278	5.267469	3.700047	4.50714	5.256917	4.937202	5.630919	5.187601	4.805654
4.921111	5.654516	5.728458	4.424955	4.81525	4.85563	5.32768	4.798853	4.472417	5.389199
5.133529	5.493486	5.246652	5.357089	4.470541	4.714566	5.164346	4.668947	5.413887	4.346554
5.04831	4.389899	4.726179	5.217387	4.810182	5.293048	3.792007	5.241789	5.302006	4.55254
5.138663	5.486574	5.039629	5.495276	5.151258	5.451665	4.72754	4.409835	5.182146	5.144231
4.720918	3.474338	5.331885	4.340034	4.637094	5.029809	4.498738	5.491079	6.07364	4.501476
6.103644	3.92276	5.363245	4.707631	5.357322	4.730343	4.63058	4.348571	4.240865	5.258787
4.858327	5.24866	5.214216	3.960663	4.6526	3.632473	4.068168	5.592916	5.7887	4.463821
4.363124	4.081515	4.175193	4.579479	5.051166	4.168539	4.714186	5.029555	4.414212	4.404233
5.638433	3.534832	4.931509	5.3299	5.279301	5.26607	4.937693	4.641424	5.435079	5.186392
5.260049	4.565169	4.928875	4.927114	4.96397	5.153611	4.69357	5.402698	4.289691	5.596085
4.547861	5.931449	4.440895	6.361674	5.253355	4.001088	4.541783	5.099894	5.02907	4.594453
5.403938	4.812632	5.047552	5.098604	5.55433	4.997884	5.064417	5.278531	4.339803	5.109487
5.001003	5.905591	4.650504	4.472229	5.537468	5.440794	4.307547	4.386535	4.451196	5.085511
5.471194	5.254621	5.084334	5.081862	4.548809	4.447495	4.687516	4.564003	5.088253	4.74337
5.416345	4.220804	4.527029	5.521239	4.42066	5.288167	4.482627	4.913558	4.232244	5.272861
5.469632	4.455672	5.065936	5.319701	4.827713	5.50061	4.867666	4.715129	4.162809	4.935522
5.759129	4.606727	5.59657	4.312962	5.178834	4.456307	3.833333	5.021548	4.9919	5.015844
5.642244	5.039787	5.754044	5.080361	4.049765	5.224313	5.198166	5.382648	5.226886	5.001359
4.990824	4.617907	5.006899	5.004427	5.67707	4.858059	5.573717	4.945498	5.010818	5.433246
5.357542	5.825809	5.128336	5.612954	4.499728	5.310844	5.127508	4.747869	5.374692	5.128023
5.039202	6.024766	4.818669	5.023724	5.524722	5.910531	6.312746	5.573517	5.226995	4.284127
5.074064	5.123334	4.717805	4.647537	4.959767	4.267883	4.386767	5.184917	4.420645	4.845776
4.44703	5.32171	5.025826	5.023355	5.062922	4.854768	5.64711	5.563704	5.029745	4.905149
4.189334	5.182997	4.255068	4.643364	6.156833	4.720402	4.728856	3.87099	4.651946	4.673049
5.141788	4.68383	4.712608	5.249625	4.006886	5.300964	5.318806	5.563553	4.58534	5.525793
5.460213	5.682486	5.452328	3.749166	4.822245	4.78304	5.047475	4.805769	4.521688	4.208131
4.981848	4.675454	5.124248	4.440049	4.488332	4.88773	4.94371	6.19556	4.294884	3.654304
5.127192	5.391778	5.731364	4.729838	5.07556	5.163023	5.395549	5.292133	5.393666	4.213987
4.613591	3.70782	4.808636	5.158704	4.728335	4.816612	4.848865	4.150323	5.287651	4.266768
4.674755	5.746301	4.38546	5.299781	4.061111	4.41473	4.703468	5.018827	4.930578	4.106111
4.796748	4.845205	4.953601	4.421632	4.841249	4.795113	5.309865	5.61317	4.482492	5.56454
4.593633	4.268455	4.981351	5.338983	4.617633	5.064109	4.576887	4.298662	5.889072	5.725042
4.599847	5.035011	4.406733	6.092041	5.510086	5.486852	4.482473	4.86809	5.006148	4.104049
4.618423	4.897799	4.972368	5.502422	5.619435	5.39356	4.84641	5.218844	4.997493	5.380524
5.157104	5.495208	4.473489	4.682197	5.069363	5.676877	4.956545	5.130438	5.105965	5.27898
4.811648	4.88146	5.996119	5.86614	4.540709	5.34086	5.006355	4.384344	4.8844	4.741247
4.071457	4.499167	4.75341	5.132456	4.312607	5.276895	4.487401	5.691713	4.00718	5.258457
4.86489	4.972621	4.767468	5.036834	3.391538	5.279283	4.565103	4.359622	5.647482	5.525603
4.719356	5.7906	4.7598	4.757329	5.23839	4.022366	5.479278	6.135426	4.763719	4.440314
5.585126	5.752901	5.460766	4.693007	5.374893	5.79867	4.245304	5.014906	5.086569	5.055425
4.97056	6.45877	4.911007	4.908535	4.771466	5.263069	5.336339	5.359165	4.914926	4.383184
6.029949	5.291364	5.002315	4.999844	4.318644	4.901551	5.496954	4.710975	5.006234	5.493502
4.468555	4.839051	4.704426	5.382855	4.841188	5.637041	4.716388	4.414479	5.485951	5.483978
4.497322	5.403158	4.871318	4.832401	4.721035	4.911824	3.984929	5.325659	4.74072	4.800436
6.060128	5.24571	4.388952	3.835533	4.515206	4.040737	5.135592	5.168951	3.810521	4.498791
4.936258	4.716815	5.562218	5.576662	4.965277	5.264994	4.472303	4.966136	4.412269	4.088878
4.659302	5.25849	5.356822	5.073596	5.747176	5.021504	5.218818	4.681325	5.322785	5.760038
4.358254	4.494904	4.945805	4.943334	5.259157	5.757596	4.76409	4.675992	4.949724	3.841367
5.137695	4.991317	5.079975	4.399447	4.527614	4.738074	5.366698	5.657064	3.691952	4.740157
5.243572	4.5527	5.18899	5.368202	5.04663	4.154079	5.831282	4.419076	5.25364	5.286222
5.237022	5.119673	4.386937	4.269372	5.395351	4.709754	5.819084	4.97484	5.344729	6.14556
4.445422	5.059816	5.234012	4.798388	4.869186	4.292661	4.39633	4.286794	4.520545	4.001151
4.965029	4.511752	5.058169	5.055698	4.583716	5.220199	5.786	5.687534	5.062088	5.305964
5.517867	5.255411	4.435015	4.892294	4.735772	5.460977	5.108706	4.354003	5.222034	5.150432
5.607538	5.985801	5.015634	5.013163	5.267897	4.408623	4.834459	5.84968	5.019553	5.477395
4.458664	6.062029	4.828506	5.120075	4.049139	4.996531	4.611342	5.102687	4.557319	5.089824
4.449829	5.169564	4.976871	4.974399	5.173768	4.442601	5.7156	5.626182	4.980789	4.284303
5.400718	4.450936	5.849669	4.434795	4.910676	5.182112	5.565147	4.642205	5.400738	5.548425
5.327584	5.030744	5.344596	3.977802	5.178503	5.377605	4.929209	5.23791	6.265949	5.048642
3.912098	4.254327	5.01483	5.121714	4.849888	4.948521	4.465839	4.975313	5.478053	4.90611
4.612277	4.102774	4.597651	5.123879	4.54025	5.927832	3.599249	4.219163	5.27033	4.952072
4.872976	5.226953	5.014069	5.011598	4.696609	5.638924	5.566353	5.161977	5.017988	4.7703
5.455059	3.580578	4.730648	5.5812	5.212928	4.827837	5.509122	5.412607	5.599469	4.506811
5.721437	5.53041	5.08905	5.143645	5.382216	4.726739	5.702889	4.999348	4.638105	5.065855
5.061314	6.047968	5.136496	4.282232	5.082479	4.975389	6.3116	5.083899	4.735683	5.101949
3.820482	5.906726	5.287352	5.36986	5.718568	5.543505	5.164865	5.313918	5.156671	4.345261
4.625975	5.292215	4.182711	4.652074	5.224441	4.779695	3.839962	5.186796	4.415833	4.620146
4.270545	5.467351	5.188459	4.999164	5.72226	4.315696	5.11511	5.388843	5.513478	6.040545
4.401804	6.108832	5.359284	5.692946	5.451392	4.613821	4.755629	4.689441	5.271512	4.462947
4.65787	4.591733	3.341329	4.686105	5.364079	5.645293	4.274847	4.700459	4.838927	4.894522
4.861241	4.988936	5.280765	5.087772	4.750449	4.418079	4.429356	3.667051	4.608218	5.235984
4.918126	5.180093	5.66426	4.676269	3.831209	5.327652	4.716548	5.520638	5.255398	4.546059
4.291982	4.671609	4.498487	4.91968	4.66558	4.218138	5.625066	5.251536	4.888513	5.054609
3.923905	5.031774	5.200905	4.307031	4.612165	4.696442	6.07715	5.211581	5.2237	5.790822
4.645213	4.819138	5.217901	5.276614	4.82268	4.450331	5.502008	4.674909	4.558335	5.592211
5.150865	4.707284	4.3873	4.492918	5.187411	4.732693	5.011691	4.874992	5.336434	4.944921
4.454301	3.899783	4.810142	4.626093	5.219144	5.877476	4.533941	4.57305	4.892945	5.314267
5.241486	5.363194	5.059444	5.056973	5.096894	5.265452	4.886405	4.978775	5.063363	5.287465
5.036147	4.705933	5.115395	5.331579	5.090156	4.864111	4.037	5.576471	4.366148	4.612413
5.092576	5.40554	5.045387	4.832356	4.796676	5.419492	5.372115	4.986351	5.925912	4.686121
4.510806	4.732059	5.933918	4.866429	4.826471	4.768596	4.709736	4.969707	4.684058	5.031456
5.322053	5.09771	4.767013	5.023801	4.613398	4.628502	4.991343	5.612644	5.255501	4.282098
5.516881	4.768622	5.150619	5.247715	4.780866	4.603469	4.592429	4.705493	5.222784	4.903712
4.886361	6.027744	4.498085	4.512138	5.206433	5.254601	5.047156	4.83484	4.378616	4.237533
4.072133	5.607516	4.796383	4.793911	5.064912	5.730536	5.000797	5.39495	4.800302	5.402899
4.784859	5.820426	5.166232	4.163618	5.077791	5.10623	5.134542	4.712147	5.135222	5.221422
4.586978	5.396035	4.671014	6.444895	5.322094	5.355317	5.29578	5.815626	5.07766	3.708175
4.646727	6.143924	4.988022	4.98555	4.561509	4.448027	4.892555	5.825117	4.99194	5.201319
5.68059	4.558349	5.102636	5.317924	5.323706	4.229144	5.423301	4.642715	5.005308	4.733162
5.840834	5.086433	4.988702	4.503048	3.997921	5.117917	5.300849	5.590136	4.685503	5.480431
4.565327	5.077509	4.920915	4.386074	4.125588	6.101797	4.261675	5.733042	5.440857	4.408115
5.471959	4.923363	5.016342	5.013871	5.786993	4.517799	5.066061	4.800206	5.020261	5.70246
5.647032	6.203312	4.602684	4.161685	5.086152	5.138424	5.451383	5.676115	5.316308	4.722725
4.863421	5.12578	5.010002	4.751262	5.02281	4.736684	4.020886	5.419657	5.954592	5.301472
4.277816	5.134451	5.662931	4.97963	6.114182	4.384784	4.885489	4.015326	4.874375	4.636452
5.353524	6.17704	4.999889	4.997417	4.184991	4.985993	4.986013	4.422429	5.003808	4.999444
4.643778	3.426759	4.644727	5.056825	4.531475	4.377085	4.470611	4.894245	5.276099	5.665446
4.881967	5.34948	4.346764	4.414018	5.178692	4.527684	3.720228	4.973023	5.570049	5.355527
4.642525	5.831786	4.343375	5.441496	4.736393	4.292236	4.849066	5.01556	5.412163	5.383942
4.571625	5.283213	4.567283	5.207713	5.189995	4.786403	4.821642	5.338701	5.198652	4.897214
3.302757	4.046559	5.154981	4.883505	5.527099	4.526692	5.779693	6.561622	4.610608	5.313847
3.80382	5.225168	5.195531	5.200461	4.714419	5.379292	5.177388	4.609859	5.163229	4.64662
4.733785	4.80821	5.459991	5.06545	4.807761	5.172241	5.374034	5.112382	4.773546	4.884911
5.208968	4.497128	4.361811	4.905371	4.852518	5.402565	5.895586	5.588167	5.064912	4.273202
4.99521	5.049975	5.884662	5.660109	5.40747	5.238255	5.684083	4.690156	4.960308	5.557547
4.449598	5.47677	5.745581	5.590737	6.796815	5.342079	4.387105	4.848031	6.120238	4.475502
5.182461	4.813025	4.585413	5.079292	4.764802	5.353473	5.126866	5.224576	4.988899	5.474704
5.476142	5.174599	5.509537	3.995592	5.374202	4.273707	6.116113	5.142241	4.841418	5.3729
4.709124	5.192216	4.776868	4.634974	4.50413	6.040416	5.944188	5.395588	4.90972	5.034106
5.728618	4.868802	4.769464	4.184834	4.660624	4.938938	4.166632	4.777252	5.435992	4.664914
4.250081	5.500123	4.951639	4.949167	5.318909	5.37445	4.751869	5.489382	4.955557	5.227915
4.994034	5.431126	5.785491	5.802467	4.762286	4.828644	4.816497	5.887105	5.619738	5.552456
6.194443	4.480506	5.094364	5.34543	5.09859	4.534674	6.048694	5.099481	5.578386	4.883854
4.067247	5.373082	4.961286	4.958815	5.865439	5.582746	5.786557	5.078038	4.965205	5.405746
4.599296	5.07153	4.842309	4.639889	4.099962	4.646921	4.758861	4.37946	5.551498	5.417284
5.380795	4.615609	5.134425	5.603979	5.571241	5.877807	4.559302	4.840426	5.649722	5.253774
5.183113	5.298754	5.055802	5.345981	6.247552	5.672365	5.272512	5.804698	5.092192	5.342352
4.856168	6.058607	4.691061	5.761607	5.617345	4.658853	4.929701	4.716948	4.807796	5.45997
4.014243	5.103159	5.713435	3.428463	4.383745	4.769846	4.879583	4.744718	4.522767	3.654184
4.7098	4.233805	4.592773	5.594442	4.393344	5.289598	5.801881	4.806156	6.030877	4.532822
3.945526	4.884847	5.738475	5.688374	5.45298	5.234285	4.972788	4.939317	4.591293	5.653347
5.059399	3.594733	4.585703	4.64387	5.405756	4.980539	4.674154	5.248861	4.951383	4.948425
