5.311211	5.128909	6.11193	3.686963	5.057024	5.940589	5.077277	4.380791	5.709154	5.333549
5.423696	5.891078	5.045337	4.694725	4.860223	5.274576	4.678612	4.440827	5.586637	4.184086
4.661277	4.549635	5.236671	5.095216	5.309319	5.246713	5.166691	5.375448	4.454731	4.545825
4.880591	4.71967	4.301633	4.830402	5.965461	5.632262	4.830626	3.996491	5.469333	4.789312
5.72519	5.844441	4.804534	5.246815	4.695119	4.968943	4.304958	6.264763	5.642235	4.205832
5.493364	5.476912	4.86897	4.551146	5.502323	3.875099	5.374514	5.097593	4.231063	4.032959
5.863622	4.932827	5.897517	5.164257	5.102971	5.204273	4.718767	4.460071	4.912735	5.302636
6.156106	5.735825	5.873528	5.190485	5.17358	5.560817	5.48239	4.871906	5.521107	3.952673
4.809895	4.792202	5.209421	4.586221	4.899734	4.308322	4.838607	4.604837	4.908398	5.041676
5.652859	4.931457	5.711083	4.390764	4.344493	5.862778	5.321259	6.278898	5.81523	4.920784
4.125515	5.607633	4.944833	5.364531	5.849274	6.033442	5.232796	5.534604	5.07881	5.133037
5.840079	5.054387	6.030164	4.907822	4.814384	4.482798	5.266961	5.330832	4.609109	5.08391
4.938899	4.950777	4.556005	4.878384	4.640921	4.998276	4.684383	5.797968	4.02576	5.559905
4.357788	5.173279	4.981622	4.696413	5.01057	5.030184	5.920683	4.528694	5.579276	5.246715
4.662386	5.190485	5.371773	4.836381	5.428252	5.371848	4.572556	4.96361	5.176163	5.241748
4.644081	4.979476	4.966067	5.405407	5.622072	4.983486	5.133389	4.741961	4.694891	4.471544
4.95814	5.339772	4.226595	5.240966	5.61448	5.294903	5.421844	5.356175	4.654791	4.131905
5.241049	6.056676	4.779978	4.599091	4.22851	4.284775	5.567227	4.651766	4.477036	4.406677
5.367173	4.909881	4.448319	4.576267	4.560116	4.417893	5.310321	4.114727	5.758512	5.976788
4.162867	4.374547	5.938184	5.929973	5.632201	4.858109	4.915821	5.585035	4.846495	4.812779
4.182882	4.911862	3.408625	5.373755	4.648147	4.923778	6.224864	5.53073	5.666189	4.149527
6.02132	5.025718	4.812277	5.228767	4.533408	5.122859	4.617712	6.078712	5.048113	4.419383
5.584777	5.586714	4.514421	4.424491	5.570075	5.815663	5.593015	4.270519	4.783074	5.570758
4.522858	5.206333	4.442062	4.659934	4.904532	5.104052	4.687955	4.658592	5.971499	5.499463
6.117037	4.890642	4.323416	5.283381	5.483106	4.673275	5.558972	5.55491	5.794439	4.765687
4.67415	3.908073	4.797568	4.467301	5.766586	4.923284	5.189163	4.115792	5.850586	5.370707
4.863785	5.55119	5.262374	6.099564	4.794613	4.582352	5.154032	5.88768	5.302516	5.59319
5.03236	4.677283	4.832767	5.49686	4.819297	5.524282	4.233304	4.870224	5.49485	5.266246
4.762052	4.71744	4.539797	4.508588	4.757052	5.304613	4.410007	5.325291	5.799067	5.108748
4.204659	4.46809	4.397641	4.850139	5.066785	4.287254	5.349818	5.549771	5.137908	5.453934
5.418542	4.136734	5.82025	5.418352	5.137482	4.925076	4.439722	4.723348	4.510757	5.575176
3.826977	5.441853	4.251494	5.536414	5.578767	5.257254	4.541425	4.900388	5.305893	4.93902
6.288157	4.859623	5.386278	5.36153	4.491947	4.876057	5.039227	4.880718	5.870985	4.87647
4.92632	4.483761	4.469809	4.791957	3.753918	4.469884	4.399157	4.425318	4.541731	4.543404
6.244985	5.149673	4.000225	5.010466	4.640409	5.103677	5.309875	4.437789	5.027577	4.832019
5.438395	4.085853	5.48942	4.269112	5.699036	5.31046	5.691021	5.978104	4.240409	4.870955
5.034921	5.388709	5.645783	5.354435	4.750776	4.703681	5.128687	4.616039	4.296824	4.901431
5.94472	5.08393	5.03779	3.652018	5.219346	4.818879	5.941078	5.866344	5.348332	4.927876
5.127227	5.426863	3.972548	5.350539	5.209717	5.630952	5.286922	4.946348	4.304926	5.579396
5.969779	5.245786	5.833891	5.338186	4.629682	4.825011	4.390067	5.682492	5.750374	3.913868
5.244332	4.6834	5.357351	4.196408	5.763019	4.834847	5.676062	6.38637	4.913536	4.976923
5.673297	5.1977	5.48565	5.634302	5.58076	4.549411	6.11256	5.343483	5.063314	4.536091
4.699536	4.680373	5.104371	4.641901	4.610722	4.140343	5.003738	5.693977	4.248045	4.529378
4.189272	4.980288	5.256987	4.833342	4.076577	5.386249	5.043983	4.321612	5.412149	5.006181
5.391124	4.051284	6.705425	4.476495	4.243595	5.641792	5.046369	5.518059	5.580368	5.570287
5.576785	4.228408	5.777473	3.877078	5.189559	4.838038	5.33252	5.073667	5.275471	4.815517
4.624635	4.102557	4.559752	4.288263	5.29107	6.161795	4.353808	4.052157	3.894703	5.271835
3.875729	4.491782	4.80741	4.660041	5.211589	5.905344	5.153033	4.614969	5.165905	4.753828
5.414707	5.668402	4.284612	4.24062	3.866494	4.315257	4.604096	4.922666	5.191382	5.393202
5.434813	4.407212	4.098863	4.856186	3.989089	5.202426	5.161128	4.711336	4.767156	4.732221
5.261218	4.658562	4.705393	4.406505	5.448408	5.302544	6.631751	5.552607	4.2027	5.865414
4.890042	5.189972	5.506964	4.826828	4.721902	5.719721	5.519622	4.445674	4.241388	5.314681
4.466678	5.08865	4.824494	4.475748	5.438614	4.786195	5.454305	5.290562	5.196507	4.785061
5.814373	4.212891	5.036474	4.637901	4.918959	5.601368	5.376602	4.77909	5.138501	5.824751
3.937793	4.813104	5.967865	4.601666	4.92806	4.195253	4.600115	6.26612	5.226484	5.028749
4.917578	5.964025	5.296102	4.552883	4.218	5.912469	4.56066	5.7461	6.02693	4.645085
5.070718	4.610394	4.873463	4.986221	4.660089	4.828603	4.123216	5.195196	6.174602	5.226892
4.961555	5.850655	5.227269	4.575419	5.135339	4.809745	5.30903	4.12135	5.933914	4.826234
5.618114	4.575513	4.713082	5.199927	5.445168	5.809761	4.079727	4.729538	5.967206	4.558377
5.167	4.555727	3.841535	5.50616	5.108699	5.883533	5.350128	4.617298	5.049178	5.341547
5.268074	5.22144	5.677565	5.254063	4.89043	5.227126	5.789398	5.088308	4.95479	5.07835
5.126122	5.163405	4.670854	5.189423	4.726779	5.259317	4.576423	5.155226	4.782619	5.334085
5.625691	5.494467	4.581672	4.790495	4.701569	4.357687	5.12507	4.322067	5.483313	4.089153
4.803206	5.714258	4.867967	5.645377	5.04534	4.968925	4.895956	5.19888	5.328116	5.547905
5.227949	5.874431	4.942874	4.990343	5.227066	5.214627	5.761063	4.421836	5.238532	5.164974
4.997362	5.169216	4.435693	5.080039	4.867846	4.938011	4.263826	4.705015	4.667459	6.194919
4.783943	5.589177	4.149732	4.568054	5.441278	4.441364	5.124404	4.468523	5.093067	4.964056
5.020929	4.090941	5.49367	5.826359	4.962495	4.810665	4.676594	4.199033	5.40785	5.410633
4.543293	4.363333	6.036983	6.013181	4.861575	5.172687	5.002053	5.487362	5.244648	4.005612
4.594245	5.067082	5.018368	5.186992	4.64444	5.052894	4.497414	4.923519	4.448787	4.220164
5.045491	4.915829	5.281492	5.051967	5.216833	5.178676	4.245007	4.965998	5.266621	3.907117
3.87197	5.00519	4.558106	4.69693	5.731999	4.353741	4.175671	5.070604	4.813272	4.809093
5.281691	4.675802	5.505905	4.677603	5.177624	5.887189	4.527374	4.694581	5.201785	5.085014
5.458511	5.539925	5.155444	3.949477	5.919084	5.661326	5.529932	5.204888	4.684222	5.344223
5.193825	5.323998	4.418118	5.072305	5.279403	5.987259	4.758527	5.134178	4.470607	4.914078
3.96704	6.054926	4.605405	5.124965	4.14012	4.808291	5.133008	4.097189	5.445415	4.294479
5.300255	5.275019	4.360471	5.612066	5.466814	4.313425	4.140399	4.894826	4.084342	5.151141
4.94988	5.05007	4.378903	4.493387	4.063678	5.656111	5.392257	5.054475	4.977787	5.253991
5.093676	4.678229	4.033741	4.530266	5.320515	5.110153	5.005068	6.465799	5.583832	5.392512
4.842357	5.598913	5.027088	5.248762	5.295232	4.309634	5.735799	4.872723	4.823369	5.465048
4.422099	4.564514	4.668985	3.91814	3.813582	5.763937	5.17504	5.003866	5.126902	4.924448
5.387903	5.42334	5.308699	4.05479	4.341189	5.511641	5.207804	4.441333	5.103015	4.675341
4.567877	4.559838	5.096176	5.19234	4.356116	4.283031	4.374955	4.685764	5.089966	5.509264
4.998598	3.809985	4.668847	4.921661	4.377703	4.680266	4.885805	4.584679	6.0043	5.105025
6.226507	3.961349	3.843376	4.299396	5.207958	3.374254	5.495267	4.175059	5.83157	4.933569
5.335495	4.859123	4.267112	5.069861	4.847774	5.195286	4.620908	5.41793	5.156062	5.687621
4.87384	4.879918	4.986419	4.482685	5.174912	5.05436	4.13732	4.80146	5.231365	4.32242
4.808895	5.877604	5.196743	4.465678	4.7484	3.715488	4.608891	5.158895	4.566916	5.189883
4.580965	5.183104	5.069934	5.003895	4.46268	5.211236	5.293877	5.739223	4.268862	4.677183
4.216403	4.838152	4.408718	5.036018	5.643853	5.149592	4.805208	4.592224	4.797977	5.486834
4.983629	4.714916	5.820878	4.489664	5.352696	4.100056	4.305591	4.726036	4.540269	4.823742
4.947484	4.714506	4.63772	5.198698	4.88459	4.628726	5.48716	4.260704	5.074452	5.317198
4.899194	3.818518	4.38203	4.717451	5.437047	5.127666	5.162956	4.643304	5.364999	3.796692
5.088789	4.995568	5.339681	4.788814	3.975809	4.993746	4.612651	3.865849	5.527431	5.371221
5.080882	5.843173	4.847165	4.578797	5.364075	4.906312	4.805839	4.920372	5.1133	5.283481
4.342359	4.794319	4.49617	4.481	5.73356	4.109341	5.195563	5.206646	5.806171	4.622973
4.551505	4.346207	5.519279	4.658248	4.053766	4.172755	5.684205	4.732473	5.153327	4.649044
5.209249	5.250932	5.050286	5.035058	4.016315	5.200281	4.638258	4.871853	4.645183	5.126258
4.509729	5.501715	5.557068	4.259402	4.504965	4.764814	4.794581	5.610498	4.983989	4.510814
3.958358	4.548764	4.394096	4.840494	5.273686	4.770948	4.754274	5.942401	5.10253	5.940858
5.73561	4.723651	4.964668	5.733362	5.092038	5.385764	5.014539	5.192115	4.710359	5.133675
5.939366	5.34223	4.587808	4.847924	5.685308	6.044866	5.686205	5.242513	4.888001	5.019419
5.113974	4.604682	5.912404	5.057949	4.958981	4.651596	4.987192	5.071484	4.467181	4.856567
5.438336	5.340818	4.837358	5.363222	4.414681	4.927822	5.283039	5.583473	4.381627	4.936646
4.871171	5.052283	4.933868	4.802774	5.03034	4.960695	5.069976	5.674691	5.4905	4.98883
4.733612	5.080406	4.310067	4.283045	5.118842	5.645252	4.323978	5.483755	4.957941	6.545663
5.508819	5.123737	5.667291	5.209764	5.052457	4.545572	4.160398	5.686163	5.564908	5.750862
5.364039	6.600936	5.972569	4.759385	4.944524	4.943551	5.587271	5.167532	5.229248	4.194088
4.70856	4.353773	5.494096	5.187775	4.138417	4.937355	4.858109	4.848792	5.989072	4.39313
4.575909	4.903054	5.291975	5.828217	4.524958	4.989549	4.665847	5.695236	4.998744	4.987676
5.658552	4.058573	4.930297	4.809535	4.648814	4.917438	5.017344	5.804802	4.54325	5.865289
5.335594	5.731496	4.609921	4.88513	4.960507	4.545313	4.898733	5.215599	4.498325	4.574183
5.388015	4.277065	5.011991	4.248361	4.839532	4.796492	4.919548	5.927178	5.307285	5.046597
5.006109	4.945839	4.665751	5.125559	4.977899	5.967077	6.301147	4.614496	4.282881	3.149392
5.291318	5.616477	5.418673	4.393791	5.732579	6.298196	5.666995	4.969467	4.529506	5.441313
5.686876	4.590405	5.269648	4.444335	5.16153	5.101252	5.116807	4.672673	4.80418	4.952091
4.678882	4.841366	5.498936	6.086846	5.504182	4.730278	3.899744	5.054967	3.982689	4.945928
4.15652	4.367898	5.97191	5.213083	5.000009	5.042554	5.36912	4.715028	5.056243	5.455756
4.660187	3.998124	4.215728	3.728912	4.813601	4.377108	5.969397	4.661066	4.179798	5.055124
5.038904	5.290944	4.224783	5.775051	4.807855	5.567941	5.082948	5.321233	4.898731	4.847839
6.135622	4.889951	4.726484	4.536865	4.358372	3.928466	4.495654	4.395424	4.879551	5.020496
4.475363	4.873019	4.683195	4.214621	4.257881	4.967243	4.177301	4.269781	5.553885	4.322215
5.386348	5.730115	4.14871	5.635225	4.752716	5.168229	5.076925	4.545238	5.077612	5.307758
5.374231	6.163685	5.463258	5.414356	4.583281	4.520889	5.312641	4.156299	5.520683	5.265747
5.216038	5.84354	5.506158	4.960585	4.931322	5.243442	4.640584	4.112029	5.263026	4.757336
5.370915	5.304813	5.207432	4.501564	4.624638	4.178122	5.690789	5.805148	5.639794	4.969704
5.760805	5.484296	5.244595	4.284839	5.004303	5.121352	5.441428	5.174935	5.565815	4.418545
4.702205	5.046486	5.765933	5.338584	4.45706	4.150801	5.133613	5.018167	5.078305	5.451824
4.960522	4.494019	5.148045	5.584564	4.724352	4.745025	4.270575	4.395196	4.651023	4.093774
4.755122	4.736012	4.098372	5.352379	4.989526	4.386338	5.304184	4.795727	4.559982	4.717071
4.533678	5.145092	4.881217	5.423248	5.111994	5.108839	4.441444	4.088352	5.298474	5.56624
4.625762	4.965609	6.243242	4.791822	4.840406	5.228921	5.685167	5.061187	3.402212	5.236917
5.061027	5.726731	5.113313	5.001997	5.250164	4.768335	5.119925	5.395603	4.674529	5.126537
5.081646	4.041087	5.183839	4.529379	5.794459	4.474092	4.91354	5.410671	4.112055	5.010833
5.492988	4.795841	4.519508	5.517517	4.989921	4.371903	4.579051	4.702372	5.483958	6.231452
5.985926	5.036727	5.517292	5.294501	4.61939	5.931964	4.626463	5.688028	5.782264	5.187646
4.861198	5.718315	4.495692	5.564287	4.74969	5.097223	5.001884	5.056858	5.110302	3.867169
4.944179	4.606963	5.469421	5.265354	4.195053	4.58367	5.892879	4.348114	5.094974	5.268891
4.628102	5.615701	4.887727	4.993058	4.314048	4.66736	5.080235	5.64071	5.903472	5.082846
3.178344	4.83763	5.413379	5.576946	4.340097	5.491779	6.366179	5.198858	5.650261	5.544734
4.51109	5.895592	4.858294	4.549907	5.053059	5.512426	5.757237	5.488051	5.294711	5.871467
5.620549	5.477071	4.8839	4.41321	5.660847	5.749561	5.168715	4.8269	5.207517	4.995872
3.428097	4.819256	4.914436	5.443503	4.836246	4.898112	5.566774	4.838846	4.60684	5.868405
5.331223	4.97612	4.463029	5.284643	4.355325	4.967404	4.450293	5.864183	4.822822	5.316248
5.319055	6.001616	4.2139	5.157849	5.190856	5.781751	5.451928	5.574912	5.508157	5.383903
4.861632	4.338398	4.50137	5.008997	4.905645	4.766232	5.499823	5.243716	6.344561	4.67634
5.664225	5.456564	5.628804	5.903427	5.136331	5.248842	5.06796	4.921032	5.501488	4.509823
5.986854	5.144816	5.675013	4.749688	3.68148	5.066462	4.799975	4.657969	5.227963	5.217283
4.814631	4.962326	4.509089	5.198764	4.533937	5.298134	4.494015	5.533643	5.310608	4.900942
4.416889	4.749269	4.537459	4.483268	4.745156	4.573971	5.778878	5.244482	5.622741	4.787614
5.342568	5.372096	5.15516	4.815475	5.747293	5.192218	4.621036	4.748292	4.672616	5.019054
5.076464	4.171312	4.658382	5.444253	3.87147	5.268554	5.885706	5.801107	4.860079	5.160661
5.049051	5.042015	3.967649	4.941301	4.890105	4.494617	5.227049	4.326848	5.405671	4.975271
5.52549	4.77116	4.315602	4.561702	5.89605	4.914765	5.089319	5.369337	5.374125	4.828916
5.839829	5.033098	4.579638	5.024469	4.680327	5.117087	5.057647	5.133193	5.063169	5.1829
6.048753	4.529382	5.19103	4.84234	5.179759	4.916743	4.262286	4.902992	4.655167	4.751678
5.309817	4.989662	5.217309	5.406826	5.007487	4.482884	4.821438	5.038874	5.337047	5.85407
4.979691	4.389315	5.109429	5.042356	5.486234	4.673576	3.764311	5.795538	4.35699	6.560927
4.785583	5.579666	5.249087	5.303074	5.5432	4.504373	4.71094	5.288411	5.438205	5.233027
5.448972	4.36701	4.751157	4.027963	4.982749	5.216938	4.783366	4.895682	5.06372	5.478107
3.789027	4.233074	4.303848	4.724904	4.385407	4.897071	5.221349	4.544518	4.811916	5.245968
4.578228	4.849501	4.173357	5.256526	5.407991	4.795385	3.951902	4.671128	5.269379	5.217975
5.375337	5.083988	5.840718	4.76521	5.387672	4.387706	4.261084	4.578897	3.839008	4.624695
5.31917	5.33968	4.052215	4.880832	4.165228	5.651069	5.112095	5.677726	5.615561	3.459348
4.844747	6.023788	5.281528	5.011045	5.734008	5.306791	5.17534	5.472566	5.483198	5.61584
4.718458	5.070772	5.44392	3.895934	4.942742	4.736172	5.581264	4.956785	5.229609	5.823867
4.829252	5.908884	5.910983	4.195575	5.185839	5.553975	5.983383	5.900689	4.999274	5.307553
5.367542	3.829007	4.970554	5.554029	6.630937	4.603452	5.630449	5.80795	4.414324	5.217302
5.860548	5.199965	4.403917	4.638573	3.891868	5.63221	5.004797	4.841727	5.151421	5.001309
5.404938	4.914966	5.398376	4.795232	5.839876	5.245327	4.964903	4.58628	4.588605	5.735691
4.888522	5.797612	4.685839	5.75001	5.937798	4.951447	4.41131	5.262235	3.962501	4.558872
4.892325	5.348837	4.516224	4.786036	5.094873	5.081098	5.565354	4.810561	5.505552	4.451799
4.724195	5.343843	5.268095	5.550968	5.414019	5.041918	4.991689	5.812707	4.879188	4.559863
4.611046	6.060593	4.77756	4.082991	4.696277	5.320411	4.267581	5.567946	4.894391	4.962782
5.385442	5.078238	4.722002	5.134112	4.411308	5.399189	4.693308	6.331198	4.842213	4.743114
5.006974	5.473696	4.485608	4.382301	5.659783	5.631867	5.074946	4.947697	4.734303	4.956749
4.349433	4.792819	4.922108	4.004493	4.569732	5.336463	4.442505	5.16006	4.168278	4.900122
4.822797	4.904849	4.363004	5.235126	5.43075	4.540815	4.867495	4.500143	5.1141	5.06844
5.452847	4.821208	6.126793	5.511573	4.69445	3.805645	4.323011	6.025962	4.746699	5.470227
4.23985	5.099812	5.372969	5.422416	4.960685	5.026136	5.347159	3.997348	4.69362	4.821321
5.431412	5.956079	4.265471	5.604112	4.89568	3.727658	4.981053	5.000349	5.158916	5.008784
5.348528	4.703557	4.70484	5.287991	5.747295	4.914909	5.41471	4.555785	5.142927	4.545507
5.023921	5.636935	4.557995	6.789567	4.810585	3.927534	4.850723	5.100411	5.719044	5.183646
5.760375	4.465874	5.065395	5.534974	4.625066	5.616649	4.97627	4.567719	4.832484	5.628221
4.668093	5.303583	5.089787	4.097806	5.940153	5.968503	5.706974	5.076105	5.299174	4.349836
4.354105	5.543363	5.220935	4.342062	4.544771	4.408338	4.860393	5.476777	5.532895	5.316036
6.265127	4.050974	5.431312	4.613759	5.058207	5.97231	5.934409	4.892176	4.947459	4.546331
4.584193	5.277834	4.882558	5.172954	4.992339	5.641	5.018603	5.240448	5.042127	5.907374
4.891962	5.232552	6.103752	4.309745	4.708647	3.967149	6.011514	4.723108	3.517385	5.486376
4.819276	6.251347	5.200496	5.127659	5.488517	5.619036	4.898096	5.32621	3.760359	4.805943
4.917341	4.839299	4.082476	6.114021	3.96194	3.984389	4.880514	4.324257	5.693451	5.255654
5.605667	5.680076	4.418123	4.921526	5.140259	5.769793	4.588808	5.69496	4.283796	6.186306
4.25725	5.120962	5.074682	5.252846	5.329803	4.740058	4.284906	4.748184	4.334133	5.282794
5.169705	4.451725	4.666663	5.204208	4.414588	5.377991	4.428246	4.236383	4.852967	5.213676
4.782478	5.161884	4.916513	5.210244	5.385211	5.062419	5.37697	5.39538	5.413493	5.818
4.882369	4.857804	4.462792	4.609128	5.505285	5.044791	5.012317	4.750385	4.578775	4.811662
4.451429	5.570318	5.393921	4.492157	5.33898	4.896066	4.77535	5.760007	5.350037	4.878136
4.429576	4.792369	6.4561	4.648244	5.771018	4.569948	4.704294	5.142519	5.271212	4.639764
5.277028	4.073933	4.510262	5.789376	5.067251	3.503697	5.34984	5.541267	5.287238	5.861387
4.927454	5.150556	6.119718	5.986245	5.921167	5.419737	4.488996	4.996107	4.03978	4.74858
