6.23337	5.033489	4.813025	5.152116	4.295939	5.46781	4.556937	4.627131	4.419616	4.333723
5.486668	4.43855	5.698326	5.090472	4.375453	5.53822	4.837902	4.917947	5.133287	5.1271
5.110873	4.332851	5.212887	5.510755	5.052471	4.411998	5.005506	4.645937	5.05617	5.176454
5.259484	4.546413	4.958324	4.920853	4.863763	4.430899	6.342982	5.385177	4.498799	5.382122
5.043359	5.247176	4.843815	4.762926	4.981845	5.987396	5.335246	5.452861	4.740377	4.417923
4.58739	4.702534	4.311016	5.204165	5.850094	4.571894	4.841687	4.540481	5.230998	5.444389
5.617429	4.896888	4.422704	6.18787	4.642132	4.43529	4.833491	5.461124	4.659729	4.816951
5.376269	4.672997	4.195179	5.633605	5.705592	5.668672	6.667064	5.816589	6.133871	5.107401
5.717697	5.244505	4.879041	5.822333	4.762479	4.287287	5.173594	5.105317	4.558374	4.796901
5.652878	5.442486	4.847192	4.025415	5.977018	5.742575	5.783419	4.547181	4.448895	4.805778
4.771145	5.143205	5.169629	5.028761	4.061681	5.765031	5.95122	4.799464	4.50732	4.356099
4.912283	4.609787	4.965494	5.758219	5.61194	5.710867	5.09212	5.724169	4.61833	5.329781
4.776163	5.803335	5.2344	4.747762	4.860354	5.734279	5.361302	5.607304	4.105428	4.268478
5.28035	5.192529	4.900995	4.568852	4.623747	4.400129	4.345457	5.189716	5.187052	5.017058
4.48979	5.626352	4.561632	4.930171	4.914355	4.563263	5.060486	5.66884	5.534782	5.152453
4.023256	4.732337	3.967889	4.997464	4.744363	6.340065	4.36984	5.253447	5.136626	5.406198
4.793993	4.245774	5.031194	5.631587	4.8625	5.899081	5.563614	4.992546	4.983424	4.749365
4.097031	4.805719	4.935914	6.111583	4.619939	4.208939	4.564939	4.437491	5.223372	5.497438
4.978034	5.119899	5.00068	5.601396	5.037239	4.872503	4.410472	4.676839	4.431017	5.07342
5.05922	4.902802	6.441761	4.452518	4.240636	5.665688	4.857198	4.074595	4.652439	6.00341
3.818287	4.822501	5.933146	5.320508	4.691634	5.379917	4.71846	4.504747	4.489629	5.586665
5.376623	5.230762	5.439997	4.940157	4.353622	5.181976	5.630537	4.682797	5.016711	4.899071
5.333773	5.162487	5.170575	4.029112	4.930592	4.780023	5.296013	5.694463	5.796482	5.690069
5.008844	5.136976	5.249949	5.147696	4.732771	5.262127	4.663877	4.723344	5.161232	5.321507
4.981699	5.370059	5.481443	4.672075	4.638181	5.109767	4.829664	5.108723	4.377624	5.39071
4.859616	5.011929	5.434216	4.315156	5.577364	5.705318	4.164571	6.062059	4.822168	3.908468
4.91266	5.408947	4.345968	4.98706	5.474967	5.866783	4.82072	4.768446	5.791716	5.263288
4.394182	5.772885	4.552636	5.138081	4.87887	4.319811	6.099737	4.904688	5.859486	4.52869
5.23095	5.202734	3.972313	5.716705	4.335252	4.511244	4.682215	3.990892	4.584011	4.367244
5.723333	4.699948	4.485535	5.031217	5.183352	5.316116	5.139272	5.540553	5.172303	5.137591
5.054124	4.582419	5.085352	4.687588	4.925029	5.399199	6.016509	5.020916	3.905021	5.96034
5.004665	5.157335	4.825209	5.568808	5.094879	5.617961	3.743462	5.062118	5.579553	5.621756
5.977259	4.318838	5.105214	4.75172	4.20013	5.67986	4.191329	4.954302	4.567816	5.424733
5.918484	4.308874	5.620089	4.924335	4.746799	4.291987	5.237589	4.49679	5.303324	5.217642
5.378305	4.682361	4.622486	4.714086	5.293025	4.892967	4.555556	5.149941	5.68158	5.154109
5.124659	5.586142	4.694892	4.883811	4.931735	6.15999	5.428697	5.951798	4.545829	4.680024
5.173887	4.399858	5.275545	4.020813	5.622137	4.343426	5.162963	4.608239	5.635957	5.558114
5.580963	5.440381	4.868119	5.644422	5.80795	5.045883	6.272704	6.135293	5.435472	4.580244
4.583445	4.121955	5.904943	5.430293	5.373184	5.22342	5.144772	4.584645	4.955083	4.859837
5.050928	5.642442	4.770207	5.474539	5.378724	4.575868	5.034966	5.445284	4.234297	4.280744
5.347885	5.629013	5.995352	5.063648	4.95633	4.898186	4.990597	4.996823	5.902322	6.257891
5.270757	4.478459	4.713967	4.690213	4.960598	5.483639	4.772134	4.298338	4.564036	5.36684
4.593943	5.51431	4.830408	4.801965	5.270777	5.682762	4.649901	4.968159	4.699964	5.516448
6.403892	5.873899	5.376474	4.635492	5.148293	5.397219	4.719861	5.360199	4.427773	6.032753
4.713929	4.93444	5.742672	4.201375	4.53794	5.390262	4.797548	3.913426	4.80311	3.79171
5.295794	5.751415	5.348526	5.328274	4.984643	5.725087	6.37588	4.98954	5.066858	5.70686
4.719399	4.206692	5.192439	5.627346	4.50696	6.156205	5.093547	4.770592	4.765261	3.836183
4.132984	5.337409	5.646699	4.704996	4.255566	5.079099	4.971188	4.820351	5.87227	4.251493
6.341518	4.958433	5.388067	5.55465	4.640373	4.807899	4.665153	4.957943	5.167375	5.049547
5.70296	4.779484	4.950459	4.374146	4.26185	5.975496	5.348047	5.600345	5.072706	3.727125
4.637897	5.382213	4.530059	4.724342	5.296674	4.364691	5.329446	4.473631	5.519207	5.102867
5.309917	4.700152	4.217133	5.459532	4.198457	5.875351	4.66857	5.181608	5.139995	3.900475
4.702812	5.727855	4.927982	5.487623	4.932876	4.649881	4.991627	4.682114	4.712864	5.154898
5.826368	4.972873	5.112363	5.409146	4.868499	4.512686	5.241542	4.948109	5.464791	5.102439
4.309344	4.701157	5.416096	4.408833	4.59552	4.547766	5.411551	5.250927	4.852219	5.277201
4.11153	5.52901	4.472117	5.51452	5.349079	4.189184	5.782719	4.68997	4.061991	5.166605
4.878076	5.632134	3.863107	4.659741	4.977027	4.772116	4.305987	4.230939	4.58157	5.451427
5.738377	4.366704	4.723572	5.257355	5.531108	5.55002	4.111525	4.737154	4.719886	5.156371
4.621714	4.672985	5.312781	4.186115	4.551606	5.129217	5.679805	4.643313	5.508431	4.721517
5.753786	5.511827	4.966862	4.986029	5.149997	4.675162	4.876409	4.040504	4.574442	4.843818
5.089261	5.360926	4.872367	4.238081	5.892794	5.506259	4.245399	4.900677	4.418309	4.782606
5.647945	4.045236	4.940417	5.11582	5.54731	5.35125	4.790136	5.473283	4.912937	5.770035
4.814115	4.0625	6.072054	4.801428	4.924178	4.490716	4.089316	4.96717	5.055991	4.870959
4.641435	5.522189	4.551203	4.919543	4.083699	5.451304	4.287024	6.109134	5.024793	5.182125
4.829816	4.717402	5.201585	4.670526	5.290989	4.280011	4.494669	4.747152	5.286274	4.703709
5.259281	3.855058	4.90521	5.431969	4.919263	5.144068	5.843074	5.680052	4.766138	5.255283
5.692139	5.260328	6.199166	5.085845	6.054024	4.522917	5.300532	4.395878	4.258189	4.377456
4.649243	5.111513	4.883392	4.905304	4.775329	5.802224	4.854092	4.451149	5.440207	3.6719
5.14456	6.379871	5.064299	5.171404	5.366499	5.383065	4.199953	5.085792	5.443084	3.780983
5.287901	4.342722	5.540722	4.595682	5.62527	4.857812	5.895708	5.64359	5.148495	4.189418
5.183246	4.500033	5.260905	5.075889	5.162111	4.73815	4.719235	5.291119	4.965902	4.750729
4.545912	4.753547	4.982776	5.251165	5.468476	4.501208	5.223673	5.141671	4.723685	4.67049
4.982166	5.366183	4.563923	3.899693	4.881789	5.112479	4.682526	5.276697	4.961879	5.127129
6.20705	5.473983	5.257095	4.986406	5.194177	4.719108	4.440139	5.775226	5.362573	5.625504
5.766332	4.231118	4.246359	5.4085	4.096506	4.859684	5.346204	5.129712	5.339751	5.695936
3.937336	4.665474	4.578907	4.701165	5.362122	5.457247	5.137201	4.760787	5.362219	4.684212
5.446593	5.516954	5.024146	4.633632	6.044394	4.67117	6.15712	5.929296	4.298198	4.333982
5.009953	5.865031	5.513297	4.002922	4.659674	4.454303	5.366823	5.131609	5.135294	4.654324
6.304507	5.052293	6.035091	5.166979	4.66661	5.084002	4.394674	5.895542	5.244475	4.379884
5.728563	4.64359	5.278784	4.406849	5.460353	4.864542	5.735785	5.750893	4.411271	4.900971
4.38549	5.285326	4.758499	5.692765	5.311243	3.964961	3.87337	4.764571	5.172951	4.638
4.631299	5.054317	5.250516	5.162518	5.13966	5.857398	4.414217	5.737012	3.886954	4.842212
5.164115	5.18955	4.62749	6.005035	5.373838	3.808672	4.835153	4.585951	4.798439	4.566368
5.674775	4.7425	4.977536	4.759229	5.100798	3.876171	5.338589	4.266809	6.56398	5.60759
5.75458	4.308034	4.843359	4.56313	4.86928	6.396721	5.40432	4.567276	4.916242	4.41341
4.681438	4.625015	6.195673	4.919334	4.872274	5.231771	4.2078	5.109686	5.558124	5.840375
4.655529	5.527041	5.346688	4.499486	4.656741	5.576255	5.520466	5.641212	4.890835	5.404299
5.609057	4.914237	5.520655	4.87921	4.354686	5.709412	4.968349	4.813815	4.727976	5.460043
4.271743	4.794986	5.192118	4.453942	6.746222	5.599406	3.987088	5.573868	4.728158	5.609719
5.017766	4.952505	4.154371	4.96352	5.346825	5.479932	4.873577	5.102364	5.943541	4.412397
4.534006	5.40025	4.558815	4.935653	4.286378	4.294497	4.90141	5.436541	4.677933	4.891936
5.999769	4.744296	5.272475	5.932691	4.163016	4.87389	5.543013	5.205036	5.152338	3.899727
6.636427	5.977663	5.614557	4.309073	5.969877	4.744313	5.069097	4.868436	4.936666	5.260469
4.885797	5.355633	5.213335	3.669061	5.150035	4.714888	5.662065	5.700887	5.120468	4.747875
6.113371	4.978093	5.009937	5.284885	5.430312	4.424579	4.601759	5.392354	5.595817	5.866174
4.759255	4.14583	3.401461	5.633156	4.681638	4.804284	5.540237	5.259311	4.761622	4.551276
4.611248	4.638309	5.278278	5.319249	5.085595	5.46066	5.298087	5.378241	5.303731	5.10322
4.236346	4.39318	4.714878	5.423325	5.057131	5.38033	4.384758	5.521774	4.507376	5.057573
4.55398	5.124638	4.462385	4.524294	5.514206	4.295191	5.189034	4.820102	5.81618	4.438268
5.328942	5.974981	5.12106	4.256876	3.948174	4.45917	3.779123	6.097693	4.856784	4.311427
4.974444	4.687188	4.482774	4.593797	5.258935	4.752344	4.516797	5.824085	4.897842	4.783033
4.744587	4.617597	4.384816	5.102252	5.529433	5.53462	4.666434	5.189909	5.276818	6.015458
4.685289	5.102085	4.810236	4.653691	4.273553	5.805425	5.188407	5.597695	5.914297	5.949047
4.566245	5.813117	5.415349	4.582448	5.1207	5.114967	5.164962	5.0143	5.166773	4.347703
4.529902	5.277774	4.75703	4.061464	5.23282	5.172647	4.398768	5.682731	5.470597	5.002503
4.144022	5.754978	5.345314	4.900007	5.575645	5.135442	4.87166	4.246364	4.956857	4.873243
5.03264	6.013016	5.009056	4.9477	5.403453	5.244665	5.242508	4.068586	4.386198	4.878911
4.922788	5.576086	5.140132	5.04555	4.505804	4.683404	5.846619	5.499667	4.615252	5.173605
5.771461	4.601526	5.196435	6.119417	5.317355	4.920111	5.250357	4.950148	4.34743	4.248741
5.207922	4.725014	4.695436	5.050449	4.165456	5.200459	5.564951	4.828742	5.525445	4.539545
5.361432	5.246415	4.57715	5.001188	4.938176	5.555465	4.603368	4.371314	5.146861	5.096739
5.335305	4.917505	4.693666	4.954879	5.111848	5.458204	4.800665	5.64207	5.549643	4.48583
6.246964	4.759253	4.500773	5.642796	5.547241	5.180872	5.798466	4.950865	4.977987	4.636577
6.168403	6.119916	4.997393	4.496425	4.495937	5.572858	6.067957	5.436734	4.058901	4.693491
5.299069	4.667216	4.885724	4.526558	4.684133	5.859223	6.07157	4.696043	5.790293	4.395869
5.226395	5.159267	4.88166	5.020663	5.313454	5.88875	5.44752	5.184419	4.563843	4.73008
5.318874	5.290231	4.620523	5.472375	4.285107	5.627216	5.122507	5.813442	5.505154	5.124355
4.241814	5.031891	5.239629	4.816614	5.244716	5.409961	5.304101	4.681873	5.240469	4.492564
4.475085	5.267115	4.828889	5.009218	4.361375	4.998424	5.525509	4.765834	5.920789	4.740295
4.582756	5.773831	4.210063	4.095211	5.069042	4.72021	4.947327	4.078496	4.850761	5.002569
5.034753	5.919687	4.807985	4.648227	5.285307	5.147706	4.737032	5.177209	4.742977	5.217036
4.932958	5.051696	4.602259	4.721882	4.627476	4.831557	4.793571	5.736158	4.933799	5.040217
4.266929	4.470246	4.92412	5.564303	4.135961	4.607198	5.24499	5.214391	4.517257	5.345645
5.136657	4.593159	4.629242	5.388365	3.795436	5.321795	4.905353	6.118792	4.403508	4.694962
4.598915	6.324926	4.985943	5.670286	5.725459	4.651926	5.281026	4.858352	4.512198	5.81126
5.638313	4.799634	5.035183	5.721806	4.866389	5.392504	4.37522	4.833635	4.457053	5.317317
5.661867	5.436242	4.762066	5.434154	5.386658	5.085603	5.782778	5.768097	4.75704	4.652956
5.507421	4.212567	5.508871	5.121727	4.913808	4.441652	5.721918	5.670292	4.669477	5.06662
5.042733	5.311057	6.156682	5.709847	5.124591	6.076878	5.806857	4.930371	4.968744	5.1416
4.872238	5.043779	3.770614	4.711863	5.651228	4.891877	4.708929	5.48626	4.234879	5.341386
5.970761	4.953823	5.593608	5.961305	4.993057	4.597651	5.456775	4.845368	4.991572	5.063489
4.63366	4.182706	4.229662	5.423203	5.76931	4.701668	4.973238	4.01289	4.554026	4.409962
4.994974	5.664668	4.560501	4.617812	5.454854	4.786111	5.564428	5.738822	4.545348	4.378298
5.79684	5.671434	5.655177	5.252452	4.955745	6.413472	4.150476	4.875379	4.851966	4.962749
5.362776	4.39478	4.317935	4.646687	4.858942	6.324097	5.059889	4.768702	4.984438	4.599557
5.656878	4.688948	5.104934	4.843716	5.155863	4.68659	5.116645	4.867579	4.450561	4.608312
3.311953	5.659994	4.468078	4.430838	5.092984	5.317925	5.647301	5.005968	4.290319	5.776891
4.698773	5.219431	5.193378	4.948877	4.014497	5.071161	4.657538	4.805988	4.886772	5.685594
4.592148	5.871505	5.718002	4.946065	4.416454	6.141232	4.508244	4.896499	4.950093	4.33185
5.38904	4.462652	5.484609	4.7415	5.894574	4.831885	4.657701	6.334318	5.093024	5.188935
5.562411	5.444721	4.822887	4.763959	4.956217	4.962432	4.872776	5.203254	5.548268	6.660297
5.254047	3.814842	5.609966	5.086426	4.614057	5.898952	4.684172	5.227371	5.983704	4.916552
5.564507	4.9665	5.15198	5.364037	5.311434	4.552732	4.813826	4.554941	4.456789	5.697082
4.774651	4.342912	4.815417	6.10237	4.163119	5.31399	5.061484	5.69411	4.815249	5.144615
5.564055	4.46588	5.290895	5.299897	5.439314	5.518052	4.426613	4.5151	4.607059	4.923052
4.772175	5.076686	5.090125	4.178341	6.201463	5.137106	5.283653	5.015085	4.059126	4.942255
5.008226	5.271065	4.238316	5.722578	4.65891	4.502034	5.243457	4.994479	5.028436	5.472443
5.668136	4.216808	4.566854	6.144306	5.05642	3.887032	4.897168	4.824199	5.762869	4.834169
4.703206	5.066183	4.656785	4.821677	4.412069	5.84257	5.257585	4.355909	4.269275	4.946204
5.362082	5.748672	4.578516	4.794877	5.487033	5.072331	4.804812	4.781527	4.728555	5.210488
5.208851	5.556242	5.018338	4.618765	4.858065	5.482396	4.863485	5.791254	5.460559	4.879811
5.455631	4.266859	4.231287	6.216094	4.478398	5.846536	5.29271	5.479552	5.697872	5.049895
4.581264	5.771053	4.994162	5.591282	5.563117	4.689395	5.742914	4.614702	4.129675	4.913162
5.689571	4.633477	4.765435	5.236674	4.929589	5.793394	4.793366	5.678829	4.174733	4.450746
4.915874	5.424003	4.573679	5.326548	6.017891	4.818982	4.603069	5.306586	5.721745	4.711571
4.841975	4.914497	5.093359	5.443723	5.539384	5.512206	5.348609	4.460642	5.11715	5.643544
5.082245	4.102484	5.738185	4.749269	4.316284	4.305042	5.940721	5.484364	4.487644	4.732235
4.31002	5.231297	5.094948	5.551764	5.815779	5.360936	4.37471	5.643406	4.110234	4.452398
4.603828	4.988019	3.991547	5.820213	4.922759	3.957745	5.700086	4.799027	4.536808	5.601927
5.502816	5.208449	4.997971	4.537742	6.256681	4.687262	4.896855	4.910593	5.513015	4.919945
3.790481	5.64033	4.95334	4.433435	5.50724	5.282496	5.398318	5.393227	5.817415	4.817462
5.086611	4.959464	5.425617	4.482294	5.66934	5.155138	5.197509	5.623376	5.070419	4.551975
3.87919	5.557827	5.392031	5.570918	4.498836	3.924705	5.130001	4.319969	4.389018	4.636495
5.380873	5.414007	5.124334	4.06145	5.074111	5.308123	4.86069	5.932903	5.278721	4.925911
4.404916	5.466377	4.434658	4.748838	4.852389	5.254203	6.266231	4.025609	4.837765	4.834422
5.161571	4.443453	5.210157	3.895628	4.909109	4.740555	6.164237	4.850329	4.881664	4.334262
6.118116	4.692643	4.49227	4.712525	4.587735	5.274904	4.585546	5.258855	5.540915	6.460407
4.589554	4.380895	5.295015	3.961664	5.813115	4.801678	4.593224	5.201535	5.721992	5.559835
5.757391	4.636722	4.872528	4.88317	4.560939	4.78979	5.589442	4.642517	6.697552	5.356967
5.74898	5.019202	5.779049	4.481507	5.394557	4.837668	4.256563	4.931798	4.676618	5.983256
4.876291	5.181615	5.085955	6.271541	5.521195	4.806799	5.690825	5.00344	5.520011	4.937684
5.347251	4.563439	5.149917	5.890848	5.386165	4.950267	4.279983	4.649441	5.358156	4.532382
5.294657	5.376458	4.704748	5.407135	4.542953	5.032215	4.959652	4.226677	5.206048	3.80514
5.56298	5.12234	4.030029	4.247434	5.13897	5.392707	6.179103	4.291497	4.827773	4.779298
5.105881	4.718837	4.921354	5.433984	4.423247	5.365002	5.483899	5.288917	4.121139	5.086217
5.361308	4.906671	4.832184	4.627501	5.372062	4.92989	5.847818	6.212828	4.136365	5.018413
5.457916	5.099324	5.975703	4.744807	4.210013	5.933461	4.913301	4.997124	5.38499	4.981594
5.456416	5.21798	5.051226	4.06598	5.66782	5.849824	4.441248	4.416254	5.827285	4.558857
4.876768	4.656133	4.917743	5.298095	4.429295	4.891578	4.753491	3.914779	3.922296	5.423558
4.912349	5.130045	5.479076	5.304942	5.596211	5.12207	5.044003	4.495109	4.581196	4.844461
4.857367	3.82271	4.969177	5.181675	4.735847	4.180828	5.294264	5.456582	4.33286	3.775531
5.241993	4.551554	5.3599	4.785186	5.161461	5.430415	4.583576	4.77292	3.780707	4.818408
4.960227	4.190089	5.010825	4.639377	4.899981	5.090159	4.160222	5.01813	4.467983	5.179113
4.957878	4.754846	5.171232	4.064983	4.504401	5.81253	4.844423	5.77036	5.698203	6.232769
4.904614	4.279679	5.595334	5.044668	5.993369	4.054985	5.297971	4.914392	4.998614	3.344013
5.308484	5.175147	5.315012	5.246359	5.132183	5.20835	4.978437	4.760809	4.503275	4.238158
4.370734	5.159529	4.410171	5.683622	5.349783	5.099754	5.953799	5.529363	5.493467	5.134222
4.828165	5.296751	5.261311	4.627561	4.680909	5.617251	4.16498	5.049075	5.783717	4.23072
5.222381	5.044639	5.207531	4.940653	4.688992	5.02616	4.448713	5.58641	5.155855	4.459983
5.935853	5.523537	4.877551	4.503131	6.399361	5.094246	5.069443	5.007845	5.083235	4.117497
5.027232	5.426238	5.566587	5.87069	5.362439	4.47047	3.506025	5.857269	5.453056	4.292263
6.129861	5.086243	5.021474	5.647756	4.614349	5.271416	4.938647	5.507225	4.714485	4.97601
5.285732	5.268727	5.03321	5.022346	4.769538	3.976504	4.881501	3.83664	5.283361	4.746624
5.095861	4.366061	5.318769	3.918707	4.295064	5.187603	5.211116	5.135972	5.149655	5.326866
4.121262	5.367432	4.447674	5.277779	5.273835	5.496582	5.337172	5.686666	5.814403	5.35713
5.328145	5.440612	5.817936	5.726988	5.137362	5.183409	5.360149	4.772995	4.871207	5.738353
5.242916	4.861842	4.871102	5.182169	4.975935	5.039768	4.382003	4.743163	4.168913	5.21044
4.388094	5.316345	5.26887	4.68371	4.367486	5.220107	4.277724	4.629964	4.659393	4.695705
4.952621	5.625077	4.904877	4.596117	5.825915	4.395877	4.821372	4.237091	3.756858	4.82347
5.143229	3.99948	4.684216	4.864474	4.486026	4.610181	5.199083	6.03559	5.331629	5.226974
