5.382983	4.709266	4.608396	5.381783	4.938802	5.582026	5.315071	4.486945	5.397256	5.79515
4.377968	5.80872	4.602682	5.145499	3.791972	4.57896	4.935689	5.401927	4.703834	4.393718
5.125027	4.063443	4.459667	5.304183	5.281215	5.327808	4.838197	5.566738	5.068674	5.581378
5.413515	5.425589	4.809558	4.941708	5.58743	4.728967	5.406196	4.409235	4.666067	5.354132
4.555332	5.516603	4.285192	5.029684	5.531516	5.058537	5.010773	4.516776	4.620007	5.875342
5.263821	4.700122	4.561322	4.317411	4.79814	5.094699	4.65363	5.093322	5.148078	4.858922
5.903771	5.082243	4.935499	3.552772	5.696432	5.416337	5.544855	5.117936	5.325827	4.568388
5.418631	5.791348	5.587195	4.662841	4.348711	5.522195	4.364944	4.729751	4.875194	5.070695
5.061383	5.046033	5.332637	5.198312	4.233713	5.318117	4.651987	5.010553	4.169856	4.877854
4.712893	4.700386	4.894969	4.697086	6.026853	5.6666	4.250217	5.059292	4.932605	3.736933
5.031974	5.016624	4.74322	4.998486	4.568884	4.625982	5.748259	4.981145	4.279875	4.753714
4.819983	4.483305	4.349147	5.091468	4.919919	5.241504	4.310242	5.362362	4.565234	4.910857
5.713428	5.156298	4.823178	3.939751	4.096397	4.725278	4.629239	5.426943	4.848405	4.909906
4.660175	5.032219	5.755792	4.098445	4.068759	5.680126	5.116313	5.362252	4.65756	5.747063
5.309432	5.381144	5.797877	5.405996	4.116742	3.749771	4.781277	4.690915	5.534854	5.453711
5.09264	5.07729	4.357243	4.852471	4.421896	4.760288	4.817724	5.041811	4.991915	4.459629
4.293418	4.689585	5.010668	5.152238	5.631667	4.826404	4.42916	4.311327	4.527251	5.728348
5.149556	5.392133	5.717968	4.927888	5.291113	5.172233	5.705956	5.013551	5.385873	4.855179
5.086643	5.071293	5.143672	5.410956	3.341475	4.376137	4.499206	5.035814	5.166775	5.525416
4.563468	4.307086	4.831838	4.65789	5.209384	5.139443	5.463016	5.246174	5.976107	6.112178
4.634196	5.215611	4.737626	4.873902	5.799191	5.189086	5.035045	5.535367	5.695344	4.403447
5.163178	4.944936	4.504545	4.860068	5.493025	5.397257	4.908929	4.925417	5.083772	4.551588
5.296999	5.376765	5.726059	4.578412	3.985123	5.1866	5.770519	4.771443	4.165658	5.453222
4.219172	5.228262	5.87604	4.864841	4.461916	4.269028	4.429602	4.598203	6.034151	5.219878
5.481572	5.323486	5.360264	4.564747	4.682865	5.657194	4.549746	4.086133	5.03745	5.229486
4.984789	4.969439	4.695526	4.271715	4.832007	4.769944	4.743034	4.933959	4.311753	4.769837
5.026663	4.950689	5.925628	5.609478	4.69028	4.599748	4.968212	5.08624	6.125969	5.402273
4.756494	4.446846	5.740882	5.073215	5.343707	6.025507	4.982265	4.367634	5.957455	5.011323
5.000697	4.985347	4.237012	4.781852	5.335189	5.068247	5.733337	4.949868	3.953841	5.864961
5.027863	5.658044	4.572619	5.278261	4.759279	5.03055	5.441549	4.938482	5.279335	5.435428
4.554111	5.157632	4.444594	5.677088	4.837704	5.29217	5.574753	5.148462	4.899199	5.611091
5.357561	4.996561	4.34398	6.275096	5.354682	5.763286	5.60815	4.539637	5.006867	4.764179
6.177034	6.198898	5.582421	5.682262	4.598758	4.943512	5.147216	4.476255	5.230432	5.675138
4.70756	6.136907	4.486076	3.954401	5.33285	5.0126	5.575899	4.881938	5.18636	6.099853
5.488682	4.990308	5.325265	4.476499	4.732457	4.584654	5.355146	5.660065	4.901911	4.808072
4.984702	4.969352	5.686734	4.185944	5.140641	4.703338	4.856052	4.933872	4.637311	4.512914
4.317869	4.454048	5.0086	4.280624	5.383763	5.50415	5.509873	5.219319	4.821152	5.300475
5.684747	4.797021	5.480124	5.023569	4.654994	3.928956	5.15141	5.084266	5.683616	5.95354
5.016145	5.000795	5.078737	4.80004	4.644361	4.215699	4.921299	4.965316	3.857123	5.724451
5.591182	5.354978	4.41908	5.297692	4.25651	5.285429	5.382047	5.149198	3.306544	5.145511
5.183237	4.534915	5.516299	4.846114	4.444924	5.433853	4.862401	4.770874	4.114188	4.086682
4.967582	4.952232	5.514977	5.21627	5.060146	5.300032	4.388541	4.916753	4.338437	4.887743
5.112698	4.874206	5.447704	5.536281	4.343726	4.283177	5.157025	5.505239	4.145256	5.278799
5.13809	4.636765	4.833731	5.407239	4.529184	5.008236	4.360885	5.562942	5.594747	5.464156
5.077521	4.485404	4.539801	5.003253	4.5922	5.936477	5.472532	5.45138	4.334128	5.406691
3.266461	5.168878	5.088666	5.103078	5.141812	5.33899	4.949644	6.03923	4.349116	5.417587
4.661858	5.77507	4.402206	4.164272	4.297235	5.490087	4.611677	5.081481	4.099696	4.59785
5.128613	5.113263	4.7155	4.847457	5.214951	4.931454	4.362266	5.077784	5.187785	5.267881
4.366961	4.532299	4.617405	5.132291	4.714006	5.854822	4.53792	4.216515	4.063009	4.834837
4.622037	4.292314	5.429263	5.640074	4.816527	4.754021	5.375067	5.979333	5.134083	4.550022
4.216949	4.710278	4.221071	3.857805	4.704202	5.760329	4.530141	4.991574	4.967307	3.997135
4.582619	4.34059	4.460269	5.302386	4.305877	5.475493	4.00404	5.351747	4.020185	5.762996
5.252838	5.193887	4.754428	4.520033	4.900777	5.09846	4.735499	4.400355	5.519207	5.112179
4.977874	4.685831	4.360122	6.20967	4.948425	5.069341	3.956819	5.332677	5.253014	4.466835
4.467462	5.243397	4.766455	5.041483	5.085796	5.01417	4.530653	4.83471	4.212347	3.964295
4.74654	4.768383	5.137787	5.647383	4.64052	4.758124	5.51232	5.443589	4.592247	4.610575
4.9958	4.98045	6.065075	4.81128	5.060399	5.121688	4.964181	4.944971	5.474752	5.674055
5.243785	5.884176	4.667682	4.72794	5.04491	4.951114	5.812158	4.918797	5.67891	5.044374
5.171242	5.503687	4.826183	5.102535	3.842164	5.072069	4.835109	4.790981	5.155512	5.239113
5.275306	4.174	4.048005	5.001528	4.252293	4.624862	3.812895	5.353769	4.550114	4.200122
6.126297	4.878002	5.423308	4.626046	4.180486	5.465238	5.227168	4.643754	5.140303	4.560653
5.016967	5.001617	5.862236	4.864682	4.589636	4.151493	5.008659	4.966137	5.715137	5.734495
4.89646	4.88111	5.662183	5.553061	5.363542	5.664461	4.391928	4.84563	5.37574	4.62372
5.102383	5.430471	5.41653	3.490752	4.701559	5.328059	5.981388	4.878135	5.042553	5.66939
5.549202	4.216664	5.204194	4.192035	4.4572	4.924438	5.660888	5.076525	6.418244	4.145765
4.764769	4.446377	5.44594	4.636948	4.658278	5.668822	5.057436	4.981736	5.806743	4.382408
4.667096	5.188927	5.461818	4.329223	4.691892	4.236595	4.661366	5.205754	5.793109	4.747638
4.479076	5.01389	5.487188	5.134572	5.396756	5.905579	5.178963	4.849764	4.600236	4.99426
5.40197	5.564957	4.407952	5.312836	3.852952	5.564377	5.186698	4.94729	4.482963	4.810639
5.079324	5.063974	6.074818	5.645085	5.19298	5.25685	5.114406	5.028495	4.046595	4.876881
5.412181	4.934869	3.948705	4.411549	4.279573	3.499304	5.765728	5.112101	4.905597	5.434744
4.922429	4.907079	5.600747	4.866884	5.724631	4.654823	5.684412	4.871599	3.608489	4.405947
5.085531	5.214629	4.176784	5.34274	4.731735	4.919693	5.408095	3.954554	4.692204	4.817519
4.601515	4.879854	5.559766	5.216791	5.792611	5.328738	5.047657	5.150721	5.083257	6.397325
4.542943	5.277272	5.559538	5.721346	5.001375	5.712297	4.497118	5.239432	4.742193	5.302401
4.13489	4.219263	5.019363	5.635829	4.117866	4.536558	4.469639	5.049034	6.218507	5.330739
4.143281	4.868066	5.260125	5.656606	4.879285	5.843503	4.836394	4.624567	4.546552	4.035353
4.926705	4.995616	4.625957	5.366515	6.026856	4.807738	4.869266	5.233164	4.388892	5.367278
4.912885	4.932917	5.045581	4.88913	5.149235	4.331489	4.185848	4.876094	5.446519	5.416796
4.808168	4.920598	6.461882	5.175311	5.632712	5.449369	4.853863	5.351235	5.680407	5.156428
4.157775	5.568586	5.625046	4.496433	4.36548	4.969822	4.384704	5.169813	3.722138	5.68022
5.139707	5.639558	5.177049	5.14133	5.314382	5.298021	4.221882	5.474105	4.480883	5.12143
4.617347	4.702613	4.547078	4.832268	4.097942	5.131906	4.007431	5.053008	6.353233	5.085128
4.273483	5.164496	5.230067	5.52877	4.2169	5.300236	5.306383	5.299793	5.678973	6.01072
5.276519	4.599513	5.435297	5.091792	4.938599	4.760054	5.291051	5.454283	5.986207	4.831913
5.760461	4.745337	4.383852	5.131235	5.035008	5.361922	5.815314	5.015002	4.997765	5.578532
4.904418	4.641041	4.778931	3.972075	5.021989	5.153118	4.815171	4.829825	5.38786	5.318772
5.017395	5.234978	4.832733	5.225278	4.583568	5.503603	5.044125	5.278623	6.330452	4.764189
5.4529	4.150585	3.984894	5.19403	4.554297	4.304833	5.446889	6.042926	4.617383	5.163766
4.90418	5.574146	5.187385	5.236859	4.913629	5.094316	5.903251	5.029367	5.464178	4.871685
4.514071	4.636794	4.754813	4.353549	4.599902	5.429516	5.863935	4.638164	4.794143	4.597096
4.346073	4.470726	5.010026	4.963687	4.988004	4.96894	5.631583	4.697398	4.839746	5.571631
5.672955	5.239455	4.334491	5.831884	4.385947	5.308232	4.807117	5.258039	5.374114	5.286238
4.899048	4.883698	5.461185	5.432108	5.349043	3.573887	3.829814	4.848219	4.949879	4.98295
4.94475	4.394192	5.212641	4.802853	4.997086	4.087415	5.154804	5.000201	4.971216	5.402357
4.85129	4.431128	4.618503	5.450606	5.27261	4.706621	4.54916	4.947655	4.013451	4.856292
5.538623	5.323117	4.88709	5.69625	4.875971	5.450551	5.549098	5.130205	5.137233	3.962519
5.403917	5.075378	5.641502	4.593849	5.509322	4.474046	5.995469	4.156542	4.725537	4.983226
6.054757	5.021492	5.491621	4.658814	5.502163	4.822272	4.553865	4.691263	4.842383	5.964985
5.826449	5.893846	4.903036	5.443448	4.250511	4.544695	4.740976	4.494945	4.929196	4.89318
4.483203	5.585482	5.696666	5.044769	4.57874	4.997398	4.362209	4.867371	4.795478	5.455256
4.985582	4.970232	5.356347	3.46764	4.803005	5.754465	4.660539	4.934753	5.472021	4.790599
4.746109	4.750344	5.060771	4.502822	4.156563	5.16699	4.109892	4.513991	5.10069	4.536835
4.228456	5.497277	5.805549	5.345495	4.44938	5.40478	4.842384	4.620419	5.049264	4.361713
5.087441	5.451824	4.988544	4.785942	4.557591	5.3139	5.36041	6.025597	4.557198	4.714577
4.352937	4.817389	4.17636	4.361559	4.48335	5.704969	5.007226	5.813324	5.072516	4.867275
4.629854	4.716208	4.841873	4.666298	5.638031	5.131179	4.658197	4.724468	5.830522	3.828149
4.898602	3.942395	4.612381	4.647745	4.802885	4.500328	4.842542	5.272672	4.969429	4.471854
4.644659	4.676594	4.593591	5.575191	5.101015	5.885908	4.899844	5.127078	4.859004	4.619219
5.064408	3.490013	5.077889	5.154234	5.026882	4.822705	4.846342	4.817457	4.80272	4.626234
4.7675	4.560019	4.155135	4.83135	5.034836	6.086608	6.166707	4.626191	4.583031	5.490373
4.845941	4.961906	4.723615	3.690665	4.88008	3.963368	5.395647	5.741538	4.742798	5.433142
5.990856	5.855991	6.276783	4.446073	4.303599	4.136201	4.894424	3.981785	5.573761	6.085147
4.618101	4.718334	5.060142	4.87119	5.770858	5.959252	5.521167	5.132845	4.646738	4.809995
4.639739	6.08041	5.225653	5.855799	4.785027	5.988942	5.711069	5.097999	4.923763	5.474674
4.947736	4.622391	4.739596	5.044709	4.607063	5.656623	4.562685	5.477236	5.967744	4.431445
5.31984	5.800932	4.4951	4.378309	4.276856	6.570464	4.705477	5.004643	4.203115	5.876539
5.68699	4.820261	3.567413	4.804818	4.265914	3.874195	4.56639	5.366925	3.497254	4.293523
5.017145	5.191517	5.455376	4.721269	5.263995	6.030854	4.822423	5.36206	5.048461	4.470185
6.089717	5.290875	4.179159	5.234975	5.264384	5.059555	4.530575	4.828459	4.96763	5.201019
6.052351	4.106639	5.001857	5.530518	5.02834	5.188869	4.808145	5.630718	4.9602	6.298065
4.99378	4.97843	4.921335	5.942993	4.792584	4.034012	4.358931	4.942951	4.982334	4.933252
5.497743	3.790471	5.873583	5.01479	5.120995	5.893907	5.249295	5.2024	4.34208	4.94103
4.355396	4.942219	4.509915	5.857107	5.344683	6.259896	5.339587	6.607871	5.428759	4.549401
5.504469	4.687323	5.359714	5.874657	4.868073	5.09739	4.802841	4.846962	5.062647	4.515163
4.365822	4.675774	5.051632	4.931592	5.023689	4.975081	5.291716	5.686159	4.653589	5.250433
5.001469	4.7531	5.035938	4.384173	5.621074	5.548906	4.948529	5.263137	4.383981	4.55242
4.943483	4.928133	6.056714	6.420601	5.50641	5.469373	5.300106	4.892653	4.890087	4.70406
4.315124	5.06818	4.523735	5.496688	4.369647	5.82116	4.894308	4.48495	3.866722	3.377107
4.821479	4.806129	5.453599	5.219295	4.782476	4.648779	5.102669	4.77065	4.62712	4.086019
4.40309	4.841184	4.682057	5.47374	4.490091	5.824924	4.436309	4.517909	5.219711	4.980282
5.403214	5.225996	4.914424	5.274923	4.887306	4.861328	5.360529	4.356836	4.308203	5.7728
4.689231	4.904175	5.117818	5.589536	3.797279	4.994435	4.906452	5.85144	5.664734	4.750706
4.952157	4.936807	4.569321	5.633558	5.136794	5.457999	5.656485	4.901328	5.625126	5.009871
5.480449	5.454665	4.80968	4.565518	3.766067	5.563467	5.07134	4.580362	4.835718	5.36847
4.476788	5.319884	4.994316	4.401608	5.880902	5.343031	5.401293	5.303069	4.90396	4.808987
5.287865	5.56214	5.189394	4.861015	5.026416	4.707618	4.713902	5.340629	5.297038	4.722087
5.915408	5.93756	5.060033	5.286318	5.880095	5.609877	5.109941	5.375755	3.926641	4.959576
5.085209	4.951888	4.221886	4.378633	4.789512	4.619315	4.911333	4.36325	4.778098	5.167165
3.960369	5.302006	5.40838	5.083677	5.356582	4.620641	5.410069	4.053993	4.780978	4.71648
3.934584	4.965355	5.445105	5.469952	4.705297	6.215065	5.070086	3.181088	5.370252	5.149857
4.468349	5.466789	4.437122	5.433406	6.031262	4.227592	5.106868	4.979762	5.65309	4.161205
4.452269	5.317132	4.572258	4.082913	5.564096	4.06689	4.792769	4.829349	5.669933	5.011493
6.434345	4.027357	4.324019	5.063624	5.115895	4.677045	5.172253	6.709003	5.242444	6.287132
5.023835	5.008024	5.375637	5.339862	4.298186	5.320777	4.841672	5.317316	5.343272	5.362753
4.858197	4.842847	5.058555	4.472073	4.564981	5.355973	4.626051	4.807368	5.122362	4.646039
4.889949	4.955232	5.290143	4.44196	5.065259	4.856572	4.233846	5.633738	5.393533	5.665552
4.748324	5.663652	5.556441	5.013009	5.144758	5.891975	4.720043	4.610745	5.928968	4.730057
5.026068	5.010718	5.388229	4.295738	4.962555	4.229823	5.703502	4.975239	4.135678	4.853418
5.513968	4.665689	5.199171	5.854365	5.203608	4.680777	4.407615	5.478087	5.338196	5.107777
4.615911	4.392751	4.766926	5.098734	4.787847	4.006497	4.771201	4.461812	5.147315	5.345565
4.786036	4.006344	4.62449	4.206643	4.28313	5.205094	4.642939	6.039242	5.797419	5.678757
4.930687	4.947187	4.681417	5.189244	5.046228	4.000138	4.582058	5.954609	3.982294	4.8483
4.967967	4.952617	4.392508	4.952718	4.960868	5.324802	5.474226	4.917137	4.577456	4.181064
4.454858	4.846855	3.7991	4.152239	5.08041	4.454238	5.771966	4.468518	5.695201	5.456517
5.747598	5.428077	4.13993	4.977549	4.833711	5.162829	5.767512	4.309523	4.472578	4.275324
5.572332	4.783653	6.006677	3.878026	4.00019	4.582792	4.722764	3.681271	5.373735	4.308371
4.927289	4.809708	4.538997	4.956627	5.67397	5.006301	5.081986	5.04632	4.802297	4.235344
5.141768	4.630122	4.760038	5.344271	4.458062	4.372995	4.175795	4.740982	4.447416	5.428223
5.35211	4.308871	4.709233	6.107429	4.510584	5.349603	5.190676	5.423832	5.623323	4.945048
5.027922	5.012572	4.911606	5.039793	5.267592	5.561806	5.119759	4.977092	5.740914	4.984748
4.909963	4.894613	5.693763	5.661249	5.380408	3.926039	4.353521	4.859133	5.921087	5.229593
4.708236	4.247509	4.364517	4.42043	5.547572	6.416517	4.301938	5.741228	4.999255	4.630313
5.036015	5.992686	4.516314	5.839638	4.385237	4.169096	4.912896	3.947701	4.925636	5.109388
3.955715	4.435753	6.001972	4.667716	5.350222	6.144894	5.899793	5.385102	5.661942	3.84925
4.754748	4.889291	4.87359	5.013941	4.983731	4.647225	4.997535	4.34606	5.610492	5.040491
5.100794	5.974033	4.993396	4.458759	5.472616	5.361688	5.328968	5.839665	4.760865	5.395581
5.171554	4.886848	4.21945	5.512425	6.154773	6.020615	5.144514	5.030581	5.069821	5.352256
4.895167	4.879817	4.335003	4.7388	5.779786	4.496253	5.194806	4.844338	5.091152	5.880103
4.635275	5.696157	5.049509	4.769007	5.104899	5.46179	4.898002	5.941688	5.128552	5.47517
5.464649	4.707482	5.14178	5.135925	4.699252	4.778399	5.607255	4.985013	5.156256	5.21057
5.312102	4.799143	4.814115	5.414009	6.238598	5.053143	5.114068	5.925533	4.605146	5.870406
5.618075	4.714012	5.737311	5.236883	4.348219	5.031399	5.622058	5.148584	4.76971	5.483587
5.038885	4.622593	5.141933	5.667504	6.058534	5.038059	3.134855	5.328488	5.750726	5.381463
4.811541	5.409642	4.728573	5.526404	5.008649	3.7356	4.248909	3.890404	5.519922	5.003743
5.009904	4.994555	5.145374	4.530116	5.99787	4.537819	4.820234	4.959075	5.640833	3.513675
5.160734	4.531158	5.744869	4.606054	5.661116	4.94243	4.621617	6.891088	5.135787	5.836206
4.900967	4.885617	5.154577	5.505331	5.015217	4.009915	4.703007	4.850138	4.503977	4.706267
5.077274	5.255324	5.662498	4.934882	4.897956	5.467523	5.177814	4.63678	4.777523	5.173014
5.879687	4.027894	4.167959	4.864208	5.089778	5.27307	4.055078	4.895536	4.514099	5.110764
4.956207	4.926837	4.773215	4.602248	4.232592	4.918988	4.732719	5.208929	5.12321	4.928312
4.796573	4.67471	5.132214	5.60222	4.477846	4.168333	5.185354	5.458676	5.488005	4.814478
5.621113	5.142848	5.569997	5.411816	4.951046	4.90807	4.104746	5.470701	4.41674	4.084552
5.238692	4.840858	5.265008	3.824203	5.066254	5.527977	4.874638	4.690225	4.349086	4.842906
5.343938	6.981812	5.169081	5.354841	4.701288	5.049206	5.317623	4.84583	4.967	4.687767
6.055872	4.962559	5.938234	5.467726	4.982659	4.532413	5.064517	5.088376	4.977336	5.437195
4.151666	4.219034	4.962599	4.510007	5.627117	4.731139	4.993409	4.819085	3.49182	4.732534
4.845671	4.935811	5.402575	5.167222	5.579175	5.210067	4.602362	4.576309	6.19634	5.223793
5.676724	3.989392	5.169989	5.309939	5.383625	4.84467	4.553172	5.057792	4.636356	5.00491
4.991327	4.975977	4.104067	4.83142	4.236932	5.358697	4.670192	4.940498	4.930533	4.891117
4.343338	5.839377	5.579933	5.762686	4.8866	4.574715	5.771505	5.760162	4.665061	5.77963
5.151231	5.872973	4.194113	4.439294	4.433765	4.581553	4.549765	4.149089	5.456499	5.635907
4.22549	5.149978	5.581272	4.802279	5.440918	4.29793	3.9425	4.627929	4.768506	4.286881
4.01991	4.930607	4.797915	4.276174	4.41655	5.07826	5.081789	4.692906	4.672222	4.165589
4.902842	5.512527	4.624397	5.214495	5.678496	4.788554	5.827433	4.823269	5.78549	5.435894
4.682421	4.967824	5.272027	5.329067	6.594697	5.577667	4.631856	4.426021	5.639434	5.457379
4.646963	4.854787	5.39655	4.790593	4.180556	4.614829	4.458214	4.703465	4.856182	5.414044
4.624038	4.247249	5.421283	5.401907	5.067126	4.941293	5.317705	4.829833	3.631729	6.382259
5.105676	5.574302	5.692955	5.47608	4.817911	5.219997	5.816707	4.085444	4.495622	4.725113
4.277039	5.00174	4.562222	4.924075	4.683996	5.670201	4.999186	4.005284	4.956159	4.860698
