5.375484	5.343908	5.663599	4.881995	5.16985	5.040753	5.031588	5.378361	5.570256	4.807333
5.474901	4.855852	4.664165	5.264764	4.845929	5.264202	4.117057	4.868831	4.619475	4.223268
4.488407	4.908958	4.885762	5.553593	5.054456	5.528915	5.584821	4.891293	4.891091	5.305946
4.748038	5.911613	5.272035	4.56681	4.481581	4.41432	4.632157	4.038667	5.172845	4.78264
4.690179	5.246737	4.548344	4.302098	5.221317	4.332837	4.027482	4.312812	5.057837	3.820964
5.727395	5.851653	4.497177	4.744543	5.642344	5.593001	5.785393	5.450695	5.965804	5.187784
4.955274	5.537572	5.169966	5.156684	4.9202	3.729789	4.595485	4.70168	4.769636	5.665219
5.823586	4.60284	4.097432	4.608231	5.49722	5.167543	5.305368	5.051803	6.303471	5.611737
5.189278	5.171189	4.515231	5.386322	4.710232	4.72791	5.603529	5.000584	4.75362	5.266429
4.23752	4.674099	5.569686	4.068703	5.489936	4.927081	5.489469	5.438232	5.899569	6.428076
5.225725	4.523766	5.069848	4.834715	5.767764	5.216006	3.968037	5.444264	5.281791	4.654198
5.383415	4.460036	4.881536	5.661856	5.534204	4.38975	4.549993	5.366045	4.824548	5.000791
6.003185	4.782899	5.305578	4.611981	5.634931	4.484589	4.929947	6.083922	4.793448	4.558368
4.924377	4.965844	5.332443	4.949433	6.124951	5.234516	5.064435	5.416685	4.945866	5.142493
4.034	4.932692	5.530069	4.332328	5.576956	4.970718	4.880632	5.373574	5.520671	5.283626
4.781417	4.460383	4.732156	4.756294	5.212162	5.025393	5.789731	5.595599	4.722748	5.899424
4.613855	4.73954	5.434608	6.212882	5.164772	4.402369	5.538769	4.691062	4.550423	5.819911
4.547748	4.435849	4.889771	5.115702	5.439861	5.43732	5.153779	4.517771	4.285038	4.099308
4.743937	4.629428	4.926301	4.83372	4.13175	4.718114	4.557464	5.378049	4.803196	5.450906
5.335675	4.224823	5.199084	5.255446	4.585598	4.849144	5.788639	4.970055	4.824273	4.765361
4.134195	5.976803	4.29276	4.32714	4.718803	5.374685	5.174448	5.267184	4.937924	5.047463
5.534081	4.757403	4.796027	4.936321	5.253419	5.831406	5.468816	4.501893	5.35922	4.713697
5.066747	5.108214	4.863101	5.091803	5.59987	5.466015	5.281668	6.35026	5.695713	5.081997
5.372905	5.743608	4.151151	5.560876	5.545242	5.100673	4.507748	5.470865	5.082831	5.523213
6.066002	5.408348	5.573982	5.151091	5.257757	4.579536	4.916999	5.18886	5.427286	4.638378
3.576339	5.751574	4.664831	4.702255	4.486234	5.774552	5.699663	4.137946	4.516017	5.109284
5.415195	6.037905	5.444214	5.884019	4.971735	5.134966	5.185513	5.781576	5.022805	4.329165
5.757589	4.436992	6.013342	5.22414	4.777991	5.291808	4.900311	4.994435	5.288712	5.148171
4.788715	3.882783	4.526103	4.923875	4.472495	5.730821	5.804306	4.313332	4.397672	5.756757
4.913299	4.954766	4.292413	4.938355	4.757852	4.637744	4.367194	5.022621	5.335769	5.929901
4.651842	5.116173	5.399859	5.348825	4.364598	5.197586	5.818865	4.196849	4.750351	4.473634
4.824193	4.958833	5.762871	5.439539	5.744805	5.826633	6.281435	5.584621	5.985199	5.136445
4.315762	4.793873	4.819049	4.856421	4.975095	4.62074	4.184799	4.582775	5.267419	4.919085
4.967721	5.009188	4.600325	4.992777	5.436019	6.33591	6.057913	4.033301	4.905605	4.620109
6.071693	5.502545	6.090184	6.089772	4.205553	4.964079	4.948102	5.978432	4.639221	5.547345
4.660418	6.132745	5.550202	5.366304	4.366171	4.85065	4.970867	6.13994	4.627541	3.707819
5.702994	4.457796	4.092352	4.505331	4.518689	5.229728	5.175313	6.877975	4.336257	4.959285
4.94327	4.715181	5.108643	4.64516	4.75457	5.040343	5.522648	4.624453	5.802228	5.629856
5.254954	4.697166	4.881586	5.313692	3.976295	4.877215	5.119561	4.70861	5.204998	4.772701
5.005119	4.534837	4.655273	4.799393	5.174525	6.314075	4.798872	5.331039	4.30757	5.884041
4.990435	5.031902	5.532589	5.015491	3.493306	4.835025	4.392368	5.88187	5.143792	4.802097
5.828598	5.250452	4.715078	4.154441	4.92298	5.191109	5.831594	4.860231	5.24961	5.444706
4.232426	5.113704	4.991438	4.037976	4.129365	4.825727	5.08132	4.982786	5.230466	4.743212
5.721803	4.466627	5.676058	5.315571	4.595737	5.223248	4.206213	4.078781	5.325619	5.51975
5.019859	4.453806	5.253975	4.832468	4.600148	5.13822	5.799459	5.170894	5.714194	5.199916
5.057505	5.812575	4.621613	4.591541	4.80117	4.219304	4.856697	5.428522	5.763473	4.919892
5.481486	5.202775	5.80411	4.472166	5.031094	5.15995	4.3384	4.812918	4.611953	4.940733
5.421069	4.055516	4.917073	4.866636	4.782131	4.534276	4.765668	3.919523	4.572324	4.328391
4.565126	4.831583	4.945526	3.830144	4.338453	5.266539	5.035221	5.389663	5.523125	5.032444
4.231988	4.819449	5.832547	4.792814	4.462103	5.736619	5.445438	4.679352	4.775189	4.885336
5.148677	5.37304	5.058883	5.39601	5.336239	3.982064	5.237216	5.039832	5.487932	4.049927
4.477224	5.240042	5.692434	5.736897	5.531719	4.346128	5.617453	4.587966	4.091624	5.179128
5.58955	4.308376	4.409994	5.042548	5.128293	5.206841	4.820168	5.32087	5.433287	4.543671
4.829043	3.884715	4.459002	4.635636	4.270957	4.790614	3.848129	4.30695	5.60796	5.189205
4.842842	4.884309	5.312847	4.867898	5.310992	5.621604	4.560638	4.636673	4.276971	4.503909
4.695105	5.721055	5.175315	5.393652	4.330966	5.576468	4.176273	4.906047	4.718554	5.128047
4.29384	5.450523	6.130792	4.762514	4.592496	5.192335	4.69789	5.691936	5.103424	5.689605
4.997572	5.284258	4.430627	3.824464	5.493082	4.971117	4.33956	4.047423	5.050936	5.67449
4.536438	4.591551	4.731557	5.765007	5.145981	5.270323	4.925942	5.360776	4.952988	4.326646
4.982544	5.024011	4.431038	5.0076	5.414011	5.468218	6.181231	5.145383	4.73442	5.078586
4.853678	4.676435	4.82531	4.764162	4.353827	5.540965	5.641615	4.347395	4.525289	6.127292
5.301686	5.723542	4.623303	5.574908	5.83632	4.698938	5.332872	4.725603	4.680463	5.582399
4.978236	5.019703	5.300018	5.003292	5.714396	4.872574	5.22238	4.833689	5.562575	4.662334
4.692348	5.944537	5.533329	5.424824	4.274134	4.883253	5.995916	5.338371	4.530657	4.814902
5.779009	5.425509	5.352671	6.053924	5.003574	3.617022	5.086741	5.397362	4.552084	4.567408
4.925203	4.96667	5.116024	4.950259	4.589761	5.558925	4.929563	4.514477	5.135946	4.285011
4.273053	4.44376	5.10508	5.331673	4.809413	5.116092	5.338547	5.02105	4.954735	4.634205
4.986033	4.721315	5.213018	4.946455	4.315347	4.310876	4.727254	4.946838	4.109944	5.204633
5.08917	5.889151	5.692875	4.931076	5.133041	5.2356	6.027994	5.410019	5.176604	4.590307
4.521775	4.866844	5.552518	5.983527	4.522236	5.194978	5.142355	5.573134	5.346931	4.989117
4.882256	5.421937	5.663293	4.923542	5.447423	5.059128	5.447685	4.50078	4.812998	5.182842
6.473656	5.005392	5.099776	5.108604	4.50122	4.705337	6.097873	5.731661	4.966434	4.073928
5.653883	4.895551	4.781769	4.819211	5.151881	5.383461	5.241974	3.74483	5.289555	5.206649
5.06376	5.305383	4.363198	6.639505	4.65213	4.35159	3.697119	4.799322	5.111759	5.241969
5.682817	5.196803	5.182971	4.549322	5.511437	5.713905	4.529993	5.020931	4.718132	5.231512
4.943899	4.985366	4.848582	4.968955	5.048955	5.403451	4.722076	3.29511	5.763824	4.949633
4.785128	4.284111	5.29037	4.991722	5.645671	4.515301	4.00946	4.712624	5.415899	5.611215
5.047085	4.890521	4.464263	5.082161	5.188535	4.007705	5.147853	4.987418	5.695901	5.409025
5.596159	5.964861	5.417348	4.422082	4.386876	4.60909	4.731777	4.687604	5.600524	4.956717
5.542735	4.656718	5.175024	4.654655	4.608975	4.98614	5.118597	5.300355	4.249611	5.267059
4.953336	5.463996	5.40147	5.353642	4.927377	4.996949	5.084062	4.188009	4.16194	5.108871
4.433343	4.879847	4.456229	4.883566	4.083768	4.883824	5.137431	5.131816	3.713013	6.019016
4.294432	4.752853	5.872809	5.28115	5.48706	5.52985	4.886498	4.302784	5.389905	4.760663
5.669661	5.333302	4.705098	5.088736	5.507006	5.614539	5.194475	5.75389	4.580019	4.548808
4.754933	6.258188	5.808883	5.450493	4.840441	3.915379	4.789207	5.324107	4.932698	4.073771
4.811433	4.910071	4.772586	5.652776	6.158998	4.952052	5.173774	4.902591	4.547177	4.454306
4.938682	5.063912	3.954705	4.302027	5.131338	5.128265	4.824854	5.13654	4.878164	5.852457
4.997689	5.039156	5.878563	5.022745	5.160404	5.573425	4.615637	5.321159	4.829818	3.917553
4.250838	4.845095	4.25809	4.717704	5.341606	5.654672	4.996612	5.889976	5.171525	5.902807
4.909534	5.030658	4.464561	5.173958	4.886724	4.21504	5.001141	5.778546	4.738261	5.49607
5.602544	5.033776	4.892972	4.637705	5.052674	5.55195	5.038754	5.53335	5.302354	5.013982
4.972902	5.014369	5.859976	4.997958	5.010015	5.077573	4.242697	4.723288	5.524229	5.037878
5.672085	5.525737	5.913838	5.748096	4.520113	4.443777	4.272629	5.358169	4.967325	5.568597
4.976079	5.017547	4.93691	5.001135	5.901086	4.29016	6.127147	5.934692	4.56557	5.094829
6.001778	4.751076	6.030081	4.737636	4.565163	4.649181	4.945761	5.146333	4.429182	5.715827
4.969305	5.010772	5.48248	4.99436	5.394072	4.801893	4.215859	3.689314	4.474018	4.970116
5.054493	4.764371	4.519339	4.487225	4.821458	5.042446	5.000467	4.327559	5.735229	5.025518
4.838111	5.686774	4.795039	5.483825	5.939602	5.072655	5.368205	4.173862	5.118945	5.837854
4.905501	5.075471	5.057132	5.161511	5.002918	5.405135	4.433297	4.803512	4.801349	5.12317
4.380148	5.458027	5.020549	5.679664	4.650461	4.764956	4.615435	4.60159	5.831265	4.320013
5.015693	5.087145	4.751276	4.772856	5.228691	5.844244	4.470561	4.832686	5.41986	5.504547
5.423755	5.117408	3.742332	6.294562	4.231276	4.819767	4.339283	5.269703	5.618489	4.406885
5.234353	5.242049	5.033197	5.334291	5.615513	5.186543	4.589923	5.087704	6.261305	6.126232
4.334327	4.494277	4.80723	4.981991	4.564919	5.432477	5.039863	4.724838	4.967119	4.966114
3.614262	4.596327	4.792449	5.741449	4.037874	4.279996	5.218613	4.857488	5.571648	5.170726
4.500702	5.082332	5.553543	4.426138	4.532631	5.859983	6.103675	4.803466	4.865289	5.547633
5.098184	4.540529	5.038275	3.654529	5.43312	4.599123	4.939008	5.534491	4.877376	5.455126
5.749133	5.106248	5.115698	5.190598	6.327015	5.362487	5.436003	6.075181	4.842895	4.750227
4.862778	4.875015	4.735623	5.038344	5.050841	5.053361	5.113293	6.154632	3.900908	4.588437
5.704175	5.333721	5.196092	5.504769	4.775558	5.376825	4.291941	6.043784	4.986221	5.092689
5.008523	3.367326	4.797575	4.309861	4.441031	5.139927	4.724652	4.424393	4.125117	5.46929
4.164666	4.45725	4.44287	4.260516	6.064466	5.430933	5.910792	5.361073	5.27008	4.109315
4.515861	5.053768	4.614422	4.934118	4.776509	4.302153	4.444727	4.753503	6.097725	4.92023
5.405276	3.359565	5.680616	5.381337	4.822364	4.92111	4.41225	4.733896	4.388869	6.156135
5.314121	4.897067	4.214247	4.237103	5.129184	4.970596	3.723858	4.848419	3.721204	5.230329
5.124848	4.562152	5.997581	5.065002	4.384565	5.656812	5.481677	4.880783	5.125092	5.195889
5.065457	5.106924	4.854042	5.090513	4.861629	5.867414	5.370229	4.725884	4.926769	4.291326
5.33365	4.678476	6.085444	4.431031	5.043747	5.03687	5.684272	4.699	6.02917	6.046451
4.308883	5.252961	5.795115	5.494658	5.70502	4.446391	4.696323	4.570403	5.040001	4.011908
4.718169	4.584173	5.28207	4.616121	4.956123	5.023633	5.044057	4.739763	4.118428	5.885562
4.939597	4.257949	5.170122	5.362125	4.969542	6.330931	4.440904	5.517655	4.984576	4.926847
4.988286	5.010034	4.515577	5.285622	5.261018	4.662243	5.867817	4.598157	4.739598	4.044256
5.468794	4.391118	4.852632	5.194746	4.110836	5.498431	5.302411	5.112326	4.61686	4.770737
5.047885	5.443584	5.13859	4.176222	4.212252	5.283391	5.394393	4.404428	4.614652	4.756648
4.921753	4.795543	5.955726	5.082718	5.251589	4.851852	4.534966	5.480931	4.974793	4.566252
5.347748	5.270215	4.591824	5.252687	5.236432	4.937479	5.829646	4.829165	5.682789	5.55014
5.381712	4.748533	5.423605	5.532073	5.111183	4.554366	4.881498	4.382281	5.633526	4.693556
5.20186	5.224804	5.231966	4.79254	4.877666	5.811385	4.893717	6.044055	4.559722	4.782966
4.494709	4.622175	4.994091	5.52156	6.214349	5.161855	5.017756	4.30941	4.76897	4.922493
4.991827	5.033294	4.555007	5.016883	5.40622	5.053942	5.800284	5.380882	5.02586	5.65864
5.428724	4.866401	6.056789	5.015017	4.240002	5.768764	5.097231	3.898619	4.861308	5.547198
5.016881	5.357183	4.768903	5.676494	4.854876	5.459708	4.773471	5.438899	4.294004	4.485378
5.041066	5.082533	5.328786	5.066122	4.203	5.665215	4.143201	5.309287	4.204318	5.583035
4.858973	5.428376	5.549235	5.095499	5.430586	5.116265	5.131393	5.058439	4.918361	5.401781
4.92667	5.327899	4.734513	5.857741	4.783259	5.23237	4.835169	5.871139	4.529627	4.951718
4.699511	5.061043	5.284598	5.076393	4.636142	4.555762	4.45166	4.814902	4.70973	4.060469
4.270525	5.066241	4.851654	4.939263	4.991454	4.620199	5.128864	5.639702	4.644157	5.215962
4.345122	4.411825	5.510498	4.459696	4.363771	5.063276	6.446488	4.647081	4.759471	4.911373
5.592402	4.45359	3.991479	4.809842	4.849512	4.177314	5.145442	4.848787	4.729708	4.781147
4.721066	5.339971	6.323956	4.885221	3.991801	5.248394	5.072869	4.539104	5.03932	6.110341
5.756021	5.648842	4.972118	5.118928	5.316369	5.24193	4.961344	5.948785	6.414471	4.995179
4.779871	5.244432	4.13926	4.887496	4.762866	4.407954	4.819525	5.949779	5.833431	4.881124
3.906074	4.898225	5.638906	4.507218	5.193441	5.333521	4.246956	5.601635	5.91076	5.470706
5.701328	5.071853	5.372338	4.327115	5.782583	6.008834	5.230832	5.274676	4.705421	4.932443
5.492555	5.961314	4.438741	6.214097	5.09129	5.31775	4.68104	3.922488	5.45321	5.668264
4.908269	5.393946	4.843989	4.741991	4.831571	5.729596	5.508061	5.928725	6.13593	4.252916
4.959078	5.000545	5.892288	4.984134	4.718508	5.582975	4.989359	4.595185	4.913777	5.613264
4.245977	5.491676	5.459122	4.977817	4.743994	5.381235	4.575453	5.007938	5.183394	5.380106
4.483722	5.402227	4.895834	4.591466	4.581931	3.784025	4.948636	4.97976	4.567266	5.508629
4.922683	4.96415	4.689627	4.947739	4.950203	4.806134	4.332287	4.363052	4.898898	4.520988
6.316385	4.178943	4.58297	5.169745	4.299691	5.135663	5.157581	4.456108	4.333016	4.86749
5.421014	5.536147	5.420539	5.376771	5.68937	4.315348	4.517631	4.289682	4.214067	4.457216
5.197253	4.665034	4.498219	4.916564	5.667339	5.765509	6.107033	4.962381	3.764871	5.4998
5.198979	5.305986	4.832135	5.132263	5.861622	5.38552	4.989	4.708396	6.065863	5.015421
5.007019	5.048486	5.196238	5.032075	4.948987	5.089025	4.553136	4.841192	4.970346	4.985026
4.90265	5.553178	4.934153	4.206596	4.965091	4.876143	4.831133	5.406702	5.009205	5.817868
4.816978	4.520978	5.177355	5.206102	6.253004	4.321911	5.375786	4.63238	4.667344	3.520749
4.938655	4.980123	4.390033	4.963711	4.555277	4.894948	3.785346	4.488977	4.926293	4.95816
4.697627	5.533732	5.401071	4.334941	5.06802	4.670858	4.968399	5.268723	4.337178	5.148542
4.558734	4.591452	4.353917	4.3952	5.362738	6.097428	4.522687	5.095234	5.517384	5.617811
4.985037	5.026504	5.598405	5.010093	5.141048	4.642427	5.514934	4.810392	4.140381	4.608167
4.445893	5.766966	4.419762	5.726552	5.319504	5.452635	6.192244	4.139829	4.87574	5.602807
4.758023	5.628328	6.12512	4.507552	4.892346	4.892277	5.063992	5.09669	4.488195	4.978365
4.75814	5.259037	4.767807	4.937307	5.111079	5.151932	4.135975	5.375897	5.793029	5.349374
4.236829	4.68715	5.245639	5.548441	4.711894	3.95687	5.224415	5.081681	5.152601	4.455553
4.625768	5.387435	5.364861	4.459522	5.459507	4.906704	4.856062	4.948471	5.661029	5.200408
3.778442	4.700691	5.882699	4.589108	4.537057	5.160409	4.101842	5.203442	5.312138	5.479942
6.859613	4.977407	4.867587	5.051626	5.382559	5.363957	4.355601	5.37275	6.073339	4.79487
4.945957	4.987424	4.358859	4.971013	4.04927	5.749755	4.332363	6.141097	4.66011	4.728862
4.831154	5.029207	4.75771	4.953108	5.585377	4.402842	4.804461	4.607453	5.577147	4.687659
5.528838	4.539487	5.936682	6.001775	5.244181	4.416591	4.948696	5.409989	5.265952	5.367476
5.344819	5.685369	5.680398	5.531892	4.900537	3.212489	5.414735	5.993493	5.06717	5.248865
4.995771	5.037238	5.386449	5.020827	5.507584	5.266516	4.745508	4.277196	4.581049	4.672842
4.522076	5.43394	5.536344	5.345213	4.958889	4.775281	4.855175	4.906689	5.536908	4.318463
4.473919	4.960289	5.073376	4.964419	4.993403	4.958237	5.151844	5.493958	5.467476	4.526883
4.939598	5.447853	5.509787	4.841152	4.221995	4.138847	4.950675	5.59007	4.512821	5.288079
4.998609	5.040076	4.723111	5.023664	5.644308	5.738232	5.035858	4.740136	4.811619	4.593748
4.474601	5.246573	5.285018	5.416011	5.444633	6.303683	4.471816	4.708959	5.357638	5.015012
5.258945	4.496568	4.514964	5.278506	6.083429	6.192208	4.386788	4.789408	5.184604	5.46691
4.272264	4.602231	5.198076	5.55009	4.939697	5.135326	4.40703	4.80663	4.271309	5.600627
4.430893	4.62763	5.653098	5.228116	4.28562	6.093657	5.061041	5.36561	5.779082	5.281798
5.081553	5.123021	5.547893	5.106609	4.208358	5.547495	5.306664	4.643409	5.002959	4.374203
4.829689	4.468106	5.327858	4.930776	5.91278	4.431572	4.361917	4.335484	5.540494	5.353107
4.432766	4.848102	5.23494	4.569524	5.216104	5.884977	5.556837	4.224496	4.64252	4.385245
4.945585	4.615808	4.144134	4.078675	5.541537	4.076289	5.167462	4.62116	4.893807	4.199651
5.069508	5.675676	4.137649	4.075036	4.887811	5.012672	4.972909	5.227726	4.752514	4.029854
5.812376	5.222206	3.499132	5.01293	4.744256	5.190539	5.734599	4.798517	5.206511	5.160204
5.219357	5.702027	5.136419	4.707259	4.267107	5.055099	5.97983	5.395413	5.085709	4.391068
4.854291	4.895759	5.174619	4.879347	5.449713	4.413847	5.345173	3.91747	5.813521	5.548515
4.957967	4.999434	4.351048	4.983023	4.851463	5.31864	5.185338	5.712518	4.920948	5.474153
4.872555	4.914022	5.4879	4.897611	4.804609	4.731048	4.678601	5.242238	5.086333	5.314925
5.069519	5.818296	5.335079	5.289413	5.110891	5.290636	5.329398	5.287904	5.773652	5.205616
5.531722	5.833752	4.438375	5.678949	5.363626	4.612192	4.188089	5.132972	4.562517	4.691485
5.138336	5.354584	4.805001	5.042133	4.838206	6.063761	5.291226	4.999713	5.393587	5.114513
4.670506	4.917151	5.41778	5.167627	4.945846	4.707962	5.328571	5.870479	5.009371	4.899529
4.852009	4.893476	4.962513	4.877065	4.911698	5.545825	5.993142	5.759701	4.973566	4.700883
4.113069	4.898285	5.0044	4.519674	4.959558	4.311473	4.94817	4.476797	4.769109	5.054845
5.05178	4.859813	4.710402	5.053703	4.520431	5.598603	3.809201	4.299603	4.544813	4.964199
5.861177	4.414999	5.134609	5.444849	5.296162	4.576623	5.305767	5.6988	4.77378	3.815338
5.263053	4.636229	4.596706	5.412842	4.502239	5.212112	5.048815	5.135891	5.628685	4.837615
