4.395555	4.016186	4.872548	6.081335	4.859449	5.097996	5.235634	4.88276	5.15494	5.310167
5.184225	4.838762	4.996999	4.637209	4.526482	5.609157	4.820156	3.905642	4.998333	4.282423
4.937875	4.399235	5.914595	5.078124	5.583439	5.317887	4.595453	4.47078	5.782848	4.576261
4.656905	5.41845	4.849072	5.754595	5.637354	5.052705	4.683585	4.27672	5.731769	5.214102
5.17354	5.798982	4.394614	4.22263	5.792511	5.704923	5.212856	5.036074	4.994662	4.012234
4.765984	4.846838	5.513246	5.255452	4.162974	5.683877	5.190687	4.615111	4.596717	5.254492
5.079216	4.837332	4.596737	4.778362	5.834301	5.008389	4.193037	4.722666	4.85397	5.846416
5.38283	4.568468	4.688078	6.116581	4.662702	5.771625	4.714684	4.785925	4.310187	5.973862
5.166991	4.707216	5.644333	5.602545	3.833871	5.013844	5.327628	4.959591	4.897799	4.686844
4.421797	5.30053	4.622722	4.730551	6.136683	4.369504	5.62359	5.081763	5.028291	3.938474
4.971381	4.940559	4.720536	4.171885	4.331158	5.356558	4.743505	4.824847	4.949551	5.743184
5.035377	5.306356	5.499247	4.594035	4.45703	4.56828	4.491113	4.970163	5.022666	4.046437
4.398785	4.654086	4.828499	5.049365	5.251034	4.70029	5.120686	5.317864	5.580989	5.128206
5.608088	4.837037	4.627251	5.230215	5.082304	5.281764	4.701828	5.058692	4.235537	4.345355
3.956366	4.358306	4.915685	5.040623	5.186249	4.834423	4.292082	4.586673	5.131018	5.486045
4.559218	4.411254	4.841682	5.808847	5.147657	5.188448	3.921821	4.475491	5.270292	4.512815
4.686989	5.477417	4.888499	4.861105	5.15864	4.436418	5.077168	5.275374	4.379863	4.96007
4.511588	5.273615	5.374417	4.76185	5.536673	4.380177	4.92744	4.47192	5.079522	5.832812
3.857182	4.645955	5.514495	5.87034	4.899878	4.262743	5.260441	5.011191	5.623034	4.700303
4.38896	3.671424	5.368131	5.993488	3.858387	4.833939	3.520315	4.81749	4.945059	4.953305
4.519064	5.538897	4.928917	5.997244	4.907601	5.024621	5.622342	5.353171	4.724506	4.330889
4.91302	5.698718	6.143242	5.295576	5.132692	5.584616	5.741854	5.369584	4.733083	5.277112
5.147946	4.575982	4.121495	5.102619	4.856431	5.335475	4.602214	5.584336	4.348025	4.425832
4.938681	4.46142	5.790742	4.077119	4.751327	5.951964	5.205354	4.224387	5.436442	3.747794
4.378994	4.026297	4.707484	4.667325	5.312788	4.59951	5.557391	5.825706	4.707218	4.832064
4.744185	6.243412	4.703576	5.032409	5.563704	5.492833	4.512622	5.054053	4.734977	4.913815
5.134258	5.538167	5.479686	4.736898	3.843549	5.526657	4.548166	4.782939	4.753242	5.092672
4.90532	5.377975	5.117321	5.226859	5.312488	4.715171	3.924574	6.323738	5.506001	5.063603
5.482228	4.856259	3.916037	4.822385	5.571121	6.13091	5.497268	5.187164	4.952738	4.865488
4.759518	5.124923	4.334661	4.649923	4.328296	5.003314	4.944859	4.436218	4.261576	5.862247
4.884775	5.105358	4.929403	4.739076	4.402712	4.397813	5.225261	4.912373	5.553952	4.868179
4.035153	5.606555	5.528082	5.018829	4.815295	5.438836	5.050158	3.819522	5.394409	4.657921
3.902149	5.154069	5.510674	5.708577	4.766744	4.566211	5.089262	4.615474	4.443644	4.207563
4.69066	5.888868	5.59482	4.785098	5.365693	5.284203	4.475562	4.571871	5.975658	5.900868
5.266203	5.282486	4.475748	4.943135	5.262243	4.973279	5.551843	4.583591	4.475632	5.577616
5.820063	4.789079	5.464102	5.234784	5.446408	4.874683	5.40518	4.562759	4.126685	5.260068
4.349988	5.190877	5.523405	5.851685	5.265358	4.593969	6.099185	4.72125	4.782038	6.072403
4.963781	5.56859	4.958951	4.903953	5.794128	4.959567	5.553439	4.086797	6.117198	4.378178
5.045574	6.245744	5.285053	6.048146	5.496933	5.223605	5.238927	4.394458	4.723783	4.103228
5.25391	5.970698	5.990772	4.848081	4.992924	5.171121	5.441986	5.409356	4.89918	4.946801
5.448305	4.646006	5.164306	4.778634	4.849253	5.174097	4.566394	5.759956	4.382863	4.737853
5.148209	6.486693	5.309567	4.004484	5.736413	5.069099	4.727983	5.925443	5.455583	5.438129
4.644778	5.626805	4.843957	4.245455	4.262814	5.829322	5.735372	4.124414	4.51868	6.482372
4.365279	5.609021	4.454165	3.862919	5.778697	4.24923	5.149184	5.323259	5.755513	5.481328
5.48929	4.524409	4.78274	4.309004	5.685245	4.984404	4.072888	5.24685	4.943197	4.366405
5.468996	5.162754	5.961635	5.383157	5.761837	5.698691	5.813594	5.257132	4.644575	5.020584
5.060793	5.335878	4.938339	4.354807	5.356047	4.501469	6.23251	4.883873	4.354953	5.441103
4.816905	4.932672	5.363578	4.718205	5.097049	4.524186	4.945613	5.338366	5.434134	4.866935
5.324504	5.452751	4.502448	4.336924	4.796067	4.933014	5.370284	4.118065	4.935774	4.879674
4.458605	5.041734	5.58993	4.38409	4.189611	4.920337	5.415106	5.238698	4.708122	4.664883
5.268544	5.177989	4.475196	5.434641	5.069408	5.895142	4.482282	4.956693	6.066757	4.695878
5.119647	4.664024	6.324489	5.476516	4.550535	4.790548	5.603191	5.560629	4.624307	5.177051
4.73437	5.601712	5.03732	4.608995	4.876537	5.316634	4.282545	4.715247	5.461303	5.536133
4.762061	4.467733	6.117883	5.339573	4.942022	5.542999	5.209828	4.448722	4.991004	5.401513
4.934223	4.798566	4.948224	4.272771	4.887887	5.49709	4.475356	5.028484	5.456138	5.144185
4.639948	5.369341	4.925726	4.324656	4.391501	5.75983	4.280213	4.809221	4.362292	5.542278
4.64777	5.071038	5.184431	6.241312	4.077814	6.084695	5.36541	5.681356	4.704937	5.832751
4.813373	5.542756	4.791913	4.669971	5.260585	5.394582	4.650878	4.436178	4.521678	4.153316
5.518013	5.100264	4.685256	5.298576	4.992614	4.918706	5.311341	5.016228	5.621033	4.875055
5.172033	5.631838	4.818071	4.766927	5.250728	5.939065	5.355494	6.190226	5.305109	5.486194
5.350992	5.329604	4.252869	4.359394	4.919068	4.574122	5.875368	3.748084	3.834989	5.774219
5.799248	6.148958	5.492208	4.988792	4.457375	6.162782	5.023954	5.378331	4.634418	5.488694
5.85395	5.058839	5.425383	4.112243	4.582605	4.759502	5.214536	4.517149	5.13977	4.989641
5.145617	4.813021	4.825317	4.558566	5.425128	4.244024	5.002998	4.876752	5.271129	4.632626
5.360904	5.619824	4.819094	4.672727	5.818954	4.219056	5.151729	5.136542	4.889044	3.765376
5.209424	4.926228	3.879862	4.91261	4.817418	5.020949	4.169153	5.416483	4.59371	4.300655
4.333494	5.118556	4.958236	4.433639	5.207708	4.881675	4.481744	5.580847	5.613533	5.344467
3.802748	4.618048	4.809727	4.620979	6.069322	4.692115	5.635688	5.742648	5.054859	6.027297
5.479202	4.114085	4.644467	4.837362	5.612292	4.38025	5.461042	5.995274	5.407837	5.91846
4.826293	3.514228	4.551081	5.126537	4.242208	4.800462	5.232697	5.30088	5.265887	4.897739
4.570076	4.205327	4.985314	3.953107	5.780696	5.021395	5.312559	4.89503	4.704377	4.931096
4.940454	3.684368	4.444887	4.842825	4.161827	5.14687	5.656104	5.709074	4.412638	5.665292
4.465086	4.081646	4.960522	4.736333	5.268024	5.209399	4.35181	5.202606	5.800219	6.114145
4.51865	4.787538	4.497064	5.691822	5.779013	5.319645	5.888725	5.309746	4.673541	5.658769
5.553936	4.828707	4.508408	4.452858	4.831872	5.569371	5.411713	5.13392	5.565211	5.639223
5.15169	4.952842	5.044941	4.834786	4.833897	4.501039	5.642672	5.074661	4.312801	4.461026
4.835523	5.857183	5.597508	4.814281	5.259299	5.277344	4.376559	4.516875	3.893519	5.308184
4.540444	4.589867	4.841932	4.308392	4.515971	5.093798	4.667215	6.572251	5.146117	4.43085
4.503308	4.935577	4.665622	5.601116	4.928614	5.929661	4.529617	5.376789	4.733526	4.573317
4.63322	5.091018	4.657184	4.861219	5.35227	5.948369	4.360487	5.349359	4.132345	4.87446
4.095071	4.760972	6.11412	5.076402	4.972072	5.495734	4.752623	5.098135	5.160055	4.926712
5.465017	5.772052	4.052236	4.84262	4.418718	5.313862	5.386588	4.816464	4.364964	4.070594
4.865689	4.729208	5.167529	5.812286	5.505352	4.811233	5.719774	4.687886	5.744711	4.828204
5.925977	4.496991	4.958079	5.26408	5.602247	5.64667	4.881392	5.5495	5.002649	5.409994
4.986203	5.102023	3.711045	6.110245	4.719001	4.543708	4.795835	4.412076	4.761854	4.640904
5.167906	4.939588	4.649481	5.082868	5.189283	4.518358	5.468097	5.73791	4.885875	5.438095
5.211763	4.145215	4.70422	5.869176	5.000775	5.366347	5.699328	5.555801	4.903453	4.260172
4.947986	5.851894	4.706175	4.69475	3.967254	5.477608	5.498848	4.158274	5.910809	5.186101
5.568409	4.527036	4.113463	4.594202	4.991184	4.391071	5.71882	4.748459	4.86972	5.379589
5.613089	4.335446	4.938486	4.396769	5.233708	4.373492	4.761807	4.453182	5.888766	5.929327
4.393758	4.710032	4.821797	4.610639	6.337914	4.91956	5.315803	5.233575	5.447052	5.648503
5.149228	4.907677	6.636982	5.151695	4.604527	4.617225	4.32878	4.75711	4.696533	4.483681
4.471243	5.639471	4.919071	5.67028	4.671859	4.693285	5.088791	5.527466	4.923115	5.157531
5.440941	4.890873	4.59399	4.501822	4.334968	4.977189	5.433403	5.61044	4.317929	4.546115
4.775785	4.411997	5.118735	5.328306	4.603197	4.627151	5.491444	4.906066	5.162167	4.494034
5.595474	5.579566	4.942116	5.071391	4.858322	5.096622	5.58837	4.688858	4.852719	4.919429
4.526439	4.47717	4.955186	4.390491	4.796831	4.518556	5.857768	4.169425	3.886343	5.920002
3.98649	4.919862	4.789224	5.24796	5.517874	5.238532	4.849303	5.912263	4.866893	4.243185
5.762558	5.057119	5.058308	4.330986	5.468126	4.401442	4.830847	5.958167	4.801313	4.77313
4.961908	4.653998	4.973703	4.130499	5.241763	5.710814	4.23454	5.420456	4.19422	3.907701
6.042861	4.369968	4.952971	5.931393	4.538178	4.262131	4.676564	4.271423	4.964616	5.53698
5.198988	4.427088	4.033624	4.883753	4.98915	4.275615	5.440208	4.664307	5.787668	4.970336
4.184944	4.953187	5.68087	5.538876	5.207321	5.061775	4.964105	3.954538	4.749041	4.933053
4.359687	4.496675	5.276585	5.499101	5.626891	5.569695	5.685308	5.140339	5.0378	4.214816
5.013197	5.048712	5.607642	4.361634	5.747231	5.135442	4.632359	5.628824	5.011081	5.082578
4.732418	5.361475	5.342301	4.852613	4.711961	4.606847	5.182925	4.091658	4.440994	4.812445
4.296082	5.095658	4.039143	4.634605	5.039875	4.663564	5.075512	6.570501	5.112693	5.856956
4.798999	4.784041	4.948086	5.42233	5.365244	5.477923	5.551511	4.517668	4.827574	5.07126
5.062865	5.663648	5.759968	4.661972	4.983349	5.363024	5.028707	4.831059	4.961554	4.995682
3.816303	4.768771	4.590333	4.823004	4.728417	4.373379	4.533953	4.009944	5.567969	4.72339
5.22376	5.426608	4.520751	5.173787	5.186246	4.666468	4.584461	4.850415	4.991318	4.493007
3.908927	4.74776	5.094561	5.461783	5.036789	4.274915	5.737564	5.049401	5.828684	5.203974
5.311491	4.954771	5.767822	4.841052	5.109806	4.169368	5.206207	5.716821	5.268163	5.757079
5.416005	4.876697	4.596922	5.262901	6.551392	4.836507	5.460964	5.27889	4.285853	5.004497
5.733716	4.322145	5.265286	4.269118	5.040337	5.013846	4.627633	4.974306	5.476335	4.041683
4.219663	4.649917	4.696354	5.167547	4.764843	4.178895	4.773031	5.307334	4.820163	5.148837
5.395795	5.307739	4.370007	5.375213	4.179018	5.880097	4.79823	4.864766	4.292762	3.822449
5.174613	5.230839	4.856268	5.078731	5.054051	4.743624	3.978965	4.482413	4.8076	4.549521
5.050548	5.054514	5.913373	4.541113	4.231045	5.012788	4.537331	5.459011	5.203424	5.435633
4.532223	3.731011	5.035605	4.70952	5.696931	5.080015	5.688889	4.933978	4.801508	5.923061
5.064044	4.978782	5.260787	5.217725	5.438211	4.93441	4.985281	4.638401	4.120486	4.990248
4.677809	4.551774	5.295891	4.587683	5.560981	4.395809	4.197648	6.41372	4.962514	5.399159
4.177652	4.251956	4.439668	5.527828	4.780845	5.06206	4.670129	4.559691	4.251468	5.108287
5.21664	5.074704	5.628895	4.862967	4.327137	4.687763	4.473351	6.481675	5.07596	4.141621
5.804302	4.320152	5.608015	5.9292	5.365534	5.463218	5.539215	5.912467	4.491441	5.524761
5.687773	4.166233	4.468761	5.423906	4.167654	4.61355	5.101557	5.272031	5.324808	5.20922
5.424043	4.758425	5.024232	4.842257	5.235721	4.575198	5.61036	5.312825	4.829891	5.914882
4.974875	4.868805	5.889556	5.567954	5.497965	4.830791	5.016625	3.769189	5.049799	5.290564
4.464614	4.576273	5.418901	5.213017	5.880296	5.028419	5.139657	4.519025	5.897591	5.203173
4.065392	4.935542	4.665315	5.310854	5.613815	5.925476	4.568894	5.636402	5.250545	4.936317
4.695925	4.032705	5.228498	4.614358	4.716655	4.146526	5.309782	5.334723	5.389306	4.155264
5.352925	5.27897	4.401748	5.237819	4.945956	4.779881	5.158901	5.075226	5.034411	4.78684
4.978189	4.985927	5.798836	5.572731	4.947553	5.640623	6.328158	4.492863	5.888633	4.201365
4.822814	5.82127	5.225241	6.070089	4.234006	4.802013	4.164379	5.627315	4.341111	4.376038
5.633989	4.481384	5.303622	5.708567	5.507238	4.850617	4.38658	4.211147	4.052377	6.149985
4.207961	4.447427	5.194858	5.510804	5.049955	4.842553	4.782989	4.37657	3.76514	5.338294
5.001891	5.520478	5.01411	5.02325	5.131947	4.913259	6.177743	6.022436	5.43359	6.765501
5.806361	4.301035	3.841996	4.859169	5.034787	4.935462	6.017726	5.344561	4.16574	4.718292
4.763331	4.994257	4.939255	5.127944	4.404904	4.817736	3.978548	4.959453	5.92845	4.695599
4.97785	4.97115	4.746374	5.093593	5.725749	5.281528	4.395683	4.509232	6.182742	5.406922
5.102032	6.161107	4.834574	4.895963	4.973509	5.314165	5.14934	5.500106	4.717628	5.712091
5.192787	5.049379	5.208411	4.084903	4.830385	4.177988	4.520306	5.034523	5.150036	5.651612
4.136479	4.506451	4.278166	4.271127	5.405177	4.910424	4.740508	4.502872	5.788534	4.783065
4.431086	5.561605	5.390742	5.131427	5.443657	5.403364	4.623504	4.823225	5.043788	5.217247
5.141169	5.612936	4.324262	3.54302	4.933085	5.066026	4.891351	5.598165	4.789585	4.542319
4.972734	5.078078	4.960351	5.196411	5.069067	3.768252	4.521905	5.410759	5.718873	5.350825
4.777208	4.902647	4.208495	4.693627	5.282011	4.368443	5.833898	5.591077	5.133461	5.410265
5.486603	5.068084	4.919523	4.599373	3.549139	4.589627	5.405201	5.093646	5.390725	4.966767
5.046176	4.900119	5.78121	4.405493	5.204786	3.689091	5.240666	5.673604	5.073236	5.344129
5.423285	4.313181	4.987083	5.130919	5.255179	5.692767	5.608839	5.423602	4.844607	4.527071
4.927779	5.221855	5.905427	4.244237	4.908591	5.022659	5.153343	5.884804	4.752895	3.66908
4.184732	4.936604	4.977158	4.258223	5.257945	5.533135	5.911574	4.976418	5.113281	5.29063
4.073405	4.85634	5.002328	4.331798	4.693881	5.218531	3.538522	4.864547	4.611503	4.344047
5.801962	4.095675	4.058734	4.631352	4.563324	4.707102	5.55648	5.158351	4.552936	5.389098
4.712939	5.361897	4.517112	4.352013	4.600594	4.280101	5.490557	5.428155	5.491455	5.090936
5.864983	5.34272	5.847352	5.610291	4.505081	4.88923	5.94239	4.517649	4.63253	5.037667
4.358593	4.704021	4.924638	5.796999	5.914273	4.4	5.290094	4.029269	4.658402	4.974084
3.877217	4.310238	5.256078	5.338756	4.989675	5.513288	4.429684	5.648631	5.160919	5.395062
4.939287	4.390378	4.077135	5.248987	5.009158	5.598613	4.478797	5.566054	4.429919	4.819204
6.06109	5.999838	5.324821	4.342906	4.532523	5.958583	5.553129	5.273328	5.318247	5.000352
4.338068	5.050059	5.501616	4.316875	5.627342	5.435484	5.299393	4.194294	6.124207	5.155425
4.844389	4.503227	5.574914	4.110537	5.746273	5.740953	4.79859	4.526683	4.769346	4.526391
5.455136	4.410603	4.779255	5.009883	4.968953	4.346776	4.950862	4.029499	4.853278	3.647748
6.091816	4.609108	5.314417	4.820427	4.273009	4.376887	5.868093	5.759903	4.271785	4.698713
5.686377	5.281579	4.801784	6.01719	4.600841	5.214865	4.798927	4.163033	4.486801	5.261391
4.836004	4.941271	5.329206	3.851929	5.355422	4.74369	4.691455	5.327199	5.486789	4.639844
4.76691	5.496836	5.794701	5.016965	4.267451	5.415963	4.779334	4.988491	5.349419	5.355925
5.184934	4.732568	6.262597	6.117239	4.890759	3.825317	5.355536	5.030573	5.058227	5.514008
4.645205	5.163483	4.696799	4.89009	4.836481	4.562182	5.638348	4.560971	5.479727	5.709136
5.109746	4.80069	4.531609	5.630765	4.982936	4.45416	4.27555	4.649223	5.544997	5.035556
5.435506	4.703444	5.276242	4.92312	4.638565	4.597611	4.981235	4.621386	4.947543	4.616044
5.05928	6.374563	4.95351	6.010898	3.914938	4.724141	4.625035	4.860181	4.450593	5.042895
4.839198	5.432071	5.029583	4.205256	6.276639	5.043248	5.005694	4.308804	5.456912	4.362633
5.657258	5.831072	4.832009	3.815655	5.774649	4.658599	4.559568	4.95871	5.129922	5.817715
4.435099	4.62092	4.413671	4.058002	5.156993	4.867608	4.262727	3.957955	5.244376	4.775283
4.639461	5.12405	4.172985	4.659933	5.359067	5.298039	5.13904	4.921569	5.010218	4.460011
5.324114	4.97667	4.597317	5.759082	5.047641	5.447509	3.653344	5.223863	4.840164	5.214265
5.225898	4.81416	4.994643	5.32871	4.454663	4.890792	4.809877	4.403334	4.975063	4.197472
4.156734	4.804807	4.817539	4.813778	5.034965	4.772894	4.948611	5.826286	4.554974	5.441192
4.648477	5.811708	5.315344	4.777862	4.250095	4.349819	4.578723	4.580988	3.935772	5.193106
4.462332	5.213972	5.365942	4.158242	3.46524	4.430457	4.910337	4.147175	4.454345	4.513693
5.109938	4.484491	5.761899	4.411884	5.346375	5.170137	5.556768	4.745309	4.454466	5.509026
4.938567	5.010532	4.813953	4.186895	4.805219	4.049381	5.371373	5.098965	5.033446	4.524202
4.733704	5.398616	4.614851	5.41758	4.777608	5.603851	5.53119	5.354683	4.765907	5.760652
4.885332	5.35886	4.030361	5.305321	4.780419	4.747357	5.04203	4.016102	5.880787	5.213825
5.102765	5.881951	5.827429	5.029055	4.284738	4.082798	4.825136	4.542681	4.729928	4.529612
5.502728	4.670516	4.588073	5.881453	4.887203	5.306332	5.234005	5.086502	4.666389	4.571424
5.701453	6.056086	5.071846	5.121367	5.111991	4.948313	5.435926	5.168464	4.493456	5.334868
5.514791	5.32498	4.41683	5.324236	4.990966	4.547853	5.427092	5.294825	5.399888	4.630644
4.800187	5.040051	5.71591	4.924825	4.644364	5.069335	4.326096	4.853282	6.071355	5.435733
5.046124	5.45408	4.892425	3.940422	4.465099	5.80439	4.948466	5.351734	5.475518	4.754816
6.19058	4.659777	4.861647	3.760444	4.899276	4.961611	4.925426	5.31143	4.279329	4.629635
4.243915	5.042221	5.721587	5.467949	5.051657	5.33967	4.363389	4.91317	4.360034	4.59645
5.559915	5.017415	5.205258	5.382532	3.893861	5.292395	5.427412	5.424412	4.879652	3.987707
4.743922	5.330234	5.681639	4.914531	4.938942	5.229006	4.860773	4.863276	5.370487	4.949589
4.543748	4.959167	6.085826	4.471802	5.202715	4.069848	4.627087	4.374108	4.937561	5.122002
4.247171	5.349464	4.495707	5.632213	4.484283	5.035154	4.922696	5.54617	4.449122	4.965161
5.624846	4.713249	5.143184	4.563464	5.173456	4.709716	4.377544	4.577853	5.219312	4.105615
3.430614	4.836806	5.645236	5.104489	4.971687	4.134634	5.032236	5.343357	5.617901	4.709242
5.103242	4.429947	5.494007	4.966116	4.776382	5.189301	5.064246	4.620881	4.805545	5.423773
