5.67078	4.568344	4.130971	4.407864	5.949924	5.201234	5.040304	5.572982	4.94778	5.254893
4.316244	4.266263	5.364554	5.177903	5.820424	5.439779	5.244134	5.158228	5.269443	5.457636
5.600644	4.629933	5.680067	4.788557	5.17132	4.481616	4.988258	5.391802	4.991331	5.550991
4.130742	4.148386	3.566649	4.062502	4.361023	5.178683	4.982434	4.840468	6.060358	4.982144
5.698394	4.964047	6.084493	5.568193	4.820107	4.521089	5.333342	4.355764	4.005132	5.623373
5.175548	4.408797	5.108963	5.028113	5.132998	5.920201	5.087039	4.827442	5.065171	4.938045
4.684074	4.711615	5.60222	5.518353	5.634695	4.408815	4.577658	4.962199	4.245723	5.192854
4.215145	4.447335	5.908883	5.437105	5.334857	5.482483	4.294398	5.041648	5.259889	4.215691
4.534739	6.145076	4.948331	5.360781	4.7949	5.333774	4.797029	5.358514	5.791652	4.770699
4.652678	4.979644	5.163224	5.630308	4.792655	4.678813	4.449481	5.31712	4.406034	4.788373
4.284484	4.821388	4.47547	4.738676	4.491632	5.275716	5.048018	4.405616	5.118405	4.329071
4.921769	6.046805	5.464207	4.89221	5.180219	5.238835	4.472784	5.380017	4.496833	4.419902
5.066259	4.642413	4.604906	4.088789	5.343542	3.712406	5.206318	5.707451	5.878942	4.189714
4.470911	4.765308	4.721454	4.483158	5.750622	5.063786	4.832862	4.474154	5.170133	4.241547
5.142477	5.495259	5.282642	4.41823	4.620091	5.257646	5.374591	4.43944	5.266154	6.088991
4.877957	6.516403	4.821887	4.953107	4.858192	4.62382	4.888076	4.676915	4.405837	6.001922
6.096527	4.290923	5.801118	4.630992	4.92035	4.664131	5.138241	4.213691	4.853288	5.439144
4.240191	5.509267	4.626291	5.236996	4.880692	4.865785	5.142505	4.928989	4.795341	4.565853
5.076057	5.416717	4.686365	5.630155	4.625459	5.327152	4.505516	4.480878	5.18011	4.707099
6.84316	5.48548	5.234954	4.563835	5.02531	5.463977	4.590813	5.390433	4.935481	4.685961
4.720089	4.734274	5.115395	4.602185	5.20967	4.604161	4.853302	5.164559	5.517866	4.705868
4.93734	3.706717	4.867449	5.2272	4.98883	4.25942	5.353301	5.825804	5.663057	4.964921
5.286149	5.373457	4.907876	5.695884	4.606442	4.973667	4.058837	3.304117	4.77976	4.159273
4.197227	4.595431	5.086648	5.584365	4.523235	5.104858	5.303221	5.686042	4.810586	6.093494
4.314715	4.889879	4.563594	6.028559	5.415094	5.739444	4.853559	5.901175	5.017176	4.635311
4.736676	4.739224	4.294069	4.864811	5.896129	5.361675	5.366905	5.415087	4.002944	4.927182
4.760052	5.243165	4.895053	5.09702	4.234143	4.477203	5.843217	4.993866	4.162117	5.542889
4.99294	4.238418	4.553121	5.136098	3.800846	4.643045	5.010156	5.072119	5.783181	4.823009
5.033556	4.387403	5.246793	5.062942	5.287227	5.128255	4.593721	5.346888	4.771763	5.144153
4.443693	5.299375	4.757659	5.14305	4.285514	3.807349	3.940282	4.423246	4.588618	5.286099
5.041002	3.856152	5.173794	4.991486	5.417209	5.03506	5.230305	4.501128	5.211486	3.889538
5.771214	6.371452	5.71971	5.543841	5.211824	5.456519	4.369366	5.342752	4.476676	4.532022
5.109416	4.656293	6.468218	5.212162	5.46578	4.861384	4.884535	4.696522	4.591568	4.732259
4.845558	4.575162	4.595904	5.571195	5.035123	4.525756	5.233784	4.523834	4.696621	5.607551
4.690376	5.182943	4.601737	3.758658	5.399551	4.988446	5.495137	5.221372	4.614331	5.11354
4.258329	4.660556	4.633119	4.868153	4.738613	4.951885	3.940001	5.209605	5.159752	4.598014
3.790771	5.038221	5.403775	5.541879	4.504844	4.265947	4.664711	5.273731	5.501815	4.865766
5.415459	5.228615	4.987631	4.911112	4.257294	4.904928	4.777915	4.075882	4.689064	5.266776
5.509781	4.79283	5.080673	4.385338	5.091029	5.213879	6.154677	5.108656	4.396217	5.827188
5.30859	4.780283	5.603313	4.498706	4.628186	5.999956	5.091238	5.723583	5.040168	5.521092
5.089449	5.24155	5.239547	4.858229	5.333958	4.717733	6.112484	4.582242	4.65612	4.874255
5.771527	4.935306	4.572616	5.315341	4.768901	4.575625	4.882658	5.229348	5.127205	4.96686
4.640589	4.872428	4.570779	6.126329	5.09191	5.371989	5.905665	4.749757	4.244892	4.608342
5.002948	4.495066	3.897073	5.314825	5.00638	5.517141	3.722741	4.878207	5.117332	4.867462
5.629117	5.023631	4.972719	5.59318	5.182785	5.212952	4.521465	5.114287	4.696213	5.101644
5.443292	5.018253	4.319833	4.802567	5.132385	5.806659	5.318423	4.667097	5.01713	5.43565
5.962965	4.670316	5.540978	3.809858	4.706695	4.723155	5.476576	5.396005	5.112122	5.170624
5.367807	5.512776	4.863525	5.361606	5.068378	4.827858	6.040706	5.560261	4.004409	4.445597
4.329326	3.905486	5.139689	5.136696	3.452794	5.536077	3.906596	4.617401	4.248726	5.315176
4.848569	4.977945	5.230869	4.100975	5.230116	6.002388	5.136881	5.014529	4.61363	5.662296
4.266765	5.548658	4.445688	4.530194	5.012772	4.807886	5.084272	5.830468	4.796829	5.158689
5.084358	5.365287	6.085222	5.022799	5.151053	4.633824	5.187842	5.190991	5.659837	5.363006
5.864734	4.771327	5.052324	4.811253	5.085399	4.183423	5.156639	5.219473	4.97488	5.149557
4.777835	6.068834	4.730744	4.277983	5.129787	4.007708	5.987246	5.169379	5.082577	5.280069
4.852323	5.619684	5.415091	4.412746	4.680761	4.99031	4.929509	4.943077	4.271441	5.368721
5.76897	4.741752	5.295085	4.251203	3.980046	5.653774	5.459461	3.967101	5.197437	5.870282
4.866682	4.22453	6.419702	4.386458	5.086198	4.65858	5.004342	5.233587	5.336148	5.219687
5.140638	5.144937	5.778952	4.75306	5.181098	4.513337	5.316122	5.544865	4.660717	4.959938
5.593052	5.01804	5.643881	6.014454	4.315181	5.403566	4.958776	4.855153	5.911236	4.643302
5.244689	5.168297	4.760944	4.816213	4.05357	5.22479	4.337163	5.157573	5.148195	5.235827
4.947311	5.066533	5.48269	4.367591	4.877718	4.939284	5.828783	5.2914	4.251066	5.385716
5.605341	3.834252	5.858449	4.471992	4.74562	5.388135	5.040055	4.34585	4.206234	5.932029
6.095253	4.429742	3.522912	4.687832	6.309929	5.019207	4.847898	4.999066	5.208644	4.718052
4.25939	4.678664	5.097396	3.927251	4.200346	5.271584	5.461438	4.928164	5.44284	5.706865
4.915064	4.560957	5.400331	4.640556	4.786094	5.637577	4.705308	4.574331	5.174598	3.866616
4.815572	5.327904	4.513074	5.00345	5.918305	4.433673	5.581546	4.658782	4.8003	4.760395
4.808865	5.121001	4.882373	4.464902	5.269143	4.321531	4.519474	4.802221	5.415883	5.016245
4.31651	4.333866	5.573923	4.346107	5.057985	4.28501	5.37788	4.442819	5.182821	4.274519
4.975506	4.501847	5.096745	5.733224	4.229597	5.047683	5.380417	5.584496	4.426917	3.911635
5.173653	4.853083	5.459658	4.042941	5.353673	4.450171	4.608752	4.629634	5.312696	5.660527
6.426942	6.137793	4.79241	3.836714	4.201469	5.092198	3.921547	5.486541	5.949655	6.018688
4.589174	4.590584	5.565403	5.073158	4.305182	5.652853	5.204966	5.042251	4.925881	4.124752
4.885837	4.695275	4.519478	4.54005	5.760831	5.847229	4.388515	4.24619	5.602154	4.287392
4.926646	4.000619	5.593083	5.788881	5.535627	6.295098	5.209687	4.61091	5.806814	4.568611
4.673163	4.860264	5.177483	4.266006	4.05602	4.830069	4.444119	4.653039	4.163549	5.127558
4.713356	5.496672	4.758659	6.065506	5.817422	5.765051	4.716938	4.750012	5.250886	5.993098
4.653255	5.479288	4.668523	5.406391	4.71523	6.282963	5.199116	5.367898	4.562606	5.051183
5.06795	5.250839	4.483613	5.261085	4.744117	5.437496	5.443284	5.928169	4.986514	5.989403
5.050429	4.556511	4.584211	5.905914	5.014556	4.4165	5.268608	6.016051	5.277965	5.145317
5.732298	4.572863	5.026629	4.858473	5.106418	4.826609	5.925341	4.561715	5.294376	5.654751
5.506448	4.593419	4.651428	6.099803	5.179662	4.268619	4.812711	5.049666	5.573502	4.720512
4.161738	4.776917	4.358531	5.540891	5.601715	4.728168	5.105178	5.249851	5.118094	5.078878
5.01284	4.624309	4.830173	4.335714	6.042358	4.16357	5.71309	5.193192	5.045321	4.194059
5.151028	6.066464	5.768	4.775938	4.250141	4.502856	4.464898	5.048888	5.608074	6.144214
4.97285	4.582788	4.092051	4.187506	5.59457	5.670814	4.571673	4.893838	4.460919	4.622683
5.803772	4.297906	4.537337	4.57936	6.036346	4.201865	4.019592	5.112169	6.136627	5.201781
5.312174	4.458243	5.331639	5.255551	5.176997	5.728283	5.272153	4.579619	4.918789	4.906518
4.71603	5.808639	4.785032	4.796254	4.935454	4.87191	4.840128	4.535867	5.19941	4.793662
4.524944	5.580683	5.082205	4.77484	4.73026	4.622364	4.489931	4.825179	5.138377	4.392662
4.806268	5.288724	3.63802	5.232899	5.784113	4.702991	4.783863	5.864727	4.542799	4.801453
5.821935	4.560503	5.430794	4.579315	6.029346	4.732273	6.293902	4.807679	5.100027	4.997841
5.931036	4.751328	5.330835	4.941892	5.034478	5.687647	4.800455	4.257419	4.757229	5.474473
4.415364	4.766759	4.285609	5.668845	5.828515	5.999667	5.058405	5.325936	5.152399	5.04915
4.845469	4.056851	4.668839	5.472372	4.351012	5.094808	4.592095	5.220885	4.899275	4.785988
5.428432	4.87315	5.196901	4.874993	4.180473	4.494828	4.933827	6.359737	4.636968	4.78265
4.739002	4.619462	5.024211	4.712226	4.311678	4.104348	4.412475	4.72398	4.360896	5.004314
4.613936	4.496528	5.594956	5.075903	4.854002	5.022755	5.079756	5.29807	4.570364	4.796848
5.688728	4.984145	5.759028	4.599102	3.930486	4.123943	4.463025	6.086096	5.093048	5.283881
5.276169	5.362199	5.692319	4.896013	5.602732	5.117007	5.085614	5.227819	5.855515	5.693205
5.827073	4.516414	4.733123	5.216438	4.207281	5.338026	4.907557	5.245453	5.941273	6.161358
5.733416	4.994845	4.645042	6.010579	4.7256	5.176937	5.318964	5.311543	5.326043	5.778804
5.483142	4.356637	5.051381	5.384624	4.146719	5.346502	5.485926	5.03894	4.558302	4.082413
5.003703	5.319805	5.335169	5.069325	4.535888	4.979067	4.600154	5.165571	4.766846	4.335235
4.273731	5.142829	5.305051	4.938667	5.235996	4.679441	4.310318	4.582919	5.13282	4.71849
6.064994	4.616103	5.735378	4.69022	4.238255	4.214653	4.77853	5.234071	5.341287	4.624625
5.249708	5.024959	4.5047	4.635041	4.353041	4.457747	5.262907	4.800651	5.252849	5.461762
6.030638	5.451001	4.941966	4.892744	4.843933	5.462939	5.511061	3.995314	4.575058	5.588305
5.172863	4.670958	5.325913	4.517907	5.297155	6.378482	5.515496	5.044523	5.36054	4.515165
6.162537	4.192595	5.126876	5.219213	5.62616	5.280422	3.712341	4.738123	4.659442	5.421519
4.597769	4.01006	5.058378	4.821676	4.668997	4.518563	4.265895	5.313635	4.453942	5.384781
5.424407	4.80493	4.048511	5.324379	5.058954	5.48465	4.488202	5.299162	4.595004	5.33674
4.749352	5.296432	4.933109	5.034998	5.039978	5.381471	5.754052	5.209148	5.290182	5.29918
4.969295	5.028951	4.855278	4.15015	5.378445	5.364148	5.512511	5.957201	4.117319	4.316339
6.03869	4.942153	4.411323	4.845662	4.767803	4.389706	4.838137	5.92538	4.868765	4.528294
5.129777	5.07079	5.453634	6.327455	5.246668	4.756485	5.392986	5.408871	5.544825	5.865438
5.21687	5.158391	4.745168	4.878253	4.531642	5.166121	4.715792	4.358531	4.657505	5.034502
5.58957	4.72908	4.786842	4.746559	5.115707	5.014935	4.396006	3.295236	3.893288	5.344542
5.341808	4.877792	4.617332	5.314242	5.596915	5.114116	5.097581	4.971415	4.533417	4.370017
4.66949	5.244684	4.159579	5.994758	4.620609	5.406594	5.478217	4.740398	4.698307	4.12705
4.737518	5.310984	5.305552	5.186802	5.378415	3.885178	5.193274	4.689179	4.811145	5.108167
4.253208	6.158841	4.978292	4.922965	5.56692	4.961205	4.628331	5.759925	5.036057	4.732501
5.563493	6.186098	5.300114	5.108657	5.389684	4.698759	5.872543	5.370544	4.963137	5.006121
4.946187	5.121272	4.573499	4.874344	4.695717	5.03896	5.061281	5.176077	5.144907	5.21935
4.479623	4.289689	4.514015	4.913302	4.646382	6.140094	4.706275	5.752299	5.351914	5.692872
4.826674	4.85894	4.547298	5.755615	4.551299	4.985735	5.035225	5.164452	5.888181	4.573956
4.618616	4.574455	4.698143	5.075892	4.490271	4.284113	5.089515	4.539625	4.992155	4.929874
6.078952	5.278065	5.324812	5.472566	3.624638	4.874918	3.570767	5.460506	5.085543	4.19408
5.592009	4.691533	5.689793	4.892445	5.269909	5.064165	4.780157	5.145199	4.849264	4.250151
5.198933	5.446474	4.7996	6.046653	5.843881	4.588772	4.175144	4.896174	4.897389	4.785147
5.296538	5.494321	5.049235	5.164179	4.90846	5.042728	4.828944	4.893781	5.219872	4.885636
5.603489	4.959861	5.036411	5.738821	4.696032	6.142272	5.312446	5.164319	5.298859	4.838733
5.113539	4.881307	4.358442	4.455389	4.54453	5.103622	5.996608	5.018093	5.293889	4.789964
5.456951	4.685096	5.529463	5.126209	4.103482	4.395887	4.190995	4.288617	4.25152	5.050578
5.220238	4.816307	4.213651	3.778849	4.015842	5.965777	4.090685	4.925903	4.56115	4.098094
6.073123	5.151842	5.746136	5.738112	4.457042	4.950765	4.785698	4.966292	5.95168	4.305563
5.000709	4.076592	5.570788	5.217179	4.383799	4.702329	5.073249	5.413618	4.530261	5.116054
4.86746	4.60559	4.688181	4.950325	4.619323	4.74428	5.56177	4.74792	4.778434	4.895017
4.62664	5.279358	5.113483	4.677855	3.937498	4.656556	4.965951	5.373497	5.4016	5.68261
5.432536	4.365878	5.247383	4.701024	5.034608	4.343465	4.843287	5.66468	4.406062	4.437717
5.243353	5.212795	4.850727	4.604392	5.445209	4.86439	4.846877	4.189068	6.162552	5.215709
5.596525	5.214507	4.637269	6.119476	4.552765	5.187417	3.851807	4.497608	4.80743	5.150189
5.469021	5.440432	4.020818	4.955848	5.647748	5.219181	5.401691	5.703975	5.175101	4.898458
5.211444	6.058908	5.257773	6.051974	5.507639	4.898672	5.086594	4.356337	4.419594	5.638279
5.484682	6.061759	4.725582	4.669162	4.851612	5.370053	4.030414	5.299055	5.706331	5.522915
5.192194	5.389768	5.221828	4.76084	5.639225	5.257614	4.265614	4.987261	4.751356	4.386946
4.953165	4.996893	4.771236	5.585518	5.323073	5.549512	5.27418	4.681623	5.720901	4.31191
4.818616	4.758407	5.316175	5.229823	5.529493	5.309565	4.487673	5.090763	5.611741	5.955065
5.297638	5.457376	4.917199	5.365122	5.29622	4.993923	4.641354	5.878761	5.164869	4.480917
5.935121	5.408664	4.915624	4.818191	4.353039	5.161612	5.144185	5.213476	6.037925	4.931167
4.572991	4.525835	4.160122	5.261395	4.300594	5.579854	4.886744	5.355508	6.073369	4.704054
5.083109	5.400391	5.961066	5.708663	4.336528	4.715054	5.70383	5.662794	5.504551	4.589134
5.210349	4.077715	5.250747	4.676698	4.82443	5.583786	4.815031	5.441769	4.819067	5.955276
4.10709	4.713159	4.987491	6.229438	5.948106	4.83211	4.802834	4.516941	4.283201	5.67362
4.952947	5.081786	4.643943	5.614146	4.607539	4.436861	4.994596	4.776073	5.240617	4.438786
5.305594	4.739973	4.925739	5.190423	5.016743	4.51715	5.37991	4.985883	3.686265	4.869529
5.185161	5.551534	4.401087	4.674681	4.907534	5.805116	3.858048	4.572912	5.596285	5.070347
5.275217	5.107388	4.221931	5.273566	5.456714	4.453798	5.17155	4.299498	4.604975	4.999384
5.230832	4.720452	4.31343	3.920546	5.166883	5.982957	3.940236	5.473696	5.07218	4.284829
4.424704	5.482225	6.376525	5.061924	4.735936	4.754287	4.498327	4.546602	4.097255	5.054072
5.809937	4.492291	4.577837	5.776941	3.911979	5.881555	4.908171	5.199192	4.481379	4.650248
4.808269	4.18637	4.605817	5.488265	5.30095	4.731791	5.666034	3.940219	4.898183	4.100287
5.20684	4.315753	5.524261	4.88255	4.950622	4.708622	4.978219	5.074912	5.63309	5.325202
5.320247	5.185619	4.611729	4.98321	3.771669	5.319013	4.967703	5.407014	4.394208	4.525951
4.388028	5.297214	5.434606	5.118914	5.266697	4.990969	4.880478	4.969615	5.596466	5.277055
4.908886	4.865191	5.72612	5.204388	4.54823	5.253866	4.463838	5.226643	3.763417	4.488986
5.111571	4.942359	4.457349	4.509248	4.443458	4.631103	4.674556	3.946507	5.690757	6.081113
5.014346	5.511748	4.328169	4.600918	5.211044	5.103639	4.258991	4.17842	6.271249	4.315201
4.663433	4.180957	4.644579	5.089525	4.323069	5.124283	4.445749	4.475916	5.872331	5.702697
6.17983	3.908419	6.591394	4.711627	5.223557	4.519899	4.929751	4.77198	4.905022	5.084853
5.295988	4.747149	4.494895	5.069584	5.274468	4.923862	5.870663	4.497122	4.994967	5.617739
5.3955	5.370252	4.360921	4.364697	4.517044	4.068611	5.76782	5.564051	4.849895	4.602719
5.787434	4.825839	5.43144	5.47447	4.466605	4.869443	3.879882	4.083878	4.814732	6.426976
5.129601	3.858323	5.331711	5.287265	5.996742	5.442298	5.228983	4.854113	5.131061	4.94792
4.449785	5.810609	4.38837	4.801109	5.41606	5.256494	4.558806	5.007431	5.134277	4.288589
5.0633	4.518837	4.541162	5.045388	4.360292	5.141981	4.652954	4.885789	5.333206	5.43573
5.056489	3.601007	5.701958	5.119625	4.564875	3.679279	5.028472	4.622107	3.863151	4.47957
4.985964	5.570202	4.521671	4.664408	5.968759	5.144853	5.37913	4.513357	5.085848	5.590319
4.496775	3.96647	5.136857	4.875891	5.199695	6.550556	4.788478	5.181543	5.570294	5.022572
4.562847	5.189005	5.450321	5.107677	4.22097	5.252974	5.344503	5.34321	4.123014	5.411678
5.407218	4.141479	4.577016	5.782419	5.272804	5.174573	5.483514	3.867942	6.3661	4.280213
5.946568	4.973732	5.037849	5.02294	6.000648	5.319027	4.29797	5.006797	5.595295	4.505984
4.526733	4.583149	5.68404	5.11398	4.576509	4.753955	4.38724	4.97531	5.430818	4.231292
4.735815	5.84764	4.946919	5.694149	5.112386	5.28519	4.587851	5.542539	5.102614	4.541766
5.458051	5.531826	5.074874	5.295186	6.210217	5.259525	5.028878	4.63342	5.176191	4.502168
4.737227	5.294188	6.353894	4.617262	4.460417	5.661854	4.783294	4.199621	4.787094	4.679127
5.235072	5.480441	4.478255	4.103996	5.228538	5.072177	4.869057	4.050299	6.686622	4.283606
5.483681	3.763867	5.563337	5.558622	4.733631	4.108089	4.642205	4.97453	5.405704	4.611715
4.779615	4.388447	4.91835	5.664106	4.808478	5.373644	5.880641	5.151663	5.088232	5.719055
4.862692	4.656183	4.808286	5.232609	5.211174	4.214963	4.959932	4.711349	5.973306	4.481842
5.414029	5.080003	5.612637	5.694713	4.30611	5.354016	4.947928	5.398019	4.476832	5.351263
5.601676	5.49687	4.190043	5.320454	5.678461	5.008729	4.376794	4.23634	5.26021	5.116753
5.075408	5.012804	3.962328	5.042071	5.326589	5.047154	4.710205	5.971637	4.440939	4.349023
5.834399	5.640663	4.932157	4.825577	4.885809	4.355483	4.86738	5.012093	5.088903	5.663795
5.252355	5.68243	4.296391	4.636957	5.593865	6.488098	4.850899	5.148049	5.607395	5.224087
5.325274	5.311946	4.566769	5.435472	4.286855	5.414686	4.746693	5.145946	4.373753	4.281928
5.106266	4.482941	4.401735	5.653806	4.121781	4.777643	6.171023	4.647637	5.745618	4.882214
5.257952	5.672865	4.749371	4.463045	5.115537	4.126997	5.891675	5.209485	5.290067	5.901835
4.911429	4.297111	5.207827	5.0913	5.343485	5.292849	5.824835	4.992604	4.479769	4.884896
5.506282	5.261232	4.070234	4.520566	4.557303	4.273249	5.508431	5.593463	4.857206	5.403582
4.843072	4.143052	4.949378	4.375811	6.286099	5.444532	4.7669	4.638402	6.387403	4.802652
