4.106764	4.730727	5.251121	5.658922	5.343804	4.555733	4.936106	5.138539	5.373038	4.910161
4.036907	4.260723	5.327471	6.18899	5.257786	5.210615	4.785417	4.856812	5.590366	5.421406
5.790454	4.245073	4.660845	5.45745	5.397019	4.211485	4.630263	5.669103	4.077248	4.139536
4.486928	5.461894	4.578619	4.556676	4.028595	6.173627	4.886604	4.61579	5.122598	5.21963
5.521986	4.894196	5.331398	5.205347	5.419272	4.878981	5.164207	4.477656	4.784227	5.139039
5.3748	5.502937	5.158907	5.30101	4.683807	4.514367	5.556211	4.778461	5.84921	4.58484
5.341877	5.082746	4.592789	5.345526	4.781794	4.477363	4.169993	4.989174	5.860653	3.780686
4.122386	4.775201	4.967695	5.107827	5.501669	5.281215	5.16088	4.963477	4.989393	5.748446
4.705041	4.36934	4.910596	5.664521	4.69279	4.170287	4.511831	5.524971	4.791978	4.490412
4.717576	5.234527	5.713336	4.916158	5.467399	5.970736	5.797487	5.502297	4.75358	4.266747
4.269416	4.904585	5.242783	4.733407	4.752285	4.915171	5.13309	5.1637	5.982867	4.807614
5.784385	4.531273	6.061173	5.142045	5.165546	5.848691	4.762406	4.845717	5.080692	4.943817
6.028379	4.711425	3.62692	4.712187	4.764493	4.937994	4.654084	4.869329	5.25346	5.881845
4.938957	4.980424	5.176331	4.964013	4.166278	5.176106	4.569118	5.178543	4.502751	4.606205
5.573762	4.310055	4.754978	5.284973	5.424391	4.754085	6.250114	4.926821	4.339636	4.607984
5.686528	4.241901	5.523162	4.135157	5.335254	4.211105	6.069343	5.019929	5.107182	4.256112
5.851024	5.117877	5.756559	5.621518	4.697791	5.192539	5.938146	5.465847	4.782162	5.141612
5.053466	4.599668	4.111894	5.111925	5.06887	4.879613	4.032907	5.427838	4.632368	5.214755
5.337097	4.806672	5.480636	4.907264	4.725249	4.181992	5.558226	5.08417	5.679298	5.243136
5.12113	4.950084	4.467675	4.798847	5.060406	5.182587	5.613557	5.030055	6.030745	5.426222
5.082832	4.949255	4.942667	4.488008	5.161732	4.162075	4.508067	5.549076	6.509315	4.66659
6.012936	5.379036	5.363081	5.160642	4.692576	4.331192	5.243039	4.758546	5.042153	5.071651
5.081326	5.122794	6.445942	5.106382	3.921842	4.830026	4.913813	4.984354	4.231137	5.58228
4.663247	4.607448	5.175381	5.333894	5.44381	5.17674	5.281805	5.097408	4.195643	4.909279
4.657529	4.962567	5.268615	4.904611	5.564158	5.676966	5.187582	5.250534	4.658449	5.619344
4.910862	4.180259	5.444146	5.563394	4.742859	4.643815	5.115113	5.06237	4.917357	5.548815
6.125372	4.928391	6.043813	5.576952	5.208526	6.52299	6.808848	5.15864	5.073113	5.318989
4.735779	5.217519	4.686955	3.580355	5.416354	4.979692	4.757022	4.719698	4.979971	4.507675
5.098029	5.251088	4.872921	5.277093	3.700814	5.394647	5.751032	4.19208	6.152582	3.862035
4.927879	4.969346	4.860776	4.952935	5.209813	4.183722	5.202743	4.814689	5.620129	4.792328
4.649241	5.544642	5.845038	4.643052	5.566637	5.438044	5.668915	4.432132	5.68783	5.052889
4.87724	4.9956	5.394096	5.943259	4.556422	4.287976	4.534822	5.545432	6.322536	5.658722
5.612762	4.665528	4.964498	5.169004	5.046101	4.212523	5.404603	4.253645	5.370756	4.206319
4.982301	5.023768	3.898584	5.007357	5.164197	4.936751	4.770477	4.887048	4.774052	4.439759
3.916426	5.110569	5.015707	4.423025	5.408009	5.656646	4.104375	4.509037	4.720756	4.526769
4.310562	5.515767	4.640903	4.472273	4.77704	4.898695	4.725976	4.224236	3.597962	5.537789
4.667224	4.832532	5.779317	5.169228	5.294556	4.515659	4.627268	4.854114	4.748207	5.657026
4.695954	5.147535	4.36021	6.503454	4.225854	5.247198	5.741415	5.611977	5.004323	5.642141
3.921793	4.649729	4.6611	5.640217	4.990909	5.366563	5.359769	5.097171	5.409518	4.856275
5.341227	4.804498	4.997078	4.824108	5.021431	4.291316	4.979995	4.607619	5.002584	5.864175
5.005014	5.046482	5.51041	5.03007	4.475541	4.978313	4.706248	4.913688	4.218372	5.165493
4.213056	4.360152	6.019658	5.73864	4.580581	4.922749	5.585161	4.142107	5.071782	5.344942
4.798402	6.011612	4.304241	5.122542	5.335274	5.501355	4.940789	5.100051	6.293755	4.66596
5.326069	4.25076	5.764414	4.846311	4.048998	5.015467	4.96261	5.890548	4.975547	4.425495
4.953849	5.55686	6.109124	4.973586	4.689992	5.569712	5.09421	5.541452	5.297786	4.860064
6.161641	4.70824	5.721788	5.806346	5.435799	4.218148	5.870186	4.532994	4.347434	5.622008
5.146468	4.94503	5.084373	3.924672	4.468168	4.655865	4.74447	5.376288	5.134046	4.031475
4.96678	5.063795	5.28856	5.427282	5.444649	5.335335	4.825597	5.055854	4.612833	4.17777
6.138011	5.28878	4.27247	5.418141	5.313276	6.034586	5.17347	4.968709	3.886555	5.609468
5.59623	4.768425	5.430654	4.787656	4.569682	5.153019	5.050756	5.146166	5.050191	4.60121
3.873192	5.108769	5.256691	4.879208	5.603953	4.565313	5.495447	5.195583	4.728179	5.112398
5.277929	4.016225	4.860082	5.796705	5.671604	4.659004	6.017499	5.487676	4.764481	5.043558
5.007298	4.898902	5.120276	5.481287	5.472871	5.42327	5.128615	4.761952	6.278517	4.491983
5.733255	4.837821	4.870727	4.72555	4.439139	5.232116	5.271626	6.122054	5.088122	4.957077
4.857421	4.898889	4.46162	4.882477	5.495324	4.069399	5.17411	4.533898	4.41369	5.04531
5.075998	4.253946	4.895	5.36424	4.828764	4.409706	4.749922	4.987839	5.305798	5.061912
5.738686	4.276	4.483202	4.502414	6.041497	4.256219	4.763985	5.583991	5.290433	4.780287
4.040079	4.092138	4.584836	5.823683	4.462272	4.784228	4.6999	5.37513	5.665187	4.325336
5.009758	5.403745	3.414648	5.308308	3.987905	4.956955	5.281819	4.915824	3.864176	5.55886
4.997124	5.038591	4.453456	5.02218	5.923193	4.109247	4.223505	5.312379	5.251056	4.217789
5.019945	4.694142	5.349717	5.366638	4.656804	4.830579	6.301166	6.062021	4.489305	6.15003
3.674807	5.221542	4.349577	4.472669	5.521953	4.088675	5.482166	5.130207	4.629977	5.084603
4.992815	5.034283	5.150974	5.017871	4.315213	5.14792	5.415548	5.680597	4.93619	6.074645
5.806648	5.310058	5.18927	3.792718	5.139586	5.150044	4.945007	5.511158	5.510831	5.797813
5.035643	4.931873	4.821043	4.895069	4.608694	4.795491	4.708976	5.596935	4.974579	5.643
4.939783	4.98125	5.614178	4.964839	5.187381	5.374856	4.754978	4.767974	4.998694	4.615869
5.481565	5.434639	3.988907	4.752985	5.17455	3.910626	4.592669	4.53215	4.915203	5.546225
3.706095	5.395908	4.814092	4.588641	5.052159	5.005369	5.29152	4.764246	6.081311	6.044967
3.864446	5.120669	5.35223	5.275995	4.517325	4.134768	5.462911	5.053517	5.969937	4.779723
5.092584	4.80991	4.912564	5.594395	5.808249	5.043808	5.56285	4.151578	5.645842	4.495458
4.816865	4.429957	5.262554	4.445051	5.40348	4.538852	5.320022	6.253103	5.108515	5.259192
5.357637	5.198986	4.14191	4.782984	4.170976	5.121532	5.53863	4.393419	5.731287	5.701043
5.050522	4.834969	6.052789	5.192279	4.709379	4.657589	5.814124	5.261994	6.303024	4.493302
4.493964	5.589833	4.680396	6.330683	5.035608	5.269184	4.887189	5.915824	6.255577	5.725659
4.411699	5.690652	6.518722	5.809768	4.723953	5.330429	5.081983	4.978756	4.975173	4.536423
4.958478	4.999946	5.440803	4.983534	4.501463	5.358672	3.771651	5.007064	3.91269	4.559841
4.698139	4.451775	4.855084	4.975617	4.17972	5.187025	5.503136	4.521449	4.618266	5.079343
4.667789	5.188853	5.033172	5.697685	5.030929	5.28374	5.920814	5.706259	4.985111	4.835461
4.716205	3.796325	4.98998	5.372115	5.845448	4.468573	4.944109	4.9557	4.992377	4.400821
3.5829	5.134351	5.049991	4.536063	4.321033	5.293609	5.263709	4.722301	4.828063	3.831031
4.568149	5.201426	5.438057	4.503504	5.589428	4.374224	5.561876	4.730775	6.595461	4.866289
4.624134	5.228005	5.918587	4.483661	4.758662	4.71269	4.512257	4.875459	5.184498	4.634921
5.828729	5.682289	5.357234	4.629705	4.72846	4.381247	5.650417	5.945228	4.803648	5.530552
5.72618	4.89666	5.422931	6.616163	5.576166	4.742445	4.791301	4.921791	5.627114	4.866521
4.606261	5.136511	4.813684	3.980788	3.853734	4.43118	4.411946	4.43852	4.949368	4.29358
4.561944	4.576984	6.054519	5.203071	4.529078	4.499266	4.685016	5.09447	5.968375	4.311353
4.156824	4.152663	5.835004	4.79597	4.83183	4.674421	4.588082	5.482872	4.218079	4.819357
5.012269	5.053736	5.292348	5.037324	4.905515	5.68508	6.386095	5.024692	5.816713	5.547928
4.614893	4.752954	5.238545	4.657869	5.650057	4.939671	5.378108	4.331016	4.522392	4.715198
4.718615	4.770254	5.789319	5.336821	4.213327	5.287654	6.704292	4.307598	5.06443	4.985242
4.351725	4.402069	5.009068	5.331223	5.558475	5.502232	4.355077	3.97707	4.484976	5.225078
4.987482	5.028949	5.599722	5.012537	4.953239	4.377852	4.846728	5.909078	5.627852	4.769629
5.172944	5.40655	4.235312	5.645194	4.943475	5.386717	4.445942	5.270832	5.328341	4.915464
4.990659	5.032126	5.491029	5.015715	4.532177	5.296746	4.987409	5.223441	5.432352	4.776261
4.624345	5.770156	5.27858	4.980135	5.150993	4.144388	4.880593	4.741964	4.348053	4.770728
4.983884	5.025352	4.766361	5.00894	4.762716	5.274204	5.234283	6.028589	5.757561	4.937867
4.125683	5.091218	5.20097	4.472649	5.571337	4.4368	4.922792	5.581887	4.966921	6.270974
5.523278	5.145873	5.745605	5.057663	5.917661	5.049655	4.302219	5.118377	4.726094	5.375549
5.180301	4.633803	4.846287	4.655851	5.749199	5.980363	5.693436	4.581984	5.185236	5.502957
4.278028	4.646682	5.170986	4.810269	4.365582	5.480123	5.472589	5.53926	4.244143	5.925183
5.320955	5.608201	4.817989	5.239939	5.160891	4.751353	5.017276	4.79591	4.280534	4.245359
4.373111	4.94637	5.062018	4.979154	4.339387	4.573577	4.900926	5.001075	4.469002	4.357872
3.853323	4.463712	5.170886	4.317077	5.582685	5.65932	5.261199	4.239842	5.176033	4.230814
4.517331	4.92171	5.756193	4.769567	4.391297	4.193749	4.967018	4.624277	5.895953	5.631411
5.976252	4.515151	4.851589	4.74411	5.683269	5.190374	6.306912	4.82131	4.21232	4.742886
4.920009	5.001797	5.557725	4.574364	5.108624	5.462325	5.485245	5.794611	5.521934	4.771557
4.770725	5.346088	5.635338	4.939631	4.054113	5.663392	4.382832	3.994527	4.633411	3.409118
5.645511	4.507265	5.134945	5.401546	5.295851	4.702262	4.310742	5.347594	4.445158	4.172338
4.989576	5.057545	5.247664	4.827626	4.881951	4.762887	6.223862	5.368804	4.46324	4.605692
4.939113	5.304929	4.742299	4.309397	4.649227	5.893446	4.32848	5.445366	4.626791	5.341476
4.508697	4.586818	5.871367	5.028435	5.144315	5.141478	3.551464	5.421547	4.650648	4.546466
4.461904	4.436897	4.870682	5.044729	4.851101	5.412917	5.295393	5.195215	5.161034	4.443618
4.770761	5.454991	4.777205	5.025833	4.999463	4.585772	4.211777	5.831809	3.983232	5.27878
4.298479	3.692342	4.866143	4.165213	4.279677	5.238507	4.699463	5.049588	5.132726	5.472271
5.494117	4.94901	6.190703	4.966892	5.299166	5.326884	5.682532	6.379305	4.67822	4.740949
5.276177	4.718377	4.452736	4.738064	4.648641	5.475333	5.596838	4.058355	5.265788	5.1682
5.080037	5.121504	4.955971	5.105093	4.777134	5.355517	4.548605	4.024992	4.938783	5.131669
4.498744	5.495374	4.504155	4.738853	6.085456	5.663275	4.687193	4.289375	5.076908	5.990784
5.276434	4.330411	5.66069	5.481894	4.551567	4.609161	5.690203	4.49246	4.635988	5.300232
5.402415	5.431639	5.631763	5.319546	5.00984	4.695787	4.522202	6.061564	5.234997	5.564629
4.524035	5.630249	4.747464	5.265124	5.117169	5.106142	4.506218	4.581579	4.960955	4.982246
4.904073	5.856818	5.109806	4.093353	4.875204	4.910034	4.727532	5.962806	4.073667	5.546751
4.911359	5.202084	5.224154	4.920413	4.565154	5.617949	5.044186	5.009553	5.024056	5.046201
5.509767	5.52351	5.745236	5.055386	5.238297	4.569333	3.602463	5.025518	5.499139	5.527991
4.632497	4.881756	4.135636	5.479645	4.52792	5.043639	4.808629	5.894946	5.137732	5.012754
4.033441	5.068065	5.095942	5.498077	4.407105	5.967253	4.207405	4.65569	5.023273	5.030077
5.386719	4.393528	5.073592	4.323417	4.899758	5.037916	4.802244	4.88155	5.494984	5.003406
4.720327	5.071895	4.733014	5.275762	5.066197	4.72151	5.423764	5.229326	6.155516	5.607398
4.826574	4.908931	5.546034	4.598934	4.59047	4.150389	5.464592	4.984394	4.327559	5.491687
5.006407	5.047874	5.114468	5.031463	5.119877	4.878286	4.553871	5.659202	4.240814	4.858435
4.781609	5.475056	4.99207	4.912763	5.16182	4.919406	4.609705	6.474277	5.175526	5.357292
4.71472	4.311485	4.952365	4.982426	4.616342	4.142682	4.725969	5.323055	5.225326	5.431612
5.055646	5.097113	4.307225	5.080702	5.624234	5.89875	4.724587	4.400495	4.107701	4.705234
4.718885	5.161784	5.656385	4.978207	4.062139	5.918824	5.018327	4.208918	3.949715	3.961829
3.476088	5.253894	4.89715	5.99223	3.995524	4.27446	5.031253	4.348799	5.01673	4.185863
5.421976	6.360132	6.364099	5.550173	4.974724	5.583696	5.152638	4.295456	4.411797	5.627549
5.610692	5.035323	5.937546	5.491297	5.120778	5.328073	4.094781	4.53684	5.031455	4.159245
5.876397	4.782764	5.201682	5.492177	5.77634	5.880131	4.975859	5.721258	5.10239	4.19048
4.933871	5.017835	5.355975	5.057701	5.604043	4.668717	4.368052	4.808856	5.597704	5.700151
4.51441	5.296033	5.358794	4.408405	5.383863	5.38518	5.188596	5.064906	5.320685	5.420801
5.763535	4.033599	4.873247	4.84394	5.076958	5.835891	4.809262	4.845569	4.732741	5.256338
4.854514	5.238509	4.108961	5.183065	5.187304	6.955858	4.269865	4.900676	5.551457	4.516806
5.112365	5.314911	5.346605	4.42962	5.156974	5.6594	5.100718	5.926853	5.789828	5.301769
5.447068	5.416809	4.894147	4.166326	5.911312	4.367642	5.248576	5.623019	4.969688	4.294589
4.63931	4.580928	5.269727	4.731681	4.583241	5.152905	4.673663	4.432896	4.956534	4.199738
5.601053	4.285615	4.136701	5.251271	4.409757	5.650739	5.049864	5.067986	5.000431	4.247919
4.973658	5.015125	5.191334	4.998713	4.706766	4.61344	4.448454	4.839684	5.146173	5.397086
5.762313	5.039357	4.666421	5.112107	5.053061	4.816802	5.949161	4.230932	3.80945	4.700829
5.474044	5.594576	5.509756	4.818962	5.323193	5.529641	5.577651	5.329268	4.400808	4.832557
4.937263	4.97873	4.510163	4.962318	4.864692	5.128235	5.841597	4.368289	5.330307	5.401369
5.94801	5.146684	4.93309	5.67873	4.635448	3.853744	4.914926	4.488461	5.120025	4.445445
5.169887	4.948862	5.101381	4.533206	6.798314	5.162677	4.949118	4.93383	5.039458	5.130407
4.724378	5.174671	5.82395	5.619784	4.752507	4.561515	5.252007	5.223745	4.875989	4.547712
5.777182	4.869862	5.054393	4.749936	4.858329	5.67136	4.784853	4.634515	4.149608	4.849896
5.021599	5.063066	4.742692	5.046655	4.706487	4.754792	4.749193	5.929448	4.684754	4.465633
5.408533	5.985837	6.092839	5.812733	5.336932	5.345332	5.676065	5.178288	4.721156	4.768753
5.70997	5.211797	4.070121	5.420591	4.692301	4.802837	4.396422	4.365129	5.223871	5.034354
4.953235	4.994702	5.515244	4.978291	5.048534	5.673202	3.713232	4.097563	5.2483	5.18845
4.176429	3.847596	5.832519	4.431393	5.195794	4.9684	4.353728	5.122353	5.119783	5.692901
5.552143	4.845366	4.289221	5.088279	5.627247	4.564233	4.364114	5.151788	4.432961	5.231044
4.999617	5.041084	5.13197	5.024673	5.22267	5.447134	5.017915	5.130387	5.194515	5.179915
4.596521	5.860842	4.970403	4.779033	4.548334	5.114104	4.794624	5.70063	5.753148	4.584011
5.189978	5.375819	5.157568	6.24048	4.734124	6.085599	5.619123	5.756329	5.13127	5.295385
5.539031	5.595452	5.694307	5.088279	4.768753	4.350218	3.830561	3.878827	5.807454	5.442355
5.868096	5.144526	3.902784	4.799525	5.864243	5.74272	4.610394	5.700645	5.024799	4.928291
4.11903	5.946117	4.972577	3.909396	4.125849	4.388312	4.639336	5.805194	5.151587	4.360394
5.444664	5.00078	5.345842	5.281558	6.15506	4.767959	5.011646	4.682997	5.29255	4.00792
5.285089	4.435349	5.204327	5.017588	4.672897	4.751163	5.072745	4.737002	6.151447	5.841184
4.960536	5.002004	5.036036	4.985592	6.247297	3.908269	4.174689	4.264169	5.096098	4.630675
5.751032	4.72678	5.53281	4.386648	5.150916	4.02323	5.502297	5.259828	4.97923	4.944212
5.411384	4.527345	5.75287	5.477947	5.246428	4.258438	4.599086	4.4443	5.195451	4.429028
4.939339	4.655135	5.473143	5.109586	5.302627	5.638956	4.827192	4.805586	3.777221	5.679194
5.010351	5.051818	4.960757	5.035407	5.334163	5.136692	3.821467	4.450634	4.338161	5.172953
5.059247	5.654783	4.41555	4.833445	5.474175	4.631546	5.496863	5.372818	4.983329	5.758755
5.259274	3.778289	4.210525	5.173555	5.028114	4.730818	4.916096	5.139153	5.067369	5.884125
5.255211	5.528337	4.773235	4.257829	4.719274	4.797812	4.884164	5.611221	5.327224	6.180016
5.013188	5.054656	5.856479	5.038244	5.280791	4.560544	4.134697	5.000059	5.003654	4.221816
4.561828	5.445634	4.436936	4.743168	5.31919	5.546778	5.35618	5.847158	4.511908	4.49674
5.89185	4.335286	5.417585	4.524121	5.180155	5.674325	5.67676	5.340989	5.768185	4.702579
5.00445	4.183522	5.072087	4.535673	4.359872	5.053974	3.972157	5.297543	5.723057	4.665699
5.13755	4.842793	4.989896	6.697997	4.208831	5.445031	3.444436	5.159562	4.681816	4.09526
5.096133	5.1376	5.02184	5.121189	4.469254	5.204824	4.475608	5.591039	4.632418	5.991537
3.757737	5.7136	5.174529	5.390618	5.186515	4.292878	5.071577	5.0015	5.062174	4.29697
4.431735	4.673342	5.358854	5.14079	5.341629	5.235554	5.598854	5.300251	4.897551	4.415901
5.641417	5.849379	4.480391	4.788668	4.895571	6.270655	3.848732	5.082606	5.074912	4.692113
5.818231	4.923562	5.358122	5.316057	5.262928	5.364674	5.414836	5.209347	5.012296	5.290761
5.071118	4.886527	5.170591	4.048809	4.204809	5.401954	4.126865	4.576732	5.757376	5.316767
4.759324	5.003246	4.441283	5.324407	5.781539	5.602314	4.487354	5.05952	5.088307	4.238811
4.868871	4.910338	6.49558	4.893927	6.035026	4.62405	4.816739	5.352537	5.161559	5.329857
4.972547	5.014014	5.124186	4.997602	5.411632	5.237916	5.755596	4.93137	4.724724	4.392756
4.887135	4.928602	4.852087	4.912191	4.337761	5.067167	4.14195	4.776634	5.393792	4.482916
4.774165	4.554581	5.287713	5.068839	4.360428	4.460253	4.985221	5.646006	5.164259	5.305287
5.053992	4.526435	5.608405	5.940791	5.615903	5.391851	5.149086	4.386152	4.982228	4.79775
5.635049	5.507905	4.603908	5.614842	5.023138	4.936114	5.065934	4.861404	4.235837	5.072133
5.234228	4.712841	3.773296	5.1678	4.84584	4.041047	5.612647	4.992301	4.367106	5.565248
4.866589	4.908056	4.926341	4.891644	5.310517	5.654375	4.505398	5.595333	4.81047	4.55979
4.954528	4.820708	4.553098	4.914338	4.968776	3.770167	3.691855	4.699221	5.041122	5.254737
3.931074	5.906009	4.907923	4.999889	5.190444	4.667104	5.223961	5.765001	4.423358	4.107822
4.623973	4.422528	4.930574	5.324698	5.062515	5.232013	4.922589	5.334353	4.565166	5.253345
4.189871	4.510778	5.613422	4.536407	4.838257	4.888057	4.68147	5.704767	4.581037	4.284721
