4.95538	6.191069	4.722832	4.411106	4.018564	5.153807	5.697522	4.999173	5.438308	4.268991
5.026972	4.468053	5.564587	5.983477	5.415833	4.401756	4.786779	5.214165	5.649149	5.089096
4.908368	3.931128	5.91151	5.297236	5.662046	5.388134	5.231693	6.058594	5.70331	5.574767
5.424581	4.638335	4.627574	5.000287	6.232866	4.738021	4.661051	5.058846	5.23981	5.338157
4.752138	5.17153	5.816557	5.114729	5.986236	3.900827	3.900576	4.244208	4.272235	6.256505
4.525969	4.725309	4.967625	5.216535	5.658488	5.09074	4.698867	5.371432	4.970441	5.292197
4.198881	5.472092	3.822344	5.424895	5.410648	4.449878	5.512346	4.97625	4.719947	4.761939
5.414512	5.058952	4.968715	4.793301	5.36185	4.686862	3.657186	4.971447	5.75226	5.76457
5.27416	4.484537	5.649309	5.058795	4.955589	4.412879	5.232669	5.25192	5.063833	4.974909
4.426789	3.653116	5.122303	5.42324	4.312232	3.923793	6.059117	4.621108	6.422848	6.482259
5.115388	5.252347	4.708945	5.62305	4.997193	5.798879	4.048756	4.62615	5.220558	3.711352
4.561877	5.573951	5.854544	5.622347	5.374378	4.568363	4.721292	5.751446	4.657543	4.499762
5.171448	5.308911	4.696253	4.884335	4.701033	3.891483	5.281458	5.650797	4.337487	4.551673
6.143775	5.009126	4.845601	5.613914	4.88307	4.843509	5.890008	4.177935	4.442852	5.502673
4.926872	5.418249	3.978235	5.533863	5.482322	4.858364	4.42035	5.306035	5.65289	6.025617
6.26321	4.041408	5.986601	5.186335	4.586344	6.253951	3.971323	4.843355	4.685796	4.788818
5.912221	4.488156	5.020904	4.622211	5.037507	5.016378	4.65197	5.229216	5.284371	4.859458
5.009487	4.289999	4.857564	4.833672	5.530966	5.068848	4.24972	4.939157	3.791537	5.334979
4.766324	4.988068	5.549919	5.67549	6.377428	4.018013	4.750875	4.475727	5.779093	4.741931
4.822944	4.707472	5.526361	5.133946	4.494872	5.576844	4.762631	4.912372	4.633236	4.881298
5.918509	4.718688	5.162434	5.349681	5.179037	5.157908	5.327944	4.137026	5.086396	6.063046
5.001862	5.116085	6.016838	3.74012	4.693575	5.455957	4.788082	4.648088	4.315102	4.99298
4.903888	4.062355	5.253188	5.441908	5.329016	5.510242	4.707072	5.188027	5.10871	5.44317
4.932871	4.414281	4.480049	3.18742	4.091284	4.406594	5.513561	6.304185	4.193956	4.126478
4.964131	5.471714	5.207114	4.929983	4.603292	5.228302	5.122235	4.591394	5.686462	5.005711
4.981694	5.220239	4.953528	5.795098	4.970131	4.949002	4.58263	5.380738	5.382334	5.607425
4.970956	4.927599	3.941741	4.768275	4.127799	4.891711	5.665972	4.794786	4.935905	4.830867
4.75992	3.628704	5.389433	5.085807	6.030024	4.321331	5.387514	4.747298	5.407969	4.262447
4.628	5.36935	5.755181	5.1536	4.844048	4.100971	5.045779	5.021836	5.029051	4.279087
4.97061	4.095178	4.157268	4.594618	5.063846	5.608495	4.768408	5.346141	4.711346	5.537557
4.81527	5.079657	5.242052	5.132597	5.305807	5.381752	4.436248	4.205605	4.644876	4.607018
4.956388	4.619787	5.018027	4.364913	5.635383	4.475217	5.099744	4.848194	4.924072	5.358573
5.273278	4.417121	4.902029	4.883759	4.155775	3.770309	5.318343	6.479102	4.993694	4.369876
3.924088	5.297443	4.350133	4.057981	5.653009	5.964721	5.070977	3.956398	5.302335	6.000674
5.541698	5.306921	5.491975	4.517108	5.16334	5.818167	4.656626	5.124151	5.091616	4.607639
4.765694	5.799638	5.026931	5.302324	5.043534	5.022406	4.405542	4.503085	4.762532	5.428076
5.485396	4.44322	4.873897	5.432776	3.987585	5.020247	5.613734	4.433542	4.055185	5.347733
4.740738	5.382662	5.607749	5.602191	4.044728	5.072287	5.506784	5.591736	4.676207	4.914736
5.531282	5.09878	4.889246	6.207979	4.905849	4.88472	4.292523	4.330481	4.417486	5.053401
4.053767	4.974515	5.679223	3.800245	4.472287	4.472931	5.185662	5.128367	5.216799	4.39805
5.274854	5.20189	4.862665	5.197416	4.560276	4.44569	4.317314	5.716336	4.191769	5.206244
4.493929	4.116997	5.573339	6.114255	4.236506	5.470684	4.767396	5.024718	5.655778	5.068318
5.85716	5.062592	5.037557	4.942159	5.05416	5.033031	5.584972	5.117772	4.359496	4.284857
4.332497	4.549062	5.560124	4.368222	4.126136	4.203678	3.898692	4.738651	4.339838	4.685414
5.237306	5.331336	4.932946	5.620455	4.791396	5.303158	5.405619	4.658778	5.600388	4.691216
5.155233	5.517584	5.109632	5.779985	5.468777	4.817819	5.557413	5.101479	5.155418	5.826625
4.646695	3.931638	6.024893	4.75742	5.690272	5.661542	5.253467	4.113781	5.26471	5.766424
4.313703	4.694944	4.781021	6.476328	5.131457	3.778731	5.062991	4.935324	5.543448	4.959733
4.140233	4.971338	5.42596	5.081779	4.547473	4.753362	5.632143	3.888467	5.018426	5.423339
4.753748	5.724056	4.56892	3.594415	5.142798	4.893946	4.935535	5.375986	5.342238	4.580282
4.735033	3.986831	4.780665	4.91896	5.348382	5.350131	5.509151	4.681788	5.015978	4.232299
4.861968	4.655684	4.912138	5.126928	4.928741	4.907613	4.740507	4.911419	4.059729	5.2544
4.783095	5.942512	4.834827	5.342491	4.687339	4.718984	5.092967	4.565729	5.068841	5.018428
4.341173	4.335013	4.710689	4.56366	4.97943	5.473236	4.814281	5.651389	4.234556	3.005259
5.932891	4.374023	5.023575	5.857347	5.012065	4.882954	4.84096	5.064313	6.003565	4.02753
4.766531	5.15525	5.273067	5.083344	5.037737	5.695457	4.395718	5.073527	5.366597	4.993546
4.269695	4.862046	5.202625	5.298328	5.219228	5.198099	5.331635	5.244274	3.476204	6.042773
5.026645	4.16173	3.986525	5.249275	4.805692	6.099806	4.494908	5.641212	5.054765	4.99809
5.427919	5.359107	5.909919	4.37468	5.592727	4.76144	4.577127	4.352333	4.941456	4.081302
5.466398	3.832898	4.538939	4.374701	4.624763	5.624939	5.509882	4.029648	4.436411	4.685903
4.942113	6.205857	4.187559	4.753406	4.997661	4.892398	4.196222	5.196236	6.200065	5.855777
4.506144	5.761206	5.067013	5.310843	4.897576	5.336197	5.507711	5.962294	5.84157	4.75011
5.082249	5.714174	4.881557	3.985905	3.994304	4.252025	4.991498	4.796923	4.766864	4.976035
5.50289	4.233164	4.617606	4.503947	4.348762	4.606627	3.969515	5.303774	4.774079	4.80616
6.606455	3.832848	4.979166	4.354265	4.995769	4.97464	4.64682	4.559594	4.438608	4.247473
5.703763	4.997072	5.415998	6.268533	5.217629	4.236089	4.727282	5.056861	5.226542	4.849924
5.586544	4.522345	5.080517	5.014154	5.09712	5.075991	5.167627	6.031756	4.916781	4.939722
4.879437	4.784317	4.968035	4.76942	5.377413	3.936205	4.562438	6.056071	5.870785	4.843338
5.248899	5.458025	4.667027	4.011242	4.868632	5.712578	4.554029	4.040482	4.896244	4.680039
4.552695	5.251101	5.372145	5.099466	4.694148	4.313	4.423829	5.19117	6.365627	4.265557
4.898244	5.843508	5.813591	4.709435	4.593255	5.142673	5.016984	5.132575	4.041118	5.223409
3.878598	4.967957	4.98033	5.774409	4.996933	4.975804	4.438927	5.832699	4.93869	4.801702
5.466131	4.81375	4.781979	5.086436	5.311765	5.038906	4.284818	5.913827	3.925402	4.749941
4.745962	4.673734	5.087713	5.215538	5.104316	5.083188	4.252834	4.633395	4.006754	4.919496
4.834626	5.25308	5.005144	5.368969	4.287118	4.908635	4.677396	4.532933	4.927273	5.246803
4.250427	5.246595	5.653013	4.472325	5.112064	4.296479	5.847912	4.929245	4.717835	4.621399
6.033552	4.986535	4.95159	5.173697	4.199477	5.027642	5.972856	5.715793	5.722219	5.059903
5.566215	5.363192	5.594208	6.095514	4.757936	5.906524	5.085717	4.639218	5.480061	3.752028
4.912543	4.565057	5.687871	5.328413	4.527016	4.501823	5.426772	5.359019	4.480011	4.954108
4.87468	5.294157	5.141379	4.679406	5.157982	5.136853	4.623121	4.831677	4.289906	5.985113
6.128193	5.559337	5.096259	5.802704	5.112862	5.091733	5.900064	5.223965	5.192386	4.942318
4.959469	5.163174	4.775541	4.902163	4.885002	4.96663	5.041798	5.672734	4.79505	4.741271
4.792603	4.518692	3.898567	4.96775	4.237444	4.430351	4.895533	5.203917	4.21103	4.532327
5.679597	5.710924	4.817265	4.654372	5.030763	4.120821	5.394899	5.085796	4.065765	4.17981
5.22401	4.217007	5.094028	5.250925	4.447879	4.816138	4.95607	5.466146	5.220717	5.010151
5.426292	5.134426	5.838079	5.334513	5.111078	5.216458	4.883318	4.246501	5.037544	5.390183
4.443343	5.331027	4.815367	4.558042	4.907103	4.523558	5.12299	5.030073	5.783045	5.187252
6.166182	3.927083	4.462304	4.91461	4.513455	5.308217	5.697379	5.042513	4.909265	4.743102
6.042873	5.684095	5.259923	4.516232	4.544154	4.84724	4.921951	4.858495	6.34177	5.086916
5.649073	4.68925	4.979086	5.116732	6.072759	5.732853	4.730542	3.950617	4.806376	5.065233
6.024285	5.142818	5.137666	4.875436	5.154269	5.133141	6.009883	5.38456	5.351306	5.069582
5.900092	5.396499	5.050721	5.054618	5.201089	5.90953	5.528123	5.33627	4.384474	5.241232
5.742619	4.289517	5.05725	6.279358	5.073853	5.052724	4.975673	5.614264	5.209818	4.668695
5.184199	5.013607	5.106226	5.00524	5.336799	4.555756	5.393925	5.057759	4.47569	4.734426
4.692567	4.718893	4.186071	4.869483	4.247022	5.270174	5.432993	5.484639	6.132596	6.134474
5.284972	4.536509	5.180642	5.188569	5.125488	4.065974	5.113939	5.326933	5.045339	4.827724
5.205153	5.231121	5.484947	4.56732	5.084328	4.569063	5.188613	4.786091	4.567346	4.790743
5.585973	5.378232	4.934833	4.31005	5.259551	5.170146	5.360991	5.33216	3.887309	4.889583
5.545803	3.964809	5.118974	5.451796	5.135577	5.114449	6.261893	4.958005	5.361618	4.653772
4.59815	5.323261	5.305782	3.936306	4.899423	4.634533	4.173795	5.107375	4.945253	4.176581
4.364903	5.982648	4.639099	4.720254	5.4769	4.983019	4.787969	5.291201	5.168105	5.469532
4.562827	5.371673	5.675285	4.295179	4.927847	5.013209	4.683769	5.13561	4.547377	4.729877
4.766468	5.741758	5.524574	5.09238	4.769805	4.67752	5.585756	4.125914	5.300925	5.31356
6.019213	6.245015	4.398649	5.483324	5.620379	4.932919	4.445222	4.171352	6.268943	4.543301
5.202542	4.652111	4.827291	4.425015	5.717723	5.7633	4.92333	5.431804	4.804434	4.933047
4.743603	5.320476	5.79292	4.213641	5.898761	5.902356	5.457247	5.286175	4.729949	5.103636
4.549591	5.174117	5.016591	4.326095	4.561356	4.859356	5.216696	6.226534	5.038995	4.414542
5.364327	5.036496	5.81679	5.633537	4.823987	4.468391	4.257846	4.438732	4.240077	4.995189
5.515563	4.740237	5.667042	5.53758	5.332625	5.179572	4.703693	5.056999	5.351681	5.868577
4.518899	4.651604	5.47574	5.301455	5.007962	5.47103	4.507753	5.731586	4.965623	3.979092
5.815138	6.736055	6.139734	4.907685	4.586858	5.040613	5.529664	4.674561	5.334515	4.933345
4.16893	4.677944	5.389921	5.420421	4.79131	4.644906	5.660113	4.996385	4.266909	5.478209
3.534199	5.102218	5.108621	4.839068	5.125224	5.104095	5.706871	5.05069	4.434021	5.24517
4.869443	5.790022	3.830336	5.592844	4.989387	4.960208	5.950215	4.091183	4.872055	3.986446
4.750314	4.314716	5.030852	4.783801	5.047455	5.026326	5.21518	5.099103	4.167561	5.262304
5.854418	4.429817	5.286089	5.057682	5.442578	4.626995	5.10856	4.392896	5.456586	5.867854
4.757249	4.466576	3.902998	5.277162	4.362648	4.927711	4.718289	5.269827	4.28755	5.152586
5.286124	4.41406	5.134619	5.124333	5.496273	4.321901	5.282347	4.441181	6.026184	5.615449
4.853203	4.480912	4.913743	5.238161	4.729743	4.768688	5.497684	4.446008	5.1043	5.660055
5.000888	5.186549	5.303853	5.299771	4.941609	5.401125	5.825289	4.2924	4.744852	5.044521
4.572619	5.57513	5.308995	4.092577	4.710407	4.677108	6.428635	4.646756	4.926913	5.180152
5.616793	5.057239	4.567314	5.747095	5.848191	4.68103	5.587443	5.310196	4.467523	4.903253
5.700816	4.657753	5.420528	5.634039	4.577535	5.650346	5.317196	4.70203	5.039563	5.318426
6.030424	5.40454	4.718001	5.752671	4.42574	5.233844	4.817532	4.501954	5.199514	3.952821
5.440889	4.640671	5.052624	4.599853	4.046561	4.306077	4.678397	4.890285	4.508423	5.330394
4.481215	5.222999	5.212	5.119447	4.358258	4.701199	4.6676	4.598022	5.259937	4.507307
5.71254	5.701566	5.150969	5.241292	5.167572	5.146443	5.716149	5.074679	4.539346	4.10362
4.733052	4.767117	5.49393	4.879828	4.888493	4.541077	4.814893	3.996005	5.937126	4.170696
5.309723	4.053388	5.218771	5.541842	5.292694	5.220402	4.816525	5.197474	5.226158	5.205095
5.110424	4.909242	3.946608	4.155458	4.753094	5.679307	4.126276	5.747818	5.605831	5.137784
5.118243	4.347479	5.027908	5.384946	5.044511	5.023383	5.172276	5.44558	4.352504	5.588379
4.754428	4.340081	3.8403	4.453825	5.925151	4.760215	5.398188	5.085768	5.21745	4.537418
4.285859	6.198925	4.932847	5.434578	5.235013	4.030044	4.711146	5.656039	5.801235	4.511925
5.124428	4.146915	5.180221	5.091691	4.672535	4.640357	4.92539	4.270113	4.640372	5.175738
4.896731	5.507611	5.223821	4.908912	4.896058	5.282953	4.470272	4.57545	5.552743	5.076027
4.872892	5.546273	4.335112	5.489078	5.330591	4.322137	5.71509	5.458439	4.638253	4.249305
5.208451	5.888328	5.090859	4.726279	4.252086	5.410385	5.407006	5.466344	5.888638	5.118268
5.556664	4.636775	4.936113	5.115376	4.952716	4.931587	5.50503	4.145667	5.537869	6.234703
5.199824	6.426461	4.9093	5.34024	3.855633	4.711213	4.589786	5.517781	4.649641	5.053285
4.079569	5.015436	4.918846	4.771294	4.935449	4.91432	4.051936	6.334686	4.649967	5.407573
4.440766	4.710797	4.740879	4.507544	4.134607	4.865007	4.58935	4.234787	4.126019	6.231146
5.192307	6.251998	5.02684	4.945054	4.432768	5.050126	4.833412	5.210981	3.908856	4.526758
4.428689	5.80886	3.621682	6.065616	4.792969	5.555026	4.864054	5.160399	4.683856	5.324223
4.298526	4.862817	5.074105	4.37198	5.090708	5.06958	4.76213	5.007845	4.534838	4.699432
5.233254	5.344937	4.633607	4.052112	4.965842	4.631423	5.125166	4.362947	4.808944	5.216119
5.181399	5.281028	5.39762	5.551166	4.606102	5.775363	4.953967	5.612913	5.433685	4.079731
4.795361	5.223794	5.12649	5.059793	4.815503	4.964178	4.669218	4.301195	5.792722	4.839577
4.963985	4.826012	5.898098	4.92417	3.970181	6.53493	4.350697	4.729096	5.334073	5.176738
5.529721	5.059361	4.730244	4.684321	6.802418	6.033999	5.650312	5.352943	4.788838	4.94703
5.306367	4.989367	5.35883	4.981933	5.14186	5.357706	5.073929	4.316668	5.017513	4.917652
4.888265	4.383512	5.24309	4.662341	5.259693	5.238564	4.911236	5.658328	3.93421	4.119657
5.119918	5.14627	5.036793	4.3954	5.053396	5.032267	4.69153	4.03465	5.327312	4.971947
5.377837	5.45346	5.138507	5.398044	5.479687	5.454597	5.224636	5.436882	6.476113	5.510322
4.760176	4.986339	5.567482	4.90453	4.46376	3.829742	6.312355	5.669966	4.671358	5.599705
4.823217	5.157625	4.405741	4.100525	4.677062	5.388708	4.644254	5.714326	5.63055	4.012919
5.503007	6.363996	5.371953	4.938282	4.929001	3.937793	5.727577	5.33272	5.183035	5.431385
5.752859	5.256627	5.417747	4.8965	5.646548	4.124076	5.495311	5.384748	5.253499	6.113065
5.449757	5.425551	5.010595	5.221755	4.7125	5.450679	5.593625	4.99265	4.515908	5.480964
4.900471	4.599454	5.033885	5.598345	5.050488	5.029359	4.432573	4.306282	4.037234	4.535794
5.670586	5.335857	4.679065	6.154717	5.063015	4.338989	5.503317	5.213915	5.16115	4.988741
4.553734	4.339582	4.932085	4.219658	4.963735	4.072616	4.690993	5.588373	5.041862	5.77768
4.597252	5.497137	5.012736	5.525674	5.713826	5.410239	4.546924	5.664394	5.046951	5.405891
4.924873	6.253167	4.944206	5.406043	4.960809	4.93968	5.26776	3.272327	4.597202	5.364945
5.284014	5.120343	4.461483	5.890136	6.323194	5.473075	6.33246	4.606683	4.284971	4.018421
4.259124	4.046069	4.929712	4.527071	6.550928	5.581472	5.146031	5.664095	4.893205	4.942972
4.640294	5.153274	5.928471	4.728591	4.921087	5.642051	4.52218	4.23358	3.662693	5.510786
4.224861	5.058095	5.077228	5.576229	5.093831	5.072702	4.928195	4.867904	5.138879	5.590851
5.427934	4.98273	5.493622	4.716301	5.523576	4.088291	5.706887	5.37471	5.35326	4.393891
4.732979	4.644658	4.724807	4.939326	5.507156	4.599168	6.293304	4.61622	5.635261	5.484211
5.107376	4.691158	4.776618	5.191571	5.418993	4.188678	5.809966	6.387997	5.101455	5.307357
4.919795	5.954465	4.681761	6.075802	4.655678	4.502665	4.569685	4.44381	5.653043	5.375089
4.451191	5.256443	5.122333	4.714119	4.480411	4.558619	5.721335	4.701575	3.746419	4.426594
5.778101	4.701387	6.349914	4.493903	5.115802	5.472523	4.566905	5.489974	5.61244	4.751708
4.145846	4.57092	4.734347	4.456829	5.035661	5.424106	5.004709	5.041079	6.047122	5.251709
5.088133	5.123966	4.338539	5.746948	4.84885	4.98645	3.700121	5.866404	4.382442	5.175445
4.254105	5.394172	5.84801	5.40094	4.748711	5.247342	5.735999	5.251274	4.635423	3.925368
4.731069	4.675838	4.876235	4.981979	4.657288	4.720107	5.216708	5.115	4.730654	5.21174
5.412894	5.155763	4.504765	3.966599	4.599895	5.296769	5.325194	5.468595	5.716733	5.382669
4.634535	5.140784	4.043584	4.263924	5.166656	5.590853	4.005614	5.91577	4.893368	4.892786
5.103654	4.629562	5.189296	4.636386	4.595704	5.29263	5.333174	4.589883	5.388784	3.823496
4.96868	4.530912	4.968066	4.458963	4.984669	4.963541	4.645028	5.441877	4.922978	3.82961
5.305186	5.105723	4.245936	6.034474	5.42285	4.528437	5.632117	4.637393	5.319119	4.457986
4.40208	5.580248	4.856473	5.888089	4.704717	4.697894	4.858864	5.560504	5.10573	5.717529
5.491555	4.57364	4.565181	4.803811	4.715608	5.005056	4.67124	4.816804	4.525055	5.608812
4.480262	4.916003	5.775172	5.137886	6.319887	6.0555	4.405987	4.535143	4.759354	5.486866
5.067418	5.373588	5.275989	5.232924	4.932093	4.896286	4.819329	5.238884	5.552968	4.556023
5.128384	5.387912	4.301191	4.430314	5.398277	5.297983	5.713798	4.671228	4.442485	5.203338
4.905891	5.031733	5.958211	4.277268	5.939494	4.695531	4.684029	5.288843	5.468176	4.229931
4.63742	4.720788	4.148968	4.573654	5.465238	5.350622	5.267969	5.463717	4.236449	4.854301
5.368871	4.049618	4.970609	5.80682	5.046554	5.383997	4.977302	4.767074	4.188993	5.578797
4.549	4.960311	4.998214	5.387115	4.089118	4.743378	5.051919	5.511773	5.392873	4.353354
4.891137	4.726228	5.369637	4.319344	4.57891	5.645821	5.113381	4.774769	4.611059	5.146751
4.75159	5.014105	4.23192	4.827567	5.326817	4.906837	5.463926	4.207355	5.142877	5.301361
4.643922	5.17738	5.043516	3.806569	4.882131	5.582529	5.229699	5.396407	3.789435	6.269871
5.577402	4.685864	5.312854	5.292781	5.408178	5.262086	4.716979	5.251229	4.758625	5.388565
4.696915	4.583815	5.140898	4.662091	4.818337	4.548348	5.306053	6.796837	5.809121	5.073267
5.363144	6.259289	4.92564	4.747989	4.902776	5.622655	5.807408	4.419736	4.147174	5.216393
4.555876	4.837692	4.644279	4.57588	5.395058	4.869944	4.989738	4.603321	4.803009	4.095354
4.155859	5.120073	4.667771	5.147514	5.026348	5.788538	5.238693	5.450556	5.229029	4.962358
5.151649	4.483654	5.592005	5.161688	5.719113	5.814476	4.678868	5.234571	4.674073	5.433069
