4.682915	4.693959	4.843803	5.514875	5.245086	5.775988	4.86123	4.211706	5.286987	5.220331
5.394441	4.542404	5.685646	4.845052	5.042368	5.986447	4.841415	4.360962	4.908607	4.803069
4.577065	4.33775	5.298032	5.590195	4.665416	3.975441	4.074714	4.979237	5.444046	4.679533
4.870246	5.492943	4.743509	4.402248	4.859719	5.168016	4.922549	5.413764	5.279747	3.749946
4.427117	4.533812	4.904183	5.165281	5.727188	4.583818	5.117747	5.855201	5.571968	5.675912
4.549469	5.313401	4.879641	4.898969	5.633759	4.755352	4.517842	4.986786	4.449982	4.690293
4.631167	5.690064	5.007183	4.491587	3.924166	4.94582	5.520495	4.716383	5.002923	4.742471
5.781538	3.799502	4.171864	4.318918	4.54798	5.761382	5.617492	5.03051	5.543508	5.105516
5.631122	5.130128	4.482813	5.162626	5.163248	5.585517	5.124221	4.689201	6.012968	6.064033
4.344415	4.962259	4.993684	4.936965	4.502539	6.019195	4.922338	5.171917	5.571807	5.247553
5.052798	4.397701	5.787095	4.889023	5.142415	5.92453	5.33028	4.329889	3.697458	4.647311
5.557436	5.226075	5.364304	4.9587	4.068079	5.088687	5.47839	5.68609	5.191223	5.567218
5.311969	5.393339	5.417958	4.889087	5.469806	4.573453	4.698557	5.397277	4.51514	4.448979
5.481892	5.196661	6.244696	4.477717	4.746104	4.627769	4.663042	4.54145	5.901398	3.869904
5.174909	6.053343	4.630843	4.460484	6.122036	4.476288	4.263443	4.913299	3.902014	4.899513
5.179415	5.030389	4.290247	4.593627	5.733747	3.923173	5.610924	4.789081	5.211164	5.954862
5.253566	5.62994	4.947156	5.116209	4.963759	4.94263	4.49324	4.683907	5.63593	4.130343
4.671762	5.8772	5.43125	5.002791	5.185883	5.926478	4.196661	4.929116	4.069498	5.290406
4.488022	4.936801	5.455719	4.832523	4.512119	5.56006	4.628121	5.370403	5.560812	6.357875
5.578351	5.821406	5.485622	5.100873	4.750418	5.888242	5.664141	4.837607	5.06902	6.348192
5.099895	4.443699	5.088686	4.669811	5.105289	5.08416	4.917357	5.058784	5.042293	5.091587
5.047776	4.552755	5.208898	4.882253	5.101232	4.927405	5.009374	5.6637	4.952763	4.779216
4.90867	5.270741	4.635404	5.059149	4.62985	4.82226	5.446378	3.759775	4.332602	5.424552
4.302374	5.212533	5.044419	6.48267	5.256576	4.860055	6.036837	4.990197	5.768607	5.416003
4.436839	4.315837	4.58056	4.910816	5.49714	6.185143	4.911266	5.628269	5.342532	4.536054
5.383716	4.864386	4.87978	5.662975	4.896383	4.875254	4.243106	4.833535	4.754129	5.335467
3.761086	4.953783	4.739388	4.618098	4.859159	4.129911	4.986919	5.349396	4.597742	4.73533
4.313786	4.11043	3.574161	4.725258	5.866817	4.986028	4.390196	5.09732	5.439197	5.410712
4.581453	5.405296	4.523699	4.501289	4.833131	5.144578	3.964009	4.814194	6.419626	4.34552
4.487862	4.854638	4.924186	4.966598	5.274757	3.759452	4.597429	6.426907	4.853759	4.719823
6.158602	5.738455	5.399201	5.574179	5.46057	4.608086	5.517454	4.726546	4.931649	4.134486
5.556169	5.218715	5.28746	4.779994	5.931593	4.236854	5.648217	3.854145	4.803978	5.211475
5.099679	4.07706	4.649769	5.070462	5.028457	5.387207	4.630447	4.692985	4.470116	4.432926
4.687828	6.077775	5.519889	5.553771	4.734703	5.333344	5.51804	5.109106	5.626766	5.122739
4.917079	4.97086	3.821036	4.13951	4.886628	4.625266	5.446385	5.579337	5.471521	5.770771
5.938775	5.036493	4.953183	4.996927	4.969786	4.948658	4.322559	5.705453	5.708419	5.507138
5.832004	4.777893	4.883942	5.383028	4.832597	5.388896	5.292777	5.847548	5.357373	4.604499
4.918628	4.591075	4.349471	5.377039	4.42829	5.697054	4.839539	5.139026	4.297607	5.342978
4.579094	3.758666	4.815497	6.334044	4.8321	4.810972	4.86535	5.260224	6.206094	4.098587
5.508184	5.863898	5.358634	4.542235	4.936066	4.060525	5.689226	5.182808	5.303725	4.262866
5.280153	5.428241	5.912804	4.261169	4.538052	5.637432	5.648392	5.750124	4.812759	4.252299
6.225349	4.861158	5.004975	5.828279	5.456903	4.774317	5.547087	5.506576	5.191851	4.06878
5.377255	5.140779	4.963809	5.258292	4.980412	4.959283	4.278166	4.382828	4.59022	4.667449
4.393703	5.580801	5.4949	4.945408	4.985714	5.180996	4.415159	5.394966	5.575232	4.741789
5.0998	4.589109	6.07991	4.378259	4.041636	5.672486	5.91959	5.776775	5.285264	4.798832
4.271356	5.179384	5.223774	5.858737	4.023612	4.977039	5.271832	4.972319	4.906829	5.512861
5.031287	5.29629	4.930148	4.836189	5.148441	4.751538	4.674469	4.934658	5.533278	6.117086
5.704472	5.347492	5.469126	5.695464	5.289317	4.973877	6.305056	5.035686	5.068902	5.011062
4.0204	5.26276	4.734461	5.036248	5.161801	5.932386	4.936109	6.496976	5.115212	4.455084
4.915786	4.700861	5.523799	4.666863	5.790854	4.92871	4.868298	5.369525	4.873266	3.569088
5.494794	5.20715	5.12695	5.516462	5.119246	6.514872	4.494889	4.586644	4.795313	5.654478
5.201217	5.047174	4.83839	4.28884	4.854993	4.833865	5.002667	5.448645	5.187797	5.39817
4.016832	5.753114	5.644639	5.493139	4.764228	4.767997	5.424453	5.183344	5.243793	4.950709
4.76638	5.050253	4.596859	5.406831	4.905146	4.861842	5.828924	4.520915	4.389087	5.06886
4.335431	5.537904	5.298505	4.720966	5.266141	5.079241	5.043365	5.595788	5.07123	5.542445
5.180229	4.909523	5.69441	5.491922	3.899124	5.351496	4.196186	4.57884	5.232441	4.225022
5.244178	4.939777	5.128877	4.206907	5.14548	5.124351	5.324042	5.008502	5.256493	5.24673
5.036046	5.347383	5.570074	4.788245	5.803143	6.080818	4.963596	4.467203	4.757528	3.523007
4.715246	4.504192	5.07666	5.089028	6.542299	3.582709	5.245461	5.272498	4.977449	5.095803
4.704996	5.698688	4.249002	5.252469	4.700455	4.950404	4.686986	5.320172	5.34205	5.632149
4.866694	5.617692	4.75467	5.441525	5.43544	5.290339	5.456066	4.400673	4.55479	5.652618
5.435846	5.791913	5.646169	4.655524	4.255521	5.316695	5.386195	4.34922	5.518788	5.206356
4.386794	5.232755	5.513928	4.76994	4.62136	4.632586	4.986151	5.253642	5.929321	4.811553
4.850353	5.587529	3.806743	4.598015	5.918663	4.840522	5.669109	4.405968	4.060672	5.481087
6.813518	5.341116	4.905418	5.260247	4.922021	4.900892	4.822994	3.965835	4.891816	5.462605
3.951991	4.306451	4.141069	5.302548	4.376523	3.116404	4.962288	5.056185	4.928472	4.527006
5.107932	6.51012	5.006769	4.002464	5.023372	5.002243	6.119893	4.71419	4.987687	4.783321
5.568043	4.794212	4.586682	5.756332	4.704459	4.584038	5.125525	4.54162	4.803057	5.24628
4.998865	4.448864	4.160246	5.540132	4.52457	4.987115	4.763904	4.599946	4.847666	4.757174
5.039236	5.517813	5.272636	5.753443	4.862138	5.0743	5.873134	4.565657	4.688577	4.732267
4.14933	5.22758	5.547187	4.323472	7.076117	4.903236	4.813993	4.476408	5.078236	4.620615
4.633115	5.264018	4.906582	4.78431	4.923185	4.902056	5.668267	5.140165	5.764888	4.707059
4.442485	5.593509	5.409533	5.43579	5.592906	5.434546	4.608748	5.109799	4.296215	5.159566
4.588636	5.11582	5.013965	5.020272	5.030568	5.009439	4.846904	4.907829	4.427365	5.307864
5.408119	5.050232	5.464295	4.607167	4.505309	4.333789	5.849263	4.660106	5.04794	4.326129
4.728913	5.625744	5.333865	4.934264	5.692204	3.701348	3.434195	4.162999	5.249989	5.333763
5.007983	4.979757	4.654848	5.61105	5.29471	6.277829	5.076654	4.308496	4.625627	5.242915
6.05532	4.435812	4.116799	5.072829	5.144964	5.81259	5.394736	4.866556	5.821151	4.644835
5.077263	4.692739	5.29614	5.292974	4.092752	4.250739	5.195077	4.145638	4.7658	4.625796
5.050293	5.314094	5.067631	5.184731	5.084234	5.063105	4.104583	4.61662	5.516853	5.109485
4.783636	5.7959	5.022511	5.099475	5.039114	5.017985	5.044576	5.184396	4.752166	5.174143
4.873934	4.29533	3.82234	5.327805	4.754397	5.222137	5.56861	4.96936	4.339557	4.735005
5.227969	5.845945	5.166415	5.015867	4.80092	4.714431	4.736014	4.577415	5.436535	5.516922
5.219059	4.382149	4.363791	4.830991	5.531043	5.343854	5.100626	3.543249	4.753582	4.848222
5.390702	5.001938	4.943235	4.545404	4.744429	5.030457	4.752437	5.0659	4.978839	4.715741
5.638821	5.487793	4.337234	4.198402	5.280934	3.691547	5.142936	5.05364	5.169843	5.339778
4.892044	5.193381	5.0262	5.382187	4.447304	6.145277	5.08065	3.963433	4.731889	4.89794
4.276108	4.808075	4.467339	4.065761	4.274697	3.779614	4.496801	4.815634	5.030233	4.775607
4.763326	5.20835	5.501091	5.941415	5.229155	6.269515	4.58503	5.277143	6.234856	5.003264
4.672734	5.092201	5.827086	5.2367	4.300543	4.949218	4.76551	5.029139	5.174719	4.820983
4.655763	4.933525	5.063918	4.601079	5.080521	5.059392	5.075283	5.684029	5.332328	5.380516
5.493406	4.92695	4.98567	5.456944	5.381577	4.353939	5.815214	4.163893	5.067759	5.456564
4.856865	5.65739	4.983502	4.489055	5.000105	4.978976	5.635447	4.196509	4.455797	4.799225
4.342899	5.010543	5.43189	5.070568	4.563105	5.623228	5.10157	6.340945	5.401817	4.31899
4.516889	4.520834	4.418828	4.493784	4.455536	5.716228	5.522246	4.915217	4.79909	4.735298
5.348409	4.948402	5.012817	4.928	4.645608	4.910979	5.188807	4.953445	5.752021	4.250896
5.688475	4.54808	4.259778	6.152604	5.203971	5.005804	4.773205	2.906405	4.638767	4.652463
4.507963	4.88614	5.712709	4.687698	5.757207	4.684676	5.814023	5.257637	4.247563	4.969526
6.32655	4.173275	5.045226	4.595678	5.061829	5.0407	5.402358	5.260923	4.991101	5.352965
5.038268	6.292211	5.127709	5.269728	5.397317	4.935449	4.788874	4.646307	4.743299	4.872051
4.544733	4.105602	4.80352	5.112978	4.407295	4.915343	5.43014	4.489639	4.859208	5.479064
5.657916	4.677157	5.230415	5.541833	5.31639	4.338295	4.021324	4.062615	5.380473	5.087958
4.266335	4.925069	5.864237	4.322611	5.219075	4.793507	4.926088	5.057731	5.475814	5.585737
4.467109	4.126453	5.098235	4.393209	4.701632	5.263967	5.705177	4.117284	4.440977	4.678353
4.278859	5.648967	4.932589	4.841688	5.248481	6.292597	5.63796	4.415825	3.700663	4.838073
4.371656	5.492177	5.636811	5.433054	3.821623	5.131543	4.525884	4.231906	3.813865	4.421671
5.159991	5.278888	5.105902	5.36427	6.404037	4.768692	4.864483	5.386992	4.71983	4.508197
5.456204	4.571619	4.869022	5.698308	5.399557	4.764499	5.425947	5.562675	5.200118	5.236521
5.17674	5.684853	4.600379	5.412233	4.801354	4.791145	4.218018	4.052107	4.090645	4.42169
5.570244	4.418134	5.050591	5.426568	5.626996	4.719635	4.909919	5.339342	5.742978	5.8663
5.46968	5.569211	5.121771	5.559647	3.908127	5.840469	4.748104	4.287673	5.255852	5.415206
5.676375	4.858825	4.725416	5.030465	5.324345	4.144858	4.318054	5.111236	3.841412	4.990665
5.012717	4.458696	5.034873	4.704944	5.051476	5.030347	5.280725	4.682217	4.440058	5.266601
5.120777	4.945703	5.623655	5.48858	5.07229	5.189481	4.231529	4.033981	6.104507	4.474949
4.395144	5.14132	4.957104	5.716366	4.973707	4.952578	5.449069	5.102274	5.941949	5.255966
5.882026	4.977059	4.720852	4.802745	5.139705	5.705344	5.406414	4.968559	4.729949	5.270875
4.715104	4.697064	4.547239	4.584653	4.892195	4.127748	4.400285	4.245164	5.143846	4.983546
3.655358	4.710684	5.016798	5.757249	4.613016	4.39722	4.778686	5.501194	5.545165	4.267406
5.403886	5.320688	5.423562	4.869775	4.790379	6.333734	5.443817	4.994705	4.70472	5.09188
4.962117	5.061863	6.284617	4.94435	5.374928	5.666138	5.488082	5.375079	4.733802	4.116789
5.369797	4.245909	5.159987	5.435519	4.96395	4.570159	4.781824	5.96304	4.829075	5.484239
4.642575	5.161052	4.55464	4.860534	4.5043	5.004262	4.86265	5.190187	5.117039	5.470448
5.528418	4.726205	5.506239	5.003956	4.604991	5.597826	5.646266	5.154253	4.862972	5.219589
4.713461	5.573477	5.466463	5.295698	5.429202	5.355623	6.000184	4.615407	4.984999	4.676798
5.45153	4.667336	4.860575	4.979353	4.819641	4.844066	4.680865	5.259841	3.915698	4.04678
5.756782	5.912259	4.446684	5.255869	5.106672	5.643325	4.652277	4.655058	5.019525	6.018104
4.693083	5.250133	5.077221	5.54433	5.093824	5.072695	4.824127	4.354434	4.180649	4.974545
5.059699	4.328794	4.563496	5.14629	5.070561	5.015658	4.21316	4.618738	4.37427	4.03965
3.91777	4.714983	5.42388	5.168918	3.813741	5.625148	4.985703	4.472683	4.281068	5.309576
5.174304	4.734855	4.80725	4.616189	4.599109	5.401666	4.728465	5.614906	4.831931	5.242065
4.975829	5.679399	4.95416	4.956886	4.970763	4.949635	4.750814	5.679255	4.546194	5.217514
4.038424	5.048698	5.144399	5.283916	5.445378	4.752813	4.954901	4.45227	4.309308	5.061702
6.018145	4.064996	3.919287	5.713606	4.310923	4.839139	5.009179	6.295023	4.553085	5.012282
4.668928	4.748294	3.540598	4.490671	5.069088	4.505273	4.552609	5.294147	4.771695	5.425323
4.721311	5.053192	4.529437	4.999681	5.595185	5.112243	5.133667	4.596509	5.148972	5.326298
4.956296	6.416795	5.940845	4.25987	5.073781	4.477193	4.780052	5.05115	4.780749	5.927429
4.764401	4.503124	5.047749	5.877753	5.415565	5.096121	5.223374	4.867552	5.271205	4.504338
5.192866	4.917343	4.862365	5.037152	4.878968	4.857839	5.089876	4.728552	5.052711	4.171427
5.1798	4.947797	6.000108	4.528599	5.247406	5.056249	4.629469	4.950379	4.708241	5.44828
5.467584	4.183122	4.845098	4.787097	4.861701	4.840572	4.765479	4.766846	5.45226	5.073739
4.195489	4.557342	4.640386	4.930703	4.573321	5.65845	4.612763	4.900002	5.576301	4.071217
4.463531	4.914551	5.409894	5.145349	4.152215	4.509349	4.625709	4.316479	4.661537	5.850121
6.008164	3.184605	5.375294	5.648834	5.531712	4.640406	4.808545	6.069745	4.969743	5.502001
5.537074	4.225249	5.000357	4.949393	5.01696	4.995831	4.536781	4.61154	4.969457	4.834793
5.370916	6.052526	5.358161	5.22493	3.880451	4.873425	5.562504	5.327382	5.605404	5.491045
5.437739	5.591674	4.927338	4.749274	4.554906	4.944054	5.198197	4.298405	5.60773	4.421146
5.34789	4.696961	5.088461	4.087508	4.713382	4.553538	4.954961	5.578548	4.14037	5.484668
5.447464	5.782191	5.371207	5.963194	5.354246	5.750706	4.358914	5.14683	4.8149	4.76338
5.092209	4.865994	4.612204	5.202741	4.636571	6.406555	5.231145	3.892202	5.803695	4.501075
3.708684	4.874509	5.885219	4.312503	3.811529	5.272306	5.233709	5.511731	4.257462	5.058408
4.489265	3.926714	5.169342	5.913876	5.185945	5.164816	4.495856	5.784579	4.825603	5.046545
5.503192	5.753897	4.963045	6.200504	4.979648	4.958519	4.445306	4.714667	5.016459	5.65818
5.493843	5.633044	5.272161	3.968733	5.341809	5.678919	4.899827	5.377107	6.499206	5.164792
4.744566	4.068909	4.245035	5.644309	4.203489	4.503279	5.294763	5.501524	4.502557	4.535198
4.479212	4.481217	4.993745	3.786425	5.202058	5.335605	4.811396	4.741085	4.477833	5.900169
4.154052	5.04494	5.033794	5.693891	4.512022	4.545465	4.649228	4.951074	5.110747	4.704108
4.576611	4.613542	4.291251	4.314558	4.998337	4.130401	4.936224	5.109739	5.897357	5.414353
5.71685	4.835789	5.154084	5.564145	4.89186	4.712137	4.995302	4.977416	4.550921	4.530333
5.584162	4.944655	4.960137	5.169097	4.97674	4.955611	4.999401	5.074888	5.098915	4.033329
5.027763	5.140638	5.07619	5.13315	4.843575	4.566947	4.88348	5.546968	4.362758	6.374563
5.791752	5.051741	5.985818	5.387949	4.858302	6.211723	4.70799	4.315057	5.166412	5.02596
5.211959	4.532662	4.242622	4.134888	5.670169	4.389243	4.833714	4.239521	5.32306	5.399099
4.989561	5.357153	4.870458	5.533654	4.887061	4.865932	4.793788	5.745493	5.97774	5.237165
5.395392	5.417638	5.073205	4.524413	5.333889	4.95192	4.953398	4.462084	5.839248	4.711048
5.210056	4.832853	4.598197	4.774978	4.450054	5.517329	5.046224	5.289454	5.486558	6.141609
4.977547	4.474718	4.873624	5.556283	4.998633	4.995107	4.776121	5.679868	5.530474	4.75429
5.248588	5.640091	5.003479	4.972438	5.020082	4.998954	4.3996	4.654174	5.226656	4.828049
5.730905	4.395197	4.690699	5.865637	4.867497	4.731904	4.985668	5.50658	4.874228	4.908205
4.359991	4.776357	5.495265	4.684971	5.411025	5.330098	4.35366	4.551903	4.785727	5.370965
5.608651	5.046426	4.735393	5.453116	4.953096	6.223962	4.828941	4.039004	5.201224	5.371204
5.686914	5.537604	5.921402	3.583995	4.49446	5.389128	6.483314	5.078755	6.507007	5.363122
4.986899	5.632753	5.068213	4.97763	5.532993	4.740274	4.940667	4.693197	4.296849	5.057792
5.095697	3.833753	6.354847	4.799483	4.851556	5.610785	4.479875	4.907032	5.322043	6.072242
4.837661	5.243419	5.534819	4.762546	4.267132	4.375682	4.748722	4.779423	4.457285	6.147794
3.921334	4.860029	5.362378	4.402169	3.954659	5.28853	5.189218	4.471611	5.098163	5.236783
4.945792	5.039448	3.989259	4.998973	5.876867	3.90764	5.772968	4.573343	5.548062	5.016311
5.41085	4.153809	4.856371	4.64274	4.374482	4.48168	5.504317	5.218894	3.939476	5.877743
5.001411	4.889801	5.092739	5.679579	5.592435	4.834642	5.609422	5.565728	5.544005	5.154009
5.872619	4.997933	4.769333	4.648366	4.156685	5.039266	5.228297	5.451781	4.480311	5.077149
3.505102	4.201052	5.37885	4.680586	4.780672	4.833242	5.255662	5.190974	4.703876	4.924159
5.416438	4.838978	4.894318	5.383072	4.910921	4.889792	4.177063	5.081129	5.028258	5.32322
5.266157	4.372612	4.657057	4.904899	5.166432	5.228189	6.474707	6.023141	5.301186	4.057201
4.452328	4.597191	5.757875	5.225772	5.999788	5.375642	5.297153	5.048136	5.101835	5.368206
4.992443	4.950628	5.674963	5.087195	5.061215	4.361552	5.209614	4.894813	4.182095	5.419141
4.144808	5.168194	4.616983	4.424752	4.822249	4.118907	6.462742	5.347542	5.41884	5.450305
4.841924	4.751407	5.086852	5.369636	4.591879	4.663368	5.016233	5.077983	4.549038	3.564634
4.740338	4.842219	3.567842	5.745739	4.387957	4.960576	3.957888	4.703286	3.73021	5.025198
4.539844	5.504266	4.798072	4.206285	4.859686	4.474999	4.593814	5.123789	4.805005	5.429185
5.44148	4.587301	5.148034	5.678026	4.674034	4.446751	5.200414	4.500383	4.873055	5.21021
5.481524	4.283574	5.084201	4.899121	4.989718	4.92437	5.065485	5.220746	5.75236	4.496181
5.457938	4.869942	3.998157	4.880972	5.418061	4.329368	4.108118	5.222075	5.478665	5.321408
4.450409	4.441535	5.257822	5.774373	4.342892	5.253662	4.406233	5.565588	4.484906	4.722286
4.450616	5.545418	4.233492	4.889744	4.504868	5.461886	4.638618	6.116839	5.06131	4.49154
5.739743	5.018642	4.547873	5.284451	5.319879	3.519981	6.042307	5.060637	4.600334	4.270638
5.122172	4.529552	5.445869	5.113086	5.130107	4.878675	5.795258	5.542162	4.333789	4.723399
5.118489	5.958385	5.929572	5.345212	4.957657	4.931856	5.421518	5.204	5.530561	5.764643
5.051	4.92333	4.912991	5.236446	6.370031	4.70455	3.731423	4.640154	5.681024	5.38752
4.766789	5.071313	4.249917	4.708378	4.336276	5.506315	5.25686	4.534808	5.475813	4.985905
6.160246	5.72753	5.618968	4.372237	4.206182	5.009558	5.433918	4.553149	4.711126	5.639947
5.140105	5.131083	4.93225	5.993522	4.663486	5.630559	6.1932	4.326363	6.203913	5.018649
