4.32601	5.367497	4.362015	4.133525	5.45485	4.728253	4.408472	4.230694	5.360208	5.264376
5.054436	4.32437	5.068182	5.718748	4.804059	5.651211	4.094525	3.356971	5.614225	4.726067
5.312778	5.005985	4.892033	4.464103	5.633613	4.855809	4.511551	4.624981	5.024139	5.252837
5.051068	5.4611	4.004745	4.223292	4.953556	4.596688	3.965237	4.745874	5.061189	5.201907
5.775767	5.043796	4.50532	4.444524	4.950466	4.31211	5.116477	5.237651	3.89459	5.511401
5.199661	5.41354	5.04341	5.144868	5.923909	5.495368	4.785541	4.551269	5.060305	5.826971
5.085853	5.358521	5.96442	5.8846	4.706841	5.579088	5.073495	5.075997	4.324289	4.308306
4.633443	5.459677	5.912425	4.337691	6.00355	5.204546	5.361259	5.315393	4.618583	5.522656
5.075256	5.20942	4.233234	3.967173	6.330821	5.441697	3.863506	4.981463	4.839097	4.048675
4.834593	4.645143	4.304911	5.540381	4.987017	4.66579	4.343923	4.881272	5.64131	5.834098
3.970474	5.052023	6.412426	4.698615	6.090104	5.212582	4.471501	4.17775	5.470345	4.971821
4.910233	5.19331	5.110056	5.91631	4.707715	6.140966	4.923568	4.855768	5.094415	4.535789
5.102962	5.726381	5.230768	5.504362	5.785066	4.06835	5.84502	5.835147	4.814718	5.254901
5.565669	4.761919	5.148166	5.840182	5.181041	5.74906	6.170135	4.087822	6.013988	4.435009
5.391786	4.718563	5.83159	3.55214	3.959584	4.380387	5.057662	5.415655	4.692116	4.882839
4.915955	5.202653	4.332336	4.659388	5.043483	5.943453	5.28139	5.253127	5.902155	5.508237
3.773458	5.088388	4.612731	6.029636	4.965475	4.608601	5.293304	4.813827	5.340392	4.580552
5.243679	4.104972	5.843164	4.216232	4.81957	5.329463	4.735609	4.610115	5.105557	5.74629
4.795623	4.375407	4.696362	4.576507	5.357094	4.099391	5.02727	6.354917	5.700698	4.442268
4.89485	4.960167	5.155951	4.896471	4.907047	5.056353	5.243576	5.213733	4.660957	4.822379
4.865913	6.097303	3.720771	4.979788	4.728799	6.222264	4.518542	3.969202	4.824429	5.65059
4.279799	5.182127	4.620918	4.616476	5.301887	4.582895	5.578816	5.075612	5.102837	4.794419
4.676111	5.126302	5.358009	5.460072	4.866885	3.986614	5.484091	6.032315	6.037634	5.277805
5.314681	4.762924	4.672021	4.762121	5.172148	4.778472	5.103487	5.227427	4.113799	4.412806
5.366628	3.745276	4.77089	5.027342	5.642267	4.313022	5.277882	5.028986	5.137063	5.276123
4.829423	4.580945	5.867092	4.093801	5.085495	5.244868	5.427977	5.619531	4.599795	4.932043
4.85155	4.877341	5.375415	5.525674	4.071762	6.096106	4.855153	4.759119	5.03676	4.943276
4.418259	6.198717	5.756427	6.726064	5.46453	5.029147	4.345442	4.37206	4.820528	5.043437
4.877963	5.2103	4.464354	4.193684	5.43529	5.022582	4.474251	5.039222	5.318978	5.046257
5.049362	5.437415	5.184812	4.667103	4.248682	5.447221	5.240182	4.887411	4.985954	5.968421
5.504944	5.263415	5.684724	4.819985	4.657575	5.564226	4.348935	5.28087	5.457694	4.896524
5.109397	5.580585	4.650809	5.40083	5.23593	5.879534	5.122246	5.791053	4.751441	4.971021
5.028939	4.567977	4.456876	4.508293	5.09219	5.478598	5.402743	5.030311	4.357026	5.487893
5.276802	4.46111	4.219601	4.579305	4.825867	5.023468	4.932777	4.097244	5.576896	4.97611
5.618153	4.856562	4.248713	5.905332	5.479907	4.384712	4.334616	5.534676	5.438831	5.596894
4.776408	5.931278	5.32972	5.097466	4.884822	4.695251	4.924055	5.101101	5.22233	5.17248
5.085352	4.965274	5.027575	4.988476	4.825772	5.797809	5.630569	5.211917	5.130065	6.438466
4.44911	4.611242	4.262846	4.692469	4.735482	5.635338	4.948808	5.733808	5.232152	4.542696
5.29854	5.12123	4.4203	3.980947	5.887915	5.276685	5.798861	4.638177	4.92388	4.736449
5.419015	4.982233	4.947088	5.077188	5.815776	4.889974	5.069215	5.656959	4.760612	4.596849
5.386555	5.433995	4.721953	4.244106	3.952816	5.179789	4.580885	6.105693	4.577261	5.307757
5.009676	4.730435	4.79958	4.039599	4.954765	4.823147	4.579641	4.593692	4.85269	4.692639
5.620513	4.300478	5.498609	6.073945	5.661522	4.23983	4.863992	5.299622	4.092069	4.86174
5.125251	4.389802	4.633694	5.496871	5.742177	5.247907	4.261117	3.914148	4.439143	4.66105
4.788942	3.731636	4.233576	4.040839	5.660964	4.778471	4.511835	6.108536	4.759718	5.025019
4.580211	4.566933	5.535177	5.105347	5.532776	4.493537	4.580793	5.39308	6.336297	4.280321
4.928492	4.791914	5.429585	4.863867	4.458876	5.190184	5.143965	3.394127	4.580515	5.084012
5.029525	5.709328	3.956794	5.005754	5.103971	6.000519	5.40243	5.215343	4.348648	5.92056
5.125716	5.154028	5.660427	5.168859	4.561828	5.088708	4.661427	5.117316	5.009084	4.760011
5.695023	5.006563	5.269453	4.14887	5.120044	4.911262	4.805699	4.186092	4.605219	5.366308
6.161917	5.556704	5.114385	4.724528	4.439447	4.734848	4.997647	5.193416	5.157061	5.183424
5.047688	5.393899	5.405746	4.718897	5.705433	4.522577	4.505434	4.814948	4.916708	5.318903
5.922812	5.029962	4.704265	5.354731	4.635848	4.482536	4.964462	5.459648	5.037282	5.164315
5.288505	5.857519	4.13341	4.654178	5.00918	5.961546	5.248333	4.706266	4.888649	5.63382
5.650739	4.00799	4.232623	4.728437	5.73986	3.933604	5.009117	4.705831	6.342622	4.734455
5.208845	5.235974	5.270682	5.427692	4.456735	5.021108	5.136621	5.270239	5.632868	4.746587
4.856939	4.700844	5.234382	4.768693	4.358563	5.151771	5.69246	5.245954	4.163424	5.68663
6.215625	6.621256	4.91275	4.081758	5.560338	5.687703	4.733561	4.406242	4.36994	3.691537
4.989167	4.374572	5.053891	5.429594	4.873949	4.20188	5.180233	5.783985	4.795689	5.317891
5.507542	3.811953	4.606747	5.311676	4.362947	5.478081	5.811299	5.51519	4.491943	6.11345
4.02124	4.798143	4.447016	5.08592	5.126747	5.35538	4.94141	3.968293	4.428983	5.414976
4.067429	5.251024	5.106595	5.665823	4.122721	5.032926	5.655496	4.78691	4.342073	5.931159
4.902136	4.458484	4.706961	5.495402	4.793034	4.70253	4.875454	5.218941	5.700866	3.761131
4.643022	4.642951	4.70883	5.457468	6.187205	5.529195	4.153907	5.658601	4.925202	4.001067
5.876567	5.293535	5.802171	4.508834	4.994128	4.678876	5.214751	4.991435	4.86738	4.731527
4.829407	5.003407	5.003147	5.118228	5.312365	5.353518	5.475412	5.732072	4.347022	6.365053
4.652132	4.913269	5.284863	4.59051	4.386294	4.859006	4.859963	4.986765	5.785611	5.334131
4.868673	5.460279	4.686656	4.804223	4.540637	4.547656	4.448746	4.364694	4.997861	4.99353
5.614888	4.896061	4.451775	5.102581	4.676713	5.477355	4.474998	5.483958	4.608948	5.816654
5.077877	5.971896	5.49	5.395664	3.907899	5.256833	4.255255	5.009986	4.877217	5.984443
4.678865	4.98074	4.878419	5.111627	4.389987	4.75131	5.348904	4.122632	5.631375	5.067234
5.240116	3.840597	5.411562	5.413476	4.147517	5.6846	5.657341	3.989623	5.148163	5.418429
5.287827	3.830131	4.562203	5.268192	4.256364	5.768769	5.642643	4.250503	4.831172	5.378586
4.816214	5.262232	5.71042	4.534989	4.596766	4.555368	5.135905	5.43209	5.658439	4.304731
4.327467	4.503	4.166842	4.495341	5.293987	4.807255	5.936975	4.533988	4.93599	4.327201
5.667192	5.083818	5.419227	3.909708	5.090599	5.343804	5.561878	4.996685	5.527062	5.515831
4.796224	5.243786	5.290879	5.074189	4.688144	5.668496	4.513272	6.084089	5.949143	5.706482
5.587773	5.121693	5.452611	5.880288	5.433168	4.680103	5.675031	3.952449	4.316049	5.039753
4.905016	4.326688	4.811219	4.783833	5.234781	5.358811	5.093547	4.500921	5.195587	4.544482
4.708643	4.379313	4.804488	5.200853	5.544817	4.245418	4.066102	5.525226	5.269942	4.607584
5.066689	4.942188	4.588199	4.858813	5.064802	4.451084	4.682457	5.160714	5.057098	4.976595
5.618819	4.655389	3.565164	5.702424	4.344532	4.92109	5.683214	5.042665	4.879364	4.136749
5.015908	5.201623	5.063903	5.077164	5.343371	4.840115	4.867279	5.882856	4.552264	5.584154
4.840306	5.341242	5.3313	5.087317	4.863643	4.932626	6.077317	4.939318	4.739505	5.546704
5.347792	6.171893	4.941895	4.962323	5.366909	4.730499	5.285067	5.132009	4.722392	5.892488
4.501245	5.33052	4.889178	4.679272	3.982405	5.233992	5.867947	5.23432	5.394678	5.8639
4.513123	5.586938	5.396788	4.914545	4.607101	5.583181	4.025361	4.720776	4.794323	4.83162
4.425191	4.884714	5.307709	5.323642	4.754212	4.970773	5.277826	4.478745	6.420827	5.290467
4.729212	4.589953	4.414009	4.741592	5.938181	5.081904	4.656254	5.590219	5.490149	5.565355
4.732413	5.280612	5.489099	4.908441	5.106243	6.071454	4.395318	4.432958	4.449708	5.613188
4.87806	4.918653	5.196375	5.053759	4.894794	5.063337	4.704164	4.547495	5.335233	5.338482
4.721412	5.589517	4.581282	5.368313	5.00196	5.29505	4.058292	4.291531	4.911111	4.960603
4.607956	5.358967	5.00794	5.524038	3.821642	4.456716	4.351961	5.145494	5.269771	5.214321
4.233599	4.708985	4.339664	4.861666	5.162982	5.743198	5.799246	5.176157	4.88936	4.096086
4.964441	5.841935	4.717751	4.23313	5.364668	4.331828	5.087518	4.253767	4.631662	5.062322
5.319076	4.253103	4.824038	5.167361	4.196183	5.003406	5.38336	4.983458	3.98599	4.560228
4.345712	5.565478	6.133889	4.761562	4.904907	4.806094	5.513411	4.975535	5.340493	4.904319
5.77011	4.722206	5.352252	4.926673	5.584455	6.357825	5.291618	5.195709	6.679348	3.96613
5.862036	6.101829	5.304305	5.142134	4.102188	3.713928	6.011434	5.260229	4.44069	6.305613
4.073364	5.374062	5.184804	6.059362	4.923625	5.098896	5.53797	5.46407	4.917011	5.193383
5.132085	4.202431	5.304186	4.253664	5.740904	5.64294	5.247461	5.308627	5.068485	5.148935
5.145834	5.171773	5.520209	5.068839	4.599001	5.023039	5.450666	5.067086	5.199081	5.009819
5.150847	5.337036	4.339365	4.801469	5.219066	5.224777	5.250725	5.357955	5.808592	4.368647
5.712931	4.903554	5.201227	5.190488	4.48064	4.435	5.173891	5.382535	5.033884	4.917856
5.483918	4.785697	3.934229	6.514873	5.038871	5.185696	5.278163	5.618141	5.647571	5.099868
5.281996	5.348362	4.897901	4.022454	4.287961	4.76944	4.69295	4.538325	5.318254	5.286075
5.000665	4.638167	4.560759	4.18499	4.942717	4.283041	5.922069	4.730106	4.14535	4.01665
6.218465	4.823978	4.058974	4.376657	5.950223	4.744528	4.645005	5.478127	4.652667	4.190902
4.841473	5.133537	4.046455	6.280405	5.056719	4.699412	5.049667	5.262131	4.092056	5.166883
4.796193	4.190142	5.705489	4.510982	4.891545	6.858481	4.782128	4.965112	4.978959	5.05203
4.738611	5.182416	4.170671	4.551055	5.359661	4.910844	4.980757	5.354651	4.365836	5.675036
6.159099	5.11646	4.562985	4.67417	4.890921	4.800054	5.754803	4.751846	5.111388	4.873939
4.495011	4.94139	5.604184	4.391416	5.241618	5.47009	5.359922	5.200503	5.854636	5.121296
4.379184	4.699544	5.177696	5.132739	5.300478	4.133854	5.51989	5.764708	4.709793	4.970331
3.902885	6.229947	5.028452	5.370118	5.118436	5.409562	4.272248	5.51698	6.122396	4.60301
4.792649	4.893325	5.454477	5.802254	4.860177	4.93327	5.006556	4.649302	4.407423	4.949676
5.209395	6.044617	5.557755	5.117843	4.577984	5.301192	5.629247	4.231647	3.954867	5.021026
4.621215	5.195184	5.221658	5.388268	4.186941	5.359782	4.887751	5.236995	4.74843	4.518314
4.153358	4.921601	5.367363	4.993403	5.256548	6.382763	5.170824	5.056392	4.305383	4.924489
5.365243	4.034371	5.387203	5.727296	5.412429	5.11896	5.470044	5.649627	5.080975	4.675628
4.535683	4.901344	5.415419	4.611928	5.861332	6.027925	5.381034	5.985834	5.800868	5.783379
4.188355	4.337397	4.372198	4.965226	4.587596	5.06296	5.290893	4.932237	5.935366	5.115746
6.051931	4.795071	3.93218	4.840452	4.730588	4.468161	5.111745	4.363818	4.953758	4.900473
5.623293	4.356798	5.462667	4.804542	4.213729	4.496959	4.649222	4.851536	4.408253	5.244987
5.24989	5.967579	6.826869	4.761145	4.795062	5.170365	4.842099	5.423277	5.383973	4.58437
5.551496	5.304359	3.983581	4.029409	5.967952	4.987089	4.022611	4.722654	5.205443	5.348787
4.458613	5.145615	5.283554	5.992933	6.142719	3.883188	5.137949	4.979333	5.214303	6.529318
5.004119	4.838183	4.496018	5.393707	5.644777	4.983033	5.024446	4.232794	3.941717	4.745301
5.321102	5.448359	4.929429	4.66871	4.774775	4.714647	5.159319	5.328799	5.753942	5.682561
4.677002	5.793372	4.25853	5.285055	4.538054	5.413642	5.48405	5.364836	5.50899	4.618906
5.273786	4.460335	4.920539	5.048171	5.837253	4.159935	4.082904	3.718981	3.512509	4.45679
4.734423	4.791641	4.330594	4.984469	5.187038	4.771164	5.683613	3.960474	4.991852	4.226252
4.846694	7.14203	4.369471	3.684725	5.597847	4.038579	3.955119	4.555179	5.122491	4.399656
5.903092	4.501029	5.396188	5.454786	4.860268	5.356675	4.46244	4.280963	5.576562	5.020016
5.084766	5.561237	5.272177	4.622449	4.956022	4.3408	4.673738	5.86498	5.095235	5.637561
5.017382	3.860767	5.09372	5.143032	4.477985	5.919645	4.789981	4.940634	4.28872	4.325934
4.634559	5.368359	4.69997	5.159685	5.14067	5.373768	4.249547	4.401255	4.443482	5.431932
4.649962	5.417757	6.373005	4.817085	5.416364	5.032279	4.785269	4.55639	5.171135	4.871288
4.622225	5.283327	5.096322	5.371944	4.941724	5.099628	4.814537	5.817501	4.438985	4.325996
4.108613	5.622394	4.248511	4.921056	5.914712	5.499708	3.830797	4.947708	5.759588	4.182623
6.447261	5.020557	4.342312	4.335429	4.993961	4.787066	4.867472	5.151923	5.469692	5.310338
5.310374	4.799124	5.189727	4.619268	4.674602	4.086365	4.193293	5.275817	4.673461	4.727353
5.143342	5.037081	4.916942	5.651923	4.822325	6.17016	5.609424	5.654376	4.051335	4.258592
4.192436	4.855636	4.452725	5.63613	5.089855	5.178071	4.727964	5.013898	5.590633	5.6986
4.772155	5.082642	5.297891	5.017679	5.912238	5.226867	5.43966	5.496745	4.914779	4.800147
5.651206	5.455938	4.60627	5.947845	5.389183	5.546145	5.172017	5.846091	4.46501	4.969649
4.975461	4.819452	5.730987	5.062561	5.032036	5.877165	4.931298	4.349532	5.10851	4.638487
4.571998	4.538111	4.448721	4.693595	6.324061	5.335688	6.409911	4.958323	4.535865	5.034513
5.273967	4.917854	3.851287	4.801813	5.096129	4.908978	3.827147	4.465671	5.266646	4.685964
5.091061	5.238906	5.282653	5.129895	5.171577	4.820335	4.566418	4.052602	5.593812	5.011547
5.755213	5.986598	4.847022	5.234098	4.978069	4.353539	4.223691	4.865757	5.334996	4.759296
5.214747	4.648989	5.034406	5.11105	3.775059	5.719824	4.578373	5.490761	5.185115	5.542721
3.733084	5.424416	4.385636	4.452094	4.357372	6.408723	4.890245	4.465638	5.180752	4.469994
3.980943	5.784019	5.179922	5.496642	4.900419	4.125059	4.844487	4.876469	4.297176	5.246473
3.809398	5.543499	4.819143	3.666446	5.047942	4.769021	4.601673	4.64401	5.150945	4.773237
5.689579	5.225301	4.300836	4.465922	5.322015	4.768883	5.647853	4.475699	5.91481	4.749491
5.089241	4.448972	5.897964	4.893868	6.001116	4.335475	5.524466	5.057285	5.60407	5.42496
5.866312	4.551879	5.771867	5.076503	3.476222	5.317986	5.878559	4.113756	4.95046	4.19119
4.50852	4.567776	4.390399	5.132268	4.814333	5.761232	4.746671	6.07363	5.551389	4.667636
4.531674	4.87777	4.656133	4.743045	4.261458	4.098964	5.289385	4.162452	4.644194	5.208393
4.188984	4.942779	5.371348	4.681791	4.247675	5.908506	4.430027	5.264275	5.432813	5.732941
4.814673	5.164859	5.323277	4.560197	5.284179	4.646013	4.947302	4.99241	4.276081	5.511738
5.987422	4.972867	5.392569	4.838774	5.671361	4.977937	4.528514	5.362809	4.943653	4.321766
5.225121	6.047648	4.501351	5.184651	5.520688	4.577629	4.794561	4.864523	4.17674	5.444107
5.350969	4.366795	4.612597	4.910892	5.108733	5.461231	5.500814	4.270392	5.338108	4.405338
6.121854	4.570962	5.151102	5.567272	5.181961	4.699064	5.848262	4.826971	4.247715	5.116025
4.72859	5.0923	5.169241	5.214334	4.938648	4.806497	5.184199	5.790234	5.006409	5.402931
5.299929	4.807604	4.759294	5.032027	5.27789	4.252944	4.696517	4.777174	4.632967	5.480902
5.567945	5.857878	4.384107	4.617884	4.516881	5.07556	6.288959	4.432169	4.711278	4.186234
4.563326	4.586535	5.048185	4.657158	4.9409	4.737259	5.584445	5.789108	5.841377	3.792847
4.717505	4.695343	5.206284	5.707317	4.787431	4.683534	3.929015	5.502116	5.554836	4.795124
4.942662	4.761159	4.627689	4.479106	5.494658	4.944919	5.380713	4.983256	4.313082	5.641881
4.563181	6.227898	5.013051	3.817841	5.722258	5.496902	4.673921	4.853502	5.247389	4.16294
5.645654	4.480886	5.089505	5.016043	4.483687	5.255379	5.17694	4.797019	5.258645	5.198348
4.555922	4.687803	5.62335	4.958157	5.6799	5.16416	6.535335	4.375947	4.872112	5.048609
4.90995	4.638303	4.402979	5.01171	5.037921	5.464149	4.810734	4.089457	4.998273	4.970512
5.288644	4.963345	4.524573	4.279073	5.058174	3.884079	5.262277	5.546658	4.990402	5.638853
4.74662	4.189617	4.970662	3.71716	4.423533	5.018661	4.90095	4.61575	4.856048	6.171373
5.173465	4.841875	4.87511	5.488894	5.416846	5.881241	4.676072	6.068993	4.206079	4.813903
4.238554	6.306152	6.015763	4.63408	4.783201	4.712331	5.823929	4.943403	3.988961	4.659018
5.535607	5.875799	5.308307	5.132861	5.470923	4.866391	5.125773	4.808918	4.402198	4.21424
4.446533	4.881174	4.960156	5.407133	5.380733	5.657197	4.425001	4.919028	5.862154	4.810757
5.368918	6.587551	5.62757	4.398403	5.695457	4.788978	5.408343	5.52342	5.000148	5.329111
5.194502	5.541424	4.726998	5.470725	5.03464	4.648115	5.990116	4.56836	5.548454	5.87191
5.160716	5.430314	5.348776	4.070654	5.287126	4.36533	4.774266	5.072245	4.693324	4.697473
5.091392	4.73434	4.597692	5.146758	5.894119	4.495874	4.495549	5.606816	4.746375	4.826702
5.429093	4.648574	4.585318	5.081028	4.697367	4.39863	4.972233	4.855032	4.669452	4.92936
6.289021	5.2457	5.441155	4.927267	5.376787	5.265031	4.607196	4.927618	5.184673	4.626933
5.394804	4.529953	4.313449	5.052761	6.152556	6.335616	4.827164	4.942544	5.408295	5.078269
5.447317	5.180359	4.649938	5.141264	5.177644	3.917627	5.267136	5.097546	5.41325	4.79188
5.289819	4.76809	4.532235	4.914622	4.643917	3.922075	5.021785	5.37752	4.923177	5.105288
5.889606	5.765147	4.883718	4.086375	5.058044	4.780013	4.972925	5.113475	5.12837	6.147465
3.8906	5.341285	5.858339	5.560746	4.873835	5.140936	5.248894	5.585425	5.48455	3.966724
5.249116	5.511721	4.21706	5.350447	4.836789	5.782154	4.545228	4.268418	4.703447	5.543055
5.595956	4.823871	5.249862	4.271256	4.165068	4.972234	4.521683	5.474751	6.049743	4.420659
3.994474	5.073356	4.546379	4.248845	5.365486	4.326312	5.900362	5.338725	4.945216	5.208834
5.298315	4.575812	5.4021	5.156981	5.670107	5.122037	5.25914	5.377438	4.416827	5.938509
5.440182	5.085282	5.183794	4.785847	5.229241	4.303944	5.526918	4.481371	4.215249	5.338787
5.187092	3.868151	5.293841	5.352147	4.443177	5.898642	5.317585	4.849474	4.759037	5.214359
4.165728	4.32106	5.330859	4.484081	4.622797	4.403659	4.373245	4.942509	5.494164	5.129726
