5.776031	5.568226	5.608142	4.982491	4.937951	5.447438	4.8404	5.539042	6.034103	4.475374
4.971043	5.070509	5.281035	5.247722	5.353446	5.061812	5.48848	4.82287	4.222887	5.518511
4.31976	4.525717	4.827739	4.389521	5.38691	3.980858	5.885193	4.873253	4.703451	4.54832
4.156164	4.015193	4.384524	5.096452	5.785739	4.651466	4.60249	4.561531	4.038289	5.854414
5.727629	5.618424	4.963097	5.505641	4.228323	4.568544	5.6146	4.96051	4.840568	4.605078
5.009648	4.805223	4.275272	4.91104	5.598562	6.066441	4.667302	5.60788	5.854758	5.472431
5.156166	5.211558	4.230026	4.974046	4.547595	4.510893	5.085017	4.948595	6.105766	4.789272
5.218308	5.303456	5.251517	3.95788	4.893026	4.449711	4.622991	4.683881	5.169032	5.087595
5.196008	5.532826	4.821992	4.662621	6.158745	4.315663	3.675494	4.572793	5.885144	5.382079
3.804883	5.056081	4.345244	5.465641	4.727786	3.890303	4.974766	5.421474	4.751606	4.929035
5.268781	4.623707	5.765775	5.728733	5.685166	5.227567	4.26714	4.968623	5.594069	5.606016
4.552206	4.855425	5.415509	5.549958	5.61604	4.947523	4.263195	5.445067	5.353355	5.552725
5.21778	5.234197	4.671672	5.199502	5.517914	5.450681	5.045002	5.458469	4.731974	4.900442
5.290581	3.90352	5.166721	4.659985	4.17583	5.37532	4.559444	4.880259	4.774259	5.571787
4.592493	4.906259	4.655958	4.114624	5.037872	5.313371	5.160106	5.13437	5.146839	5.760874
4.668927	4.418455	5.41712	4.145764	4.796731	4.510299	5.016543	4.677625	5.271054	4.64831
5.041001	4.827682	4.905467	4.676699	4.713994	5.743647	4.763551	5.646368	5.483721	4.972354
5.313076	4.823008	5.243491	4.390552	5.819723	5.399113	5.06448	5.038743	5.051212	5.140437
5.397343	5.021009	4.638981	4.372868	5.355564	5.595458	5.505847	4.917912	5.99742	5.055029
5.513634	5.420502	4.499447	4.832377	4.448257	4.459992	4.114995	4.355701	5.917356	5.967629
5.25117	4.447399	4.224271	5.234918	5.351489	5.228269	4.654112	5.023293	4.968417	5.245869
4.833219	4.788443	5.062679	5.618107	5.0511	3.85168	5.21517	5.055089	5.830088	3.762971
3.196485	4.686506	6.096469	5.138379	4.360943	4.936861	5.807125	3.801044	5.473809	5.653938
5.681746	4.518605	5.112951	5.565521	5.216122	5.760543	5.54232	5.07008	5.429631	4.506023
5.647592	4.287256	4.776523	5.513602	4.786192	5.795458	5.350142	4.836061	5.123898	5.091587
4.62299	5.10751	5.19049	4.915633	5.971156	4.818985	5.397377	5.324615	5.318819	4.953954
4.386271	5.894718	4.415788	5.611754	4.546857	4.86181	5.605005	5.525362	5.946596	5.026967
5.188643	4.524063	5.80177	6.103933	5.369766	4.982561	5.136899	5.114548	4.875105	4.720297
4.562461	5.461174	5.606294	5.633502	5.07364	5.13432	4.504794	5.634706	4.643017	5.49418
3.318621	4.517905	4.411545	4.24215	5.483527	4.726263	4.538404	4.341944	4.228711	5.113427
4.771895	4.647924	4.127612	4.733498	4.867362	4.095274	4.940861	4.915124	4.927593	4.469671
5.046118	4.802625	4.819545	4.964897	5.490041	5.433081	4.558221	5.327404	5.142941	5.021162
5.091002	4.848936	4.472279	5.11196	4.188274	4.530764	5.065898	5.016388	4.891797	4.72478
5.311429	3.979398	4.644264	4.405005	4.074327	4.56395	4.784623	5.404353	4.569333	4.671944
4.591859	3.541662	4.887125	4.713703	5.317404	4.678967	4.957925	4.877388	4.838926	4.667991
4.365215	4.277339	5.597127	5.55414	4.841475	4.716753	4.402527	4.771162	4.53718	5.637346
4.622194	5.133149	4.654103	4.906675	4.715938	4.93855	5.151838	5.126101	5.13857	3.887806
5.545232	4.758139	4.81911	5.93768	5.135744	5.763199	5.21362	5.082238	4.718436	4.744127
4.552938	4.612262	4.73457	5.727953	4.680192	4.842888	5.136075	5.357323	5.142858	4.445208
4.502947	6.63988	5.345893	5.623838	5.350927	4.139609	5.061142	5.035406	5.047874	5.351268
5.408196	4.47775	5.81456	6.079164	5.062457	5.389047	5.097004	4.386036	5.004432	4.961426
4.365124	4.887946	5.2866	5.656467	4.271226	4.183163	5.507342	5.237529	5.124118	5.368218
4.768297	4.689469	6.299241	5.116507	4.435713	5.624454	3.481451	4.915425	5.266284	5.74592
4.783939	4.9216	4.804082	4.604134	4.162163	4.872371	4.593294	4.97305	5.543461	4.520281
5.279526	4.934853	5.133536	4.377968	4.906843	5.03262	5.292127	4.531575	4.726052	5.2776
4.540308	4.371188	4.149455	5.34444	5.346959	4.970414	5.757425	5.37618	4.97795	5.934651
5.455057	5.887733	4.536572	5.436857	4.933867	4.900498	5.035917	5.01018	5.022649	4.541875
4.203557	5.213284	4.179858	5.714146	4.502684	5.052485	4.875785	5.245737	5.329977	5.009593
5.351415	4.851334	3.775161	4.289668	4.738714	6.127654	3.876175	5.698353	5.208672	5.598824
5.153102	5.602734	5.442896	6.009799	5.192674	3.882747	5.316993	3.710439	4.92116	4.181414
4.185498	4.374607	5.282568	5.08656	5.015577	4.671432	4.636282	4.854465	5.304511	5.065109
4.650743	4.874568	4.96517	4.061454	5.090982	4.676286	4.659914	4.456179	4.54283	5.1508
5.835638	5.082749	5.323032	4.763189	4.549684	4.03697	5.360745	5.731376	5.020666	4.811023
4.734306	4.524522	6.046371	4.963009	5.393543	5.565655	5.025203	4.999467	5.011936	4.820595
5.099402	5.315105	5.553482	4.45152	4.643086	4.745474	5.367932	6.280969	4.25698	4.602132
5.618572	5.781122	6.073104	5.045358	4.378244	5.243658	4.834141	4.669607	5.032963	5.055314
3.962645	3.966594	5.378921	5.121799	4.534211	4.331184	4.406402	4.867232	4.97423	4.81799
6.043206	4.567626	5.13567	3.726732	6.022772	4.586526	5.005294	4.979558	4.992026	4.750749
4.869859	3.253694	4.721903	5.086198	5.572936	4.709494	5.016419	4.990683	5.003152	4.764249
4.680273	6.283578	4.930811	4.649823	5.621181	4.697004	4.070353	5.347678	5.331685	4.35111
5.434523	5.468493	5.471553	5.858395	4.520969	5.232358	4.931072	4.905336	4.917805	4.880577
4.800807	5.215788	4.003716	4.869596	3.877861	4.661775	5.574592	4.972059	4.626096	6.130694
4.304345	6.332671	5.214365	5.419437	4.365594	5.291489	4.786117	4.5825	4.067981	4.482539
5.686223	5.49375	5.159211	4.510982	5.02743	4.345717	4.522702	4.878769	4.555057	5.355419
4.76487	4.941308	4.864559	5.200378	5.39555	5.35844	4.313625	5.179794	5.345512	5.172493
5.876468	4.064698	4.204194	4.712652	5.417228	5.040433	5.33846	5.243118	4.366976	5.961207
5.541254	4.096753	5.142114	5.215073	4.552083	5.597695	4.940344	5.042966	5.382102	5.12212
4.340578	5.780809	4.94387	4.869375	5.242433	4.509887	4.684548	5.790403	4.895999	3.999357
4.83611	6.108903	5.699263	4.903733	4.311398	4.295632	5.595747	4.674206	6.339344	5.882405
5.199375	5.340339	4.995578	4.499064	4.725923	4.230073	4.711956	5.293381	4.802913	5.344185
5.772646	5.649188	4.835035	5.287885	5.049596	5.200603	5.074498	5.048762	5.061231	5.503904
4.847912	4.920179	5.464135	5.125193	4.95085	4.323928	4.104191	5.064804	5.189984	5.668627
4.6054	5.27426	4.366486	4.783718	5.419147	4.617575	5.26245	3.901259	4.970229	4.56248
5.868074	4.869711	4.735022	4.473587	5.178425	4.839193	4.61431	3.704979	6.10599	5.075627
4.827003	3.716449	4.423472	4.912568	4.846651	4.782695	5.091594	5.065857	5.078326	5.272859
5.754397	4.942006	5.626604	3.643843	4.346663	5.328487	4.03495	4.126202	4.048646	4.961854
5.231359	5.434249	4.883216	5.006431	5.444959	4.861136	5.351202	5.663982	5.342196	5.162177
5.68289	5.047534	4.112684	3.850374	5.55712	5.473714	5.518829	5.129669	6.171124	5.653124
4.36326	5.862595	4.99239	3.82803	5.036624	6.088754	4.946073	6.062618	4.311615	4.723824
3.988742	5.20263	5.933303	4.239221	6.067285	5.196279	5.584913	4.513539	5.310174	3.920164
4.95075	4.171386	4.217236	5.414681	4.368431	4.884066	5.136523	4.699766	4.685758	4.519549
4.656167	4.590668	4.608564	5.300327	5.682707	5.005164	4.160023	5.612928	3.891426	4.804826
4.866007	4.761717	4.745171	5.170514	4.49821	4.445259	5.358001	4.734683	5.851761	5.498817
4.833319	4.390854	5.594402	5.00266	5.37187	5.167178	4.518882	4.522802	5.384697	4.775849
3.664192	5.718097	5.071304	5.759665	5.048454	5.677876	5.105751	5.733006	4.957238	5.031718
5.836496	5.959198	4.837168	3.780307	5.970765	4.562101	4.330819	4.667912	5.749752	5.477092
5.652865	4.983966	4.470238	5.51363	4.521486	4.560824	5.578618	5.651165	5.034888	5.057139
4.504514	4.063391	5.54585	4.484535	4.923413	4.948561	5.54354	5.246493	4.230722	5.674531
4.699273	5.086509	4.469146	5.659029	6.21337	4.471937	5.125664	4.927748	5.036719	3.649542
5.54762	5.171776	4.589168	5.626197	5.726609	5.575907	5.758471	5.080262	6.198229	4.497839
4.59564	5.335341	5.041231	5.113744	5.125611	5.540251	5.049345	4.448491	4.759629	5.259445
5.859067	5.097056	3.838628	3.809563	4.713309	5.707967	4.833489	5.304541	4.735515	4.933063
4.665113	5.160934	4.950757	4.568886	4.158345	5.340077	5.318465	5.212234	3.935159	5.6838
4.614048	4.968028	4.168763	4.7415	4.517255	5.823343	5.206832	4.431379	5.114321	4.604131
3.797277	4.572751	4.483909	4.753137	4.412614	3.761342	4.942468	5.128713	5.711287	4.982014
5.105484	4.72022	4.407604	5.23098	5.10655	5.191182	4.962372	5.91256	4.368776	4.954227
4.879375	5.098616	5.659401	4.226959	5.093078	4.241698	4.984666	5.753572	4.77092	5.161079
4.219796	4.695578	4.450175	4.547021	4.100546	5.19464	5.011204	4.985467	4.997936	5.555247
5.00371	5.382809	6.170625	5.64585	5.28121	6.142545	4.84941	4.396166	4.986687	4.729551
4.672239	4.891653	4.506029	5.061396	6.164903	5.596602	5.283046	5.897655	4.775798	5.518124
5.551833	5.10614	5.454772	4.668962	4.602931	5.451646	4.950399	4.924663	4.937131	5.077914
4.147482	5.440875	4.427932	4.490351	5.163822	5.64803	4.391938	4.79239	5.182057	4.126143
5.461544	4.548006	4.955927	5.224639	5.502247	4.764969	5.078548	5.469334	4.573957	4.739012
5.043039	4.552692	4.638127	4.676441	4.992018	5.008386	4.579703	5.738893	4.12282	5.212956
4.703946	5.480702	4.658229	6.536669	5.074343	5.148043	4.971544	6.417713	5.198842	4.686697
5.592	4.945894	4.543664	5.480259	5.25888	6.043282	4.784493	4.671148	5.111092	4.926644
4.645578	4.794919	5.367089	5.977853	4.580074	5.760511	5.207376	4.732909	4.460324	5.116255
5.819384	4.029322	4.899435	5.262296	4.290703	4.718917	4.993017	4.967281	4.97975	5.173537
4.896922	5.142866	5.184164	4.714234	5.128442	4.899006	4.495044	5.403762	5.193314	5.288742
4.319398	4.875711	5.317634	3.999001	5.849483	5.665773	4.115748	4.44612	4.966018	5.115256
5.348149	4.939276	5.131147	4.534508	5.142518	4.603118	6.181419	4.821686	3.898532	5.598905
5.158307	4.403484	5.365433	5.597476	5.755255	5.070661	4.752144	5.318773	4.911923	4.929064
4.853331	4.555198	5.491072	5.551507	3.690852	3.746569	5.688569	5.507881	5.007681	4.354995
4.987271	5.154795	4.913859	4.044125	4.979403	4.9816	4.124135	5.04809	5.383366	5.461042
4.842937	5.612921	4.920094	5.095551	4.687777	4.521982	4.897471	5.847589	4.49545	4.129199
4.998437	4.934044	5.106994	3.732373	5.52499	4.948783	5.511105	5.241256	4.708212	4.915527
6.559449	4.314597	5.90984	5.150651	5.644311	5.034257	4.452281	4.706589	5.695027	4.556493
4.964905	6.042627	5.778739	5.840476	5.103638	4.772058	4.329732	5.137763	5.266742	4.594824
4.626296	4.418774	5.184753	4.54822	5.328324	4.091019	5.427282	4.867802	5.204489	5.36657
4.486385	4.454611	4.28127	4.593367	3.965784	4.869943	4.902634	5.939148	5.730934	4.429399
5.269258	5.289169	5.417599	4.514547	4.593596	5.094213	4.255464	4.803655	5.773505	6.417861
4.488843	5.012385	5.201532	4.880858	5.24597	4.218226	4.915601	3.850805	6.34353	4.553094
5.040493	5.23594	5.942401	5.307329	5.359329	4.88258	4.921571	4.895834	4.908303	5.511529
4.657457	5.304641	5.042877	4.332624	4.857543	5.52939	5.63098	4.900918	4.361354	5.084091
4.75734	5.27135	4.911691	5.810408	5.320425	4.415132	5.045191	5.019455	5.031924	4.71612
4.399544	4.273322	5.571268	4.950132	5.340783	5.002746	4.914668	5.411455	5.250917	4.592096
5.990071	4.390723	5.578215	4.683351	5.04252	4.595706	4.050308	5.524177	5.141741	5.652781
5.083525	4.637741	5.166789	4.872892	5.414185	4.834629	5.094516	5.222377	5.947117	3.988456
4.501935	4.385024	4.297049	6.428623	5.173091	5.530175	5.196032	5.170295	5.182764	4.1462
4.124499	5.265135	5.738285	4.867521	5.22462	4.859801	5.162171	4.215106	4.781693	6.205727
5.126164	4.025261	5.771938	3.848178	4.402214	5.105559	4.362089	5.443883	5.359243	5.116602
5.673257	4.768062	4.193754	4.468691	5.424654	5.496508	6.432369	6.242279	4.319635	4.533895
5.018113	4.709317	5.031322	3.671416	4.295856	4.560266	5.058143	4.973311	5.668002	3.753158
5.116718	5.664383	4.66231	5.006812	4.636306	5.754666	5.057259	5.031523	5.043992	6.384257
4.660262	5.145519	4.952568	5.880002	4.65022	3.963528	6.013151	4.913283	5.875609	4.7342
5.590962	5.562745	4.084106	4.438862	5.751153	4.784396	5.686603	4.646529	4.25972	4.93723
5.108168	5.175354	5.298491	3.200533	4.172691	5.263955	5.514823	5.060372	4.751126	4.984926
5.185571	5.092583	5.439811	4.845019	5.249304	4.049497	5.191612	5.025136	5.231806	5.496491
6.058943	5.098697	5.966276	5.49212	4.583668	5.142243	5.568989	4.604139	4.754538	4.60975
5.096939	4.355096	4.85167	4.287739	5.746839	4.532215	5.09705	5.403895	4.706974	5.199199
4.906837	4.874583	4.495767	4.794406	5.094499	4.082614	4.988976	4.96324	4.975708	4.89755
4.830782	5.080485	4.255028	3.966967	4.802595	5.799848	5.159557	4.293003	5.086029	3.91726
4.499219	4.26329	4.895724	4.681046	5.392107	5.560942	5.578503	4.941805	4.819956	5.551433
5.371286	5.602525	5.607217	4.693722	5.220903	4.571227	6.412364	5.890049	5.243671	4.202112
3.865709	4.132184	5.241976	5.297701	5.517399	4.511528	5.924438	5.14392	4.59332	4.353695
5.918816	4.649574	5.566864	4.483945	4.740438	5.392479	5.128027	5.677046	4.655752	5.892362
5.731025	4.750116	4.926333	4.97931	4.832052	4.693347	5.382641	5.025411	5.776411	5.355834
6.181869	5.574526	5.88186	4.855137	4.842969	4.851614	4.853501	4.209059	4.30463	5.129496
4.658597	4.534994	5.76183	5.954914	3.921835	4.89223	4.100948	4.762354	4.845715	4.787366
4.585016	5.147709	5.71068	6.11929	5.207407	4.990728	4.945363	4.692874	5.169531	5.049957
4.904012	3.874436	5.482104	5.316769	4.914645	5.114043	5.798704	5.512975	5.618229	4.954117
3.998618	4.320347	4.489798	6.107385	5.414396	4.371361	5.751337	4.409572	5.397957	4.23132
5.535004	4.592185	4.549514	5.014802	5.467333	4.711504	4.780925	5.465637	4.148438	5.08505
5.435329	4.464912	5.268895	4.598669	5.774756	4.186993	5.056435	5.123617	5.431118	4.872159
4.421176	4.731464	5.473802	4.288525	4.574861	5.734273	4.633854	4.477193	4.551515	5.207623
4.081266	4.463445	5.502703	5.009871	5.240662	5.027659	5.767231	5.024851	5.832539	4.538151
5.782976	4.65591	5.164967	5.010009	4.983796	4.949248	4.838394	4.812657	4.825126	4.71126
4.458917	4.625266	4.940388	4.367047	4.994775	4.809433	5.466242	5.11301	4.981201	4.391434
5.519814	4.774787	5.3172	5.271672	4.796786	4.771838	5.155742	4.175398	5.128746	4.285145
4.439962	4.747549	4.715869	5.923543	4.766859	4.501218	5.113243	4.11086	4.798738	4.611468
5.401711	4.518595	4.302749	4.467533	4.104747	5.595452	3.493431	4.661622	4.118773	4.819278
5.646626	5.758687	4.922925	5.076422	3.98967	4.108227	5.041526	5.01579	5.028259	4.459242
5.282334	4.686237	5.092264	4.418254	5.340928	4.623484	4.335145	4.161245	4.460874	4.5798
5.02603	5.637203	4.602701	4.72411	5.265446	5.518505	4.921339	5.825786	5.365611	5.404016
4.812907	5.188499	4.501143	5.436801	4.56874	4.093153	5.117809	5.092072	5.104541	4.941533
4.523539	4.603066	4.414994	5.166379	4.817177	4.398558	4.712197	4.976109	5.305275	6.419131
4.915105	5.761695	4.631173	4.907677	5.161672	4.82098	5.968435	5.375741	5.342065	5.296501
3.446667	4.360683	5.243939	4.750391	4.971713	5.339139	5.000023	4.974287	4.986755	5.365494
4.924635	5.448328	5.081198	5.515543	4.731156	4.417793	4.745495	4.797785	3.592993	5.028123
5.674892	5.55065	4.463346	4.490765	5.134154	6.493574	5.490763	4.567083	4.154564	5.781497
5.338898	4.589088	4.891724	4.362537	4.955107	4.376394	5.376358	5.332756	4.361308	5.104405
4.830786	5.695323	4.027982	5.550687	5.89642	4.837047	4.796838	4.043099	5.397542	5.245609
4.467399	4.893509	4.172095	4.756977	4.40718	5.513372	5.206784	5.85812	5.25548	4.79759
4.684925	4.486475	4.494274	5.41568	4.994411	4.098313	5.782113	3.983359	4.850153	5.460063
4.664024	4.040249	4.374918	4.441039	5.087118	5.439874	5.150646	4.36707	4.824268	5.108245
4.695065	5.215782	5.224636	4.740242	4.443278	5.212142	3.505439	4.373086	5.8211	4.551432
5.165827	5.08681	4.561226	5.474926	4.623872	5.3517	5.879255	5.322163	4.986839	4.517824
5.096321	4.905589	7.652652	5.087667	4.862215	6.211971	5.126705	5.104594	4.488399	5.129594
5.226147	4.241826	4.713385	5.03476	5.363982	5.14845	5.429971	5.809005	4.555256	4.853491
4.840585	4.997567	4.950995	4.991649	5.145264	5.82425	4.949229	4.923492	4.935961	4.920237
4.270667	5.992193	5.037174	5.568431	4.063669	5.262797	5.669827	4.987354	4.109672	5.381772
4.747804	5.009207	5.78405	4.086208	5.052539	4.408674	5.413778	4.403496	4.835219	5.783554
5.173246	5.456907	4.413424	5.13245	4.12007	4.904484	5.465625	3.935137	4.954067	4.393019
4.589626	5.046335	5.768675	5.664835	5.400776	4.709172	4.273446	4.955872	4.76253	5.609015
5.303372	4.347466	6.113894	5.502416	5.41952	3.705171	4.983778	4.958041	4.97051	4.690557
4.598155	5.93471	4.445735	4.23414	5.054317	5.361508	5.028749	5.003013	5.015482	5.467133
3.703473	4.689088	4.484593	5.169461	4.573276	4.324302	4.89749	4.871754	4.884223	5.154868
5.127062	4.103251	5.691027	5.58882	4.223307	4.998892	3.990736	5.153889	5.30654	4.126206
5.69106	5.094642	6.107418	4.920414	4.692113	5.286419	5.126309	4.279899	5.545204	5.640575
5.03571	5.814665	5.538597	5.591099	4.803115	5.062946	4.766831	4.441762	5.155758	4.877286
4.34481	5.917697	5.069464	4.661638	4.129496	5.021735	5.000272	5.799414	4.182409	5.174415
4.483562	5.88842	5.857924	5.156513	5.698997	4.867296	4.512635	5.136051	5.162248	4.82941
4.939009	5.0451	4.602043	5.920135	5.380117	5.064634	5.498339	5.479936	4.663067	4.850778
3.825027	4.980859	5.130985	4.580571	5.601112	4.68771	5.12112	5.50671	5.32711	4.815671
4.920697	5.606287	4.211572	4.081069	5.054115	4.80595	5.124668	5.098931	5.1114	4.677876
4.618944	5.456424	5.082575	5.006289	5.901886	6.022192	4.68574	6.069412	5.545	4.375328
5.515242	4.813369	5.218938	5.773784	4.682174	4.387363	6.504267	5.491435	4.586143	5.068493
5.787332	4.89562	5.105459	4.288943	4.187089	4.85759	5.380094	5.723587	5.085089	5.568035
4.746983	4.570916	5.246569	4.170303	4.342128	4.856648	5.00813	4.982394	4.994863	5.389433
5.041097	4.809187	4.680266	4.896541	5.282878	4.855368	4.833921	3.913842	5.23187	5.215763
