5.253857	4.219927	5.34301	6.066648	4.902712	4.877175	4.788611	4.036484	5.099842	5.402734
5.471914	5.009624	4.532328	4.983328	5.360804	5.004787	4.987195	4.402938	4.735675	5.405507
5.127384	4.301723	5.840999	4.620468	5.006003	5.196527	4.470438	4.647273	4.802684	4.187924
5.096905	4.085045	5.561885	5.130154	4.95086	5.654098	4.781893	6.088919	4.983615	3.910806
5.522921	4.665072	4.724696	4.246173	4.999512	4.107493	4.732656	5.131608	5.466703	5.160438
5.218659	5.313367	4.668861	5.246282	4.944394	5.214922	5.157603	5.204276	5.95965	5.443838
4.914107	4.665421	4.327126	4.948982	5.15246	4.874897	5.226005	4.906826	5.324077	4.094166
4.848931	5.959342	4.472374	4.138372	4.452551	5.48067	5.615342	4.153436	5.194106	5.195841
5.959627	5.43783	5.414289	4.958527	5.910607	5.142555	6.004869	4.961324	5.19895	5.545056
5.446336	5.771971	3.83955	5.012358	4.406293	4.828004	6.003642	5.741476	5.551197	4.844053
4.578057	4.787888	4.484839	5.163268	4.933942	5.873587	5.165767	5.181477	4.525668	4.439461
4.582047	5.339195	5.370952	4.544323	5.470364	5.282493	5.528594	4.553119	5.683469	4.519462
5.422097	4.443811	4.357868	4.901226	5.690521	3.988321	4.66694	5.666565	4.45588	5.347465
4.377419	4.751119	5.107025	5.299388	5.317066	5.501231	4.563538	5.044325	4.360198	4.852111
4.684143	5.697349	5.955349	5.298378	4.784334	5.220116	5.164906	5.139169	5.151638	5.06847
4.239516	4.873061	4.485816	4.305351	5.617759	5.278199	5.517414	6.006588	4.942763	5.065032
5.137606	5.524782	4.756464	4.87796	4.692286	4.558985	4.384683	6.045198	4.866262	6.168006
5.291084	4.91349	4.672451	4.699629	5.211561	4.226108	5.069279	5.043543	5.056012	4.381377
5.064992	5.195179	5.826118	4.909142	4.949941	5.235803	4.945763	5.297159	5.465764	5.092098
5.492896	5.004296	4.657503	4.819377	5.546634	3.790286	4.516277	5.509002	4.744694	4.2035
4.573248	5.75771	4.360308	5.951648	5.227737	5.02427	4.938483	4.654404	4.595402	5.174638
4.958529	4.581955	4.936803	4.324608	5.119942	4.41002	6.356554	5.402964	5.26756	4.474139
5.094512	4.475492	5.769297	5.27995	5.353848	4.929711	5.643777	5.691317	5.119724	4.752321
3.924526	4.621922	5.184333	5.391942	5.041887	5.09345	5.329311	4.157125	5.352664	4.647245
5.749326	3.98315	4.280041	4.767914	5.033615	5.79825	5.684099	5.60371	4.086576	4.453291
5.514304	5.283162	4.429125	4.839697	5.428353	3.719406	5.35991	5.187505	4.383535	4.872296
4.197182	4.790424	5.231834	5.50373	5.40495	4.573396	5.375987	5.270535	4.744125	3.827203
5.088873	5.870039	5.402047	4.590036	4.459862	4.678267	4.102547	4.411871	4.663468	5.402949
4.43939	4.321186	4.99506	4.647703	4.341743	4.899975	4.26724	4.115095	5.333148	4.717237
5.362569	5.345428	5.235679	5.560927	5.044267	5.52037	5.417274	5.030729	4.927904	4.202895
4.949945	5.54622	4.941473	4.493721	4.871089	5.542929	4.94566	4.919924	4.932393	5.217209
5.313065	5.059723	3.933658	5.262224	4.865038	5.056036	4.471661	4.977537	5.682322	5.078052
4.970697	5.624543	5.382333	4.479858	5.631044	5.591508	3.710522	5.051962	5.517967	4.568101
4.163483	4.624709	4.982129	3.598878	5.543374	5.055785	5.214671	4.913059	5.299488	4.235514
5.88972	4.300078	4.57437	4.810759	5.645995	5.370861	4.2491	3.90656	5.051021	4.924657
5.0542	5.067111	5.155128	5.345813	4.857453	4.439273	6.334537	5.191813	5.792585	5.892821
4.984289	5.244209	5.385935	5.029409	4.479459	5.187904	5.156637	5.130901	5.14337	4.97399
4.805338	4.856761	5.857351	5.161448	5.068148	5.687263	5.644925	4.788756	4.926135	4.682445
4.987418	4.046134	5.456635	4.0235	4.866177	5.286322	4.848699	5.507501	5.089104	4.991412
5.546919	4.702369	4.443972	5.285179	4.802671	4.595392	5.065941	5.040205	5.052674	4.512949
4.650171	4.553846	4.848946	4.63751	5.063496	3.881663	5.484037	4.609465	5.712922	4.885297
5.290102	4.846355	4.094166	5.757169	5.638729	4.951249	5.015082	4.458353	4.137491	5.710326
4.995143	5.590633	4.725861	5.636721	4.767559	5.408818	4.070343	4.617748	5.203037	5.629076
5.612182	5.750303	4.360441	4.745419	4.815116	4.986982	4.484139	4.396363	5.833013	5.815947
3.772193	4.476553	5.427409	3.967785	4.063962	5.16762	4.947367	4.150261	4.709288	4.454089
4.432375	5.785756	4.48391	4.524608	5.142062	4.374615	4.852311	5.181251	4.395516	4.553495
5.19486	4.92202	4.419065	5.729652	4.944946	4.063285	5.040716	5.01498	5.027449	5.124533
4.311517	5.179029	5.605932	5.032543	4.456334	5.875726	5.245151	5.269833	4.420129	4.30981
5.757648	5.066778	5.08095	4.978924	5.064898	5.514895	4.281283	4.381337	6.473604	4.696205
5.665397	5.402042	5.451351	5.817525	4.604467	4.155032	4.659917	4.527702	5.331937	3.739535
5.022792	4.91557	5.16574	4.521859	5.277561	5.208215	5.465013	4.72241	5.077855	4.801943
4.825058	5.24788	5.159974	4.884435	3.351331	4.658208	5.077685	4.730592	5.226423	4.523551
5.386958	4.882368	5.201056	5.447857	4.743717	5.44493	5.858171	4.294613	4.982179	4.92166
4.812362	4.693835	4.913275	4.517591	5.46255	5.387497	5.030003	5.004266	5.016735	4.850223
4.936477	4.863152	4.860491	5.367176	5.638403	4.944623	5.618287	5.218656	4.386602	4.883528
4.679626	4.41056	4.372664	4.154532	4.700642	5.849161	6.803987	5.509933	4.917853	5.450388
5.282805	5.258738	4.872322	4.209956	3.948366	5.093871	5.21496	5.314402	4.383752	4.329741
4.963427	4.739386	3.916078	4.786297	4.963212	5.152001	5.010093	4.984357	4.996826	5.295743
4.822964	5.142683	4.804974	6.093134	4.366824	5.474318	5.021219	4.995482	5.007951	5.073305
4.483932	5.190382	4.999592	4.928299	5.230768	4.595972	4.835685	5.282223	6.164675	5.465478
3.986977	5.012623	5.880195	5.2003	4.522713	5.109022	4.935872	4.910135	4.922604	5.644491
4.85639	5.493396	5.580148	5.15613	5.378055	4.975682	4.406503	5.128946	5.967898	5.128308
5.213627	5.0382	4.712264	4.27545	4.966399	5.673613	5.584532	4.12483	5.545249	5.556244
5.533968	5.15119	5.498367	5.005197	5.265604	5.518276	4.850271	5.383734	5.300624	4.816353
5.583013	4.52576	3.823348	5.243489	4.444229	5.338602	5.41482	4.920922	5.316442	4.92937
4.787544	4.377952	5.089483	4.018075	5.678052	5.599771	3.672809	4.673734	4.742432	5.787704
5.105828	4.227844	4.506847	5.691427	4.91502	3.85936	4.8464	4.863499	4.791444	4.362499
4.660322	5.541351	4.561715	4.990448	5.075649	4.906868	4.675411	5.064511	5.026814	4.704074
4.728341	5.578912	5.394758	4.736465	4.755901	5.104041	4.899459	5.289034	6.018854	5.595702
5.469576	4.183949	5.464484	5.721464	5.69048	5.571447	4.965737	5.10382	4.804844	5.493382
5.842313	5.102965	4.546443	5.101519	4.946039	5.177333	5.079298	5.053561	5.06603	4.50361
6.150716	5.636481	5.718749	6.094828	5.003457	5.172164	4.734255	3.811764	5.136511	5.041719
5.133788	4.572827	4.937474	4.632796	4.664236	5.42591	5.197704	4.762436	5.551496	4.66769
5.092582	4.768747	4.974824	4.26824	5.244824	4.712444	6.442558	4.762568	4.294082	5.375869
5.396605	4.766675	4.463545	5.472591	4.969191	5.062572	5.096393	5.070657	5.083126	5.224489
5.045761	5.490837	5.226024	5.717074	5.530622	4.793678	5.160362	4.86488	5.322267	5.342029
4.714327	5.606315	4.849135	4.923164	4.629085	5.555107	5.377041	4.645082	4.634214	4.968598
5.666182	5.372431	5.233023	4.027524	5.739303	5.361428	4.639936	5.979329	5.643589	4.460875
5.055074	5.382147	4.587783	5.776092	5.028601	5.936829	5.729836	5.108613	4.414947	4.936993
5.109419	5.920254	4.388754	4.320467	5.108602	5.371939	4.907314	5.382166	4.701293	4.379546
5.471685	5.221355	5.050397	4.932535	4.958881	5.379773	4.381877	4.36577	5.501507	5.13032
4.749274	4.601393	5.684662	4.778758	3.665941	4.705554	5.067947	5.44036	5.693101	4.895353
5.257635	4.856236	5.349311	5.006283	5.295159	5.239096	5.634536	4.688674	5.377516	5.172417
5.256965	4.603691	4.625966	4.357866	3.460714	5.026918	4.564559	4.736289	4.756008	5.873474
4.63433	3.971509	5.509106	5.103495	3.982102	4.950478	4.711358	4.100476	5.059464	4.792017
5.004577	5.225182	4.475351	4.120822	4.451453	4.625471	4.53868	4.616794	4.779234	5.528736
4.658352	5.291002	5.006652	5.881439	5.208436	5.084412	4.930463	4.671158	4.89267	5.427225
5.156161	4.171597	4.631059	5.581548	5.162583	5.325481	4.671898	4.387818	4.50499	4.872743
5.367884	5.860351	4.646882	5.276661	4.822115	4.903765	5.133135	5.015828	4.151649	4.290338
5.496854	4.960741	5.725093	5.175142	4.090917	5.625346	5.651932	5.984564	4.90568	4.882079
4.564351	3.928211	5.414701	3.893776	5.748341	4.568474	5.042652	4.554667	4.813923	5.210656
4.589515	5.780178	4.352582	5.614803	5.204498	5.172878	5.042459	5.133434	5.186362	4.706339
5.506841	5.27319	5.579766	5.162017	6.000699	5.179879	5.335856	4.193504	5.384501	5.699274
4.971732	4.946171	4.007521	4.854884	4.793419	4.629078	4.465859	5.353309	5.080918	5.270394
5.938363	5.027834	5.329926	4.768932	4.842025	5.028405	4.888783	4.734527	5.574178	4.235876
6.014664	5.100414	5.708825	4.060392	4.501464	5.053995	5.31875	5.515456	6.027202	4.690398
5.415589	4.317081	4.693551	5.360845	4.641192	4.783281	5.462602	5.390915	5.315217	5.185751
5.038197	5.790253	4.438272	5.140087	4.641716	4.572207	5.016003	4.990267	5.002736	4.873748
4.275116	4.708129	5.116216	4.104235	4.890687	5.192003	4.405318	3.500672	4.438942	5.260963
4.80026	4.408109	5.845757	4.831588	5.693398	4.876529	4.840136	3.812135	5.42464	4.870638
4.545396	4.789411	5.250597	5.185658	4.223847	4.872603	4.955198	4.929462	4.941931	5.367296
4.434824	5.138523	5.242136	4.609789	5.845995	4.631888	4.903277	5.072425	6.102351	5.112494
4.916734	6.235602	5.060883	4.925159	4.493272	5.073391	4.81754	4.940479	4.421214	4.928022
5.289882	4.699535	4.190933	4.831045	4.517716	6.017104	5.378416	5.124596	3.947414	4.765625
5.178869	5.212656	5.556245	3.987001	4.996887	5.508193	5.976798	5.069767	5.683088	4.485427
5.330031	5.263841	5.210283	5.680082	4.608933	4.865675	4.895117	5.269234	5.097427	5.828475
4.671404	5.411691	5.247121	5.203673	4.277872	5.650885	6.234627	4.526951	4.338223	4.720534
4.780951	5.028169	6.029055	5.987562	4.350413	3.718344	4.997817	4.97208	4.984549	4.695186
4.681478	5.03692	4.869996	5.004455	5.684841	3.8386	5.255425	4.890449	4.943901	5.029981
5.355339	5.124736	4.499252	4.888783	4.560639	3.808462	4.730219	4.880559	4.894699	5.011701
5.089516	4.421851	4.121554	5.803216	5.635448	4.818241	5.488705	4.849215	4.528557	5.553479
5.542644	5.958704	4.342221	6.008654	5.460051	4.610208	5.018606	5.529622	5.832189	5.34451
3.784277	4.655575	5.055927	4.846112	4.326561	4.376773	5.41483	4.579181	5.217611	4.884235
4.871195	4.646077	4.558619	4.919185	5.582016	4.916104	4.899342	5.162043	4.427608	4.553871
4.142495	5.723886	4.553248	4.454548	4.737831	5.130304	5.648374	4.534479	4.056163	4.9403
5.312353	4.824422	5.517797	5.115476	5.331531	4.920007	5.986965	4.873345	3.419329	5.850829
5.030988	4.861104	5.209506	4.690427	5.455227	5.129349	4.179095	5.201325	5.670047	5.720837
4.864473	5.054879	4.485961	4.113752	5.428631	5.150536	4.529647	5.838454	5.683751	4.441316
3.728681	5.943828	5.159126	4.976092	4.579669	4.54482	4.833403	3.814535	4.075427	5.247701
5.140532	4.511832	4.398099	4.404032	5.041643	4.606352	4.610416	3.952721	3.45281	5.791338
5.335936	4.619851	4.948863	5.264274	5.016354	5.077146	4.968301	4.754965	5.933806	4.772121
4.840418	4.931394	3.967597	5.130898	4.481634	4.455015	5.085997	5.389009	5.824971	4.964929
4.863446	4.947134	4.285069	5.02938	5.011904	3.966256	4.92637	4.900634	4.913103	5.495138
5.336464	4.793844	4.987525	5.513239	5.483431	5.355805	5.976943	4.273306	4.645679	4.938751
5.863546	5.408274	4.428378	5.13735	5.234775	5.2464	5.049991	5.024254	5.036723	5.003586
5.514972	5.34638	4.756186	5.083235	5.106222	4.59359	4.55598	5.699481	5.55477	4.699928
5.275062	3.948164	4.159726	5.154481	5.507007	5.100186	4.883	4.978862	5.984227	5.091617
4.856926	6.308363	5.212326	5.636464	5.039368	4.972517	5.127938	5.849905	4.33733	5.110134
5.181738	4.866729	4.346867	5.40119	5.252333	4.069975	5.200831	5.175095	5.187563	4.874057
4.205382	6.21863	5.038104	4.651	4.740897	5.196135	4.728505	4.608842	4.967853	5.348898
5.147285	5.148623	5.026559	5.143015	5.530869	3.272638	5.462203	4.819485	5.506463	5.382399
5.565287	5.20897	4.22446	4.895427	5.299944	4.616881	4.281245	4.204834	4.672511	4.689827
4.221054	5.12166	5.395327	4.543362	4.469136	4.774994	5.550233	6.43021	5.331869	4.705333
6.113275	5.416744	5.834074	5.4611	5.225153	5.840954	5.062058	5.036322	5.048791	5.306866
5.508777	5.388875	5.469686	5.861629	4.600903	5.506412	5.7111	5.392027	5.076372	4.641747
5.332939	4.144248	5.309516	4.986573	6.288924	3.766137	5.144859	5.836426	4.744026	5.103826
4.527663	5.363802	5.566662	4.581626	5.382613	4.623168	4.539488	4.754871	4.690247	4.694352
5.028751	5.556583	5.095669	5.566091	5.161981	4.936003	5.555633	4.687602	4.951056	4.873498
4.596685	4.062541	5.74859	4.654492	4.662868	5.143537	5.971933	5.481102	4.932318	5.679388
5.135327	4.941547	4.755307	4.627489	5.48959	5.281113	5.834913	4.346931	5.45325	5.272212
4.868933	4.544125	5.216673	4.627348	4.870088	4.358481	4.993775	4.968039	4.980508	3.898696
5.072769	6.017174	5.456548	5.952724	5.401658	5.405262	4.600766	5.117506	3.828125	4.335304
5.014875	5.450673	5.129932	4.470126	4.853385	4.212207	5.389864	4.814732	4.352798	5.711046
4.427452	4.660596	5.710911	5.068446	4.416463	4.72824	5.058528	5.699131	4.797866	4.84929
4.731146	4.874668	4.649281	4.703338	4.902148	5.446815	4.231063	5.22328	4.976126	4.369586
4.397583	5.579566	4.870399	5.253419	5.92914	4.661215	4.866044	4.584078	4.378002	5.304007
5.400114	4.713942	4.996764	5.439305	5.323565	5.360044	5.015893	4.732042	5.064769	5.343805
5.839977	4.966855	6.28443	4.669156	4.862654	5.272991	5.040526	5.640818	6.45469	4.598368
4.322703	4.940244	4.891582	4.744176	4.817596	4.057794	4.785008	4.462089	4.874644	4.33088
4.767959	4.21502	5.207892	4.866694	4.919932	4.564607	4.589604	5.472162	5.34384	4.3688
3.993219	4.638972	5.222371	4.391167	5.108331	5.464278	6.048273	5.079376	4.30803	4.718392
5.875839	5.488246	5.321005	4.309966	5.026696	5.184745	5.544027	4.863888	5.258031	4.787411
5.153302	5.550597	5.423958	4.621925	4.600134	5.869289	4.903151	5.972594	4.816891	5.701581
4.987561	5.800096	5.378182	5.053866	5.577221	5.236104	4.995115	4.479607	4.603657	4.297151
3.931673	5.082093	5.693081	5.064264	6.167425	4.916176	5.084703	4.68668	5.367479	5.46681
5.323402	4.651844	4.115423	4.673216	5.324572	4.093383	6.517051	4.67174	4.279552	4.517511
5.455859	4.868869	5.130729	5.592968	5.136523	5.557864	4.843193	4.817457	4.829926	5.413893
3.274219	6.04978	5.069125	5.132818	5.356669	5.072882	5.166689	5.622715	4.686975	5.374293
5.744285	4.370907	4.998991	5.018212	4.200478	5.291811	5.900581	5.079613	4.877096	4.625237
4.788228	5.361586	5.313519	5.23769	5.628931	4.977643	4.646406	4.987981	4.864607	3.741319
6.353405	5.479217	6.198574	5.189878	6.01501	4.360571	4.758531	4.822945	5.089088	4.86559
4.923869	4.4083	5.2188	4.76319	4.122064	5.275171	5.046326	5.020589	5.033058	4.773286
4.631222	5.01584	4.67253	4.974794	4.91368	4.462922	4.897264	5.405158	4.853745	5.81714
4.643313	4.901865	4.562078	4.561039	5.422149	4.835445	5.393847	4.696772	4.419624	4.549666
4.491593	5.46402	5.199257	4.669569	5.877976	5.349069	5.122608	5.096872	5.109341	4.651045
4.987687	4.089816	4.894608	4.899915	5.412188	4.665032	5.060519	4.447581	5.413472	5.440394
3.982158	4.58775	5.367519	4.859845	4.89348	4.989391	4.735844	4.099514	5.086982	4.732949
4.63553	5.294291	4.095196	4.808525	4.550166	5.756803	5.004822	4.979086	4.991555	4.509921
5.641481	5.093911	5.848537	5.873073	5.042201	6.402359	5.719778	4.419966	5.57869	4.183321
5.561962	4.677402	4.68156	5.327137	5.18732	5.697165	4.269154	5.678151	5.63702	5.630565
5.710334	4.077773	4.489113	3.957366	5.369692	4.156358	5.27925	4.643235	5.144856	4.645906
5.167158	4.431781	4.801431	4.270158	5.027592	4.319201	4.803436	4.536597	5.12033	4.965128
5.01314	4.191402	5.19143	3.982326	5.240596	4.325396	4.935058	5.185659	4.958072	5.938612
5.366067	5.332864	5.461351	4.641335	4.366112	5.795671	4.588366	4.789429	5.005095	4.525348
4.757176	5.510424	4.461535	5.100882	4.531069	4.137395	5.312307	5.63457	4.771121	4.891416
4.247627	5.626243	5.549865	4.53785	4.197584	5.874031	4.444709	5.207837	4.860023	5.598674
5.64798	5.837776	4.378379	5.011709	4.57904	3.920007	5.732663	5.265996	4.750229	4.68601
4.487112	5.111329	5.323656	4.415543	5.064456	5.845223	5.447581	5.078773	5.260699	5.860149
5.341168	4.907823	5.448066	5.337401	4.82612	3.941648	5.732659	4.676873	4.83696	5.316126
5.732915	5.355657	4.971708	4.81268	4.066764	5.523265	4.954028	4.928292	4.940761	5.416256
4.738481	5.306064	5.631463	6.207485	4.932886	4.963423	4.850911	5.504666	4.206794	5.183168
4.530162	5.798142	4.790331	4.562978	5.316644	5.897205	4.752952	5.419146	4.785002	4.221247
4.705993	4.485812	4.587559	5.057235	4.609915	5.060484	4.399884	4.660078	5.171912	4.831759
4.791322	5.347802	5.383026	5.191994	4.086519	5.122487	4.799673	4.195545	5.05883	4.697275
5.201065	5.647025	4.632613	4.92095	5.081346	4.255388	4.988577	4.962841	4.975309	5.324025
5.793183	5.356214	5.619374	5.44011	4.828463	4.946815	5.033549	5.007812	5.020281	3.894278
5.168878	6.302526	5.330135	4.372783	4.320405	4.946694	4.902289	4.876553	4.889022	5.772376
6.663102	5.320174	5.157533	5.538028	5.597232	5.562979	5.496484	4.324943	5.16428	5.724138
5.384498	4.995921	4.705886	5.426737	4.804765	5.278969	4.782246	4.691355	5.735088	6.015166
4.752251	4.441375	4.671563	5.276079	4.490834	5.500802	3.703273	4.863701	5.002811	5.426707
5.077279	4.863365	5.580476	4.562367	5.390452	5.271807	6.266423	4.290097	5.496952	4.894353
5.237493	4.754643	3.86046	4.369003	5.468225	4.791265	6.101549	5.357411	4.908732	5.643813
5.728248	5.077685	5.757199	4.886484	5.170837	4.916015	5.072611	5.475538	5.08146	5.758688
4.895367	5.46204	4.50939	4.043422	5.578806	4.152609	4.532297	5.825457	5.580609	5.047865
4.969707	4.447782	4.639594	5.738083	5.254828	4.520083	5.129467	5.103731	5.116199	5.805828
5.752513	5.010487	6.079443	4.180213	5.154444	4.501287	4.472812	4.957215	4.274494	5.370058
4.754266	5.159641	5.254668	4.219474	5.192735	5.396795	4.957728	4.742595	5.020225	4.8515
4.869328	5.061753	5.494737	5.729284	4.345341	5.72198	5.276144	4.930976	5.12569	5.15556
5.449653	5.82286	4.539897	4.786366	5.717185	4.969484	5.012929	4.987193	4.999662	5.592292
4.598758	4.85725	4.816361	4.343096	4.94844	5.843895	4.556172	4.760415	5.221436	4.973499
