5.257195	5.121395	5.809863	4.761686	5.438155	5.606236	4.745494	4.732289	4.597373	5.176313
4.022887	5.023081	5.520833	4.85934	5.01099	4.547175	5.465918	5.858153	5.073645	5.02733
4.7259	5.273803	4.973993	4.335129	4.477859	4.233288	5.074338	4.868466	5.18506	4.228095
5.258809	4.647707	5.537446	5.284536	4.523972	4.984922	4.614783	5.024143	4.401278	5.231424
4.67256	4.296487	5.062154	5.483269	5.265425	5.26022	5.40237	3.98406	5.024695	4.116294
5.422417	5.5923	4.635766	5.302526	5.406213	5.031119	5.109258	4.502904	5.244931	5.531746
4.402643	5.348335	5.194376	5.638442	4.852537	5.013645	6.889783	4.341005	5.578838	4.746585
4.486682	4.361318	5.267484	4.952837	5.106973	5.404056	4.98008	6.445081	5.575335	4.598011
5.256436	4.666788	4.74084	4.993515	5.526029	4.450568	5.120942	3.82409	4.711682	4.821355
4.552921	4.832521	5.306264	4.397025	5.431537	5.225935	4.745194	4.430612	4.940007	3.786648
4.574472	4.244	5.764	5.312185	5.780371	4.920928	4.00209	4.301844	4.39031	4.752925
4.123456	4.994003	4.701161	4.218051	5.60971	5.102064	4.548057	4.436955	5.784414	5.151238
4.474995	5.401556	5.709219	4.799165	4.926	4.84847	5.276687	4.626967	5.396327	4.5371
4.736997	5.194937	4.748872	4.929773	3.380314	4.849221	5.530149	4.799225	4.606554	5.591358
5.252628	5.083774	5.609085	5.289353	5.636958	5.003918	4.428482	5.66062	4.700491	4.421877
5.660686	5.226008	5.227199	4.271407	4.187824	5.293394	4.784086	5.380008	4.507165	5.560518
4.161236	5.188038	5.19184	4.415367	5.026142	6.121418	3.82464	4.366548	4.207604	5.215061
4.021452	5.275981	4.823906	4.8185	5.907317	4.929489	5.342353	4.586358	4.857626	4.406815
5.30985	4.45237	4.24158	5.518796	5.10074	4.938002	5.13432	5.209547	5.04418	4.969296
5.619552	4.197322	4.619121	5.293575	5.316785	5.465042	4.909555	5.590119	5.496375	5.488512
5.040421	4.930913	4.641026	4.694159	5.295072	5.121926	5.080577	5.001887	5.732347	5.122675
4.135853	4.923676	5.423409	5.462385	4.854482	4.868875	5.997487	4.848228	5.347321	4.738992
5.372564	5.438992	4.250882	4.507753	5.177841	5.562629	5.153981	4.875409	4.747095	4.656881
4.983201	4.685198	5.02237	5.113503	4.747922	5.640687	5.67931	5.676321	5.230607	4.396919
5.295821	4.94073	4.947871	4.44885	5.403893	5.289109	5.329696	3.889816	5.335859	5.193913
5.010424	5.605259	4.890234	5.726373	5.119241	6.287167	5.308858	5.032604	4.175039	4.533311
4.064395	4.419968	4.654298	5.449114	5.413071	5.254674	5.110439	4.72552	5.473191	4.280097
5.319394	5.455822	5.553085	5.308211	5.532175	5.772387	6.133402	5.38981	5.121713	5.020908
4.726511	4.35415	4.630809	4.823673	4.199877	5.730577	5.51283	5.201537	5.414989	5.067326
5.763896	4.741208	4.999818	4.986001	4.04055	5.377733	4.902887	5.863526	4.897315	4.658544
5.002303	5.688817	4.03861	4.906198	4.378621	5.43333	5.804949	4.554933	4.525124	4.929129
5.694219	5.502416	4.561724	4.872194	4.971316	5.65989	4.530028	5.254999	5.16764	4.715258
4.468704	5.668855	4.997569	4.915049	5.158602	5.509497	5.651633	5.187668	5.112528	4.466509
4.215844	4.576745	4.884356	4.694009	5.037605	5.982782	5.181438	4.029119	5.501575	4.462611
5.342185	4.257476	4.705721	4.782568	4.785395	4.68962	5.176764	4.474473	4.231535	4.635019
5.57293	4.743568	4.375474	4.189668	4.801453	5.414573	3.971718	4.818769	4.675076	5.052567
5.92066	5.021729	5.8009	4.180309	5.569084	5.408805	4.924766	5.5516	5.743243	4.981857
4.758352	4.373152	4.553622	5.805731	4.373307	4.145857	4.868513	5.997211	5.420556	6.013818
5.89019	4.436298	4.764721	5.456474	5.013854	5.346609	5.508393	4.833253	4.746861	6.282792
4.918601	5.461698	4.824208	5.892506	4.665944	4.929053	4.679729	4.812607	5.021587	5.496336
5.130148	4.325285	5.017116	5.131166	4.144356	5.003291	4.74419	4.530859	5.136392	3.919664
4.895878	5.56109	4.273808	5.605742	5.15035	6.300979	5.433688	4.255778	5.404244	4.422161
5.337195	5.287784	5.796422	4.672609	4.458309	5.438997	5.531509	5.185083	5.521518	5.117178
5.233023	5.330108	5.436435	5.222524	5.126108	5.518465	4.488795	4.800971	4.81601	5.740032
4.511632	4.39794	4.8321	5.358813	5.870947	5.089745	4.992054	5.212529	4.196494	5.751515
5.080626	4.8673	5.338613	4.733912	5.566804	4.720457	5.433378	5.008731	5.380955	4.487634
5.361878	5.37592	5.642471	5.393481	5.170202	5.221343	6.089961	4.678488	5.807922	5.309692
5.244615	5.872311	4.794872	6.099768	5.968852	4.404686	5.688262	5.407565	5.430331	4.783416
4.974175	4.549574	4.199022	4.692737	5.426649	5.52245	4.744382	4.642609	4.812512	5.427507
5.043278	5.592743	6.098763	4.878772	4.978426	4.46366	4.8073	5.796912	4.17756	5.026144
4.593788	4.903785	4.762686	4.592294	5.236334	5.861245	4.846032	5.008654	4.589689	5.56871
4.079596	4.301276	5.552555	5.392983	6.127773	5.823355	5.3649	6.421231	4.904423	5.047484
5.12406	5.239023	4.758346	5.167279	6.067109	5.370284	5.145635	5.824749	6.057743	5.01105
5.244343	5.084458	3.983928	5.34552	4.712179	6.42836	5.318005	5.22531	4.439378	5.594423
4.63341	5.938137	4.582856	5.065288	4.144722	4.688865	4.988635	4.608752	4.770199	5.332766
5.120268	4.363484	5.056414	4.272884	4.042861	5.186864	5.467179	5.08872	4.774343	4.666556
4.105576	5.112394	5.194549	5.46031	5.293886	4.651919	4.673245	5.651963	4.158185	5.369732
4.786637	5.292518	4.303382	5.203463	4.436544	4.66085	3.997368	6.167324	5.61905	4.909208
4.670652	5.096927	4.518414	4.521915	5.147099	5.042262	5.587172	4.919384	4.624586	4.371911
5.648068	4.963204	5.019728	4.683831	4.592018	5.367067	5.330224	5.189208	4.944042	4.715674
4.49755	4.713272	6.680938	4.339292	5.286002	3.860548	5.467865	6.120336	4.690634	5.490995
4.139032	5.976028	4.561093	4.009034	4.864508	4.694398	4.724944	4.619775	5.332004	5.745829
4.604499	6.613637	4.817725	4.769925	5.73275	5.407129	4.435633	5.039542	5.503973	5.102839
6.065269	4.834887	4.594944	4.707895	4.538636	4.886854	5.140787	5.346961	4.248919	4.547243
5.562341	5.519388	5.715541	4.720307	5.401068	5.049187	6.44683	5.12273	4.70927	5.073804
5.631098	4.558527	5.312133	5.172638	5.437154	4.946229	4.593621	4.707642	5.628181	4.413768
4.371036	4.653598	5.120579	4.793777	4.625485	4.750431	4.172411	5.1757	4.706315	4.833322
5.010468	5.017928	4.367119	5.446755	5.206024	5.089321	4.469931	5.227999	5.303481	5.400671
5.418654	5.162508	5.813855	5.10355	5.367179	4.351045	5.042259	5.688035	4.163116	5.23067
4.86252	5.673664	4.488186	5.597047	5.657763	4.74593	4.863842	4.873158	5.02233	5.300872
4.457498	4.450021	5.004241	4.54663	5.46996	4.918782	4.627979	4.990782	4.538727	3.309815
5.064188	5.681027	4.789393	6.241357	4.766347	5.494577	5.74921	4.845668	4.593961	5.089971
4.82868	4.765048	5.832104	4.497847	3.953023	4.960607	4.926794	4.283997	4.805506	4.294146
3.989797	5.126976	5.522915	4.85498	4.877594	5.181714	4.2163	4.904612	5.390219	4.586689
4.560489	4.9942	4.738761	4.593855	4.945447	4.616713	5.757798	4.787143	4.022781	5.280977
5.280281	4.662629	4.14972	5.989261	5.332397	5.247551	4.65619	5.924158	4.991237	5.150322
5.141925	5.338204	5.303991	4.886936	4.986382	5.64377	4.966633	5.951029	5.421012	5.509439
5.554901	4.71049	4.229825	5.399845	5.079165	4.806501	4.628285	5.086549	4.788151	4.94605
5.017181	4.977013	4.722378	4.492435	4.806818	5.155535	3.986359	5.80618	5.855548	5.54356
5.031762	4.790402	5.062399	4.54328	4.735799	6.020687	4.693537	4.676886	5.554795	5.865906
4.443588	5.634251	4.872039	5.177821	4.878171	5.587998	4.485072	4.853996	3.691695	5.027647
4.838173	4.687218	5.835151	5.387908	4.994377	5.964697	4.542639	5.382444	5.064637	4.443253
4.776617	5.096328	4.863755	5.417787	5.006804	5.644392	5.610021	5.165668	5.34306	4.787419
3.58427	4.751453	5.111001	5.018821	5.066875	4.795952	4.997221	4.335088	4.97858	4.871054
5.037772	4.932332	6.027102	5.024002	4.51976	5.512491	5.192114	4.412114	4.535791	5.795703
5.09439	5.187991	4.962013	4.756773	4.640577	4.793055	4.71732	5.059628	5.080896	5.264971
4.873967	4.483562	4.476802	5.343924	5.712061	4.600985	4.398638	4.606764	5.3593	5.046133
5.155801	4.473969	4.395527	5.567868	5.422405	5.426176	4.955659	5.157324	4.395991	5.575719
4.502267	4.970588	4.722922	5.878985	5.399236	4.714466	4.791624	4.516017	5.926909	4.205168
4.911288	4.816932	4.546106	5.443352	5.607543	4.957905	4.935174	5.214451	4.992329	5.19908
5.324541	5.277682	5.656469	4.808617	4.935031	5.539468	4.648948	4.661053	4.954233	4.982206
5.0392	5.202779	4.873985	5.165797	5.134217	4.100331	4.38953	4.124893	3.993708	4.773474
4.358371	5.016766	4.538602	4.738772	5.321038	4.855043	5.406376	5.397346	3.433917	4.083158
5.078439	5.16049	5.238083	3.883516	5.517497	4.79416	4.555042	5.677416	5.374233	5.511489
5.063067	4.554325	4.549724	4.528355	4.880234	4.797938	4.092241	6.037456	5.008029	5.736486
5.039456	4.913549	5.690341	5.2948	5.409066	4.001954	5.298017	5.377946	5.17878	5.038812
5.166709	5.587237	6.119332	4.90461	4.914318	4.559597	4.568348	5.084562	5.072927	3.828304
5.01504	5.652613	5.376434	5.261432	4.703279	5.511471	4.941593	5.333228	4.92797	5.54416
4.914021	5.408178	4.982111	5.27309	5.198212	5.539596	4.029319	3.93801	4.86355	5.331923
5.050879	5.46734	4.499182	5.189381	4.578971	5.076816	4.404477	4.76107	4.530492	6.158135
5.021909	5.450676	4.533777	4.592433	5.618115	5.245195	4.91141	5.536411	4.247726	6.198217
5.434624	6.111808	5.404376	4.967257	4.813252	4.680224	5.84425	4.44013	4.411954	4.583574
5.625751	5.022032	4.495115	4.055012	4.605921	5.163442	5.602281	4.252138	5.137878	5.27939
5.219126	5.178092	5.48228	4.868288	4.611072	6.39129	4.514551	6.033995	5.0776	4.983139
3.781142	5.164628	5.279369	5.437286	5.375114	4.967727	4.638724	5.26606	4.589136	5.459788
4.11005	4.644779	4.890325	5.257101	5.824404	4.240519	3.798727	5.132716	4.462268	4.770644
4.441623	5.820677	4.853212	4.848458	5.266932	4.646542	4.732183	4.623313	5.395154	5.068058
5.124018	4.346333	4.780671	4.910443	4.285293	4.506285	5.021933	5.687147	4.889852	4.898932
5.342133	5.231474	4.694596	4.722257	4.358909	5.174795	4.18889	5.232388	5.210368	5.695428
4.573577	4.723088	4.966913	5.619313	5.60957	4.930942	5.834827	4.358946	5.429062	4.634711
5.904591	4.378854	4.921835	5.02683	5.456488	4.905698	6.429347	5.883805	4.294511	4.749533
5.793913	6.167267	5.451742	4.326022	5.214198	5.976677	5.325541	4.83496	4.790016	5.522181
5.478153	6.15661	5.441216	5.433191	5.588559	5.465944	5.331399	4.122144	5.57036	5.256325
6.18717	5.047857	3.867095	4.744435	4.831015	5.319849	4.381474	5.314764	5.066205	5.659002
5.584411	4.46427	5.127423	5.955847	5.594295	5.41283	5.253298	5.102	5.326721	5.379663
5.490273	4.955529	5.356592	5.201187	4.797062	4.748961	4.627807	4.836752	4.673395	5.382329
5.216252	4.219812	4.382558	4.949385	4.365465	6.198378	4.509629	5.16367	4.624124	5.060953
5.333962	5.276958	5.210526	4.496953	4.40476	4.38138	4.693038	5.549497	4.022287	5.1659
4.804093	4.522584	5.200601	4.399668	4.209198	5.4328	4.799232	5.555557	4.416128	4.325648
3.985703	4.585751	4.783143	5.44209	4.32393	3.855907	5.01247	5.389842	4.745543	5.042369
5.20701	5.141776	6.203207	4.479871	5.003707	5.304664	4.508739	5.176043	4.670622	4.921818
5.072144	5.048439	5.561046	5.410949	4.947186	4.982805	5.715009	4.805019	4.878041	4.547296
5.188785	4.927314	5.240201	4.610555	5.240221	5.370282	4.912922	5.256826	4.643322	4.994388
5.496487	3.815768	5.25633	5.755774	4.913511	4.360227	5.826515	4.491571	4.939823	5.777037
5.306279	4.586546	5.311886	5.71259	5.891602	4.595551	4.586184	4.963862	4.938855	5.107304
5.193679	3.345803	4.832195	4.374505	4.319234	5.604133	4.937168	4.72168	4.515821	5.298991
5.826081	5.217376	4.895652	5.400481	4.547005	4.586909	4.678283	4.903236	4.017349	5.394093
4.782124	5.154308	5.010826	3.994099	5.271354	5.743032	5.176529	4.323399	4.661559	5.507596
5.496083	4.745306	5.333173	4.934826	4.188866	5.291998	5.025872	5.35694	5.01372	5.152215
5.014886	4.84459	5.563367	4.075161	5.691852	5.008288	4.406907	4.847164	5.479477	4.501766
4.986299	4.910043	5.238048	4.731096	5.894787	5.617381	5.205603	5.137866	5.671715	5.370349
4.738259	5.521987	5.381985	5.049376	3.889374	5.845972	4.656947	4.550202	4.189784	4.702008
5.733419	4.768733	5.469535	4.469394	5.30845	5.373377	5.209661	4.532204	5.537064	5.150704
3.83763	6.036043	5.149587	5.321059	4.733163	5.692014	5.198598	4.630067	4.01375	5.255231
4.950809	4.58437	4.901073	5.170099	4.755482	4.897347	4.278842	5.421638	5.09937	5.624798
4.576129	5.372159	5.468193	5.119915	5.406483	5.038769	5.508164	4.763597	4.037186	4.853212
5.379409	3.104193	4.667696	4.987617	5.635848	4.844512	4.207018	4.542495	5.45777	4.775826
4.63917	4.97679	5.456254	6.053793	4.936348	4.587227	4.693379	4.665673	5.642366	5.586511
4.517633	5.104664	4.342986	5.056889	4.49232	6.104753	4.914331	4.906653	4.759087	5.278454
4.756225	4.55545	5.222991	4.250284	3.732539	4.584992	5.562	4.425523	5.010301	5.175593
5.096511	5.559033	3.742644	4.323029	4.040879	4.917188	5.641541	5.985034	4.66889	5.255811
4.597774	4.994961	4.806427	4.812182	4.638728	5.474638	4.632346	4.078738	4.626276	4.986272
5.097611	5.476191	4.959499	4.538791	4.386972	4.844639	5.571803	5.376538	5.200698	4.939726
3.766302	4.142036	5.352462	4.807055	5.55012	4.833369	5.404299	5.079164	4.864766	4.599725
5.438019	4.474975	5.573576	5.425646	5.103068	5.376762	4.713805	4.803288	6.139459	4.304542
4.76439	4.952673	5.456657	6.046478	4.814656	4.57123	4.321899	4.59564	5.148465	4.617403
4.321083	4.251364	4.702796	4.843739	5.722303	4.036005	5.091448	5.920184	4.99881	4.849811
4.013783	4.866718	5.449071	4.793804	5.008349	5.532885	4.743073	4.449859	4.927814	5.290233
5.159418	4.257842	5.080598	5.182149	4.606454	5.594635	5.553836	5.328146	4.13728	5.513505
4.987947	4.830896	5.41551	4.878132	4.761415	4.937429	5.842323	5.0039	5.47936	4.63884
5.541054	3.693683	5.501341	4.542386	5.518226	4.665031	4.649531	4.79545	4.637682	5.398873
5.154199	5.270752	5.441155	5.240814	5.299639	4.785115	4.787239	4.716875	4.028786	4.622029
5.012659	4.788852	5.668947	5.872353	5.151139	5.028933	5.199011	4.837195	4.858091	5.150934
4.764913	5.117349	4.906989	5.422218	4.737534	5.49038	5.060296	4.543717	4.572259	4.879474
4.577229	4.732879	6.210008	3.825336	4.565855	5.142373	4.879145	4.924788	4.893753	4.877835
4.031749	5.560184	4.463593	4.860697	4.827815	4.429424	4.522088	4.961364	4.209951	5.418106
4.212018	4.549231	5.536449	5.314434	5.822979	5.682296	6.32083	5.00542	5.290039	5.37937
5.825514	5.6987	5.886439	3.947437	5.113478	4.536535	4.310612	4.631543	5.351733	4.531585
4.011433	4.543912	5.163437	4.886841	5.104592	5.60647	4.49976	4.962159	5.004272	5.503835
5.089141	4.284142	4.626835	5.312469	5.653506	4.850661	4.137168	5.145778	5.432058	4.79091
5.02704	5.25296	5.526299	4.549083	5.103054	4.430927	5.100445	5.724795	4.318509	5.438619
4.550141	6.141555	4.769598	4.781361	4.12374	4.555593	5.281915	4.799251	5.244301	5.917494
5.020857	5.311518	4.892553	4.464369	5.10815	4.895103	4.676749	4.818863	5.731264	4.489201
3.993849	6.286417	4.508771	5.750748	5.462511	5.652036	4.064652	5.223007	5.131999	4.732293
4.811	5.420787	4.342223	4.89468	5.543643	4.393499	4.748059	5.538174	5.510206	5.303375
5.892879	5.747932	4.509308	4.896517	4.126038	5.3424	5.369871	4.320381	4.5556	5.125468
4.850776	4.986266	4.569053	4.626758	5.335217	5.54722	5.42423	4.637472	4.938702	4.884975
5.271626	4.43715	5.47143	4.377836	5.074427	5.339851	5.079271	5.451563	4.84752	5.308822
4.285936	5.36382	5.052324	5.768021	4.458633	4.310725	5.804894	5.211708	5.590303	5.11754
4.755845	4.2547	4.294545	5.173329	5.036077	3.991766	4.955222	5.354475	5.270473	5.870797
4.409692	5.710356	4.971206	4.831655	5.189399	5.511075	5.162689	6.327943	4.908864	5.038513
5.905612	5.917894	4.836385	5.852886	5.131773	5.148159	4.514181	5.455181	4.811918	4.271341
5.294639	4.918173	6.24566	4.985678	3.869877	5.484868	5.687713	5.873162	4.564274	5.836238
5.270591	4.806367	4.471263	5.083933	5.583288	4.882366	5.326548	4.791911	4.446434	4.653169
4.691679	4.655141	5.433784	4.941947	5.291849	4.783421	4.758764	4.594453	5.193939	4.677479
5.726253	5.21822	5.321549	5.878606	4.649514	4.137511	4.272678	5.624574	6.029985	4.693067
5.479613	3.937593	5.160006	3.588383	5.783489	5.775805	4.392252	5.981544	4.978717	4.585488
5.207828	5.077598	5.432692	4.866447	3.895541	4.447655	3.847429	4.84945	4.568222	4.457856
5.74861	5.017636	4.823607	4.880002	4.337756	5.112126	5.105068	5.040246	5.304241	5.027831
4.622494	6.08913	4.491778	5.934487	5.984061	4.099191	4.648372	4.410289	4.535438	5.136971
4.755909	4.903385	4.918332	5.079409	4.446569	4.77144	4.000635	4.870684	4.774272	4.963303
5.670202	5.42905	5.108535	5.679973	5.027853	4.927554	5.133474	4.474714	4.239624	4.979711
5.029013	4.706541	5.189762	5.186298	5.680862	4.591743	5.268378	5.377166	5.346987	5.067306
4.321219	5.042259	5.579083	5.467311	5.016939	6.179366	4.676516	4.747129	4.939392	5.02527
4.897624	3.609892	5.444015	4.78026	4.231279	4.790777	4.961709	4.617948	5.693351	4.313494
4.446742	4.162695	6.448149	4.677501	5.565612	5.393993	5.201576	4.667607	4.536731	5.416957
4.79109	5.647322	5.183997	4.157804	4.200233	4.928334	5.762255	5.608551	5.301243	5.536085
4.522874	4.277821	4.532231	4.082697	4.798381	4.539864	5.112665	5.314962	5.326625	4.61158
5.184004	5.195144	4.488326	4.357535	4.954825	4.573812	5.22932	5.051978	5.554609	4.846945
4.625308	6.297012	5.133648	4.807796	5.233235	4.90308	4.924261	5.728537	6.312341	4.950623
4.039973	4.636001	5.105806	3.9116	5.769323	5.541043	4.83713	5.544471	5.318618	5.975506
4.436905	5.277828	4.761772	5.405903	5.69075	5.559198	4.833758	5.7837	5.084198	4.450895
4.896762	4.737458	4.59945	5.094952	5.920829	4.57333	5.410158	5.063651	4.142405	5.495035
4.612962	3.785467	5.184167	5.183655	5.605083	4.04076	4.110271	4.070292	4.800471	4.728622
4.667837	4.756506	5.064709	4.391483	4.89645	5.282388	4.595079	5.128956	5.377332	4.127172
4.499289	4.472895	5.06553	4.269387	5.21508	4.086035	5.494959	5.049696	4.910155	5.462443
4.434155	4.763559	5.341409	5.595344	5.103758	4.508917	4.972221	6.46884	4.703051	5.452363
4.687664	4.96129	5.957604	6.904922	5.559038	4.452086	4.339876	4.776906	5.663959	4.278019
5.108579	5.038208	5.193786	5.374927	5.804448	4.730424	5.470965	5.372554	4.587906	4.98392
5.583129	4.407479	5.370346	5.262799	4.798069	6.025893	4.493987	5.113006	5.547748	4.862141
