5.990427	5.297705	4.362768	5.171956	4.352112	5.325564	6.191923	4.594228	5.517245	4.607249
4.437936	4.436264	4.560976	5.153601	5.500461	5.39814	4.961728	5.641742	4.682011	4.097016
5.882702	5.429032	4.688058	5.022385	5.310351	4.842316	4.552174	5.245464	5.00181	4.632442
4.203403	5.473262	4.626272	3.537285	5.418552	5.51513	5.261786	4.677207	4.821311	4.652704
4.371697	4.997011	5.284866	5.546493	4.294937	3.351029	5.180803	4.385058	4.448708	4.996844
4.056702	5.426408	4.587315	4.877884	4.605456	4.895527	4.550564	6.38133	5.631695	4.892415
4.527461	4.680413	4.517913	4.908755	4.828497	5.552905	5.31005	4.886014	4.441424	5.352163
5.441339	3.671945	6.291395	5.245768	5.450876	4.668373	3.926344	5.299856	5.205023	5.688378
4.344937	4.319934	4.802559	5.697662	5.058002	5.35105	4.340414	5.920187	3.996538	4.444933
5.105372	4.88586	5.301315	4.759062	5.619511	5.821606	5.379944	4.958491	5.807948	4.976731
5.063504	4.571934	5.353703	5.282663	4.220516	5.0618	5.09082	4.667581	4.131525	4.574118
6.001186	5.288171	5.469671	4.920041	4.831229	4.433911	5.289078	4.748267	5.634912	4.645978
4.699374	4.367276	5.427473	3.750905	5.156526	4.434357	5.713821	5.080446	5.30875	4.65131
4.857239	5.338255	4.325624	4.704255	4.812207	4.775397	4.310986	4.393758	4.591629	4.698067
5.032237	5.72558	5.349237	4.455794	4.509811	4.921616	5.2881	5.237562	4.709652	5.677346
4.210984	5.030719	5.24361	4.849598	4.034235	4.470642	5.233227	4.797988	5.19901	4.273023
4.981117	4.648081	5.030681	5.626451	4.981738	5.573973	4.161218	5.096971	5.166022	5.855994
5.179047	6.672472	5.199238	4.791051	5.867269	4.442956	5.34543	7.003703	4.907351	5.278742
5.287843	4.440717	3.442343	5.441352	4.76005	4.953912	4.972593	5.068955	4.299203	4.873452
5.516255	4.95332	5.638215	5.109845	5.844969	5.657949	4.389681	5.557911	4.138497	5.074033
5.857606	5.083977	4.400873	5.751364	3.141433	5.146513	4.788873	6.089948	5.582281	5.252935
4.423051	6.237693	4.57296	5.658725	4.422482	4.76249	4.889166	4.689706	4.577898	4.782221
5.150831	4.616293	4.605257	4.497063	5.522259	4.749817	6.005716	5.301117	5.388639	3.786401
5.21236	4.805545	4.977212	4.515754	4.730167	5.088658	5.759645	5.166705	4.294968	4.987674
4.529645	5.080851	5.085073	5.88992	5.198958	4.215878	4.531492	4.64242	5.441442	5.159585
5.068453	5.3804	5.50328	4.68628	5.947756	3.994293	5.764378	4.951169	5.443449	4.967701
5.595812	5.42817	4.386019	5.290318	4.328205	4.642196	5.259315	5.25262	4.779645	4.927111
4.58311	4.988309	4.982485	5.169398	4.828526	5.172435	4.747411	4.747286	4.725903	4.960001
5.35536	4.922449	5.914563	4.733169	4.553631	5.425204	5.475251	4.900833	4.812927	4.87423
4.676718	5.416123	4.733969	5.542467	5.62331	4.736916	4.508036	4.810546	5.274011	4.268259
5.081799	4.667341	4.732451	4.353714	5.447341	5.115338	5.32796	5.542565	5.444148	4.860094
4.741782	4.411733	4.467299	5.874769	5.296556	4.28277	4.720774	4.829017	5.284005	4.971571
5.086025	4.443197	5.000185	4.74623	4.68805	4.924316	5.398872	4.562662	5.042775	5.360376
5.401205	4.898875	4.313207	4.894599	5.641942	5.730187	5.355328	4.15542	4.410927	5.470061
5.82658	4.801877	5.322365	4.033442	5.639202	5.932712	5.177092	4.348671	5.294656	3.921093
5.313204	5.158972	3.827121	5.051511	5.586274	3.833025	5.057775	5.213831	4.848777	4.808858
6.011725	4.563999	5.119686	4.753056	4.310764	4.239859	5.068914	5.026671	5.455968	4.866121
4.583579	4.7767	5.42206	4.641821	4.470139	5.645205	4.401469	5.187488	4.787688	4.25034
5.241973	5.040659	4.983204	4.51172	4.278769	5.328175	5.620183	5.347127	4.713353	5.502209
4.587114	4.896365	5.112966	5.070348	5.562586	5.125261	4.99899	5.763333	4.827256	4.317735
3.998429	5.21052	3.964223	5.452761	5.519043	6.040801	4.333163	5.64492	4.55149	4.857384
4.887146	5.034591	4.323332	4.383108	5.144017	4.579374	3.906379	5.311049	4.179428	4.049385
5.470819	4.03014	5.344	4.836472	5.810556	5.044435	4.73187	4.717767	5.744163	5.351444
4.495389	4.693308	5.503641	4.123741	4.949437	5.015108	5.348257	5.347524	4.77077	4.851665
5.333333	4.524643	5.808414	3.590558	4.493578	5.525105	4.524486	4.22067	4.704452	5.048019
4.559666	4.729209	5.112061	5.470853	4.287825	4.445573	4.614951	5.341037	4.657509	5.334967
4.973213	4.008026	4.576053	4.023364	5.378793	4.726828	4.725241	4.838776	5.083713	4.27942
4.627244	5.126473	4.409819	4.803213	4.808344	4.806329	6.026903	3.94347	4.956999	5.169899
4.616408	4.365312	5.828701	4.356783	5.408133	4.570854	3.75169	4.007558	4.614332	5.708355
4.738031	4.311752	5.707684	4.936115	5.751532	4.947202	4.452579	4.883241	5.012693	5.277786
4.042788	4.611028	5.594908	4.476404	3.776413	4.156003	4.828959	5.296816	3.760094	5.732609
5.395446	5.616928	4.469567	4.753416	5.443121	5.177063	5.792017	4.689452	4.26593	5.430779
5.361445	5.26919	5.192091	5.875632	5.39115	5.107484	4.572815	5.113978	5.520474	4.480409
5.213386	4.918583	4.968418	4.823759	5.987626	3.750054	5.405371	4.695114	4.750111	5.011228
5.108519	4.634448	4.329227	5.074069	4.932313	4.487962	4.448552	4.814996	4.412294	4.41497
4.284635	4.530144	4.579054	5.414938	5.310703	4.78308	4.912928	6.428277	4.705761	5.034329
5.229013	5.171364	5.687929	5.114634	4.654312	4.343302	5.532294	5.018074	5.387298	4.367314
5.66879	4.841439	5.281695	5.526325	4.739267	5.723297	4.940229	4.642595	5.013494	4.740648
4.919542	4.601817	4.718788	4.542412	4.78254	4.411732	4.841187	4.576723	5.316926	5.610251
4.830628	5.78649	3.841211	5.614634	4.025316	6.092013	5.078721	4.376962	4.535578	5.595849
5.170055	5.081957	5.200229	5.868381	4.716891	4.06515	5.019721	4.758215	3.598208	5.016785
5.299375	5.781476	4.660888	5.111935	4.926749	5.353009	4.842922	6.535154	3.957065	4.664254
5.595848	5.674963	4.552506	3.546735	5.248276	5.843866	4.908424	4.501049	3.963968	4.851346
6.040454	5.505548	5.531409	4.160939	5.039365	5.377093	3.945628	5.062397	5.146675	4.647732
5.671872	5.227923	5.285135	4.632445	4.77562	4.602257	5.517823	5.203699	4.602798	4.426546
4.945842	5.485704	4.813793	5.567918	5.219026	5.074825	4.779912	5.610119	3.850685	5.505352
4.891581	4.163264	3.766793	4.224408	5.39394	4.011755	5.320995	4.307413	4.385931	4.563411
4.57467	5.068772	4.715831	4.032218	4.596144	5.10299	5.11607	5.345836	5.718126	3.929053
5.541965	5.429635	4.90074	4.82418	5.092518	5.66844	4.32155	5.402209	4.736224	5.041219
3.768855	5.273713	4.684462	5.360212	5.888908	6.035788	6.049363	5.18358	4.785818	5.575186
4.851358	4.200408	4.836796	5.08404	5.247202	4.764058	4.869653	4.724781	5.861192	4.993182
4.247169	5.492536	4.723881	5.197436	5.293517	4.642866	5.256255	4.62724	4.394844	4.444013
4.587767	5.399942	4.946763	4.952999	5.199477	5.444189	5.461834	5.73702	4.427392	5.483559
4.927318	4.456709	5.030487	4.912284	3.813096	5.075923	4.849229	4.845645	4.932494	4.827424
4.725909	5.641213	5.138547	5.32864	5.278951	4.700539	4.772388	5.018529	4.090063	5.611624
5.027656	4.946109	4.776124	4.782237	5.451943	4.759628	5.21728	5.402991	4.091413	4.757067
4.604399	5.490324	5.451672	5.238788	4.63446	4.681323	5.599609	5.01841	4.265518	4.592433
4.246623	5.666568	4.650881	4.353677	5.246015	4.294158	4.527792	6.355443	5.366174	5.317249
5.382819	4.324934	5.075806	5.095361	5.619724	4.883833	5.181126	5.86249	4.48658	4.128606
5.529725	4.673959	5.116434	5.172276	5.424477	3.908131	5.318505	5.514886	5.924249	4.713435
6.842011	6.08135	6.460197	4.436616	4.211641	4.742854	5.197459	5.225158	3.374585	4.979065
4.937073	5.208061	5.062332	4.492464	5.268594	4.675222	3.824269	4.458951	5.355699	5.289778
4.421049	4.862073	5.408566	5.280732	4.490319	5.920531	4.881154	5.872436	4.421689	5.700243
5.106308	5.133108	4.683136	4.624092	3.871348	5.342617	5.038857	4.916967	4.07362	5.32565
4.861788	5.58309	4.367322	4.397263	4.308044	6.161055	3.907094	5.672377	5.244023	5.242021
5.588996	4.98863	5.560386	4.263999	5.509797	5.091936	4.518134	5.414962	5.049397	3.632641
5.983596	3.695332	4.605905	5.396855	5.856349	4.285088	5.293899	4.621983	5.294209	4.579185
5.171682	5.379803	4.223614	4.078895	4.711833	6.358335	5.021463	5.370962	5.633069	5.022178
4.913803	4.577936	5.409173	5.050534	5.733806	4.717731	4.790826	4.896826	4.960546	5.844992
4.923404	4.897093	5.133705	4.770855	4.967709	5.033025	5.297229	5.130454	5.191487	4.838043
5.026529	4.842332	4.975804	6.038702	5.088558	4.991811	3.962772	6.373008	4.903579	4.722947
4.84683	5.31045	4.430905	6.081782	5.196664	5.046216	4.749794	5.542618	4.926661	4.428958
4.964396	4.557365	4.799795	5.207123	5.151029	3.974574	5.362194	4.672929	4.454797	5.469577
4.668588	4.100296	4.433619	5.634107	5.75457	4.9774	5.084197	4.86636	4.473438	5.411198
4.589473	4.856577	4.988541	5.101918	5.287752	5.241185	4.316814	4.694577	4.797402	5.064661
6.002744	4.548391	5.570384	3.629476	4.560456	4.977529	5.21858	5.414002	5.061806	5.054713
5.637168	4.528234	5.101184	5.715706	5.936262	4.701545	5.067911	4.238764	4.844119	4.152586
5.014478	4.236497	5.34838	5.085406	5.390325	5.692627	4.471858	5.202413	4.569226	5.050264
4.634347	5.583482	5.75223	5.448946	3.409029	5.90148	4.952399	5.421421	5.008744	4.800263
4.461616	4.532626	4.634636	4.571044	5.394386	4.702174	4.626139	4.460104	5.398224	5.663403
4.957366	5.663304	4.917686	5.756608	4.996886	4.279366	5.169594	4.478533	5.393012	4.365568
6.086314	5.220838	5.028697	4.991371	4.390466	4.296667	6.294776	4.888949	5.035348	5.736604
4.31063	5.898165	6.318413	4.15314	5.891482	4.977004	5.656255	5.120033	4.657222	4.981494
4.541372	5.147144	6.281024	3.873883	4.612458	5.249366	4.244157	5.154061	5.295924	4.231102
4.253107	5.702331	5.419153	5.312867	5.092848	5.467412	5.43028	4.988091	6.005618	5.078385
4.81693	5.095439	4.661396	4.544594	4.457704	4.692171	5.233887	5.989485	4.98384	4.170899
5.27914	5.202428	4.977925	5.112096	4.744555	5.040083	4.636583	5.088472	5.596367	5.300938
5.524662	4.224819	5.217804	5.289782	5.599555	5.909326	4.538661	4.603328	4.425258	4.785311
5.025976	4.207707	3.899738	5.03465	5.063461	4.246089	4.870772	4.292402	4.70166	4.586652
5.154513	4.837475	5.735002	5.207262	5.687103	5.077715	5.052834	4.767289	3.038626	6.137918
5.075974	5.187372	4.935099	3.789507	4.804973	5.298798	4.728261	5.658221	4.910015	3.778311
6.195776	5.641113	4.935175	5.153491	6.045458	5.91377	4.71412	5.258177	5.17628	5.512502
4.410014	5.257133	5.743488	5.946427	4.351656	5.74503	6.067676	4.756852	5.050201	5.16557
4.412049	5.239391	4.126445	5.094903	4.312863	4.618986	5.190204	5.461183	4.899817	4.912158
4.367264	5.198853	4.70146	4.703992	6.584198	5.021561	5.132701	6.048075	5.552381	4.263338
4.540286	4.80739	4.44491	5.056816	4.794612	4.734755	4.652656	5.416805	4.832819	5.072422
5.524363	5.082738	5.454072	4.329799	4.130734	4.923074	5.30556	5.277738	5.347345	4.629798
4.886522	5.439239	4.655665	3.979244	5.54103	4.327842	5.125583	4.752383	4.555741	5.18523
4.802647	5.589858	5.007064	4.743857	5.076534	4.92545	5.007821	4.689791	5.3955	4.238192
4.827721	5.2829	5.381495	6.034235	5.536025	5.161031	3.742068	4.239255	5.708658	4.920591
4.733945	4.65775	5.671058	4.488172	4.080205	4.553122	5.934741	5.580038	5.668075	5.727872
4.884019	5.026285	5.331666	4.599219	4.363152	4.491809	6.038286	5.190005	4.122055	5.100406
5.22368	4.874974	3.913765	5.163082	4.729393	4.924977	5.023021	6.004653	4.589384	4.573632
4.666093	4.986042	5.316704	4.60762	4.91756	5.284348	5.566545	5.109235	4.437367	5.322597
5.642308	5.714575	5.363537	5.78649	3.778583	4.424519	4.675624	5.017518	5.548071	4.618085
5.26634	5.755352	5.928988	5.011462	5.701332	4.976362	5.551698	4.855891	5.151212	5.410005
4.332508	4.949945	5.226626	5.193995	4.867249	5.267791	4.702992	4.923095	5.391528	4.760682
5.069898	4.650767	4.613348	3.819312	5.584804	5.953213	4.547373	5.601339	4.858943	4.591688
5.872707	4.122631	5.098001	4.671445	5.327322	4.804728	5.654332	5.079189	4.685684	4.067472
4.591608	5.149452	5.804558	5.741713	4.651555	4.667219	5.037665	3.947648	4.278853	4.864949
4.825511	5.336683	4.188497	5.368591	5.682169	4.853372	4.21834	5.292871	5.556503	4.52382
5.254385	4.552635	4.593941	5.100263	5.329826	5.319612	5.586476	4.410227	5.359404	5.27107
4.112192	5.750878	5.795143	5.182878	5.347532	5.388688	4.734326	5.323646	4.850002	5.130645
3.845491	5.354031	5.236048	3.768845	4.353817	5.018451	4.582331	4.152525	4.956692	5.679459
5.992229	4.55461	5.584258	4.37147	5.660547	5.171221	4.83455	4.894392	5.141565	5.077619
4.776063	4.803325	5.196989	4.660971	5.233236	5.410031	5.420956	5.22934	4.888171	5.013669
6.165634	4.355594	5.098057	5.25868	5.207729	5.238	4.247425	4.737326	5.460308	3.903261
5.051818	4.605148	5.021784	5.246303	5.702899	4.920659	4.423971	4.382228	4.907289	5.250645
4.670201	4.214462	5.525156	5.458489	4.711066	5.386639	4.935459	5.155543	4.588902	3.941333
5.192235	4.5113	4.783221	5.878035	5.69486	5.292725	4.950781	4.800639	5.158715	4.482857
4.734563	4.669552	4.52809	6.457942	5.576349	5.145576	5.505374	4.666833	5.366446	5.820322
5.374948	4.883899	5.395185	3.918601	4.645594	4.044316	4.537572	4.99187	5.253666	5.327013
5.141417	4.405732	4.528942	4.672838	4.406317	5.184444	5.649168	5.184482	5.007877	5.461869
4.654663	4.604052	5.607906	4.948511	4.923335	5.00362	4.328415	4.181714	5.146902	5.267255
4.147872	5.202763	4.79438	5.290356	4.209244	5.645988	4.480208	3.867905	6.277956	5.524376
4.849708	5.286769	5.37185	4.863871	4.683844	4.666658	4.119676	4.177672	4.760251	5.332938
5.759824	5.262977	4.171124	4.889592	4.22986	5.15729	5.327678	4.972377	4.347403	5.242705
5.150575	5.266301	4.054327	4.027039	4.769901	4.728304	5.155887	4.814304	6.138384	4.758
4.58087	5.135445	5.378846	5.655551	5.794758	4.764052	4.898332	4.640996	4.72752	3.825335
4.477671	5.63328	4.77666	4.977822	5.414348	5.008575	4.925683	3.592779	5.649837	5.24969
5.886049	5.503051	5.520805	5.540723	4.841971	3.924303	5.193758	4.916286	5.234864	4.011549
4.504877	6.00532	5.162589	5.022498	6.31613	5.026927	5.894341	5.053821	4.46469	4.910523
4.906656	4.986121	5.260853	4.037366	4.382159	4.398153	4.823077	5.496295	4.894766	5.904316
3.850526	4.573143	4.365299	5.480445	5.632869	5.166198	5.486263	5.095889	4.84217	5.406267
4.993421	4.897033	4.775323	5.130649	5.655018	4.474092	5.306051	4.888378	4.896508	5.249187
5.127705	3.863964	4.130644	5.707111	4.80224	5.320572	4.43126	5.156214	4.866539	4.883679
4.617086	4.764213	3.978307	5.247872	4.485051	4.973399	4.697737	5.780698	5.10296	4.902437
4.850743	5.015786	5.230734	5.077824	4.653928	5.522989	4.903264	5.504616	5.045161	5.10886
4.161563	4.279515	5.264486	4.240686	5.114265	4.397447	4.598287	4.423917	5.922992	4.912191
3.977198	3.779152	4.961859	4.513211	5.13366	5.177061	4.857016	4.835806	4.664651	4.806496
5.603403	3.439834	4.702398	5.671593	3.994852	4.283775	5.752321	4.832015	6.279946	5.303678
5.474813	4.026889	4.412507	5.384108	4.750679	5.804613	5.142958	6.484709	4.895782	5.440266
5.061924	4.646378	5.396317	5.423806	4.743678	5.557575	4.508914	4.822033	5.506439	6.318168
5.420792	5.403497	4.933692	4.610191	5.167695	4.750194	4.827575	4.915215	5.402569	5.037245
5.457332	4.880781	5.144017	3.85525	5.423115	4.921579	4.865043	4.504556	5.549222	4.938659
4.841397	4.908107	5.284365	3.934205	5.507264	5.003585	5.003897	5.710586	5.154595	5.071713
4.563015	5.591537	5.086133	5.203372	5.176412	5.071673	5.314957	5.536145	5.47342	6.39761
5.12335	4.326825	5.191073	5.106169	4.684546	4.265574	5.905206	6.050577	4.549328	5.18593
4.596428	4.117705	4.378672	4.591211	4.786935	4.950178	5.660209	4.796057	3.770176	5.097373
5.296539	5.085064	5.148972	4.889467	4.243263	5.146996	4.886654	5.394603	4.738573	5.645156
5.34937	5.209471	4.751074	5.695007	5.893928	4.944146	5.284775	4.929671	3.933759	4.873868
4.034711	5.321049	4.416176	4.872966	5.527702	4.207627	4.651611	4.898737	4.434771	4.866992
5.039589	5.334205	4.092698	4.748351	4.436167	5.559607	4.0472	5.521588	5.37776	4.600286
4.477791	5.823311	4.441153	5.922542	4.740906	4.951521	5.216789	5.246311	5.452897	4.894341
4.904109	5.787001	4.810571	5.543862	5.174578	5.321067	4.983602	5.939744	5.360722	5.083529
4.684849	6.316553	4.996446	5.108389	5.523515	5.532591	4.571957	6.058401	5.328557	4.989021
5.126977	4.985455	4.697507	4.754042	5.427299	4.601645	4.281684	5.240716	5.539425	5.129361
5.137346	5.76789	4.802255	5.995487	4.601396	4.414176	5.263198	4.767724	5.51922	5.357926
5.904151	5.454443	5.456988	4.481129	5.304175	4.3488	5.219192	4.977241	5.145571	3.778141
4.374871	4.658757	5.744559	4.950674	4.840199	5.187183	5.280325	4.480946	5.375798	4.631099
4.97041	5.737296	5.539603	5.654012	5.344619	5.616123	5.162252	4.759768	3.962809	5.351582
4.794395	5.096359	4.832163	5.349477	5.312552	4.764248	5.020635	5.391717	3.783988	5.650737
4.741045	4.574163	4.362735	5.839519	4.976834	4.744956	5.424735	4.858346	5.589243	4.713475
5.743358	4.486437	4.948882	4.978219	4.271989	4.953195	4.105581	3.722151	4.493447	6.235801
5.5614	4.83949	6.017485	5.558916	4.684351	4.32383	4.724224	4.997602	6.214797	4.388126
5.05373	4.289442	4.660784	3.778744	5.245069	5.023926	4.403194	4.575769	5.652824	4.973787
5.041994	5.008999	5.083173	4.47465	5.30922	5.500435	5.001665	4.689644	4.99943	4.228262
4.813926	4.721085	5.700981	4.814565	3.940048	4.78841	4.350399	4.112965	4.375766	5.073366
4.744423	5.557609	5.048051	5.602315	4.464113	4.40329	5.838385	4.685497	4.954646	5.452048
4.233352	5.182943	5.873077	4.794576	4.845865	4.372916	4.512357	4.670856	4.568623	4.846951
5.262207	4.990571	4.941553	5.178484	4.718567	4.110766	4.613237	4.513986	4.457792	4.338607
4.654344	4.6419	5.982984	4.660077	5.216266	5.030831	5.817296	5.948346	4.508446	4.50767
6.085229	4.037812	4.926389	5.397173	5.09811	4.268928	4.474436	4.961112	6.315318	5.362418
4.811765	5.560054	4.787618	4.537259	5.554689	4.771076	4.865224	5.523758	4.445629	5.84323
5.696087	5.672761	5.381326	5.074999	5.583285	4.936695	4.469603	4.845811	4.73274	5.249427
4.751741	4.728203	5.259242	4.908134	4.37033	4.547952	4.681384	4.678347	5.080246	5.007502
4.425843	5.22267	4.389393	4.815204	5.29774	6.776078	5.708307	4.655911	3.981978	4.80287
5.728245	4.552764	5.268046	4.204678	5.274216	4.979938	4.988026	4.758333	5.373419	4.897867
5.463266	5.231741	5.086378	5.271525	5.128961	4.411814	5.132927	4.229798	5.142911	4.960271
4.91357	5.396455	4.963779	4.206147	4.939463	4.505407	3.895246	5.686351	5.989432	5.22885
