4.230347	5.228703	4.827919	4.970478	5.402451	4.696731	4.920093	5.242226	4.508083	5.917949
5.524677	4.629479	4.505898	4.136772	4.651379	4.383422	4.967971	5.697452	5.347071	4.882209
5.161941	4.761435	5.3108	5.295401	5.578291	5.054942	5.356694	5.165808	5.538643	5.100338
4.71883	5.532115	5.712626	4.914052	5.724683	3.740096	4.913641	4.469486	5.395505	4.9445
3.139208	4.577436	4.719293	3.518284	5.475084	5.119517	5.060758	3.699918	4.418458	5.30896
4.984972	6.089894	5.836825	5.016078	4.740489	4.800256	4.265062	5.191828	4.984753	5.582791
5.093441	4.089312	3.839466	5.126845	4.751062	4.973383	4.540442	5.376668	4.256686	5.974878
4.643414	5.211656	4.379806	4.074153	5.370538	4.866338	4.910174	5.170269	4.403336	4.900549
5.050882	5.038876	5.136296	5.781148	4.143398	4.379728	4.564383	6.10708	4.258528	5.809575
4.767098	4.417037	4.465895	5.865772	5.153638	4.502419	5.794102	4.151209	4.62371	4.302244
4.725748	5.142657	4.342222	4.866639	5.163891	5.446335	4.331631	3.52233	4.932648	4.453635
4.799134	4.913171	5.37995	5.441668	4.992258	5.603535	3.67119	5.828098	4.152128	4.975679
5.684265	6.243125	5.133504	5.526825	4.799595	4.093071	5.090682	5.068003	5.228618	5.070878
4.941092	4.982559	5.586332	4.966148	5.403122	4.949898	4.649789	5.609126	5.461119	5.054215
5.292218	4.854254	5.216597	4.587051	5.54015	5.017723	5.572237	5.217957	4.332423	4.991195
4.320424	4.710528	4.97144	3.892118	4.148479	4.686616	5.30671	5.043536	5.522448	5.103503
5.434834	5.270649	4.974497	5.106568	4.022335	4.93461	5.428564	3.207334	4.640284	5.117556
4.694358	5.811596	4.52327	5.212634	5.978855	4.980941	5.33392	5.055115	5.558075	5.119204
4.238269	5.909863	4.855435	4.487848	4.727964	4.65111	4.537751	4.059831	5.065278	4.926415
5.001081	5.26776	5.380796	4.898977	5.547295	4.262496	4.799235	5.539145	4.672078	3.901454
4.881229	5.120713	4.857991	4.525038	4.850915	5.577708	5.147629	4.949035	4.488621	5.78795
4.934999	5.430365	4.774355	3.699029	5.116091	4.479849	6.111112	3.556804	5.711162	5.411654
5.083462	5.124929	5.370131	5.108518	5.158704	5.044019	6.3815	5.250769	5.376659	5.130463
4.934857	4.484099	4.917725	5.40177	5.084985	4.568847	5.630554	5.923974	5.859199	4.781248
4.713799	5.304578	4.359679	4.687054	5.643882	4.444739	5.371913	4.149842	5.065952	4.103813
4.915277	4.637995	4.643605	4.779223	4.770718	4.47312	4.754891	5.421451	5.029365	4.533805
5.56526	4.886162	5.642061	4.792365	4.429107	5.358034	4.827181	4.773066	4.84868	4.731133
4.287858	4.402321	4.802403	5.598398	5.289242	4.707135	4.836336	5.206192	4.747457	4.924207
5.336104	5.547064	4.685284	5.519484	5.616924	5.264348	5.22496	5.455415	4.977587	5.344821
4.930014	4.971481	4.215621	4.95507	5.184593	5.201848	4.671015	5.318703	4.527389	5.357046
5.233832	5.086786	5.462025	5.034281	5.763642	5.11515	5.48837	5.318541	5.359153	4.329554
4.834652	5.574405	5.757003	4.745232	5.140861	5.076426	4.58462	5.011737	5.469452	4.755885
4.792236	4.564396	4.9767	5.260386	4.726743	4.665082	4.890699	4.548935	5.284716	5.016382
4.984436	5.025903	4.770018	5.009492	4.517998	4.41342	5.228354	5.624993	5.813936	5.469842
6.650226	5.391352	5.084045	4.448368	5.272518	5.262143	5.188098	4.461925	4.603058	5.553674
5.19427	5.177904	5.187669	5.609188	3.894805	4.17604	5.176073	4.253914	4.896682	5.007943
4.270592	4.685907	5.055441	4.81071	5.846089	5.038383	4.671316	4.050851	5.616023	4.58836
5.213283	5.08331	4.982859	5.79376	5.898666	5.264778	4.582872	4.212925	5.092269	5.758144
5.297004	5.184227	4.678823	4.112917	5.323139	5.509731	5.335251	5.152668	5.642276	4.503924
5.45722	4.907935	4.302353	4.221037	4.671536	4.878262	4.172758	4.561333	5.064245	5.35614
5.00715	5.048617	4.440296	5.032206	4.624287	6.206938	5.552877	4.537195	5.474405	4.450817
4.50832	4.80391	4.847594	4.836226	4.77634	5.835424	5.952126	5.28842	5.800261	4.426083
5.621119	4.667506	4.583347	4.270722	4.887499	6.778282	5.232655	4.427398	4.31879	5.422514
5.05464	6.397362	5.448831	4.550865	5.106386	6.237848	5.17789	4.786178	4.276906	5.083894
5.09428	5.019348	5.332835	5.483857	4.626088	4.494394	4.871155	4.466561	4.390628	4.044682
5.110024	5.110435	5.911206	4.841948	4.823941	4.670097	5.900914	5.625215	4.810698	4.454704
4.921736	4.479413	5.183766	4.87582	5.117973	5.65422	6.050238	5.553992	4.920579	4.917752
5.38067	4.340663	4.533103	4.28656	4.559801	4.888153	5.227758	5.110673	4.983909	4.974469
4.041734	5.171182	4.244198	5.330108	4.696608	5.148092	4.856476	5.262942	5.193302	5.55547
5.411968	5.312956	4.355733	5.019944	5.411192	4.478143	4.834427	5.104467	4.636424	5.344892
4.511853	4.612612	4.865416	5.525153	5.008451	5.057892	5.521264	5.240023	5.157084	4.598417
4.77583	4.79654	4.93973	4.731609	4.547716	4.626854	5.174794	4.532582	5.556257	4.040091
5.188071	5.128512	4.839799	4.904391	4.21123	5.164195	3.905346	4.40701	5.166102	5.816023
5.085625	4.528962	5.150438	3.60681	4.583913	6.074614	4.595039	5.237045	5.094199	5.083345
4.859557	4.901024	5.489593	4.884613	5.879405	4.265771	5.522992	5.783385	4.947764	4.872239
5.584538	4.111189	4.775856	4.001802	4.600799	4.823952	5.688489	4.791478	4.798349	4.908885
4.752869	4.893688	5.375431	5.62007	4.563885	5.043735	4.569589	5.203961	5.190784	4.322446
5.200395	5.988487	4.563445	5.313397	6.034657	5.300458	3.90797	4.302854	4.695629	4.626056
4.39968	5.686969	4.947577	5.218208	5.119403	5.359018	5.305674	4.174625	4.80111	4.78799
4.999259	5.040726	4.178993	5.024315	5.197293	4.564507	4.803641	4.468857	5.708123	5.285747
5.065503	4.737778	5.485824	4.635622	5.66357	5.396587	5.170171	4.465606	5.575541	5.270087
5.928908	4.115909	5.46871	5.278126	4.822557	5.28891	5.710868	4.726199	4.195026	4.464202
4.994951	5.036418	4.403246	5.020007	5.344016	5.011168	4.993857	4.952431	4.186592	4.439838
5.565462	4.594708	4.805007	6.834234	5.349091	4.591331	4.371448	4.680199	5.187905	4.818178
6.155374	4.249946	4.144742	5.485009	5.508352	4.544107	5.082709	5.163321	5.30349	6.460752
4.941918	4.983385	4.38209	4.966974	5.163623	4.675308	4.45083	5.361738	5.057394	4.349122
5.928897	5.756956	4.479357	5.159366	5.08652	4.750282	3.692051	4.656088	4.656853	5.098464
4.283825	4.89974	5.614193	5.322121	5.237724	5.08933	4.897806	5.407376	4.386057	5.570422
5.813443	4.975417	5.094418	5.731819	5.766512	4.754571	6.909871	4.849762	6.152783	4.302071
4.56082	5.393227	5.206396	4.701954	5.110357	4.429001	4.931902	5.359934	4.443589	5.190516
4.642921	4.321548	5.183802	5.037922	4.64202	5.153791	5.780667	5.380965	4.595086	5.70694
5.176256	5.039071	5.300909	4.527025	5.213744	4.525568	4.722338	5.908169	5.988055	5.331996
5.085681	4.515696	6.034574	5.798186	4.750214	6.244137	5.428533	4.811071	4.904077	4.798902
4.395242	4.992495	5.016225	4.430557	4.955401	5.427999	4.598773	4.334254	4.761981	4.760749
5.44537	4.973485	3.878918	4.838767	4.926733	4.56772	5.351624	4.942265	5.158653	5.826607
4.960614	5.002081	5.869027	4.98567	4.757386	4.012383	5.131162	4.576002	5.229175	4.66924
5.646253	5.212879	5.359517	5.534048	5.394078	5.332988	3.933395	4.324184	4.029499	5.474101
5.281031	3.552606	4.482545	5.577004	5.421704	4.772283	5.121623	5.557916	4.531278	4.821882
4.786234	5.116543	4.678946	5.638083	4.676688	5.05604	4.520106	5.124658	4.671636	5.035013
5.083457	4.778455	4.966763	5.142723	5.086534	5.820357	4.13659	5.561625	4.295908	4.857712
3.070439	5.562044	4.622522	4.934296	4.874368	5.313641	5.529999	5.077432	5.160223	4.435715
4.975546	4.170031	4.248088	5.077052	5.400548	4.463145	5.121258	5.42967	6.260094	4.965089
6.168631	4.824425	5.482229	4.471539	5.128927	4.481885	5.316565	4.717586	4.771238	4.582417
4.759802	5.098585	4.252421	4.961854	5.227057	5.010738	4.590524	5.187094	5.763063	5.312559
5.632578	4.925709	5.705649	5.777407	4.489187	5.582674	4.807291	4.56183	3.970804	5.512384
4.925712	4.254539	5.486487	4.922569	4.753688	4.483487	5.25361	5.101408	5.497063	4.270315
5.766839	5.673573	5.731113	4.947647	4.595112	5.132077	5.098421	5.415409	4.522274	4.751595
5.014404	5.055871	4.208273	5.03946	4.571617	5.280608	5.34712	5.103515	5.580503	5.190197
4.833418	5.346531	4.505072	4.771781	4.886878	4.138561	5.76578	5.223815	4.231256	4.739397
4.86983	4.483481	5.079222	6.055191	4.972905	5.05711	4.779176	6.093943	4.357053	4.372265
5.329801	4.852285	5.195296	4.861243	4.561242	4.75245	4.289447	4.321211	5.228999	4.732694
4.989617	5.031084	4.390697	5.014673	4.037554	5.716155	5.284767	5.382547	5.048237	5.488719
6.224381	5.05029	4.512101	5.923594	4.891229	5.604711	4.798527	5.661351	4.877636	4.759457
4.992795	5.034262	5.313857	5.01785	5.708683	4.830401	5.261659	4.59836	5.02702	4.832178
5.717217	5.460692	4.39126	5.489056	4.346335	6.161303	5.489755	3.971918	5.793683	4.695441
4.98602	5.027487	5.177935	5.011075	6.119764	5.438886	5.500122	5.6413	5.067321	4.995436
4.628151	4.531113	5.303744	4.770041	5.25983	4.331066	4.403339	5.1907	5.601	5.88205
3.907972	4.800948	4.139333	4.753238	4.235535	4.314254	4.51733	4.946119	5.002443	5.259822
5.402656	5.006341	4.807242	4.426538	4.984842	4.820551	4.361487	5.519564	5.640481	4.570035
5.316969	5.403709	4.677984	4.636837	5.574923	5.308723	4.502756	4.129694	5.387228	4.452155
5.075993	3.794945	4.669376	4.685958	5.882682	5.885846	4.913152	5.244381	4.909991	4.56371
4.312738	5.301275	6.140216	4.675174	5.712024	5.729453	5.550346	5.129132	5.124929	5.457181
5.568056	5.107618	4.989332	5.101843	3.668194	4.752575	4.75047	3.955856	5.565746	5.404524
4.992837	4.890222	5.381187	5.3283	5.475482	5.187726	4.594526	5.217535	5.02973	5.186745
5.015889	4.625867	5.199175	5.321579	4.773955	4.838299	4.83703	5.176033	5.295684	4.947276
5.198483	4.983459	4.961987	5.529401	5.344141	4.896747	3.995197	5.914387	5.817566	5.425368
5.207706	5.081644	4.1073	5.462073	4.177944	5.031325	4.675199	5.518739	4.776813	4.863942
5.562119	4.043367	5.297144	4.374977	4.103535	5.10674	5.024592	4.445262	5.251217	4.275073
4.840739	5.269753	4.247976	5.248185	4.082917	4.298682	6.041394	5.962989	5.058909	5.595242
5.42006	4.535459	5.712546	5.949529	4.96361	5.263968	5.383848	5.440396	4.736726	4.514352
5.387203	4.96898	5.886778	4.050655	5.3345	4.906885	4.754559	4.892683	4.681056	5.607469
4.650955	4.678308	6.069825	4.783608	4.474145	5.404834	4.953838	5.952298	5.030547	3.558023
4.447859	4.949784	6.379541	5.727072	4.099943	4.155146	4.74793	4.655738	5.785414	5.516676
5.068768	4.688747	5.191123	5.70863	5.1049	4.34635	4.72406	4.453227	3.684452	4.92663
4.897501	5.63284	4.067284	5.29048	5.181919	4.647734	5.404066	3.986095	6.192468	4.632171
5.861872	5.54573	4.988023	5.001989	5.553568	5.211751	4.078201	5.090871	5.797756	4.872018
5.082172	5.123639	5.355384	5.107228	5.073554	5.09296	4.198218	4.46682	4.954159	4.544871
5.415318	5.236865	5.076649	6.632006	5.573736	4.34867	4.534259	5.875813	5.615639	5.42852
4.178493	5.139689	3.729335	4.434905	5.528521	4.897162	4.659959	5.036454	5.252639	5.343636
5.085199	4.737329	5.64033	5.896981	5.22535	4.101645	4.576629	4.921152	5.292423	4.798843
4.930531	3.414268	4.905969	4.546554	4.628502	4.265169	4.69783	4.940052	4.893412	4.312687
5.114242	4.692615	5.796105	5.054596	4.4699	4.56425	5.672973	4.401909	4.735501	4.688665
5.28562	6.00587	5.735579	4.958961	4.768743	4.427033	5.726654	5.034654	3.854779	4.529233
5.407178	4.169098	4.223819	5.152164	4.578995	6.058081	4.949047	4.034711	5.352767	4.733017
4.540778	4.521667	4.868695	4.837637	5.694131	5.077831	5.528687	5.026262	5.294202	5.430704
5.866395	5.385881	5.050681	4.598475	4.411464	5.563757	4.569578	4.807395	4.843762	4.834792
5.279173	5.015489	5.552807	4.818164	4.636707	4.548204	5.270155	4.220799	5.439812	4.97203
5.126104	5.037322	5.026672	5.040689	5.031735	4.887744	5.114273	4.60777	4.935494	4.848884
4.889448	3.59497	4.419507	4.20674	4.605515	4.284052	4.433992	5.294401	4.458011	5.102582
5.008542	5.050009	5.714855	5.033598	4.568264	4.856337	4.310924	4.453898	4.105517	3.766678
4.298958	4.100438	5.890217	5.295323	4.875991	5.172648	5.583127	5.67997	4.924457	5.772284
5.537307	4.772408	5.029246	5.127222	3.389969	5.67012	4.395186	5.506556	5.478516	4.200572
5.057781	5.099248	5.114362	5.082837	4.988445	5.130373	5.630334	4.186424	5.000755	4.537333
5.277339	5.123665	6.125183	4.66873	4.637328	3.640375	4.859066	4.699969	4.672834	5.466182
5.251048	4.56566	5.286518	4.971556	5.463072	4.162445	4.691283	5.920938	4.687716	4.968343
5.48944	4.939506	5.161006	6.006353	4.540088	4.937137	4.755932	5.275406	5.26137	4.436333
4.427311	5.488608	4.675495	4.546956	4.847691	5.505998	4.696069	5.703944	5.602857	5.909503
4.561029	4.370555	4.625297	5.800327	4.759188	6.444616	5.023787	5.32464	4.610622	4.502064
4.713001	5.12656	3.934923	5.140405	5.476805	4.727456	4.260208	4.2136	5.440717	5.000465
5.007811	5.654054	5.18388	4.952426	4.673666	4.803236	4.830782	5.24022	4.122841	4.727392
4.54689	4.918243	5.590497	5.175006	4.432758	5.795111	5.118134	4.765772	5.449413	5.524217
3.84925	4.716692	5.362908	5.773699	5.84328	4.988714	4.790518	5.071641	5.661539	5.580822
5.176879	4.821102	5.024453	4.596185	4.892383	5.407142	5.098753	5.089832	5.353349	4.633069
4.731022	5.798962	3.852095	4.755477	5.339892	4.800202	5.196619	4.270272	5.364088	4.531567
4.033299	4.990983	3.944847	6.038424	4.843295	5.630604	5.699109	4.727989	5.210878	4.398999
5.173599	6.274806	5.3476	5.414479	5.181376	4.793875	4.381114	4.960307	5.28864	5.104516
4.975793	5.01726	5.130528	5.000849	5.41149	5.021955	5.159602	5.12429	5.462585	4.060812
5.65394	6.038118	4.973794	4.863179	5.411238	4.935478	4.986909	5.492492	5.394892	4.638246
4.589946	5.547649	4.493304	5.214257	4.397237	5.106454	4.923863	4.687755	5.325896	3.954862
4.939398	4.980865	5.35155	4.964454	5.555622	4.492562	5.231419	5.278338	4.530947	4.709332
5.093416	5.419248	4.053545	5.449496	5.614657	4.869015	5.153391	5.710927	4.578644	6.03726
5.087292	4.798983	4.883067	4.378151	3.840126	5.613968	4.574774	6.26286	5.170593	5.037474
5.068633	4.971461	4.986089	5.344172	4.086305	4.803482	4.399274	5.520708	4.852242	5.117069
3.841768	4.928038	5.91429	5.955142	3.538673	5.524984	4.926405	5.281852	5.664782	5.069613
5.023734	5.065201	5.188655	5.04879	5.033578	4.55032	4.483497	4.693634	5.265756	6.128409
4.822553	4.351399	6.205527	5.908517	4.798185	5.508701	5.224891	4.807426	5.856004	4.312784
5.735504	4.257184	4.499487	5.057274	4.871821	5.535725	4.999984	5.23837	4.670002	3.612335
4.95537	4.996838	5.249666	4.980426	3.905024	4.731914	5.65015	3.721802	4.772845	4.733243
4.251175	4.528413	4.667486	4.906175	4.72705	4.085155	4.396006	4.028472	4.312029	4.374244
5.115107	6.066386	4.977711	5.301845	5.250011	5.050505	4.331247	4.86628	5.145577	4.736501
5.001752	5.043219	5.046278	5.026808	5.18861	4.851416	4.758517	5.888768	4.477012	4.989832
4.049	5.77349	4.664317	5.330356	5.089229	5.978101	5.303447	5.458189	4.949077	4.137597
5.183876	4.637112	4.178693	4.287969	5.209981	5.147162	4.484249	4.483366	5.353102	6.410836
4.152659	5.07094	5.274316	4.704765	5.086367	4.659039	4.901495	4.896918	5.149579	5.440153
5.745028	5.456586	5.202736	5.372104	5.580508	5.441296	4.48298	5.134651	5.61569	5.483481
4.534607	4.153657	5.681913	4.000214	5.497613	4.915506	4.865437	4.55159	4.461246	5.536799
4.728782	5.535557	5.12192	4.802019	5.258111	4.422575	3.898032	4.672221	4.651992	5.610303
3.947385	4.585715	5.145339	5.169706	4.74911	3.977724	5.141383	4.864922	5.298753	5.626027
4.962672	5.004139	5.246642	4.987728	4.199806	5.005575	4.79054	4.411272	5.448676	4.248486
4.93114	4.800874	4.808399	5.095923	5.10637	4.342815	6.185203	4.016276	5.944263	5.125339
4.72425	4.993991	3.879541	5.776199	4.949302	5.87613	4.948267	4.966184	5.332971	5.390081
5.096684	5.302807	5.740304	5.157166	5.510693	5.092938	4.566053	5.317181	5.754334	3.866474
5.012486	5.053953	5.866842	5.037542	5.237621	4.951495	5.40865	4.406699	4.292291	4.617081
5.04054	5.359378	6.078309	4.279349	5.424389	5.636763	4.813605	5.14412	4.252069	4.954813
5.21374	6.002774	4.504098	4.842378	4.519076	5.421866	4.535846	4.149336	4.778059	4.475338
4.791949	4.240523	6.022067	4.884237	5.345911	5.500966	4.62735	4.642605	5.08355	5.223463
5.015324	5.056791	4.775768	5.04038	5.390909	5.574903	5.315602	5.462842	5.944874	5.390328
4.806824	5.127048	5.448464	4.418012	5.365117	4.521453	5.63953	5.226817	4.511024	5.012953
5.559793	5.429091	5.028315	4.878904	4.311335	5.135767	4.854224	4.522895	5.178263	4.853819
4.001318	5.90622	4.408607	6.065299	6.711957	4.836506	5.725107	4.253953	4.775725	3.728046
4.888516	4.474088	5.678016	6.133499	4.105209	6.032622	5.885605	5.034046	4.154558	4.198094
5.098269	5.139736	4.469679	5.123324	4.824646	5.078704	5.258237	5.717949	3.862724	6.387721
5.914393	4.980398	5.177231	6.006228	5.902951	3.562053	4.649039	5.015492	4.720571	5.340969
5.277999	5.164572	5.066237	4.622038	5.426253	3.867518	5.169293	5.251783	5.516599	5.167237
4.49995	4.048279	4.483028	5.149706	4.600346	4.622146	4.736298	5.668471	5.437675	3.989796
3.261592	4.354598	5.627851	3.784824	5.390155	5.527762	5.080447	5.693873	4.721701	4.905576
5.367255	5.455107	4.928077	5.729156	4.010983	4.780922	5.002264	4.93628	6.101302	4.670576
5.678624	4.835092	5.697931	4.622532	4.620397	5.489023	5.184403	5.490997	5.920408	5.325057
4.871006	4.912474	5.226443	4.896062	5.732031	5.168523	4.617563	5.534315	4.606548	5.088584
4.974682	5.016149	5.201707	4.999738	5.102326	4.990724	4.494279	4.730813	6.04377	5.237389
4.88927	4.930737	5.917561	4.914326	4.696225	5.484632	5.276992	4.877316	5.142988	5.699907
4.339451	4.426233	4.594269	4.964765	5.071953	4.779233	5.080875	5.608085	4.713714	5.369465
3.656465	5.131569	5.403272	4.847214	4.505457	5.02278	4.842255	4.291638	4.862241	5.275167
5.024003	6.037862	5.243578	4.814225	4.091918	4.270497	5.117121	4.847937	5.252339	4.968345
5.686354	4.68564	5.590289	4.378649	5.425898	5.76384	5.108512	4.875044	4.842772	5.904934
4.868724	4.910191	5.633034	4.89378	5.345868	5.385902	5.01668	5.54349	5.810759	5.845828
4.729145	5.613033	5.452014	5.709588	5.155853	5.155223	4.631422	4.878554	4.214787	5.018673
5.142583	4.514584	4.465862	4.124652	4.932215	5.408158	5.556525	4.863658	5.665749	6.062156
4.223406	5.619122	5.287572	4.944271	4.922146	5.570472	4.711445	4.357069	4.259361	5.281107
4.760329	4.839668	5.544692	5.161783	5.729778	6.483768	5.075718	4.865447	5.083386	5.718358
