4.979295	4.15853	5.592557	4.920972	6.174667	6.218297	4.897038	5.382022	5.606771	4.971159
4.386836	5.140615	3.988813	4.200517	3.827155	6.096899	5.823963	4.339856	5.669129	5.055348
5.596542	4.635405	4.557514	4.116283	4.745228	6.231557	4.989919	5.089196	5.156487	5.381876
3.988863	5.46321	4.669384	5.077775	5.201145	5.055392	4.66458	5.190823	4.201246	5.985714
4.357312	4.567449	5.139488	3.582022	4.619836	5.585646	5.503751	4.569429	4.725668	6.115214
4.716495	5.517404	4.564323	5.014355	4.72887	4.326702	5.313309	4.422203	5.266702	4.591958
5.435003	4.20143	4.983501	5.868072	4.701049	4.073746	4.438107	5.041455	4.430025	5.179183
5.376719	4.978168	4.606776	4.143977	4.979671	4.514435	4.345057	5.825977	5.164294	4.515641
4.641713	4.769494	4.973162	4.861323	5.804246	5.376296	4.190109	5.425152	5.282427	5.834441
5.07285	5.26978	4.808733	5.375452	5.314545	5.331044	4.845526	5.269301	4.347311	5.056417
4.643493	4.672232	4.810175	4.975825	5.065527	4.139834	4.587167	4.634656	4.299743	3.85028
4.643812	5.242161	5.046629	4.674309	5.856648	4.209202	5.470431	5.800345	5.486669	4.012225
5.564061	4.871459	4.04534	5.337804	5.175555	5.882734	5.067247	5.254548	5.473905	5.865481
4.973491	5.014958	4.655533	4.998547	4.582022	5.075987	5.2296	5.711601	4.572831	5.259218
5.521563	3.845294	4.997788	5.372075	5.553998	5.413754	6.374053	5.094361	5.627927	4.944774
5.944113	5.669405	4.383489	5.022678	5.716141	5.577751	4.748086	5.423285	5.715134	4.248302
4.942645	4.845193	4.627997	4.981788	4.691115	5.584579	5.322724	5.050588	5.309094	5.296483
4.060745	5.477602	5.511424	5.796414	4.128161	5.210855	4.802979	4.717332	5.479125	4.881976
5.231168	4.838015	4.638051	5.247531	4.415843	5.686603	5.851284	3.918137	5.381609	4.905655
5.655793	5.717601	5.341507	5.213045	4.903866	4.486871	3.928904	5.574711	4.662858	5.192901
4.902132	4.485815	4.20821	4.803631	4.962471	4.459679	5.371256	4.805408	4.782176	4.835043
5.594382	5.093915	5.82081	5.175928	5.303855	4.371089	4.772918	5.321793	4.85704	4.887678
5.11586	5.157328	5.480003	5.140916	5.623954	5.99637	4.249532	4.772045	4.896879	5.212758
5.084027	4.825703	6.334218	4.712682	4.378881	5.255839	4.728438	4.408696	6.077776	4.532207
5.090531	5.842114	5.18589	4.579496	4.309964	5.630756	4.470057	4.983357	4.786367	3.954082
4.71883	4.60188	5.663402	4.200936	4.894024	3.734597	5.545553	4.860336	5.700354	5.339847
4.562575	6.123289	5.163361	5.692939	5.221013	5.008091	4.924958	6.212216	3.371768	5.041409
5.67543	5.993916	5.436181	4.323106	4.111156	4.764422	6.14458	4.560718	4.89766	4.64698
5.242463	5.968024	4.936629	4.980093	4.403863	5.544552	4.560318	4.60438	4.785321	5.647343
4.962413	5.00388	5.612558	4.987469	5.232901	3.923363	4.785059	4.845099	5.322832	4.899317
5.751764	5.961021	4.653402	5.463082	5.057105	5.359908	4.419901	5.48179	5.681859	4.397489
5.168681	5.770622	4.730703	4.821232	4.844398	5.884295	4.701316	5.402854	5.627852	4.489528
5.059701	4.960658	5.253885	5.502295	5.750356	6.228422	5.292542	4.751545	3.689901	5.227584
5.016835	5.058302	5.24503	5.041891	4.821	4.387218	5.070555	4.44668	4.916778	5.454113
5.660285	4.997369	5.025381	4.808711	4.530386	4.721838	4.767255	6.555165	4.614843	5.643174
5.461271	5.09585	4.948124	4.258606	5.602957	5.054036	4.554046	3.421304	5.248775	5.98061
5.545946	5.016648	4.695553	4.463497	4.950094	5.410003	4.31719	4.523316	4.510896	5.18206
4.322519	4.500146	5.4024	5.915557	4.72349	5.553921	5.297202	4.704633	4.143791	4.349371
5.253126	5.239546	4.860042	4.570511	5.717752	4.827451	5.271876	5.082398	6.044588	4.811241
5.72912	5.1124	4.968595	4.918877	4.873343	5.381924	5.212638	4.755681	5.452351	4.283394
5.039548	5.081016	4.989727	5.064604	4.580487	4.55337	5.176049	4.918948	4.504201	4.70453
4.601295	6.086657	4.86302	5.14433	4.518066	4.568988	5.05591	4.930665	5.604099	4.977863
4.850903	4.165608	4.905137	5.627192	4.297233	5.656988	4.456431	5.335723	4.517967	6.300914
5.95101	5.057768	5.100309	5.083851	4.848232	4.963008	5.159643	5.271685	5.354111	5.083127
4.292479	5.077947	5.354058	5.159425	4.013072	3.847027	4.822767	5.643238	5.610132	5.485114
4.717475	5.581262	4.914653	4.672724	5.299272	4.845163	4.450789	4.792561	4.978658	5.002303
5.073588	5.405067	4.945206	5.216708	5.73349	4.765514	4.903093	3.779427	4.151892	4.344299
3.902405	4.849873	4.653375	5.591629	4.921072	4.774269	5.67641	5.26667	4.324238	5.015628
4.693195	4.130294	4.682424	4.77096	5.042229	4.935658	4.536922	3.965666	5.366633	5.713359
5.287098	5.317205	4.800494	5.440742	5.302038	5.289756	5.476268	5.531747	4.685244	4.839751
5.567608	5.814863	5.469188	4.930449	5.335702	3.995386	5.299022	4.234825	4.700655	5.050991
4.828149	5.099616	5.419909	5.102042	5.38224	5.115345	4.787522	4.817811	4.645709	3.762289
5.101394	5.428748	6.206452	4.004425	4.743186	4.070841	5.505883	5.321453	5.590745	5.181759
4.4236	5.386744	5.188153	5.85186	5.262167	4.938961	4.750695	5.262487	5.294513	4.487883
4.891955	4.933423	4.403727	4.917011	5.022752	4.867627	4.331785	5.345293	3.959348	5.318795
4.888256	4.396524	5.078657	4.732553	4.486998	4.316169	4.910508	5.388038	4.460983	4.507504
5.309406	5.332488	5.091866	4.400082	4.699279	4.402886	5.025427	5.76977	4.120259	5.331328
5.421835	4.704225	4.510969	4.673118	5.855536	5.147669	4.475938	5.633567	5.857756	4.405996
4.341538	5.113037	5.605207	4.865452	4.687088	5.296768	4.857371	4.62569	4.421678	4.438057
5.031658	5.073125	4.835258	5.056714	5.043741	5.652027	4.650208	4.447401	5.004128	5.734001
4.728409	4.063562	5.294407	3.817543	4.43525	4.803423	5.12683	3.806753	5.623209	4.230779
4.966896	5.234821	4.470323	5.194765	5.074214	5.13307	4.906157	6.060423	5.773748	3.890227
5.027349	5.068817	5.261338	5.052405	4.941715	4.238945	5.21887	4.03642	4.591574	5.017845
4.677369	5.055079	4.18095	4.917696	4.81016	5.240933	4.654857	4.725868	5.529977	5.731057
4.86527	5.866788	5.003829	5.753815	3.804388	3.703596	5.086032	5.234912	4.84168	4.001202
4.974317	5.015784	4.661493	4.999372	5.035933	5.694877	3.947611	5.305536	4.433085	4.676864
4.4526	4.821929	5.464642	4.777774	5.793907	3.907882	4.953726	4.909559	4.852265	5.760329
4.724661	4.318263	5.309744	5.433661	4.493184	3.777394	4.438779	4.808224	5.896452	4.986223
4.201996	4.847719	5.082771	4.716077	5.728342	4.585191	5.164114	5.407209	5.204547	4.425878
5.148483	5.694821	4.513819	4.387269	4.929274	5.643836	5.223598	5.468435	4.788876	5.358389
4.81906	5.243865	4.842442	4.842268	4.760811	4.283043	5.115429	5.524981	4.101041	6.125151
5.162929	4.653394	5.230743	4.477875	4.530412	4.857042	5.48422	4.59894	5.100047	5.242538
6.173018	4.890271	5.061907	5.281166	5.137897	4.664311	6.601371	4.819751	4.096911	4.85268
5.178757	4.523628	3.658035	5.311543	4.492195	4.723916	4.311144	3.807808	5.328574	4.612588
4.781147	6.199347	5.064139	5.196771	5.236084	5.283794	5.830495	5.701455	6.173215	5.196137
4.993012	5.03448	4.230128	5.018068	4.069125	5.327109	4.575215	5.267538	4.381942	5.270444
4.735809	5.139926	5.107169	4.650245	5.109175	4.77991	4.273004	5.407843	5.002976	5.665592
4.997625	5.133605	4.518576	4.887303	5.392349	4.663034	5.457257	4.992478	4.947742	4.804731
5.185181	4.753257	5.654306	4.759953	4.553586	4.797904	5.128582	5.791378	4.652751	5.16078
5.735519	5.949262	4.764995	4.900394	5.100366	5.310209	6.459368	5.34198	4.247047	4.717621
4.803715	4.81783	5.124332	4.904657	5.760292	5.02383	5.669488	5.673254	4.045157	4.853555
5.068227	4.652635	4.898709	4.936375	4.951186	4.243976	4.787197	3.907223	5.250201	5.336735
4.915606	4.765518	5.164463	5.240463	4.7471	4.574155	4.995624	3.971618	5.164566	5.392337
5.085128	5.334372	4.475533	4.367562	4.91592	5.04501	5.428115	5.330213	5.217062	5.212561
4.838375	4.004394	5.71039	4.819156	4.474496	4.909152	5.24052	4.656109	4.906823	4.543363
4.747278	4.946793	4.48451	4.648947	5.395487	5.708903	4.949561	4.56635	4.160411	5.709523
5.406766	5.510617	3.386693	4.62852	4.901741	4.481345	5.374155	5.826885	5.137261	5.724932
5.046803	5.08827	5.067649	5.071858	5.521431	5.145329	3.864911	4.955006	5.606103	5.017072
4.977965	4.294855	4.944441	6.157046	4.498048	5.405391	5.178102	4.466421	4.893145	4.862643
4.661784	4.50627	4.476006	4.728706	5.527852	3.951905	4.682269	4.997292	5.318372	4.555732
5.081979	5.421769	3.527057	6.192436	4.669973	5.552508	6.198684	5.015063	4.475239	4.451008
5.022016	5.063483	5.368847	5.047071	4.319363	3.936264	5.412084	5.912348	5.232671	4.556534
4.914622	5.084793	4.310843	4.859584	4.786114	5.87463	5.312647	4.374332	5.349449	4.728683
5.025193	5.06666	4.585112	5.050249	4.877241	5.451578	5.645839	4.372231	4.21733	4.498079
5.112373	5.118677	3.999019	5.161925	4.486153	4.86376	5.438451	5.315881	4.027704	3.792563
5.018418	5.059886	4.709892	5.043474	5.072413	5.102854	4.761005	5.489794	5.409534	3.955857
5.419848	5.071856	4.568733	4.830108	4.569897	5.848156	4.735553	4.702321	4.305876	5.566959
4.759846	5.270597	3.962571	5.384508	5.245346	4.900894	5.131172	4.433159	5.298621	4.811054
4.623471	5.396916	4.680433	4.434841	5.048954	5.082524	4.548322	5.154589	4.182536	5.375197
4.941708	5.719148	5.646483	4.419007	4.330527	5.940854	5.261998	4.253242	5.321398	5.390293
5.151428	4.556042	5.365139	4.947853	4.922428	4.452363	5.271369	5.272249	5.077635	4.816471
4.13436	4.679285	5.848486	3.914248	4.049291	4.774806	4.548304	4.686559	5.520385	5.094416
5.224277	4.686768	4.1348	5.736169	5.092484	4.648719	5.237168	4.27953	5.016381	5.206203
4.195783	5.217304	4.646947	5.210119	4.428668	5.2577	5.766946	4.627508	5.364903	4.782272
4.828902	5.287816	5.639543	4.603932	4.98564	5.715448	5.60738	5.073344	4.953161	4.063501
5.157245	4.307194	5.339871	5.448019	5.243419	5.342085	4.716509	5.154618	4.616678	5.799922
4.602257	4.961857	4.974067	4.921827	5.919998	4.78521	4.225658	5.196788	6.133432	4.657017
5.763178	4.56647	4.701005	6.064854	5.120703	4.196013	5.296258	4.776795	4.910962	4.437795
4.956712	4.872838	6.089542	4.079686	5.018024	4.196542	5.839015	4.801319	5.258571	5.762854
4.064657	5.067215	4.704603	5.110684	3.649154	5.45083	5.163108	4.933338	4.925181	5.430882
4.841564	4.938548	3.98864	4.510874	5.151004	6.065995	4.871952	4.452853	5.009808	4.980845
5.268721	4.559522	4.896017	4.11627	5.036802	4.887609	4.055647	5.130362	4.025358	4.985164
4.71401	5.306067	5.75563	4.879519	5.75877	5.334828	4.973283	4.990836	4.30553	5.617777
5.163843	5.730239	5.548825	4.656251	4.991082	5.422501	4.978291	5.917434	4.838307	5.351378
6.028188	5.821933	5.74807	5.416387	4.692558	5.045863	4.648058	5.365789	5.17422	5.294443
6.097766	5.765478	5.228352	5.298987	4.379453	5.367006	4.834106	5.053387	5.706487	4.480303
5.114571	5.156038	4.280818	5.139627	4.252224	4.671036	5.612604	4.897282	4.820951	4.581111
4.472923	5.441373	5.168179	6.310001	5.663129	5.321654	5.529529	4.667093	4.515368	4.730261
5.313792	4.784057	5.266127	4.863147	5.231666	5.108665	5.002244	4.288397	5.21574	5.385072
5.495981	5.679142	4.606372	6.051907	4.353692	5.874026	5.055387	5.153889	5.386995	5.13677
5.171568	4.488237	5.023387	4.490396	4.240682	4.621794	4.538347	4.83331	5.006554	4.871641
5.423221	4.99272	4.498029	4.999603	4.302135	4.58439	6.071965	5.460277	4.362572	4.092307
4.802437	5.421129	5.34067	4.512481	3.71951	4.7053	4.812652	4.560531	5.219444	5.04873
5.735879	4.976662	4.978842	5.715605	5.106185	5.477778	3.982069	5.717769	5.265602	5.468243
4.091493	4.956865	5.341861	5.724692	5.334368	5.254889	4.345181	5.932084	5.010398	4.934061
5.075098	4.747055	4.558721	5.174881	5.99518	4.59516	5.074711	4.376581	4.771263	4.013653
5.942266	5.141428	5.557807	4.754632	4.67806	6.078323	5.240143	4.999426	5.514858	4.95882
5.268165	5.23801	5.549655	5.230025	5.238882	5.504348	4.35902	4.506371	5.428352	5.574873
5.493831	4.993295	4.721594	5.312661	4.537737	4.574132	5.079041	4.594506	5.657505	5.842903
5.040941	5.082408	4.91901	5.065997	4.134051	5.635293	4.4176	4.879188	5.223963	5.163086
5.239202	4.845208	5.354046	5.236844	5.451354	4.962901	4.947439	5.064144	5.584984	4.639448
5.424934	4.442715	4.695351	5.971107	4.380319	4.785496	5.548009	4.475519	4.548157	6.260256
5.09018	5.131647	5.547271	5.115236	4.962138	5.054841	5.60575	5.016613	4.469822	4.540862
4.904856	4.907754	5.421817	5.155314	5.590285	5.188289	5.136609	4.739632	4.422584	4.904903
5.806772	4.45484	3.798	5.051226	6.436556	4.321473	5.458987	5.235042	4.659208	4.837643
5.067054	6.300653	4.867637	6.198046	5.250327	5.296356	5.239194	5.417856	4.974034	4.880941
4.795588	4.239368	5.306181	5.528556	4.497773	4.563938	6.023235	4.98853	4.257308	5.187791
4.727003	5.178258	5.244164	4.479535	4.819554	4.832107	5.057333	4.561399	5.222684	4.852323
5.269339	4.741961	4.783733	5.41362	4.656381	4.550093	4.201086	6.102691	5.2717	4.783251
5.052852	4.518147	4.366485	5.654738	4.945622	4.586761	6.274088	6.034897	5.287845	3.681849
5.070215	5.634072	3.975963	5.698514	5.278491	5.469605	4.819419	4.42523	5.838225	4.573175
5.355213	5.477634	4.442636	5.316847	4.692345	4.618807	5.386252	4.49593	3.847614	4.786351
4.956307	5.613203	4.979484	5.007794	5.522862	4.584064	4.204577	5.951963	4.530855	6.059916
5.470556	5.290485	4.931119	5.444065	4.896512	4.471816	5.607008	4.897923	5.512084	5.784243
5.22041	5.633109	5.474476	4.871265	5.393778	5.313034	4.978188	4.782983	5.411377	5.483471
4.52476	5.17195	4.038235	4.471475	5.917541	4.405219	3.969936	4.033494	5.39681	4.646213
5.008192	5.049659	5.005952	5.033247	5.807025	4.754819	4.812585	5.1208	5.004875	5.556774
5.833354	5.453496	4.140349	4.426103	4.676917	5.218174	5.274362	4.701506	4.917364	5.121096
4.726939	4.83681	4.738901	4.01372	4.218335	4.825416	4.427577	6.393133	4.835077	4.954049
4.971797	5.013264	5.227666	4.996852	4.71857	5.31096	5.082519	5.250694	5.290602	5.597419
5.476657	5.287181	5.320905	5.250686	5.040193	5.056381	5.013692	5.216135	4.904964	4.344734
5.494734	4.697129	4.86647	4.950052	4.670909	4.56475	5.411809	4.159403	5.392625	5.255189
4.77733	5.431161	4.660424	5.476241	5.20411	4.343767	5.104257	3.987227	5.115027	5.746733
5.624846	3.571022	4.64036	5.646842	4.997065	5.445781	5.022828	5.771492	4.722867	6.275376
5.056133	5.0976	5.338517	5.081189	5.474434	5.4882	4.876055	5.305908	5.446404	3.776322
5.546503	5.525776	4.889216	4.974109	4.367115	4.706744	5.00663	5.243823	5.04283	4.607896
4.919069	5.667454	4.5954	4.91752	5.169617	5.229104	4.640997	5.776993	5.717336	4.478631
4.987769	5.029236	4.389499	5.012825	4.843815	4.390188	5.12602	4.829769	5.491865	5.184011
5.54021	5.090551	5.829045	4.537645	5.378675	5.221753	4.836538	3.993068	5.315954	6.53549
4.983236	5.397884	5.026192	5.075821	4.436662	5.253965	3.644981	4.90216	5.605142	4.88164
5.034151	5.075618	4.922908	5.059206	4.485434	5.670557	5.522332	5.792969	5.209275	4.27738
5.160984	4.084172	4.939693	4.73955	4.556087	4.303569	4.383771	5.742663	4.161684	4.272305
4.360147	4.795913	5.094741	5.268743	4.773757	5.062816	3.82517	4.656375	5.298262	3.909216
5.101393	3.713195	4.860286	4.957929	5.449929	5.072312	5.287545	4.781026	4.313309	5.939911
4.151626	5.059813	5.361367	5.047507	6.335577	5.096613	5.423847	5.204204	5.095899	5.324902
5.392967	5.882614	5.384284	4.206579	5.248048	6.064821	5.210052	3.906748	4.113048	5.500471
5.532616	4.604923	2.495592	4.889502	6.044436	4.48728	4.641536	5.191618	4.546619	6.166641
5.603142	4.177867	4.46053	4.118841	5.261653	4.490282	4.860561	4.193005	4.621856	4.771904
4.99507	5.036538	5.790421	5.020126	4.853744	4.563091	4.763005	5.232663	4.281994	5.447505
4.852121	5.954934	4.804614	5.184807	5.737394	5.006088	4.105147	4.694366	5.137905	5.659936
4.765693	4.729826	5.123555	5.089732	4.831074	4.774377	4.56233	5.088331	5.184679	5.085346
5.994653	4.753721	5.421519	4.663152	5.536899	4.482807	4.469907	5.87257	5.054978	3.455328
5.044885	5.086352	4.686634	5.069941	4.830507	4.414138	6.446038	4.737875	5.688416	4.383886
5.0839	4.042295	5.807962	4.849988	6.640355	5.328564	6.466633	4.903812	5.048133	5.334979
4.72797	4.696788	5.545277	4.528192	4.9447	4.385119	5.225382	5.2355	5.290667	4.976111
4.405544	4.813789	5.842243	5.222709	5.264236	4.8404	4.873101	5.126902	5.259977	5.204632
5.047722	5.08919	5.810058	5.072778	5.288342	5.248376	5.060351	5.128664	5.224221	5.016781
4.937744	5.018732	4.93322	6.121225	4.302516	5.366247	5.275867	4.306702	4.629424	5.250829
4.980729	6.071303	4.399538	4.897087	4.947574	4.597278	4.390824	6.372305	4.128461	6.089775
4.929096	5.782979	4.749736	6.242117	4.199931	5.17349	4.891077	5.780462	5.442688	4.810589
5.053102	5.779278	5.284169	5.399024	4.928308	4.397066	4.86579	4.445215	4.791237	5.422098
5.130667	5.172134	4.925677	5.155723	5.363755	4.898376	6.137557	5.473868	5.138485	5.063653
4.619338	5.610989	4.889763	5.710133	4.551389	4.617967	4.913369	4.69531	6.144912	4.514809
4.837294	5.468014	5.058227	5.130909	4.466717	4.841261	5.274839	4.36455	4.204669	4.438843
4.462504	4.960532	3.92905	5.137807	4.738352	5.609273	5.689142	4.725204	4.351729	5.16628
5.615138	4.40996	4.500448	4.823984	5.267096	5.17006	5.291566	4.330072	4.867404	5.322008
4.564173	5.593794	5.998836	6.026062	3.991134	4.737309	4.84028	4.934429	5.110779	5.797278
4.378442	4.885853	4.91316	5.50627	4.886679	5.768003	5.218583	5.694638	5.005301	5.305715
4.903405	4.944872	4.738502	4.928461	5.007462	5.399838	5.133814	6.364774	6.176672	5.645665
5.007081	5.048548	5.529953	5.032136	4.921228	4.716348	4.951221	4.735248	4.837237	4.461346
4.921669	4.963136	4.218381	4.946725	5.76088	5.859212	4.762731	4.60516	3.687197	5.363566
5.042279	5.31881	4.573577	4.222733	5.46769	4.299482	4.664812	3.89222	5.382309	5.474573
4.823115	5.599959	4.291564	5.441082	5.134778	5.736589	4.619657	5.194067	5.360256	5.123354
4.241824	4.421662	4.676276	5.495943	5.485394	3.691599	4.871782	4.102822	6.282605	4.378673
4.451582	4.798081	4.177371	4.944464	5.329773	5.198112	5.54166	5.810883	5.361245	5.622316
4.901123	4.94259	5.352765	4.926178	5.5516	4.814719	5.359721	6.039293	5.266191	5.599874
4.795788	4.655814	5.017601	4.713828	5.050761	5.197436	5.295168	5.057648	4.234903	4.617328
5.047026	5.54301	5.262887	5.739785	4.673636	4.962546	5.062966	4.703218	5.662504	4.739972
4.950128	4.355204	4.869088	5.049827	5.334364	5.523413	4.831293	4.419907	5.839237	4.959985
4.575519	4.169358	4.972409	5.794723	4.737445	5.391734	5.626592	5.49309	5.819149	5.898216
