5.259859	5.702767	5.336879	4.824609	4.989026	5.346979	5.052621	4.842954	5.263803	5.110581
4.676634	5.351923	4.914412	4.561173	5.953382	4.877959	4.32753	5.019465	5.086303	4.943327
4.905543	4.773289	4.236685	5.422924	5.500446	5.334802	5.518396	4.299459	4.266129	5.343992
5.564446	4.744727	4.532687	4.73634	4.691	5.277292	5.386898	5.070559	5.057231	5.028187
5.244494	4.284926	4.482831	4.419873	5.49038	5.421952	5.24821	5.571134	5.103447	5.937697
4.750574	5.010924	4.893996	5.757601	5.631207	5.070736	4.425051	5.063698	5.050467	5.378861
5.818168	5.464783	4.757487	5.024015	4.753864	4.430628	5.335563	4.855435	4.752549	5.118567
5.07617	6.172008	5.056188	4.356701	5.126726	5.608811	5.726316	4.995087	4.066503	5.209158
3.338143	6.057019	4.625365	4.786218	5.240265	5.467283	4.538236	5.353635	5.325978	5.249531
4.801098	5.448402	5.621123	5.06181	4.803857	4.845266	5.470125	5.861865	5.006387	5.672196
5.628349	5.046205	4.983428	5.092667	4.953007	4.951669	4.969106	4.216954	4.536747	4.966528
4.61099	5.525605	5.15934	5.820919	4.669432	4.889569	5.092702	5.717469	5.70833	5.022056
4.721514	5.672602	4.345121	5.703307	5.275622	4.983012	4.698279	5.501302	4.417499	5.256325
4.520873	4.905599	4.086826	4.640194	4.822015	4.061944	4.432529	4.387922	4.617704	3.582935
4.647742	4.832987	5.139124	4.378484	4.424466	4.9903	5.173561	5.147825	5.160294	3.960267
5.769717	5.437579	5.859241	4.556838	4.310894	5.744978	4.946836	4.429589	5.0707	4.616484
5.118679	4.650218	5.31294	4.732979	4.0607	6.03558	4.720544	5.493644	5.343981	5.320567
4.919043	5.711385	5.026204	5.184957	5.165896	5.046808	5.077935	5.052198	5.064667	4.578005
4.900885	4.257833	5.423439	4.727538	5.384536	5.492455	4.400569	4.643836	5.481349	4.027255
5.340846	4.884755	5.227859	5.153447	3.731698	4.493985	5.798383	5.325794	5.657175	5.207612
6.045997	5.281339	5.644948	4.84107	4.848327	5.372603	4.70646	5.493615	4.106885	5.638123
4.638885	4.628664	4.301114	4.856063	4.585763	5.315733	5.977471	4.873144	5.051892	4.707598
5.6064	5.299137	4.303274	4.238332	5.153855	4.507299	5.422903	5.347136	5.410053	4.732091
4.670746	5.424871	4.652434	5.242561	5.213691	5.155192	5.282867	4.390176	4.748812	5.299263
5.51422	4.76159	4.86287	4.372959	5.173525	4.893297	4.105306	5.314413	4.364053	5.153385
4.0892	5.17874	5.079085	5.367282	5.149286	5.407419	4.424305	4.833421	5.047283	4.43949
4.363349	5.274521	5.22956	4.390112	4.513616	5.118535	4.001617	5.359599	4.487739	5.304524
5.757113	4.968315	5.793743	4.782268	4.354283	4.788324	5.421937	4.309397	4.135083	4.383605
5.047138	5.003735	4.75899	4.610462	4.911905	4.194372	4.545719	4.491269	5.232711	5.196439
4.987633	5.675269	4.824501	5.446292	5.243304	4.239527	4.618636	4.803859	5.236609	4.987535
5.814585	4.317936	5.898617	4.84228	4.853172	5.308648	4.954316	4.928579	4.941048	5.417571
4.655464	5.391497	5.366877	5.114138	4.970484	5.722019	4.830373	5.146766	5.421617	4.661664
4.812791	5.059525	6.071272	4.148532	5.472444	5.642632	4.637571	5.349703	5.077873	4.737848
4.722595	3.926222	4.244101	5.751915	5.156067	5.508342	5.75768	5.062533	5.327167	4.229555
4.736571	5.743057	4.373757	4.658179	4.317543	4.892595	5.485021	4.606838	4.814976	5.177437
4.966288	5.322919	4.89086	5.057748	4.971663	4.110905	4.724877	4.992513	5.63487	4.916464
5.54107	4.957977	5.064032	5.305548	4.587009	5.839746	5.165293	5.139556	5.152025	4.97115
4.689662	5.034598	4.493338	4.589692	4.690769	5.618245	5.632594	5.313641	5.707828	4.628188
5.124369	5.02889	5.860923	4.708036	4.168142	5.392628	5.478864	4.928251	5.097923	4.978154
4.826635	5.432164	5.178853	5.066541	4.925353	5.327518	5.074597	5.048861	5.061329	5.315354
4.868565	4.622424	5.332691	5.329034	4.557657	5.184501	5.750762	4.536179	5.061638	5.610782
5.621209	4.752472	5.124046	5.153526	5.268819	5.257421	4.914493	4.386193	5.070695	4.59161
5.094701	5.349257	5.07403	4.338836	4.414501	4.907887	4.814087	5.410196	5.175566	5.039324
5.167703	3.783038	5.285736	5.236141	4.194704	4.738667	4.301067	4.243434	5.19935	5.790124
5.050512	5.274445	4.840946	5.15766	4.816517	4.670934	5.269615	4.599504	4.556751	6.046327
4.641563	6.301609	4.259243	4.847182	5.150758	5.452618	4.899438	5.416665	5.48047	5.356329
5.652636	4.61981	5.444552	5.04814	4.604589	4.993669	5.049372	5.023635	5.036104	4.295305
6.051299	4.962795	5.629555	6.376979	6.253264	5.519295	5.268063	4.964458	4.907107	5.003351
5.392403	4.805046	4.642093	4.487807	4.919336	4.983865	4.362665	6.010455	5.922935	5.100867
5.19878	5.874657	4.924644	4.351583	4.657101	5.20973	4.670446	4.17679	4.398411	5.170197
4.796465	4.280384	5.20055	4.393434	5.419449	5.936596	4.688781	4.387633	5.179223	5.164286
5.754647	5.938052	4.985085	5.555964	5.605333	5.360066	5.735079	5.149409	4.546192	4.669678
5.208247	5.183183	4.799122	5.704172	4.666018	4.962067	4.889318	5.377733	5.758332	4.729395
5.075658	4.86246	5.072254	5.067733	5.305738	5.244658	5.038658	5.012922	5.025391	5.183348
4.709092	5.203773	4.375759	5.375906	5.026799	5.423282	4.366081	6.061126	4.866609	4.548888
4.685273	5.288384	5.841578	4.576476	5.030245	4.681393	5.655869	4.856896	4.610969	5.129357
4.461227	5.343829	4.778919	4.154912	4.715053	4.102028	4.897689	5.849452	4.338306	4.151555
4.229948	6.342124	5.345269	5.586233	5.445618	5.055403	5.018749	4.993012	5.005481	4.285984
5.225726	5.266287	6.550183	4.729294	5.739213	4.156448	5.029874	5.004138	5.016607	6.27829
4.155002	4.607166	5.556835	5.345169	5.581474	5.066596	4.209993	5.231964	4.053405	4.279935
5.18453	5.184012	5.165922	5.363453	4.640121	5.061966	4.944527	4.918791	4.93126	4.288211
4.607111	5.882561	4.704892	5.22645	5.125203	4.846169	4.943043	5.456224	4.630753	4.786896
4.742742	5.149848	5.766125	4.667542	4.805314	4.964241	5.338085	5.052858	6.169891	5.159777
4.804347	5.166265	5.653203	5.596672	4.726843	4.874969	5.345719	5.176781	5.614204	5.272264
5.581104	4.907443	5.504529	4.972183	4.931352	5.070869	4.569547	5.153099	6.004633	4.486865
4.243368	5.393201	5.280773	5.234903	5.433931	4.473349	5.22487	5.148828	5.099415	4.830943
6.215666	4.865633	5.22461	5.343782	5.268598	4.768891	4.797518	5.33744	4.895736	6.089588
5.76022	4.767004	4.070951	5.542966	5.402359	5.640277	5.641726	4.53221	5.470497	5.377774
4.973418	5.407243	5.17347	3.945798	2.838618	3.702614	3.673547	4.445458	4.920078	4.738837
5.310049	4.600358	3.977372	5.709864	6.433756	4.843124	5.39105	6.074411	4.85449	5.025427
4.531451	4.594454	4.231005	4.984341	5.021779	5.425817	5.087953	5.062217	5.074686	5.101257
4.360564	4.817162	3.915415	4.005336	4.323291	5.353953	6.317595	4.638459	5.964866	4.85338
5.316682	5.349373	4.638102	4.582331	5.052057	5.913208	4.864008	5.266586	4.921497	5.873134
4.306508	4.933674	4.794087	4.999344	4.939453	4.65833	4.758532	4.771256	5.096879	4.482443
4.175156	4.823981	5.709918	5.045671	5.113754	4.810579	5.105049	5.079312	5.091781	5.316721
5.283517	3.891234	4.666882	4.971025	4.876702	4.211261	4.303227	4.658113	5.526548	5.599789
5.258052	5.048346	5.656228	5.245069	5.470424	3.886118	5.015222	4.683102	3.708489	3.961843
5.235251	4.028695	4.889503	4.893095	5.717007	4.171223	5.19418	4.993485	4.961877	5.560505
4.128046	4.160583	5.192846	5.319226	4.479439	4.604944	5.618005	5.256753	5.438787	3.645246
4.2844	5.808218	4.671345	4.902087	3.192225	4.915648	4.736262	6.058715	5.023327	5.170006
5.008803	5.43594	5.42129	4.45818	5.808895	4.950902	4.543687	5.171055	5.04978	4.027828
5.450232	4.589707	5.294158	6.113136	5.460681	5.598734	5.371163	4.109613	6.181668	5.517759
4.291061	5.522499	5.214722	5.193215	5.001878	5.009997	4.662845	4.756806	5.433056	5.041931
5.047577	5.00229	4.860563	5.17398	4.763316	4.709969	5.003574	4.347717	4.487065	5.812766
5.592567	4.60714	4.705555	5.027806	4.221662	4.487396	5.920986	5.442172	5.666056	4.505482
5.840991	5.195975	5.199751	4.237337	4.484478	5.052908	4.902817	5.106924	6.003756	5.029285
5.344409	5.24524	6.092021	5.250072	5.135804	4.714874	4.697803	5.173166	5.071564	5.351605
5.183526	5.427365	5.10231	4.043683	5.237056	4.601846	4.061193	5.081097	5.576521	4.180318
4.077311	5.335416	3.996366	6.135962	5.292394	4.481596	4.862489	5.241163	5.357199	5.099223
5.5521	3.999814	6.350941	4.24295	4.966193	5.266928	5.809952	4.967072	5.197627	4.909956
4.736471	4.53377	5.028936	4.556081	4.886156	4.772826	5.259385	5.514538	4.943295	4.591295
5.446116	5.202962	4.927149	5.054969	3.847404	4.302634	5.128364	6.2889	4.825819	5.731753
5.270874	4.433944	5.516404	5.030526	4.212519	4.600922	4.934838	4.660369	4.74761	6.013945
5.025928	4.766288	5.884903	5.309927	5.085835	3.994213	4.285553	4.573638	5.558309	4.034026
4.95233	5.269233	4.856745	5.645698	4.741444	5.734819	5.58462	5.458375	4.156383	4.816414
5.001389	5.297701	5.368572	4.047037	5.384757	4.175345	4.904534	4.309474	4.701302	5.193395
5.904395	4.905474	4.658498	5.978211	4.019969	4.579942	5.497158	4.493374	5.159231	4.39579
4.681364	4.207179	4.50723	3.817921	4.05939	5.36773	5.024659	4.998922	5.011391	4.624557
6.273611	4.757445	4.961136	4.900534	5.032718	4.232252	5.080096	5.050919	4.996552	5.02967
5.105173	4.33274	4.767284	4.705754	4.380013	5.499292	5.930992	4.95476	5.126703	4.477155
4.769351	5.502126	4.016345	5.821773	4.744053	4.715436	4.963854	4.938118	4.950586	4.161886
4.845033	4.469867	4.87337	5.287303	4.471119	4.621403	5.345779	4.890832	5.020741	4.978638
5.477929	4.81197	5.269323	5.467452	5.25328	5.075966	4.723188	5.246799	4.726501	5.349152
5.121148	4.299646	5.550417	4.503989	3.923997	4.063589	4.664452	5.371284	4.284538	5.995151
5.311471	5.254982	5.276291	5.200232	4.973866	4.865606	4.872643	5.464315	4.037632	5.02493
5.099312	5.551157	4.688459	4.7859	4.869229	3.889748	5.469372	5.460217	4.421008	4.789044
4.904638	5.287553	5.405333	4.637633	5.865448	4.910225	5.073843	5.01441	5.359197	3.859404
4.980742	5.261838	4.949399	5.600753	4.559595	4.583071	5.006472	4.980736	4.993205	3.719182
5.460866	6.122165	3.352184	5.120191	4.541288	6.657123	4.81425	4.259871	5.348736	5.359028
4.096449	4.424521	5.372468	5.091215	5.201181	4.842178	5.24554	5.139982	6.13146	4.662887
4.733711	6.226005	5.440973	5.217021	5.979097	5.823362	4.500947	5.013616	5.104383	4.961071
4.850886	4.590199	4.556206	5.007929	4.758498	4.619463	4.898658	5.08541	5.460583	4.68631
6.155826	4.377099	6.042002	5.144584	4.754784	5.971435	5.578126	5.010645	4.915602	5.607055
6.047087	5.458525	5.298967	5.109178	4.418947	4.983067	5.367889	4.868791	5.270852	6.097195
4.593462	5.130806	5.403192	4.462863	5.42734	5.800435	4.92418	4.786803	5.697566	3.752109
4.726436	4.899876	4.128046	4.798364	5.92508	4.980248	4.702091	5.374014	4.666358	5.985218
5.2252	4.86925	5.435627	3.649462	5.375641	4.520911	4.668742	4.071089	4.889198	4.222549
6.564097	5.100203	6.019246	5.834185	4.372064	5.04489	4.892694	4.768262	5.168692	4.71342
4.921883	4.705647	4.380521	5.001475	5.650053	4.622754	4.972058	4.924514	5.40494	4.88222
5.45995	4.631207	6.165343	5.816544	5.661791	4.520055	4.593155	4.368178	4.971712	5.022701
6.115777	4.678072	5.702041	5.61994	5.089433	5.428527	4.754058	4.827636	5.427361	5.330074
4.600635	3.781795	4.882893	4.726338	4.971227	5.0121	5.108335	5.515139	5.02315	5.490149
4.247087	4.353397	4.7098	4.844052	4.927459	4.678289	4.935026	4.909289	4.921758	5.759879
5.382259	5.672284	4.617627	4.963125	5.273287	5.69618	5.514764	5.341423	5.408628	4.85044
5.30222	5.299018	4.988822	5.557717	5.641688	4.70832	5.058646	5.03291	5.045379	5.221809
5.049881	5.284894	5.186577	5.827929	5.622597	5.008869	5.600738	4.125001	5.163994	4.74065
4.853388	4.080288	4.593345	4.923497	5.090039	5.189399	4.741042	4.632399	4.182747	4.984025
4.895454	4.277199	5.715569	4.561322	5.626055	4.919633	4.544957	4.185577	5.636137	4.69746
5.907346	4.9652	4.349479	4.000345	5.579854	4.974732	5.209486	5.18375	5.196219	4.332088
5.599141	5.440885	4.937343	4.254608	5.667161	4.419691	5.648946	5.237475	4.937744	3.565491
5.107081	5.011544	5.044622	4.982	4.532954	5.381556	5.896031	4.442959	4.455344	5.616077
5.195956	5.508293	5.20768	5.881775	4.506607	4.526857	5.120852	5.08329	5.449283	5.518517
4.090189	4.653404	5.925489	5.921432	5.164203	5.535245	5.809618	5.48957	4.781995	4.128903
5.913001	4.584566	5.385444	5.646426	4.563905	5.647119	5.070714	5.044978	5.057446	4.721545
5.401095	5.202802	5.282763	5.220606	5.329453	6.014446	4.434739	5.210774	4.51721	5.24846
4.273724	4.204021	4.985355	4.198933	5.591162	5.355254	6.54408	4.697347	5.98199	5.869587
5.289644	3.958755	4.761122	4.357387	5.860594	4.20052	5.516982	4.492383	5.414384	5.611025
4.840338	4.307116	4.985447	5.391392	5.088361	4.922296	6.125406	4.503613	4.896479	4.939242
4.26863	5.662022	6.268425	5.528959	5.001594	5.26421	4.504163	4.623493	4.697953	4.673211
5.158731	5.144403	4.83366	4.530676	5.590467	4.136071	5.566708	4.516776	5.549401	4.83259
4.273578	4.859883	5.340368	4.542301	5.485602	5.479313	5.002431	4.976695	4.989163	5.592304
5.148208	5.417314	5.240516	3.943066	5.41989	5.26446	5.869073	5.77489	6.068919	5.564315
5.237504	4.657881	4.640746	4.989197	4.231101	5.53937	4.394326	4.745326	3.979875	4.087547
5.078758	5.33514	5.115125	4.661311	5.388964	5.551447	5.694576	5.164734	4.725636	4.848066
5.625432	4.887896	4.695983	4.874223	4.681944	4.980246	3.727947	5.064936	4.897048	5.184505
5.280634	3.957295	4.910175	4.563333	3.602023	5.182222	5.427552	5.716178	4.216222	5.174662
5.208623	4.81945	4.748636	4.229654	4.578165	5.472837	4.025855	4.27272	4.981805	4.904092
4.728848	5.119779	5.2928	4.536945	5.447362	4.046564	4.475561	5.064302	4.475377	5.949193
4.840582	4.453131	5.027666	4.952174	5.585761	4.480224	5.145886	4.510508	6.041099	4.497866
4.173021	4.552562	4.307214	5.074587	4.85237	4.180318	4.377484	5.075573	5.398144	5.090405
5.466996	4.155163	4.856002	4.623194	5.027379	5.078175	5.676308	4.315247	4.642343	5.637877
4.609607	5.427536	5.407808	5.233492	5.081092	4.163446	6.552683	4.351038	5.574303	2.911949
5.358356	4.808018	4.650124	4.458719	4.143591	4.928319	4.776492	5.104002	4.175436	5.326587
3.781419	5.721552	4.815913	5.112509	5.149765	5.693412	5.964619	5.022198	4.558259	5.692369
4.375063	4.441151	5.337118	3.952577	4.663182	4.501154	4.625718	6.3831	4.953231	4.250566
4.34541	4.528762	4.96557	5.31372	4.835132	6.357932	4.245156	5.4893	4.596764	4.895694
4.980645	5.191587	5.468465	4.022361	5.178452	5.05672	4.851849	4.826112	4.838581	5.15779
5.001911	4.812278	4.823774	5.264461	5.643279	5.033915	5.425406	4.615968	4.513332	6.190241
5.279254	4.143231	5.016788	5.732978	4.996429	4.364597	5.419118	4.518776	4.883554	5.35045
4.988487	4.670254	4.15444	4.298111	5.301671	4.806699	5.06752	4.615108	4.751663	4.880352
5.404139	3.70852	4.94807	4.876879	6.912584	5.004257	4.598759	6.038423	4.477435	3.916951
4.562601	4.792846	4.622288	5.583297	4.857834	5.684827	5.054981	5.029245	5.041714	4.663685
5.187349	4.409678	5.250898	5.314906	4.950686	3.878647	5.488629	4.388144	5.51692	4.277942
4.10816	5.508799	4.85605	5.520187	4.200779	4.96989	5.638932	5.405793	5.621646	4.556236
5.052794	5.256186	5.109179	5.459934	5.34576	4.607746	5.131264	5.105527	5.117996	4.341567
5.696598	4.671017	5.013409	5.012744	4.480367	4.887943	4.25691	4.791381	4.988698	5.212549
5.078474	4.29392	4.65866	5.278841	4.654187	4.683354	3.868149	5.423694	5.461577	4.312343
5.381277	4.66578	5.563007	5.510858	4.693502	4.875728	5.013478	4.987741	5.00021	5.573197
6.387367	4.983679	4.090381	5.83468	4.799998	4.102824	6.013657	5.311206	5.741289	5.778549
5.598493	4.628069	4.819573	3.976312	5.661077	5.622393	5.061097	3.918574	4.38849	5.463037
4.917794	4.966983	5.85909	5.206375	5.894125	5.696694	4.948774	5.059452	5.076906	5.889539
4.574639	5.006765	5.624157	4.937184	3.624392	5.73736	5.17371	5.207847	4.804704	4.809901
4.754856	5.221944	5.288125	5.274474	5.250377	5.35318	5.049745	5.449404	4.906434	5.254797
5.412528	3.86217	5.286206	5.12315	3.636631	4.986616	5.286438	6.601045	5.672148	4.810489
5.038717	5.876965	4.853941	3.502769	5.876714	6.041094	5.13379	4.762194	4.8256	4.818742
5.132451	5.839033	5.69289	5.121797	5.128754	5.612553	4.903332	5.671463	4.706895	5.193791
4.370166	3.707781	5.853946	5.63014	4.789699	4.752793	5.669723	4.599165	4.094712	4.492199
4.814728	5.222405	5.428342	4.266167	4.737777	5.068557	4.595793	4.07436	5.081931	5.052972
5.610144	5.785934	4.502211	5.249298	4.829374	4.691127	4.934138	5.050437	5.028773	5.91243
4.209935	4.345575	5.19152	4.911042	4.772964	5.313971	4.962684	4.936947	4.949416	4.79999
5.04824	4.364418	5.134357	5.327222	4.758774	4.502807	4.446182	4.673016	4.740556	4.53628
4.83011	4.61178	5.127702	5.246704	4.530316	5.239579	4.348549	4.595671	5.14271	5.30993
5.429667	5.489694	5.783872	5.356556	5.777963	5.276386	4.849592	4.948354	5.481306	4.588253
5.21362	4.239892	5.47163	3.958905	4.421947	5.349082	4.437973	6.009648	5.909853	5.539418
5.914522	5.040506	3.850023	5.031324	5.512005	4.675205	4.997232	4.971496	4.983965	5.629593
4.952559	3.930552	4.728439	4.891689	4.814993	4.762828	5.042204	5.016468	5.028937	4.86148
5.08389	4.747045	5.488372	4.642473	4.816602	5.42688	4.910945	4.885209	4.897677	4.245958
3.693864	4.908389	4.468401	5.499076	5.210761	4.817522	4.549382	5.342116	3.771269	4.559066
5.527543	5.324303	4.44206	5.339901	4.853304	5.772438	4.850649	3.944709	4.645824	5.095531
5.945082	4.611808	5.29989	4.172909	4.719002	5.037187	4.972335	5.623728	4.949703	6.113857
5.35623	5.278959	4.757441	4.519806	4.6563	5.666992	5.97886	5.147328	5.562758	5.450643
4.829111	5.548679	4.559234	5.354321	4.463259	5.596588	3.505915	4.658402	4.611516	5.190046
4.61026	4.452488	5.047808	4.688269	5.231815	5.236534	4.217363	4.485284	4.699704	5.277993
5.106604	4.356409	4.16988	4.716768	3.572381	5.950296	4.931216	4.218517	4.477371	5.986813
4.875873	5.124067	4.575131	5.591045	5.051203	4.778624	5.138123	5.112386	5.124855	5.568484
4.872415	4.250001	4.05155	5.011646	4.857137	5.633886	5.413316	4.883611	5.193862	5.035687
3.852705	4.919669	5.900788	5.123034	5.283714	4.107126	5.697929	5.56317	4.515856	5.32985
5.120028	5.211031	5.505175	5.441344	5.493265	4.821988	4.631103	5.766869	3.779307	4.862932
5.311227	4.397635	5.520888	5.082175	5.566226	4.960183	5.021585	4.995849	5.008317	5.802333
5.425218	4.746045	5.356802	5.279087	5.353911	4.955492	5.505707	4.259008	5.3441	4.737833
