5.230293	5.386405	4.931394	4.511747	4.836205	5.361452	4.368382	5.140343	4.685701	4.677347
4.262446	5.214468	4.170877	5.939857	5.189923	5.20948	5.611606	4.281371	4.273854	5.874228
5.080782	5.212316	4.64184	5.739821	4.749188	5.41572	5.300918	5.440558	5.678275	4.588897
4.656734	5.061889	4.85718	4.66686	5.440046	4.608949	3.350274	4.842053	5.954299	4.549104
5.0538	3.977382	5.018615	4.068281	5.350497	4.539896	5.40488	6.22999	4.722747	4.578384
5.236403	4.340387	3.859006	5.019554	5.366451	4.879167	5.794028	5.743773	5.000275	4.280821
4.506309	5.700296	5.409963	4.735313	4.952796	5.361278	5.500014	5.151589	4.439879	4.609305
5.893033	5.4154	5.540946	5.035618	5.324642	4.554647	5.157095	4.924853	5.41884	4.389408
5.882219	4.704009	6.102764	4.784968	5.003077	3.548719	4.682663	4.655234	5.215712	4.827748
5.052243	4.69069	4.108353	4.494054	5.338088	4.870406	4.595984	5.556848	5.395157	5.30443
5.81057	5.245265	5.244157	4.746739	4.940512	4.979178	5.302386	5.223762	5.873336	4.888632
4.895322	4.61837	5.725281	5.178009	5.052393	4.328555	4.493907	4.824446	7.034521	4.45962
4.488573	5.320873	4.953792	5.086365	5.347879	4.852687	5.107426	4.764989	4.463442	4.644211
4.666636	4.700814	4.938776	4.180384	4.150958	4.459475	5.201591	4.070044	5.130004	4.902972
4.631672	4.640943	4.964503	4.847235	5.290338	3.960969	5.176743	5.151007	5.163476	5.353741
4.131589	4.715377	5.588816	5.119314	4.75885	4.912846	5.888988	5.266888	4.616473	5.67858
5.415684	4.190812	5.007185	4.612551	5.481334	5.28939	4.346099	5.744058	5.042108	3.952038
5.740183	4.291613	4.733571	5.107606	5.104488	4.640666	5.081117	5.05538	5.067849	4.645462
4.487672	5.197962	5.472699	4.655443	4.221047	4.727711	4.627082	4.890021	5.209359	4.245736
5.134007	4.656978	4.385402	5.462594	5.009552	4.198373	4.624916	4.80468	5.799055	4.173122
5.258227	5.473508	4.312873	4.664422	4.662144	5.710037	5.949547	5.901316	6.108696	5.935183
4.895185	5.207221	5.699675	4.642724	5.005742	5.516366	5.109565	5.376235	5.226789	4.544462
5.362373	5.361999	4.693556	4.825052	5.28373	5.274653	4.860878	4.651069	4.257624	5.07703
4.818521	4.684659	5.033986	5.979525	5.623971	5.521629	5.639366	4.35597	5.610754	4.660915
4.854943	5.74243	5.526079	5.007358	4.338545	5.365289	4.556763	5.389967	5.865006	4.719263
5.548519	5.1323	5.253248	4.348444	4.892538	5.464712	5.0832	5.335017	5.532579	5.389646
5.835215	4.883258	4.609622	5.379274	4.720808	5.191936	4.751187	4.66621	4.602694	5.523634
5.886372	5.101187	4.668057	5.046352	4.350991	5.677326	4.855464	5.211464	4.572674	6.288055
4.57025	5.138018	5.56181	4.404532	4.964447	5.604543	4.515824	4.60425	5.812082	4.822916
4.794619	4.428431	4.906432	5.086053	5.363725	4.745689	5.105596	5.107151	5.011376	5.743051
4.206874	4.995864	4.909548	5.806098	5.034582	5.829981	4.957498	4.931761	4.94423	5.335951
4.561941	4.710732	5.079631	5.089272	4.586349	5.057761	4.87955	4.795864	4.746799	5.292662
5.491531	4.164598	6.404672	5.571787	5.093268	5.357853	4.312745	4.804331	4.720182	5.309639
5.397918	5.545437	6.045507	4.339717	4.716242	4.723476	5.127471	4.441589	4.982642	4.897594
4.827834	5.848941	5.504411	5.156994	5.23427	5.085509	3.403806	4.958639	4.469199	5.23408
4.872002	4.809591	5.681278	4.265836	5.516032	4.75338	3.916738	4.790064	5.707546	5.518931
4.949174	5.175568	4.642909	4.57539	5.450425	5.135295	5.168475	5.142738	5.155207	4.759093
5.519022	4.788886	4.946594	4.677232	5.107387	4.130882	4.733772	5.466136	4.504942	4.344817
5.469854	5.790411	5.581019	3.78598	4.746151	5.840153	4.76502	5.451964	4.428536	4.902818
4.463535	4.482612	4.896151	5.796142	4.705281	4.534261	5.077779	5.052042	5.064511	5.251887
3.847462	5.093414	5.498286	4.725621	4.867281	4.992411	5.915689	5.220544	5.127722	5.993626
5.020829	5.102285	4.813546	4.516263	5.171079	5.50319	5.767174	4.744457	6.141009	4.198633
6.04923	5.464281	5.595044	5.047693	4.296827	5.168708	4.494231	5.334245	5.411831	5.122324
4.390578	4.490358	4.074922	4.653486	4.871204	5.083703	4.612719	4.522689	4.150627	6.555158
5.318438	5.130244	4.97159	4.741524	4.832797	5.477404	5.047037	4.799461	5.133753	4.763351
5.09773	4.624626	4.691817	5.140843	4.912743	4.782922	5.097359	6.389348	5.767393	5.313632
4.81682	5.125324	4.032214	5.39922	4.624754	5.435056	5.052554	5.026817	5.039286	4.456169
4.848113	4.441015	6.218528	5.055306	5.053587	5.444598	4.862169	4.728067	5.243165	5.289513
6.030348	4.486645	4.897994	5.493254	4.438378	5.515708	5.795426	5.598136	4.779504	4.686103
5.03203	6.314185	5.305875	5.408512	4.744716	4.940351	4.371925	5.186709	4.41859	5.273849
5.240825	5.584928	4.008672	4.347921	4.777604	4.234912	4.910711	3.716591	4.27412	4.296064
5.562343	4.778023	3.76129	4.876768	3.891419	5.418708	5.36041	4.770361	5.415147	4.884204
4.36804	4.504042	5.101372	4.294974	5.503476	4.688468	4.528631	4.046485	5.693516	4.435377
5.506457	5.271229	4.661783	5.173563	4.425225	5.041115	5.04184	5.016104	5.028573	4.621535
5.428125	4.647937	5.420149	4.323841	5.032448	5.025767	5.421533	4.939722	5.253637	5.091264
4.650675	4.489496	5.016201	5.065094	4.042274	4.701977	4.659873	5.587675	4.432677	5.119877
5.743312	5.615173	5.543549	4.106134	5.032505	3.965027	4.664837	4.426326	5.36882	5.366939
4.782074	5.305818	5.158485	4.768227	5.841766	4.896248	5.021931	4.996194	5.008663	3.316047
5.440215	6.04627	3.03708	4.812678	5.433154	4.193424	5.033056	5.00732	5.019789	5.865141
5.701819	6.005516	5.809165	4.312138	4.714613	5.34062	5.799709	4.684055	5.006195	4.134701
4.149347	4.542479	5.584928	5.161032	5.023811	5.543508	4.947709	4.921973	4.934442	4.527442
5.354504	5.86592	5.059955	4.230383	4.765945	5.767202	5.778841	4.764456	4.374074	5.151445
4.467902	6.630637	4.233822	4.90663	4.484726	4.221052	4.10179	5.514331	4.628813	4.834695
4.45259	5.422379	5.453755	5.66523	6.247115	4.846442	4.688816	5.252263	4.519285	4.506329
4.61008	5.172641	4.445233	4.286962	4.687756	5.450814	5.697097	4.695483	5.509206	4.549345
5.052432	5.007765	4.924385	4.041928	5.315518	5.624029	4.454812	5.270296	4.237431	4.935966
5.371475	5.065959	4.936968	4.994707	5.496486	4.748119	4.74415	5.005922	4.709969	5.515532
4.998927	5.66991	4.19129	5.160924	5.550493	5.30574	5.015263	4.954895	4.918538	5.317777
5.928669	5.434545	4.496164	4.473272	4.372111	5.300968	5.02559	5.370039	5.146149	4.954816
4.359495	3.891963	4.553323	6.030707	4.043484	5.432226	4.956982	4.31826	4.337639	5.118224
5.452892	4.626034	5.304986	4.203526	4.65196	5.501136	5.091135	5.065399	5.077868	5.041621
5.398132	5.693184	4.446904	4.929371	4.950595	5.387806	5.065724	4.223588	5.199513	4.590719
5.351879	4.382567	4.345083	5.173692	5.076286	4.76557	4.880953	4.682614	5.339213	6.083964
4.968207	5.601588	5.172523	5.250862	4.969086	5.978469	5.201576	5.287169	3.999467	5.112705
5.747694	6.188836	3.953136	5.511762	4.863548	4.942508	5.108231	5.082494	5.094963	4.739154
5.056316	5.811823	4.724901	5.738772	5.714393	4.434915	5.099702	5.792706	4.577006	4.355237
5.052941	5.830697	5.203625	5.211036	5.178548	4.718874	6.034299	4.29819	6.020758	5.058237
4.820006	5.305229	5.058738	5.584439	5.056291	4.994638	4.913456	5.237555	5.289806	5.337615
4.695557	4.968241	4.51653	5.093136	4.92684	5.473469	5.301114	5.547489	4.836131	5.192585
4.694473	5.06082	4.731918	5.290079	5.46885	5.501858	5.100255	5.750642	5.393318	5.261483
5.147718	4.858105	4.756856	4.827486	4.788158	4.869225	4.503047	4.400066	5.714513	5.04328
5.292101	4.438658	4.174689	4.17113	5.158593	5.277347	4.983579	4.749815	4.808352	4.238663
4.638047	5.789862	4.733439	5.025761	4.208555	5.233454	5.032483	5.186376	5.15226	4.678461
4.632867	4.466465	4.835915	4.305685	5.105727	4.745669	5.53234	4.397352	5.173017	5.71186
5.000596	4.927365	4.936722	4.68427	5.571517	4.491786	4.983563	4.789757	4.564219	5.586406
4.503175	5.224715	4.665613	4.347475	5.829956	5.608433	5.478013	5.648269	5.586638	5.281113
5.562003	4.590446	4.888196	4.442199	4.164173	4.829734	5.474489	4.34257	5.2868	4.873906
4.640091	5.240767	4.543334	4.195306	5.111737	5.003028	4.132256	5.373717	5.491402	4.313378
5.130532	4.866579	4.361344	4.638275	5.265678	5.484881	4.245763	5.114945	4.818399	5.577981
3.998186	4.02811	4.768981	5.132415	5.038621	5.451654	5.829267	5.009314	5.281947	4.587379
5.336664	5.968919	4.900968	4.924915	4.454834	3.481232	4.446737	5.024965	5.158504	5.605546
5.534665	4.882208	3.882719	4.717053	4.625387	5.177567	4.963909	5.506305	4.576178	5.507875
4.852209	4.381986	4.362518	5.047814	5.053442	6.044035	5.447244	4.803225	5.601165	4.916964
5.303663	4.271818	5.589444	4.765942	5.066511	5.262227	4.904274	4.942862	4.761587	4.341712
4.841434	4.511612	5.363339	4.756261	4.507063	5.285187	5.092462	4.877602	5.260601	5.665048
5.307966	4.588343	4.976397	4.259284	5.609784	4.729708	4.847679	4.796104	4.697077	5.52133
4.894148	5.1894	5.200493	5.722688	5.374897	4.96808	4.13074	5.862619	4.490202	4.804627
5.254423	5.637104	4.03584	5.312323	4.623813	4.952401	5.027841	5.002104	5.014573	6.029611
4.458087	4.479637	5.118413	4.613172	4.247818	4.944346	5.492548	5.265952	3.943633	5.329303
3.655017	4.943771	5.057103	5.447838	4.471454	4.818835	5.281013	5.159184	4.958502	4.029149
5.630904	4.860795	4.594676	3.978494	4.930488	5.511828	4.967036	4.941299	4.953768	5.483882
4.758652	4.833735	5.115021	5.853932	5.352708	4.259619	5.662253	4.812601	5.044424	4.813187
4.409333	5.072877	4.580868	5.062618	4.92705	5.067482	6.00944	5.270589	4.759502	4.201467
5.240532	4.851003	5.391896	4.741615	4.887484	4.997871	4.633952	4.813535	5.126448	5.201212
4.770274	4.963528	5.099653	5.304575	4.908268	6.198687	3.808393	5.541861	5.388006	4.903582
5.22997	4.176725	5.317859	5.153723	4.370031	4.734521	4.316702	4.863889	5.266078	3.593541
5.304488	4.689284	3.422858	4.335838	5.652132	5.597808	4.831483	4.310256	4.830067	5.689267
5.058327	4.120747	5.298409	5.260194	5.395659	5.650484	5.009654	4.983918	4.996387	4.83718
5.860715	5.505577	4.562813	5.637347	3.657557	5.045883	5.332418	4.514802	5.026433	4.890769
5.319191	4.68492	5.873345	5.332376	4.755135	4.285001	5.391874	4.936221	4.593163	6.05327
4.72071	4.57643	4.823163	4.228271	4.536333	5.727546	5.381077	5.798154	5.399065	5.082514
5.077274	3.534065	5.87517	5.46583	4.624941	5.12556	4.835426	4.244241	4.454013	5.00119
5.164795	5.465094	5.452486	5.101037	4.258216	4.465721	5.184116	4.993617	5.612116	4.823082
5.17602	5.187742	3.915023	5.437243	4.949923	4.951406	5.69846	4.765812	5.496099	5.260305
4.506975	4.957527	5.613784	5.034786	4.416857	5.045513	4.919249	4.924183	5.209632	4.748822
5.169074	5.738335	5.418125	5.341795	4.51046	4.590184	5.339878	5.483662	4.538529	4.967524
5.391912	4.537516	5.971087	5.546567	4.924491	5.443443	5.103404	5.532082	5.039141	5.083189
4.280406	5.027343	5.099761	4.170666	4.256099	5.082695	5.164071	4.787582	5.279583	5.498278
4.282813	4.862512	5.425919	5.337216	5.057675	4.708917	5.008698	5.151468	4.120995	5.674364
5.174376	4.959217	3.859748	5.002543	4.850952	4.076976	4.714618	5.135236	5.124327	4.106547
4.621657	4.565633	5.407786	5.596878	4.947313	4.719664	4.672102	5.253585	4.672081	5.241885
4.432875	5.273213	4.576622	5.043463	5.269929	5.518429	4.973298	5.950325	5.444946	5.124553
5.440672	5.294061	5.580144	4.955323	4.166262	5.135509	4.938208	4.912471	4.92494	4.635507
5.195859	5.600732	4.984304	5.485714	5.531763	5.88861	5.639753	5.691125	4.865572	4.727165
4.611441	5.068614	3.89094	5.837871	5.01123	4.578759	5.061828	5.036092	5.048561	5.709534
4.636116	4.212986	5.798713	4.716347	4.180163	5.246417	5.153046	4.426166	4.811456	5.084485
4.999403	4.862545	4.961953	6.136565	5.476283	5.806752	3.404587	5.385121	4.899387	4.598732
5.289483	5.377219	4.794247	4.469377	5.037925	5.795308	5.140264	4.299525	5.048988	5.891281
3.815142	4.756492	5.064882	5.090886	5.831585	5.07495	5.212668	5.186932	5.199401	5.065728
5.119654	4.479363	5.06738	5.669752	4.651879	4.06055	5.643016	5.333863	4.564046	5.137193
4.75947	4.23997	6.015148	5.128214	5.242889	4.796949	4.804068	5.621641	4.871026	4.398877
4.919065	5.261281	4.523298	4.581375	5.354463	4.920511	4.767576	5.756772	5.454631	4.651672
4.447761	4.47529	5.9645	4.895327	5.703148	3.718912	4.339074	5.530337	4.581582	5.258079
4.101047	5.104467	6.183609	4.735913	5.222195	5.256917	5.073896	5.04816	5.060628	6.274879
3.63262	6.213458	4.95766	5.238743	5.30629	4.894891	5.132687	4.597436	3.95699	5.048913
5.883333	5.019756	4.288978	4.93446	5.248302	4.761408	4.692476	5.602488	4.78457	4.603036
4.569427	4.630502	6.17626	4.935631	4.810097	5.002836	5.180073	5.002504	6.174923	4.978706
5.44104	4.77328	4.74447	5.053931	5.286617	4.00001	5.209238	4.76309	4.172909	5.283131
5.253055	4.110658	4.684753	4.824222	4.975934	5.310791	4.754679	5.102221	5.265228	5.044874
4.073403	5.281665	5.270871	5.454786	4.870694	4.412313	4.963453	5.641798	5.084554	4.418705
4.583793	4.839005	5.021921	6.109386	5.212122	4.475916	5.005613	4.979877	4.992345	4.46908
4.628839	5.192133	5.409349	3.869426	4.781436	4.820763	5.054091	5.36091	4.218957	4.83982
4.385358	5.353445	5.979183	4.576299	5.053868	4.310804	5.170155	5.591959	5.017829	5.301393
5.796216	4.459973	6.028934	6.064022	3.990838	5.626451	5.133551	4.224848	4.298412	5.505578
4.67964	4.457048	4.144498	4.068574	4.550625	5.680295	4.599543	4.427833	4.628135	5.255362
4.753169	5.218872	4.391237	4.540267	5.175404	5.213795	5.334169	5.590126	5.455377	5.544822
4.980049	5.100784	4.526892	4.93852	4.622455	5.339797	4.954964	4.078846	5.649267	4.985706
4.781001	5.032363	4.394794	5.181852	5.020703	5.203672	4.338805	5.032337	4.688107	4.320342
4.859989	4.659489	3.719049	4.992651	5.152503	4.926072	5.430806	4.886012	5.177757	5.951506
4.375869	5.448107	5.093496	5.488677	5.236529	5.61885	5.981879	5.448699	4.609994	4.786216
5.147119	4.591279	4.891963	5.048309	5.441945	5.502173	5.689617	4.927245	4.179467	5.672591
5.438483	4.928344	6.116489	5.553516	5.115461	4.535261	4.466314	5.140818	4.805103	5.20906
5.959381	5.075723	4.767436	4.504682	5.089446	4.795115	5.423337	4.251456	6.111724	5.174633
4.989292	5.760316	4.207242	4.942272	4.857217	5.140299	4.821353	5.022163	5.092549	5.328449
5.532189	5.201794	5.567062	4.907113	5.136311	6.026646	4.115271	5.101995	5.849292	4.136117
4.696752	4.838559	5.098423	5.397238	5.147655	5.981755	5.686512	4.853457	5.078546	5.449679
4.245025	5.1046	5.278642	4.878042	5.319296	4.756493	4.855031	4.829294	4.841763	4.078533
5.32088	4.938719	5.271627	5.479664	5.856627	4.872987	5.321164	4.427385	5.05482	4.308128
5.180306	4.960659	5.749669	4.781003	4.770231	5.061942	4.510549	4.683544	5.012004	4.506521
3.839873	4.558462	4.581828	4.989757	4.675141	5.03742	4.737658	5.416625	4.812927	5.830749
5.753767	4.411633	5.561455	5.193181	5.498937	5.319985	4.960591	4.169592	4.51059	5.754273
5.900284	4.826693	4.337562	5.586611	3.940236	4.872104	5.058163	5.032427	5.044896	4.561646
5.000718	4.629991	4.548059	4.537086	5.27006	5.410675	4.404345	5.127937	5.453536	5.138849
6.067182	4.743759	4.437974	5.373043	5.111431	4.200881	4.988306	5.082117	4.79088	4.13067
4.359948	4.43739	5.094818	4.860121	4.741545	5.493286	5.134446	5.108709	5.121178	4.538002
5.602321	5.496724	4.803106	4.317954	4.448597	4.447201	5.129224	4.356528	6.341501	5.72241
4.393099	4.798183	4.275061	5.496545	4.735404	4.407413	5.423418	4.965232	4.947699	4.31532
4.798785	5.129163	4.873229	4.6023	4.778405	5.156664	5.01666	4.990923	5.003392	5.298142
5.581464	5.377028	5.265946	5.390805	5.763345	4.613279	5.56086	4.717647	5.187614	5.523702
4.51279	4.540559	3.829948	5.351166	5.199668	4.875068	4.307997	5.082091	3.87461	3.924718
5.583552	5.329175	5.091121	5.616482	5.339374	5.275725	4.798591	4.333395	5.983471	5.179562
4.655518	4.874729	4.287922	5.07717	4.700145	4.951174	4.82092	6.099817	5.377306	4.968767
4.255311	5.661567	4.178802	4.464331	4.813972	5.547778	4.607554	4.619963	5.311944	5.310427
5.504016	5.319068	4.932263	5.543972	5.761226	5.02395	5.703887	4.620057	4.206759	5.094416
5.332747	4.785954	5.329189	5.30718	4.189052	4.287968	4.93913	5.385958	5.104436	4.745763
4.838086	5.066703	4.200212	4.902933	4.747596	5.082608	4.74133	4.803956	4.501147	5.063186
5.418217	5.648985	5.199651	5.158851	5.580945	4.999671	5.16402	4.368249	6.07292	5.105546
5.054777	3.897259	4.015413	5.293294	4.468112	4.946347	5.60676	4.394721	5.659575	4.738029
5.31203	4.172056	5.391193	4.718977	4.861959	4.671381	4.965935	5.547279	4.283812	5.012172
4.837587	5.244975	4.765397	5.072984	4.255503	4.693978	4.965866	4.940129	4.952598	5.521777
5.319274	3.938238	6.188993	3.816569	4.536974	5.280804	5.099182	4.682071	5.219236	4.777036
5.199441	5.141569	6.063849	5.869478	5.226962	4.4794	4.032948	5.281432	5.819088	4.292019
4.717619	6.060392	5.012518	4.215187	4.632714	6.028597	4.777529	5.266872	4.672227	6.150272
4.722725	5.028529	4.735953	5.140963	5.748064	5.196084	4.569796	5.680511	5.415046	5.050537
5.013651	3.877432	4.907622	5.700202	5.025769	5.211822	5.000414	4.974678	4.987147	4.588989
6.028751	4.390749	4.535372	5.693819	5.095917	5.204124	5.045386	5.01965	5.032119	5.173277
4.662626	4.882654	4.760761	4.562583	4.691759	4.650512	4.914127	4.888391	4.900859	4.338469
4.151155	4.99343	5.418717	5.120559	4.678527	4.978108	5.583501	4.851205	5.704842	5.656479
4.81675	5.468931	5.91965	4.65329	4.292737	4.780902	4.785915	5.072569	5.115419	5.309495
4.862991	5.073302	4.524023	4.852271	4.015508	5.356787	4.843172	4.700461	4.366744	5.458333
5.259648	4.362016	4.443147	3.836712	4.024107	4.738496	5.801991	3.601496	4.940828	5.042967
5.394095	4.4136	4.982485	4.61769	5.753602	4.559534	4.744495	5.562163	4.668553	5.219351
4.580617	4.870288	5.404322	5.171327	4.83209	4.788288	5.539865	5.248623	5.718292	4.652303
4.924371	6.293432	5.131878	4.995295	5.239678	4.851024	5.601357	4.976045	4.813541	4.797262
5.001962	5.290302	5.610352	4.326442	5.297196	4.843682	5.141304	5.115568	5.128037	3.437688
5.091641	4.086067	4.617964	4.822752	5.827732	4.778852	5.999604	5.134577	5.877542	5.356402
4.955456	5.021125	4.843305	5.911119	5.127731	4.810756	5.342361	5.002899	5.853233	4.205746
4.456948	5.587242	4.677995	5.124317	4.701549	5.514033	4.149818	3.993985	5.740466	4.957353
4.364662	4.571146	4.123253	5.532351	6.173569	5.466317	5.024767	4.999031	5.011499	4.940001
6.081783	3.968996	4.730022	4.446549	4.827772	4.000863	4.889119	5.986697	5.083416	4.238963
