5.598393	5.061851	5.37365	4.573712	4.791552	4.170832	5.215911	4.864384	5.258527	5.498577
5.432073	5.092949	4.85689	4.928412	6.212886	5.57281	4.112944	5.3156	5.620092	4.771383
5.096301	4.578172	4.770298	5.191391	4.651092	5.181384	6.548779	5.140495	4.417214	4.698398
4.65821	4.702826	4.551517	4.841458	4.535254	5.114084	4.72765	4.330437	4.907004	4.410082
4.617518	5.151739	5.796384	3.51911	5.157958	4.952971	5.05461	5.398012	4.554788	5.563882
5.555683	4.366464	4.300953	5.017273	5.292035	5.031767	4.366788	4.854049	5.680635	5.721625
4.199597	5.253851	4.828483	5.120055	4.624411	4.653421	5.997596	4.707375	4.662464	5.466792
5.602836	4.805112	5.005773	5.251957	5.80174	4.57039	4.632215	5.021725	4.920423	3.794644
4.24746	4.786199	5.618534	5.442983	5.269605	4.866819	4.788101	4.856479	4.470761	4.592866
4.087779	4.679663	4.811691	4.597882	4.846423	4.787935	4.320978	5.186916	4.765202	4.448391
5.136692	4.86315	4.215576	4.092103	5.143067	4.436699	5.590101	3.254345	5.514237	5.210688
5.51097	5.517878	4.501278	4.816472	5.610746	4.165916	5.336358	4.243197	4.861043	4.889357
5.50433	5.762001	6.183805	4.396526	4.938915	4.963197	5.547879	5.199931	4.567788	4.975645
4.933161	4.974628	4.891366	4.958217	3.982835	4.920022	4.837326	4.834412	5.229281	4.81921
5.104699	4.903273	4.469026	4.906003	4.675766	5.391838	5.067052	5.600831	5.097649	5.664713
4.86992	4.469137	4.191974	5.169403	4.749187	5.222559	4.221086	5.413002	4.948764	5.40918
4.677305	4.590054	4.920993	3.966995	4.826334	5.243225	5.292947	4.610414	6.157826	4.055789
5.129908	4.14883	4.303053	4.409937	4.227191	5.461133	4.863225	5.198137	5.084712	5.174819
5.999249	6.149086	4.880467	4.139116	5.105995	4.608613	5.676818	5.162478	4.710337	4.44861
5.763859	5.471619	4.711082	5.55106	5.99736	4.109835	4.359781	5.217499	4.644613	5.692752
4.778286	4.954609	4.998285	5.336533	4.696235	4.500896	4.402107	5.598098	4.342629	5.321938
4.4201	4.523798	4.374498	4.910249	4.845638	5.108453	4.629307	4.918643	5.10059	5.056024
5.075531	5.116998	3.820226	5.100587	5.908364	4.320615	5.251719	4.583601	4.995125	5.287712
4.795806	5.034467	4.860972	4.278942	5.77021	6.009862	5.032073	4.666686	5.327431	4.753789
4.666546	5.329985	5.219938	5.840757	5.02034	5.239166	5.656803	6.562315	5.282477	5.241719
4.912035	4.469796	5.841802	5.109572	5.053934	4.606132	4.736859	4.926173	4.887655	5.136805
4.479438	5.226987	4.712727	6.052279	5.236575	4.943111	5.836992	4.475688	5.448359	4.813029
5.727456	4.871525	4.532153	5.611133	4.575275	5.258588	4.937898	4.231294	4.695994	5.021764
5.088608	4.489393	5.641355	4.892174	5.621165	5.821359	4.671405	4.300737	4.101183	5.144147
4.922083	4.963551	6.125941	4.947139	5.585575	5.366784	5.343733	4.946775	5.240349	4.978045
5.264751	6.186909	5.160572	5.050429	6.191229	5.758439	5.085158	4.817556	5.066035	4.706321
5.258297	5.432386	5.941209	4.446769	5.689185	5.905	4.657339	4.512097	4.622209	4.940499
5.694278	5.957855	5.958035	5.67905	4.81325	5.517861	5.646605	5.446601	4.978358	4.668929
4.976505	5.017972	4.36917	5.001561	4.589216	5.460834	5.378531	5.198567	5.893284	5.198352
5.203928	4.912406	5.630706	5.703773	5.144084	4.361374	4.85218	5.879878	4.667819	4.533427
5.930826	4.998679	5.570836	4.989166	4.665227	6.160501	5.429452	4.256889	5.08136	4.654134
4.775352	5.946544	4.769651	4.759943	4.987453	4.396801	5.839898	5.797097	4.998924	5.460335
4.925134	5.050805	4.260614	4.984827	4.305573	5.595392	4.739286	4.480538	5.785959	5.124112
4.880899	4.806828	4.501527	5.620382	5.287257	4.63563	5.28847	6.078879	4.949885	4.852434
4.856806	4.812755	3.933313	4.614217	4.373409	4.442605	5.170392	5.30174	5.128062	4.271342
4.999219	5.040686	5.729779	5.024275	5.592481	5.95568	4.448975	5.742265	4.80565	4.403174
5.067845	4.747303	5.634671	5.115164	5.174129	5.961687	5.254707	4.260146	4.947467	5.24041
5.57464	4.461733	5.37641	5.826576	6.016906	5.300782	4.771944	5.969812	4.421159	5.06268
4.844184	4.841835	5.550122	5.059629	4.75721	3.988913	5.156436	6.322104	5.998533	6.725903
4.677166	5.265404	5.160709	4.373814	4.892317	4.686669	5.629163	6.554648	4.925817	4.782121
5.109549	4.552782	4.677638	4.775378	4.754284	4.930276	5.231204	4.605763	5.304536	5.569876
5.640395	5.205315	4.428731	5.007273	4.808051	4.648753	4.985695	4.469117	4.456656	4.757636
5.679378	4.274765	4.771644	4.787852	4.822024	5.491587	5.145103	4.808803	3.794627	6.036115
4.854605	5.794095	5.447374	4.271687	5.377792	4.838375	4.782904	6.020266	5.662212	4.768608
4.982708	4.258671	5.576652	4.441852	6.81627	4.842201	4.269916	5.663622	5.894711	6.042729
5.340912	3.56365	4.6779	4.913317	5.524311	5.124985	6.022166	5.042749	4.940365	5.945925
4.360763	4.051702	4.829046	5.14224	5.329089	5.329148	4.646068	5.10142	4.886298	5.088267
5.522305	4.705655	5.336891	5.848999	4.948856	4.750547	4.498354	5.524845	6.044521	5.515941
4.373442	5.006021	4.950548	5.528383	5.113322	6.426429	4.557539	4.919284	5.608934	4.680627
4.851626	4.893093	4.395209	4.876682	5.776599	5.375878	5.949876	4.784909	4.67532	4.139667
5.294496	4.795155	4.796741	4.416039	5.377454	5.109494	4.881014	4.800909	4.651784	5.047319
5.454122	4.240482	5.15356	4.650282	4.556397	5.151652	5.035964	5.117948	4.399691	4.280569
4.174018	5.481577	4.989404	4.277144	4.288964	4.869231	5.102459	5.234795	4.563684	4.928691
5.609516	4.432952	5.730807	4.794985	5.065168	4.455803	3.946929	4.292179	4.321692	4.890267
4.991328	5.032795	5.24807	5.016384	4.940918	5.063427	5.136718	4.176013	4.457354	4.813855
5.480086	4.598259	4.524982	4.265905	4.61092	4.98875	5.099515	4.798053	4.241585	4.882449
4.326461	5.193586	4.508458	4.235374	4.810299	5.241526	5.486061	4.58273	4.720379	4.452255
4.98702	5.028487	5.51263	5.012076	5.389241	5.587542	4.79598	4.131371	4.399703	5.1489
4.466195	4.735131	4.462948	5.451922	4.809192	4.801711	5.258265	5.204387	4.403797	4.660079
5.09435	5.607549	4.333784	5.110911	4.957317	4.368695	4.836279	4.895351	5.379529	5.74733
4.933987	4.975454	5.614604	4.959043	6.325168	5.059034	5.098684	5.814483	5.889381	4.927432
5.063541	6.020304	4.789042	5.484444	4.677321	5.622934	4.823648	5.175229	5.073521	4.812925
5.001575	4.906229	4.754866	6.081334	4.823592	5.254362	4.71867	5.070758	4.960944	4.710221
4.779464	5.111736	5.361955	5.304657	5.076218	4.747344	4.607124	5.471884	5.146213	4.950859
4.919748	4.888943	4.420218	5.650156	4.858047	5.34838	5.765315	5.60025	5.109497	5.292041
4.274213	3.75092	4.894995	5.969618	5.306922	3.866273	4.575081	5.800879	4.99195	5.59049
5.299626	4.207383	4.856608	4.646837	5.075577	5.244727	4.831194	4.987669	5.07934	4.893332
5.299198	4.564593	5.681468	4.627266	6.151909	5.148353	4.938511	6.477489	5.715744	5.234943
5.487693	5.403364	5.190312	5.203263	5.359804	4.62303	5.310505	4.135411	5.414208	5.281241
4.310191	5.307583	4.695475	4.694204	5.656569	5.253009	4.957382	3.952152	4.754308	5.422943
4.952683	4.99415	4.299987	4.977739	4.989553	5.296839	5.034001	4.455942	5.133282	5.702558
5.477519	5.301538	4.706725	3.8779	5.048356	4.229363	5.095421	5.83835	5.608697	4.38004
4.567309	4.489208	4.713174	4.436408	4.477911	4.507407	5.248987	4.234785	5.212475	4.389035
5.06237	5.260345	4.633094	3.968757	5.354333	4.660569	4.475132	4.263688	5.041027	4.552
4.59048	4.450179	5.876778	4.878587	5.090868	5.410004	6.245001	5.462657	4.680763	4.990308
4.734957	4.781061	3.760963	4.59224	5.014696	4.600421	4.540315	4.900192	5.524049	4.707895
5.041355	5.027786	5.328303	5.132542	3.626398	5.858823	5.547593	5.585575	4.688252	4.623725
4.105092	4.230784	5.268828	5.427059	4.826444	5.328468	5.713894	5.234394	5.528312	5.38271
3.953678	5.489923	4.540775	5.11412	4.824768	5.524565	4.576898	5.16326	5.521461	5.336191
5.410936	4.911774	4.773419	5.250067	4.714657	5.29119	4.877858	5.119067	4.274153	5.244863
5.547973	3.773756	5.659023	6.096021	5.124136	5.918594	4.767138	5.145289	5.073966	4.449992
4.287126	4.627957	4.863187	5.677236	4.975074	5.608602	4.923437	4.533151	4.049256	4.645784
5.006473	5.04794	4.747604	5.031529	5.529766	4.665285	4.415518	5.317715	4.175147	5.005396
4.997999	5.674141	5.708065	5.465652	5.671971	5.481615	4.634518	4.301462	5.935666	4.462695
4.871075	4.485206	3.739775	4.509953	3.589803	5.586306	4.623351	4.600939	4.18248	5.569475
3.970885	5.143393	4.944063	5.155693	5.122624	4.226433	4.931089	5.378346	6.572744	4.079465
4.981686	5.023153	4.694256	5.006742	5.875197	5.141869	4.932633	6.272147	4.213062	5.301831
5.075353	3.652192	4.998037	4.63863	4.107564	5.031108	4.31942	5.363507	5.582271	4.700929
4.984864	5.026331	5.154133	5.00992	4.550951	5.361298	4.298185	5.276858	5.403622	4.629166
5.787198	5.80054	5.44341	4.579287	5.713866	5.19783	5.023309	3.961834	5.74691	5.295741
4.978089	5.019556	5.304899	5.003145	4.30486	5.126012	5.159043	5.60565	4.695012	5.048998
5.765754	5.798968	6.192432	5.592326	4.903504	4.812409	5.163162	4.296432	4.247767	5.327308
5.694146	5.261893	5.690279	5.401244	5.753588	4.633973	6.545608	4.813921	4.358195	4.748748
4.497777	4.002764	5.003382	5.275272	4.736932	4.363136	5.277229	4.89584	5.257429	5.288961
4.699472	5.564407	4.410375	3.760605	5.080358	4.252755	5.078485	4.157972	5.475448	3.997388
3.939518	4.735137	4.502442	5.373823	4.360138	4.338338	4.41982	5.467382	4.726991	4.497401
5.543862	4.389986	4.969211	5.541211	5.175234	6.675445	5.185575	4.690856	4.86193	5.431925
5.062196	4.289772	4.93721	4.427865	5.010805	5.294123	5.615594	4.827547	4.704166	4.612833
4.764694	4.939251	4.510217	5.35452	5.199404	4.691833	3.895437	4.312182	4.984662	5.316824
3.952622	4.164022	5.320773	4.963286	5.247126	4.875274	5.223493	4.20436	5.0106	5.029126
5.062671	5.0039	4.493366	4.17313	4.831988	5.522905	4.830387	4.922789	5.248834	5.658304
5.244709	5.196515	4.550984	4.459373	4.711867	4.719458	4.443112	4.492927	4.890544	5.439767
4.866965	5.414957	5.532186	4.815171	4.952802	4.673716	4.926666	5.926392	4.434467	5.556417
5.161265	4.433412	5.369785	5.23044	4.197226	5.878959	4.341586	4.696764	5.493102	5.525658
4.07578	4.249398	4.655208	5.008439	4.535679	4.338694	4.786617	4.610208	4.966134	5.000055
4.937237	5.0659	5.102839	5.882572	4.894351	5.095305	5.806657	5.577463	4.832458	5.273238
4.789807	5.529188	5.780112	5.503194	5.106271	5.311828	4.753464	4.827916	3.867639	4.217675
5.28595	4.988827	4.520915	5.124557	5.06326	6.019195	5.075169	5.049927	5.548245	4.897866
5.341576	4.588362	4.856992	4.426702	5.561171	4.906575	5.699787	5.039475	5.393706	4.98856
5.526626	5.680541	5.548462	4.635441	3.745794	4.535558	4.724833	4.983205	4.918733	4.662323
6.085776	3.895334	5.495241	4.863993	5.377996	4.863343	5.617266	5.156776	4.61504	4.054087
5.074241	5.115708	5.356915	5.099297	5.518612	5.812505	5.672748	4.80165	4.728139	4.758959
5.513145	5.056506	5.370814	5.388298	4.538688	5.365509	4.969083	5.424953	4.921234	4.81934
5.129494	4.708025	5.932745	5.386652	5.90564	5.015611	4.953127	4.739921	5.625763	4.216919
5.443432	5.295042	5.233402	4.879469	5.63319	5.124496	4.963614	5.115081	4.419353	4.303792
5.482158	4.007226	4.475539	3.81294	4.513271	4.706813	4.909268	5.174535	4.941762	4.96572
4.958404	5.505196	4.869945	5.145514	5.328435	5.434922	4.534791	5.996239	5.372034	4.780098
4.768922	6.230646	5.344646	4.914647	4.800265	4.424549	3.969615	4.903975	5.847308	5.469291
5.407793	5.68844	4.829254	4.938427	5.331228	5.674282	4.885263	5.433826	4.647557	4.827588
5.541871	4.48926	5.185717	4.428609	5.457825	4.577135	4.730432	4.999939	5.297532	4.033028
4.46635	4.507129	4.689409	5.114098	4.93189	5.200471	4.624991	5.140358	4.257926	5.622035
4.832055	5.075443	5.061434	5.028678	4.298655	4.919754	4.196613	4.440659	4.463788	4.744539
4.291689	5.11561	5.661888	4.908696	5.809928	5.155221	5.123927	4.730652	5.265044	4.506367
5.19562	6.236364	5.23748	4.744028	5.069934	5.688841	4.714425	4.767693	5.740388	4.675931
5.000611	5.042078	5.898634	5.025667	4.666326	4.170547	5.176459	4.854199	5.361529	5.024521
4.751413	5.619448	4.902316	5.375278	4.732191	5.03069	5.146159	5.398384	5.439703	4.824272
5.309475	4.399279	4.046499	5.42569	5.191934	4.770076	5.260165	5.325242	4.302287	5.747727
5.04985	5.091318	4.558813	5.074906	5.067453	4.763422	6.208955	5.098606	4.842297	5.229538
4.80724	4.713697	5.304124	4.550478	5.127839	3.871147	5.007637	5.514715	4.428582	5.264143
4.310764	5.559116	4.466559	5.230011	4.375858	4.739429	5.190244	5.808876	4.693282	5.63943
5.825387	3.040769	4.15288	5.19467	4.998238	4.394598	5.678768	4.723703	4.643442	5.027475
5.393369	5.154927	4.562236	5.193625	4.786707	5.117873	5.020956	4.8305	4.734553	4.259118
4.734972	5.127806	5.521356	5.045794	4.40135	4.412617	4.814596	5.897016	4.924991	4.993735
6.174427	5.266663	5.161356	4.890316	4.766505	5.429377	4.550521	5.300525	4.218166	4.669804
5.517121	5.57922	5.365542	4.881221	5.125354	5.266947	4.366885	5.204487	4.921327	5.121815
4.748939	5.465615	4.942542	5.487978	5.762062	4.676321	4.374863	4.537374	4.955545	3.974912
5.284705	5.583971	5.417863	4.584128	5.027851	4.324045	4.373614	4.719281	4.753009	5.516093
5.185301	5.102019	4.776639	4.674039	5.08635	5.107479	5.676183	5.046328	5.795712	5.030892
5.493351	5.007796	5.769272	5.363925	5.398136	5.780366	4.603156	5.152978	4.871591	5.381894
4.650665	5.107834	5.167665	5.557301	4.956396	5.2765	5.610571	5.364573	5.409951	4.315693
5.527815	4.565047	4.452948	5.419082	4.575869	4.881221	4.284671	4.172771	5.780047	4.659335
4.967862	5.009329	5.153627	4.992918	4.973778	4.34302	5.629672	5.092091	5.064758	4.814802
4.119329	5.141788	5.108525	5.93488	5.319306	5.506215	5.211789	5.373981	5.526466	5.782169
5.010024	4.359554	5.247835	4.55607	5.138712	5.191857	5.442942	4.71897	3.362465	4.931674
4.931467	4.972934	5.200722	4.956523	4.673267	5.055791	4.820503	4.368132	4.191711	5.258406
6.208012	5.403406	4.288032	5.084379	5.023949	4.863328	5.178019	5.116343	5.269225	4.957242
4.742567	5.477963	3.763609	3.901499	4.515404	4.867115	5.237222	5.358353	4.709612	5.769119
4.458855	4.662242	6.067688	4.795831	4.527161	5.523837	5.29058	4.344968	5.812109	5.405073
4.708673	4.419205	5.115368	4.84495	4.77181	6.362578	4.894932	4.907324	6.159549	5.249047
5.015803	5.057271	5.255352	5.040859	5.211266	5.898527	6.072383	5.908938	4.604846	5.455266
4.050546	6.044831	4.860163	5.397322	5.161716	5.060516	3.60553	4.784625	4.584744	5.309557
5.216935	5.64011	4.344808	5.407844	6.19496	5.577732	4.978287	4.710598	5.870144	4.599743
4.94744	4.988907	4.66914	4.972496	5.695962	5.130436	4.816552	5.039258	5.556075	4.495569
5.318625	5.042203	4.259051	5.758214	4.478569	5.007298	5.31366	5.021169	4.902292	4.493587
4.096582	6.023393	4.626617	4.831804	5.368686	4.803713	4.951024	4.960326	5.296523	4.51298
4.993821	5.035288	5.266112	5.018877	4.378942	4.890413	4.926618	4.158635	4.983876	5.345992
3.892373	6.321768	4.981449	4.473329	5.586719	5.132958	4.664914	6.000447	5.72299	5.561502
5.373412	4.87145	4.675726	4.982372	4.711502	4.499253	5.302379	5.67573	5.720277	4.404675
4.034233	5.375643	4.677616	4.966522	4.876854	4.392931	4.540297	3.774035	4.035927	4.34818
5.265799	4.44865	4.468921	5.112	5.405845	4.8264	5.638172	3.778286	5.662126	5.090047
5.867126	5.536903	4.512219	5.400778	4.839007	5.520819	5.526922	5.784817	4.576786	5.084784
5.338345	4.634496	5.196012	5.433019	5.069276	5.35568	5.216187	5.955002	5.390806	3.956119
5.067595	5.474681	5.154254	4.473533	5.2743	5.944881	4.227499	4.994353	5.840115	3.856925
4.954741	4.996208	3.792468	4.979797	4.878508	4.734174	3.775737	5.905573	4.80477	4.850721
5.216827	4.131276	4.505641	5.693558	5.089555	4.326862	4.704392	4.426469	5.167104	4.905544
5.189919	4.151681	5.161651	4.655811	4.350656	5.40329	4.745075	5.40103	5.058779	5.137863
4.113793	5.077337	4.625231	5.579909	5.916893	5.937452	4.962142	5.413241	4.888056	6.080236
5.004555	5.046022	4.900546	5.029611	4.318969	5.330691	4.660014	5.603928	5.41051	4.484435
4.780742	4.869029	6.175301	5.799598	4.252141	4.415801	5.424028	5.896723	5.198496	4.430756
4.938515	5.692822	5.618825	5.032435	4.58823	5.334674	5.256148	5.464234	4.008861	4.767308
5.135026	5.131005	4.968995	5.209783	6.003559	4.328385	4.492081	4.37972	5.138105	3.68101
5.007393	5.04886	5.175834	5.032449	4.889134	5.260604	4.507129	5.544344	3.852682	5.210223
5.109783	4.749579	4.856791	4.103645	4.620791	4.553995	3.587244	5.313013	4.768734	5.352027
4.958679	5.272676	5.09907	4.732925	5.683491	5.979308	4.878265	4.729018	5.270232	4.523191
5.358909	5.484092	5.15088	5.077897	4.831271	4.703174	5.023971	4.207214	4.101785	5.045551
5.640236	5.399269	5.49193	4.87934	5.566937	5.33651	4.930193	4.844841	4.546727	5.425383
5.090338	5.131805	5.021396	5.115394	4.317697	5.53138	4.919201	4.972322	4.996394	6.113393
5.070127	4.611655	5.389768	4.550073	5.293219	4.767346	5.5641	4.653083	5.573796	5.447667
4.650693	5.030688	5.15644	4.780915	5.657665	4.243033	5.630091	4.449425	5.000013	5.307796
4.62535	4.426177	5.687435	5.44005	4.930361	4.797747	4.975076	4.90844	5.09676	5.114422
5.636096	4.445324	3.850074	3.859671	5.249147	5.601811	4.597041	4.434256	4.421505	4.198131
4.811472	6.287836	5.017098	4.78052	4.885042	5.492287	5.154423	5.118187	4.933217	5.469576
5.320138	4.783551	4.520225	4.94397	4.569957	4.549387	4.153764	4.61163	5.092631	4.674934
4.863076	4.904543	4.801927	4.888132	4.65261	5.193626	4.956695	4.95212	5.583853	4.037034
4.966751	5.008218	5.423604	4.991807	5.23716	3.773919	6.130448	5.460637	5.557524	5.790017
4.88134	4.922807	4.625052	4.906395	4.935254	4.844398	4.583038	4.976556	5.662025	4.994518
5.209592	4.880766	4.822032	4.683696	5.394989	4.738204	4.775624	4.726132	4.653695	4.465697
5.112139	4.502558	5.165493	4.043218	4.699792	5.036424	5.19396	4.833756	4.959383	5.720923
4.697673	4.817107	5.245713	3.824178	4.514014	5.011458	5.541884	4.50053	5.798349	4.085111
5.563148	5.480013	4.462035	4.765774	5.427708	5.875291	6.215081	5.16016	6.103984	4.422937
4.860793	4.90226	5.272124	4.885849	4.84232	6.573395	5.361917	5.271159	4.98586	4.98942
4.688477	5.499624	4.685423	4.974044	5.354744	6.528121	4.67821	4.524445	5.236107	5.160133
4.92441	4.911146	4.835999	5.701536	4.858334	4.782128	3.694609	4.95526	4.85826	4.571619
5.641201	5.54811	6.290656	5.744972	5.067939	4.657827	5.208638	5.101075	4.327098	6.187854
5.043429	4.600338	4.710597	4.676212	5.243439	5.208763	5.006208	4.737839	5.005187	5.047257
