5.480571	3.339561	5.064108	5.298204	4.233248	4.759973	4.767266	3.355988	5.19982	3.854128
5.078695	5.589129	4.733801	6.101429	6.02228	5.070763	4.718	5.136894	5.41656	6.204402
5.093509	4.652625	4.236297	4.16518	5.761763	5.118269	5.643437	5.157412	4.319817	4.532232
4.080683	5.713047	5.211595	5.644205	5.055763	5.693756	3.652368	4.008192	5.368987	4.685726
4.82337	4.477822	5.147089	5.389222	5.83491	5.394421	4.755838	4.222987	5.701898	5.892813
5.171683	4.865883	4.471766	5.918654	5.276928	4.403179	5.043973	4.20084	5.587204	5.404891
5.183268	5.207428	4.269494	4.864716	6.066949	5.134027	4.349701	4.450489	5.240525	4.921195
4.302898	6.285383	4.846979	5.205904	5.331303	5.053628	4.389307	3.439429	5.819091	5.322822
5.011434	5.337901	4.813807	4.935513	5.52107	5.150194	5.157278	5.223768	5.618454	5.372616
5.807836	5.387447	4.693553	5.662138	3.998318	5.175106	5.457594	5.374277	4.396434	5.158665
4.583053	5.945419	4.985225	5.1475	4.960842	4.963084	4.835207	4.925343	3.937621	4.620057
5.43245	5.210722	5.903118	4.495962	3.865133	5.370997	4.988105	4.27881	4.930841	4.143962
4.425726	5.332491	4.416314	4.81887	5.478033	5.3023	5.301167	5.57565	5.413384	3.792809
4.949238	4.990705	5.098583	4.974294	3.918784	4.968484	5.306518	5.316114	5.554338	3.800328
4.976527	4.777965	5.78922	5.112022	4.579797	4.82026	6.25267	4.907869	4.06954	4.717599
5.04467	4.968569	5.461317	5.363242	4.910857	5.319653	5.111318	4.696884	5.08201	5.79395
4.541527	4.139816	4.9561	4.794636	4.991376	5.612659	5.262623	4.803717	4.210454	4.072067
4.788073	4.059664	4.733898	4.60464	5.158499	5.154607	5.388434	5.703077	4.41296	5.338346
4.912542	4.32494	5.430932	5.128061	5.424698	4.798228	3.280583	5.481596	5.045921	6.031848
5.130774	5.560702	5.42624	5.212531	4.545706	5.329641	4.91738	3.86007	4.837234	4.05948
4.58761	4.753411	4.311363	4.395705	4.627149	5.388733	5.434884	5.351283	4.334197	4.880863
5.050418	4.918802	4.909588	4.767002	5.325927	4.900243	3.92737	5.002397	5.06644	4.749945
5.091608	5.133075	5.009099	5.116664	6.363534	5.070574	3.91767	4.738124	5.188468	3.896829
4.639674	5.117283	4.4045	5.239935	4.489631	3.939534	5.747305	5.430411	5.161265	5.037699
4.982009	4.611258	5.342435	5.591717	5.446386	4.916173	4.689722	4.413213	5.251194	5.277442
4.556469	5.62494	5.026782	5.295344	5.123145	4.54131	4.75507	5.249876	4.268159	5.845628
4.631073	4.501377	4.768528	4.779572	4.714115	5.120415	5.081957	4.576755	5.076684	4.045037
4.212697	5.469432	4.671861	4.587459	4.543699	3.979697	4.562252	5.548633	4.600579	5.025629
5.793862	5.493816	5.478799	5.462973	4.763105	5.487448	4.509813	5.308561	4.656812	5.305577
4.93816	4.979628	4.714765	4.963216	5.71193	5.896873	4.073454	4.408176	4.648008	5.566864
6.304221	5.762958	5.369801	4.442737	5.422627	5.173577	5.220014	5.330022	4.290135	4.581633
5.174111	5.13797	5.130421	4.92475	6.455688	4.103922	5.634014	4.714261	6.083162	3.4953
4.776098	5.005818	4.531738	4.965946	4.965951	5.474305	6.254128	5.922914	5.091584	4.320389
4.992582	5.03405	5.093061	5.017638	5.374207	4.738471	5.910272	5.061207	5.94418	5.343317
3.915506	3.925452	5.610617	5.269462	5.889585	5.121475	5.191594	4.920153	4.718448	5.345829
5.761822	5.3308	5.194983	5.888637	4.999616	5.324167	4.826669	5.305088	5.149636	5.265246
5.106809	5.179548	5.158889	5.174027	5.758082	4.888711	5.52208	5.668984	5.411181	5.173364
5.09484	5.263592	4.837514	4.843408	5.116528	4.726501	5.451319	4.382658	4.93881	4.874542
5.33401	5.386677	4.381455	4.491116	4.398491	5.129002	5.564861	6.811704	5.063579	4.331765
4.813366	4.776752	5.138716	5.319838	4.634536	4.663519	4.184472	5.559079	4.595953	4.712184
5.015296	5.056763	4.772096	5.040352	5.236183	5.351423	5.331173	4.36201	5.090672	5.429738
5.121077	4.267877	4.46254	5.173047	4.665452	4.20075	4.544177	5.300077	5.57325	5.917065
5.33314	4.894103	4.530121	5.547353	4.382841	5.527992	5.04601	5.417832	4.65189	5.271148
5.131454	4.32082	5.129717	4.259516	4.32509	4.821721	5.690756	5.819497	5.330717	5.490865
4.176931	4.936601	5.918465	5.741198	5.077291	5.435768	5.224462	4.828088	4.784176	4.73806
5.034613	4.945813	4.967119	5.262849	5.149455	5.588998	4.710883	6.540927	5.342132	6.197643
5.420712	4.559558	5.694982	5.12126	5.677295	5.16308	5.43434	5.123759	4.896975	5.082437
5.036988	5.658529	5.151951	5.088682	4.986315	4.181441	5.65119	3.766089	4.64364	4.994427
4.547491	6.653677	3.844804	4.131717	5.19815	5.603971	4.776137	4.433688	5.248296	4.103234
5.398557	5.397915	4.570526	4.756007	4.499121	4.854886	4.102638	5.311626	4.881064	5.319236
4.921547	4.837306	4.200371	4.98256	5.298009	5.377788	4.694	3.929088	5.224555	5.036767
5.42382	4.785379	4.230117	4.951206	4.869407	4.697165	6.268772	4.476817	4.822212	4.5355
4.577922	5.210772	5.374989	5.13247	4.625248	4.828556	4.575068	4.146092	5.55964	5.832629
6.700234	4.006542	5.315383	4.172654	4.887201	4.140914	4.07905	6.160769	5.149817	5.734741
4.867703	4.90917	5.475871	4.892759	4.447605	5.975251	5.314868	4.839661	5.362023	4.443212
5.658512	4.826232	4.739869	4.126562	4.940125	5.610442	5.584013	4.42091	4.503784	5.716225
5.899647	4.881656	5.104755	5.714127	4.799392	5.348021	5.030059	4.174143	4.561076	4.691591
5.028373	5.830149	4.841176	5.261208	4.951708	5.79744	4.707377	5.373583	5.448221	4.643294
4.90883	3.767562	5.472503	4.772369	5.668959	4.624027	5.216365	5.233699	5.317368	4.962352
5.007405	5.048872	4.116829	5.032461	4.831991	4.47302	4.882165	4.511622	4.646807	4.412607
5.199675	3.591778	5.751437	4.774886	4.98078	5.139997	6.1769	4.447131	4.385385	4.896602
5.520226	5.403401	6.146952	4.762016	4.206758	5.185216	6.430159	4.805141	5.138689	5.312527
5.003097	5.044564	4.80494	5.028153	4.276493	4.357564	4.113975	5.26423	5.132258	4.566282
5.807314	5.198621	5.537633	4.231847	4.318926	5.598946	4.78349	4.333753	5.931757	5.681563
4.218695	5.304759	5.573438	5.907342	5.27414	4.830698	5.270595	4.659266	4.689389	4.512529
4.950064	4.991531	5.088278	4.97512	4.862724	5.052039	5.343522	5.143242	4.639102	6.217387
4.515631	4.964319	5.991779	3.955587	5.50725	5.537212	4.945505	5.943493	4.27154	5.48995
5.428506	5.175012	4.644421	4.596951	3.927064	4.507949	4.021774	4.171481	5.057922	4.834877
4.195372	5.458064	4.515937	5.516207	5.743464	4.970541	4.993445	5.091046	4.394506	5.290579
4.971373	4.453176	4.663486	5.365722	5.347936	4.432161	4.66031	5.249141	5.206133	5.157053
6.236871	3.857898	5.076285	4.921034	4.053319	4.764782	5.085694	4.200521	5.045192	6.638509
4.843419	5.449146	4.258168	4.991488	4.268868	4.50949	4.810252	5.377008	5.709175	5.05641
5.078861	5.605908	4.521046	4.957123	5.13787	4.710996	4.406807	4.685364	5.227393	6.299041
5.197816	3.924617	5.107489	5.478495	5.42269	4.93534	5.15346	5.083296	5.517655	5.540429
4.453444	4.241086	4.974055	5.488884	4.663276	5.122384	5.246253	4.052094	5.425882	5.785163
4.96876	5.010227	5.117601	4.993816	4.536222	5.079177	5.17251	4.682587	5.004248	5.467933
5.864572	4.17258	4.263847	4.643706	4.153605	5.602841	5.063769	5.524695	5.478639	5.222718
4.411684	4.952447	4.833298	5.166582	4.731112	5.182202	5.354296	5.645395	5.56492	4.892478
4.718826	4.560635	4.412818	4.946145	4.350966	4.822847	4.207121	5.077417	4.645857	5.648331
5.754655	3.789083	4.824944	4.697131	5.70142	5.267925	6.39711	4.780069	4.188698	5.136585
5.416408	5.336592	6.238952	4.646628	4.938115	4.987142	5.767448	4.451914	4.967745	5.05779
4.688648	5.040666	5.254759	5.178547	5.633971	5.479018	5.437489	5.423092	5.170874	4.97089
5.81193	4.907143	5.232133	5.069472	4.971569	6.505106	5.096313	4.941429	5.216287	4.642455
5.344715	5.128537	5.330941	5.70961	5.523064	5.041598	4.881534	5.043406	5.244913	6.618114
5.399355	4.602865	4.808875	4.838326	5.721483	4.052763	5.493844	5.739666	4.629754	5.475534
5.022683	5.005599	4.401794	4.846407	5.673455	5.46032	6.047688	5.804705	4.870774	5.531747
4.70787	5.071928	4.945979	5.040562	4.160728	5.039131	5.500748	5.929971	5.377838	4.3968
5.02255	5.064017	5.22543	5.047606	5.182201	4.378864	4.642633	6.022139	4.954058	4.888489
5.821747	5.691545	4.849751	4.569697	5.38063	4.963552	5.710476	5.346315	4.212945	4.076158
5.276067	4.938239	6.159591	3.941622	4.329333	5.001788	4.683627	4.161141	4.474128	5.046119
6.047619	5.033389	5.452658	4.86917	4.433308	5.591533	4.401789	4.945221	4.652766	5.51966
4.997763	5.03923	4.607454	5.022819	4.104564	4.702127	3.999644	5.958863	4.700156	5.327682
4.967267	5.430178	4.184974	5.533801	4.408001	4.312989	4.265822	4.250919	4.429615	4.179773
5.000941	5.042408	4.40312	5.025997	3.918652	4.121559	5.770375	4.445986	5.48824	4.990354
4.553335	5.156484	5.151715	4.57141	5.3863	5.602984	4.140159	5.075835	5.979333	4.600771
4.994166	5.035633	4.728561	5.019222	3.581339	4.579198	4.813251	5.107929	4.207879	3.901551
5.864002	4.718755	4.592528	4.485543	4.769793	5.514753	3.646903	5.443822	5.128246	5.471716
5.531427	3.417918	5.652347	4.468457	5.767936	5.211623	4.814944	5.435604	4.954192	5.292112
4.287418	4.339236	5.548717	4.966598	4.864582	4.991261	4.15902	4.776856	3.477307	5.847766
5.306171	5.194905	5.343255	5.414833	5.085466	5.322126	5.627289	4.956232	4.351362	5.430561
5.274273	5.714331	4.882324	4.631872	5.385502	4.510668	5.008403	4.958872	6.080267	4.1924
4.355086	6.139295	5.105897	5.700633	4.451601	4.308726	6.185471	5.501161	4.217528	5.422197
5.122777	5.270031	4.66151	4.898231	4.906805	5.641503	3.706227	5.490719	5.44336	5.63491
5.419116	4.749472	4.995764	4.752519	5.892032	4.295517	5.137049	5.029475	5.229397	4.956346
5.206193	4.660062	5.383252	5.651676	4.361936	5.071426	5.567712	4.805503	4.885217	5.625258
4.149188	5.208065	5.469385	4.892214	5.663158	4.107364	5.655653	5.06524	5.848612	4.385467
5.318907	4.88889	4.877828	4.779064	4.547943	4.770812	6.115805	4.487098	4.353622	5.786695
5.270672	6.175936	4.478931	4.56427	5.597744	5.065744	6.200483	5.30772	5.128703	4.871232
4.889165	5.0115	4.611233	5.412219	5.179977	5.802392	4.630396	4.746866	3.883381	5.23596
5.277193	5.883482	5.290092	4.19668	5.016051	5.146813	5.533673	4.947247	6.022068	3.733544
5.527287	4.787134	4.604849	4.915547	5.804649	5.374157	5.185142	5.161008	4.518537	4.190473
5.445549	4.647717	4.702341	4.036599	4.772931	4.042878	5.073234	5.582298	5.27072	5.795168
3.943924	4.989939	5.054209	5.143608	5.370361	5.021454	4.518911	4.289293	4.591293	4.525358
4.919197	4.799358	4.814864	5.298713	5.20248	3.844524	5.541722	5.371762	4.335215	5.343088
5.304751	4.987011	5.443681	4.282852	4.581244	4.877121	5.874136	5.568781	4.865278	5.227207
4.910825	4.886443	4.800101	4.876499	5.363765	3.989441	5.352374	4.775073	4.505589	4.834939
5.090318	5.131785	4.855199	5.115374	5.225103	5.861423	4.790608	5.128619	5.613068	4.447676
6.234169	5.448999	6.032866	4.877489	5.725631	4.67099	4.529725	5.503674	4.769559	4.738112
4.94774	4.4367	5.116657	4.517859	5.367334	5.43447	5.424482	4.503083	5.741471	4.697406
5.449727	5.97115	4.748181	4.144902	6.064919	4.779123	4.812845	5.404701	4.930272	4.630128
5.812757	4.350516	5.178617	5.344525	5.049282	4.496404	4.741257	4.184127	4.373117	3.711162
5.15275	5.072037	4.229975	4.953834	5.595951	4.599022	5.486116	5.396768	4.507838	5.007648
5.407989	5.301078	4.649076	4.61358	3.991571	5.870925	5.019746	4.576203	5.524288	6.132765
4.479887	5.969368	5.383819	4.375858	4.95118	5.468219	5.300452	4.885705	4.78292	4.926333
4.008079	4.911234	5.368632	4.783796	4.715854	5.713908	4.820844	4.351896	3.744011	5.250993
4.914047	5.231989	5.154176	5.152747	5.369191	4.787596	5.531964	5.262872	4.576948	5.54244
5.314185	5.383497	5.463955	4.962704	5.947133	5.104209	4.490589	4.642148	4.879521	5.248384
5.019708	4.684968	4.41972	4.480227	4.695055	4.689508	4.544888	5.758655	5.181153	4.78318
6.110188	4.58109	5.698142	5.775178	4.867661	5.244993	5.469164	5.593896	4.444287	4.563193
5.016688	5.058156	5.348153	5.041744	5.57482	5.152659	4.09741	5.57486	3.973012	5.041801
4.974848	4.963286	4.741314	5.170252	4.144257	4.449355	4.31863	4.628213	4.978744	4.369987
4.707736	5.200276	5.153833	4.283216	5.044341	4.562919	4.996589	4.354558	6.536735	5.227297
5.065928	5.107395	4.204254	5.090983	3.87685	4.416541	5.67867	4.178847	4.547859	5.685828
5.456998	5.38922	5.818299	4.49732	5.144132	4.22735	5.176173	6.099875	5.084585	5.800826
5.557979	4.516127	4.736712	5.075751	5.196351	4.001108	4.943982	4.808246	5.734442	4.423477
4.980493	4.274085	5.396975	5.40659	5.438145	4.620596	4.302682	5.940492	5.503447	6.045561
5.68434	5.432271	5.519248	5.071228	5.612561	5.487989	5.022104	4.070511	5.315188	4.683434
4.418431	4.975342	4.987905	4.245348	5.830407	4.262476	5.005351	5.64162	3.989532	5.099452
4.952905	6.216428	4.623631	4.971467	5.196203	5.191142	5.560997	4.594326	4.730158	5.394253
5.053899	5.149985	4.973846	5.20765	5.755284	5.610102	4.766806	5.268196	6.641944	5.972707
5.496569	4.729596	4.697181	5.496547	5.14207	4.326453	5.445267	6.276144	6.23824	5.740442
4.785835	5.963056	3.828938	6.282654	4.485087	5.17018	4.360509	5.038846	5.498124	4.855926
5.43298	5.267741	4.406249	5.28131	4.851623	4.7959	4.467623	5.563723	5.731039	5.859006
4.913241	4.468488	5.013774	5.262447	5.489835	4.728664	4.94821	4.959919	6.337184	4.516973
4.883786	5.670888	4.726888	4.770136	5.477652	4.462533	5.717463	5.24592	4.871554	4.741399
5.100705	4.744391	5.43084	5.680382	5.168796	5.067941	4.412732	5.069815	5.170249	4.918866
4.983939	5.025406	4.779835	5.008995	5.136973	4.962565	5.375122	5.212082	4.994961	4.867742
4.708065	4.999936	6.218971	6.20963	5.689017	4.691869	4.720352	5.061318	5.818968	4.598876
4.561874	4.906489	5.07312	5.647104	4.535764	5.529606	4.934257	5.193235	4.617941	4.340105
4.947544	4.989011	3.90254	4.9726	4.145639	5.201414	4.820445	4.873118	3.991159	4.871428
5.795353	5.149333	5.696034	5.21045	5.152938	5.125663	4.418809	5.288302	4.241539	5.211944
4.845236	5.290211	4.765997	5.146036	4.809848	4.716098	4.561468	4.774343	3.941432	5.28745
4.625735	4.654561	5.135998	3.728174	4.767117	5.510485	5.114009	5.184675	4.383718	5.159559
5.228466	4.902518	5.728638	4.462718	4.379263	4.272324	5.231196	5.084585	4.857873	5.007885
5.03188	5.073348	5.359466	5.056936	4.455027	4.703027	5.089888	4.420411	4.771691	4.946846
4.77944	6.423248	4.807898	4.920665	4.432341	4.838177	4.614457	5.395777	4.706881	5.785979
4.719123	5.350168	5.890591	5.511917	4.778141	5.205973	5.264141	4.762723	5.498448	4.409237
4.963517	5.004984	5.764301	4.988573	4.502916	4.952562	6.017123	6.014	3.799651	5.187402
5.152035	5.272904	4.683089	5.033458	4.285069	4.822233	4.482164	4.745389	5.299461	5.8235
6.275595	4.726448	3.732991	4.703492	5.070494	3.94721	5.071983	5.078977	4.455336	5.310131
5.009898	5.051365	4.871517	5.034954	4.686025	5.456621	5.434162	6.300103	4.202838	5.72941
4.704281	4.349068	4.842818	5.072044	5.061227	5.059476	4.443984	4.761273	4.300225	5.11332
4.666471	5.914496	4.83517	4.58317	5.121921	4.330007	4.62934	4.677899	5.190233	5.043024
4.168736	5.88304	4.382578	5.329656	4.867709	5.130298	4.587874	4.798444	4.95886	5.086828
4.96263	4.767791	4.785203	4.256843	4.88241	4.813129	5.552242	5.466169	4.887401	5.093175
5.077562	4.18127	5.380712	5.105808	4.976758	4.887548	5.331576	4.340425	5.564293	4.281544
4.133661	4.379073	4.515511	5.887372	4.853128	5.214275	4.959553	4.148076	4.39168	4.908395
5.474513	5.084431	3.697899	5.068927	5.313675	4.468149	4.979537	5.095378	5.602116	5.810542
4.970818	5.012285	4.079231	4.995874	4.661733	5.91203	4.933743	5.245208	5.834714	5.758316
5.002766	5.246893	5.105339	5.207485	4.784465	4.617433	4.726826	4.276192	4.679013	5.774546
4.201181	5.096739	5.378948	5.053516	5.52994	4.295996	5.049333	5.461262	4.584446	4.809374
5.635211	5.601761	4.453491	4.822142	4.507516	4.49342	4.585251	4.755003	5.556388	4.597019
5.020632	5.062099	4.623138	5.045688	4.595404	4.620181	4.752978	5.296921	5.030702	4.428289
5.335217	5.398608	4.868357	4.626455	4.249829	5.556077	5.429418	4.307209	3.951963	4.437901
4.487978	5.582089	4.544668	4.929531	4.801138	6.16927	4.859712	4.443414	5.11446	6.19505
5.160816	5.211839	5.917844	6.199543	4.646584	5.523834	4.492179	4.703919	4.779346	4.741313
5.02347	5.064937	4.760286	5.048526	4.951563	4.250827	4.552555	4.048951	6.498163	4.817583
4.819224	5.383161	3.920715	5.410905	4.603619	5.434318	5.323564	4.614985	6.161417	4.95884
4.586298	4.998695	5.410839	5.651544	4.262743	5.115849	4.903171	4.632179	5.347358	5.861879
4.812084	5.094106	4.646204	5.783493	5.09626	4.422675	5.65197	5.055153	4.679928	4.447807
5.457237	5.402246	5.062217	5.507133	5.400168	6.297225	5.629343	5.738734	5.549316	5.564756
5.106415	5.147882	3.739272	5.131471	4.889493	4.01459	4.054799	4.228139	5.408785	5.469144
4.905243	5.830509	4.348455	5.070457	5.309838	5.948966	4.87236	5.041825	4.450324	4.950213
5.338977	5.624324	5.545904	5.294042	5.578271	3.973207	5.220141	5.205075	4.882815	5.007977
5.934371	4.842378	4.941041	5.211876	4.512985	3.488753	4.675962	4.148755	5.92414	5.196288
5.629772	5.837347	4.715747	5.453053	4.50968	4.859959	5.339608	4.822865	4.276366	5.087159
5.37675	4.976167	5.423198	5.21684	4.575881	5.152311	4.550416	3.661082	4.828517	4.434512
4.900618	5.655603	4.577845	5.244041	4.530392	4.936091	4.189731	5.081107	4.866189	3.466521
4.879153	4.92062	5.14386	4.904209	5.268524	4.660669	4.683232	6.618558	4.991682	5.228656
4.982828	5.024295	4.953071	5.007884	5.704871	4.804974	3.536284	4.477224	5.083775	4.393382
4.897417	4.938884	4.330875	4.922472	5.025755	4.194093	3.942114	4.896109	5.223109	4.729641
4.977315	4.646613	4.723122	4.65323	5.174149	5.116253	5.072242	4.546062	4.068659	5.276975
4.445726	4.717563	5.125928	5.33005	4.975729	4.297795	5.858976	5.003496	5.464199	4.596099
4.504301	5.58505	4.348329	4.694167	5.828224	4.551719	4.812255	5.312347	4.336795	5.365699
5.150044	4.610767	4.76631	4.829652	6.05568	4.93977	5.102446	5.024904	4.51736	5.157526
4.87687	4.918337	4.700133	4.901926	4.983047	4.138776	5.609379	4.788096	5.030259	4.531132
5.706554	5.726898	5.791755	4.798093	4.722484	4.10192	6.092803	5.406507	5.356933	5.371298
5.648645	5.404334	4.072366	5.30477	4.495194	5.909081	4.860152	4.658367	4.710459	5.759118
4.130948	4.367092	5.978856	4.314596	5.252496	4.198171	4.663397	5.348882	4.472809	4.590889
5.543093	4.241863	5.542568	4.604823	5.824983	5.708972	5.38321	5.234661	4.898152	5.114571
