5.902301	4.816898	5.149011	4.688548	4.631403	4.741346	4.475342	5.280301	4.327432	5.094071
4.995513	4.949501	4.41891	4.718193	5.152353	5.389996	4.327392	4.343107	5.005256	5.556957
4.849197	5.950929	4.614961	4.65236	5.890849	5.322638	4.333148	4.988671	5.253345	4.324555
4.836266	5.128076	5.031384	4.109367	5.233235	4.658411	5.94131	4.660027	5.194465	5.011065
5.443611	5.160649	5.159159	4.729529	5.104742	5.325165	5.104538	5.498147	4.619782	5.377738
4.895305	5.083343	4.985225	5.232688	4.648597	5.139849	4.812716	4.828826	5.100663	4.443171
5.080369	4.813013	4.923313	4.005057	4.275493	5.324095	4.499007	4.277922	4.566992	5.392125
4.868444	5.553178	4.777258	4.866056	4.98692	5.042456	5.226722	5.301818	5.083373	4.024665
4.819333	5.12583	5.468278	4.847642	5.181214	3.923516	5.161935	5.37942	4.795949	4.454745
5.893382	4.8312	5.074991	5.107207	5.776452	4.337686	5.111115	4.697855	4.375228	4.130933
3.517835	4.641654	5.283857	4.779507	4.505345	4.616604	4.718074	6.201682	6.267751	4.168709
4.555819	4.309321	4.436936	4.915627	4.943504	6.138999	4.787288	4.919513	4.963798	4.523001
6.163039	5.365704	4.869462	4.712181	6.066833	5.345219	4.263229	5.884067	5.541402	4.860515
4.970256	5.011724	4.863884	4.995312	4.984217	5.6696	5.646438	5.30043	4.571191	3.783166
4.149994	4.717441	5.378616	4.915246	4.712992	5.741582	5.890185	5.847395	5.424634	4.525335
5.183839	5.222077	5.756892	4.585874	3.771885	4.620559	5.003304	5.032357	5.18539	5.620337
5.545415	5.082732	3.326951	4.326965	5.40749	6.135575	4.656321	5.256818	4.989131	5.738442
5.160374	4.815963	4.792032	4.982204	4.969854	5.806191	4.782641	4.673911	5.596352	4.497781
4.933268	4.718379	5.436489	4.152432	5.511255	5.418571	5.347833	4.95402	4.565903	4.928105
4.855668	5.137078	5.056694	4.79231	4.761146	5.277686	4.673294	5.476483	5.004025	4.526818
4.655107	5.210885	4.476921	4.858036	4.010627	4.699386	5.5774	5.628121	5.678355	4.918583
5.907766	4.352031	4.783161	4.91245	4.590924	5.315198	4.414342	4.062788	5.328138	4.868243
5.112626	5.154093	4.900678	5.137682	4.635751	4.74487	5.491955	5.08966	5.125171	3.801314
3.588294	4.556115	5.468566	4.724833	4.58562	4.747269	4.842785	4.680837	5.70902	5.487047
5.458209	5.064736	5.800959	5.313519	4.933948	5.935659	5.115727	4.841522	4.810446	5.080243
4.933555	4.847489	5.766996	5.634579	4.618289	5.391204	4.668256	4.516636	5.327211	5.083884
4.591028	3.950264	4.539305	4.451443	4.291439	5.349459	4.746384	5.086679	5.132962	4.566525
5.621659	5.378468	4.693789	5.039554	5.263697	4.854534	5.347077	6.057141	5.183473	4.598267
3.969125	4.871581	5.213764	5.083882	4.518305	4.0575	4.889786	4.177312	5.010064	4.505965
4.959178	5.000646	5.146615	4.984234	5.254435	6.021675	5.695357	5.176734	5.547059	5.180261
4.206717	4.804267	5.341364	5.617024	6.076561	4.92228	5.002057	5.006378	4.118773	4.74609
4.683498	5.733472	4.885664	4.840913	4.770457	3.92613	5.377445	5.429869	3.900985	5.093907
4.158614	4.10484	4.791254	5.618867	4.617396	4.822643	4.707862	4.651859	4.971789	4.98904
5.0136	5.055068	5.28089	5.038656	4.812214	5.563822	4.930982	4.989581	5.464316	5.546107
4.402275	4.032647	4.616318	5.159464	5.447241	5.304815	5.431405	5.083806	4.299111	4.936496
5.861943	4.283307	4.266127	4.932237	4.588457	5.072668	4.37501	5.058073	4.630558	3.678721
4.09798	5.958272	5.186378	4.0983	5.165442	3.915987	4.383252	4.40742	4.979131	4.887705
5.172683	4.253588	5.367745	5.800238	5.112735	5.263515	3.958405	4.65415	5.059907	4.914904
5.378329	4.232027	4.494952	5.622036	3.872546	4.807495	4.548803	4.755525	5.603494	5.339061
5.045135	4.962494	5.000909	5.709984	3.834409	4.918774	4.352018	5.101485	4.248532	5.677075
5.036314	5.077781	4.194708	5.06137	4.044145	5.468284	4.921693	5.707283	5.050879	4.791158
6.145803	5.206927	4.943703	5.599398	5.183939	5.795026	4.924551	5.097922	3.711246	5.614728
4.587711	4.359682	6.137049	5.752747	5.348132	5.101158	4.917198	4.490837	3.306503	5.675376
4.153114	4.280752	4.849797	4.118913	5.68721	4.450963	5.260835	5.054642	5.234476	5.761695
4.866886	5.217844	5.174782	4.773979	4.707677	5.216851	4.776267	5.487765	5.528425	5.689375
4.71497	4.687072	4.369823	5.617295	4.078302	4.98118	4.958463	5.085163	4.837086	4.254137
4.595952	4.389378	5.578578	4.8912	4.394562	4.920095	5.150016	5.064989	5.45407	4.705448
5.371178	4.561374	5.030713	5.756411	4.838251	5.2061	5.42241	5.429159	4.986147	4.874448
4.732332	5.283852	4.877303	5.024518	5.300831	4.557578	4.388411	5.937706	4.699432	5.465029
5.152164	5.151264	4.476573	4.193006	5.098531	4.974442	4.356494	4.348504	4.124759	4.620831
5.723954	5.007143	5.09833	4.988747	5.736639	5.476279	5.554193	5.377676	5.495867	5.268468
3.55522	4.585641	5.148377	5.198699	4.070509	4.511464	4.711256	4.598108	4.718729	4.637221
4.857738	4.709457	4.844016	5.058528	5.219595	4.814551	5.29481	4.154983	4.881284	5.298955
4.390243	5.746571	4.363265	5.732127	5.439356	4.713271	5.474026	5.159034	5.325984	5.004196
4.888721	4.930188	4.953012	4.913777	4.58406	4.862939	4.412085	4.613168	4.4229	5.850885
5.10359	5.269954	4.281589	4.981734	6.218447	5.730878	4.641674	4.677369	5.917003	5.333774
4.706466	5.076674	5.961935	5.445031	5.322678	5.242868	4.062021	4.83496	5.338678	5.392136
5.395394	5.409859	5.508401	4.920637	4.697674	4.908543	4.519028	4.726956	5.334257	4.348774
4.849576	5.128918	5.481664	4.083432	5.06175	5.69997	4.666865	5.218171	5.079577	5.797115
5.028423	5.06989	5.397537	5.053479	4.481953	4.872104	5.091548	5.23318	5.080748	5.456857
4.754889	5.130718	5.338559	4.235717	5.001385	4.411517	5.270733	4.010508	5.090199	5.603612
4.801395	4.822655	4.661692	5.031267	3.762077	3.940467	4.759298	3.553652	3.968882	4.999062
5.024115	5.065582	5.050345	5.049171	5.679294	4.609814	4.894705	4.974911	4.921627	5.304073
5.407914	4.44352	5.057939	5.69919	5.615494	4.932043	4.520424	4.571432	5.342611	5.345096
5.767367	4.700505	4.860629	4.384058	5.281269	5.367187	4.654947	4.193933	4.832779	5.589489
4.971082	5.012549	4.427711	4.996138	4.186035	4.416134	5.088263	4.798572	5.263627	4.220285
6.161057	5.491558	4.528316	6.300488	4.740985	4.965911	4.22225	4.913042	5.559429	4.745915
5.207331	4.026236	4.684137	4.942237	5.402028	4.942157	4.087326	5.098262	5.68803	5.141437
4.616054	4.652993	4.135368	3.364431	5.290638	5.064408	5.244217	4.615	4.429376	4.5539
4.573214	5.432	5.357362	5.245943	5.421958	5.919787	5.158448	4.886578	4.813095	4.860686
4.648863	4.849531	4.053302	5.862021	5.526977	6.366669	5.146273	5.145434	5.580676	5.434718
5.881713	5.294487	4.647006	4.152701	4.819284	5.023384	4.884326	5.332938	5.053485	4.224779
4.747607	5.696372	4.4391	4.118056	5.527333	4.871044	4.330512	5.435037	4.848642	4.669889
5.488095	4.293315	4.555024	4.690777	5.379237	5.562188	6.096669	5.634386	5.84688	5.199585
5.579869	4.593568	4.058109	5.152022	4.331945	5.320203	5.331162	4.551368	5.822882	5.201126
4.989778	5.031245	5.536204	5.014834	4.772598	4.501622	5.460312	6.009431	5.869091	4.937991
5.182461	6.410158	4.812328	4.792449	4.596119	4.867853	4.79785	5.642412	4.808534	4.158944
5.982005	4.762694	5.281572	5.534966	4.939966	4.308019	5.493073	5.204966	4.639287	4.742029
5.59011	5.512667	4.132368	5.104653	6.926718	5.404404	5.011658	4.911122	4.871982	5.085161
4.645535	4.575653	5.03753	4.246611	5.231986	5.066226	5.214064	5.20136	4.890569	5.386564
4.452287	4.841923	4.341494	5.445414	5.124547	5.735445	5.180016	4.722836	4.674453	5.364423
5.571413	5.039571	6.333053	5.194299	4.48834	5.564662	4.309801	5.59062	4.198359	4.450577
5.071553	5.774527	4.937485	4.808535	5.455192	5.346883	4.704621	5.088512	6.233459	5.624856
4.416599	5.025183	5.015817	5.918188	5.527094	5.191453	4.975823	5.597173	5.519901	4.697433
5.104286	5.14523	5.21497	5.977616	4.107867	5.298258	5.797769	4.245822	4.02945	5.309344
5.345919	4.358718	4.999797	5.480859	5.721651	5.535976	5.062894	5.008916	5.454627	6.152032
4.985209	4.441774	5.074064	4.705249	3.993482	5.141021	4.558706	4.116708	5.804064	4.501664
5.043568	5.085035	4.568221	5.068624	5.007292	5.513094	4.727726	5.11833	4.947838	5.377928
5.145418	5.369519	4.920132	5.352922	5.393008	4.468768	4.436193	4.479415	4.621991	4.29834
4.717529	3.929267	5.437068	4.858474	5.15603	5.023594	5.636858	5.431744	4.747493	5.249104
3.961567	5.095108	5.438038	5.193315	5.218183	4.825632	5.907687	4.653649	5.38761	4.70856
5.018781	5.060248	5.498726	5.043837	5.353133	4.629958	5.024305	4.491184	3.897176	5.396488
4.78914	5.154119	4.312721	4.605031	5.428985	4.440792	5.361855	5.916245	4.950865	5.388233
5.021959	5.063426	5.153622	5.047015	5.093009	4.116128	4.782516	4.045168	4.598495	5.048577
4.667951	4.228806	3.958431	5.742792	5.952547	5.022861	5.853282	5.263296	5.186429	4.742867
5.015184	5.056651	5.193707	5.04024	5.938274	5.04578	4.792115	4.556681	5.726507	5.098589
5.221611	5.55371	5.278576	5.677772	5.292187	4.961279	5.147588	4.827501	5.149255	4.495509
5.465141	5.296945	5.52265	3.713658	6.094839	5.844658	4.772799	4.649588	5.303892	5.711199
5.216959	4.750127	5.481823	4.112917	6.012561	4.630302	4.574577	4.681319	4.838148	4.591564
6.646867	4.962066	4.970191	5.065885	4.85425	4.263921	4.466834	5.008046	4.616047	4.498933
5.142331	4.94405	5.475873	4.007948	5.118047	4.919052	4.919835	4.763015	5.14497	4.488751
4.562931	5.435065	4.555706	4.117239	5.346049	4.301221	5.718417	4.431864	5.142144	4.417997
5.565333	4.231206	4.620456	5.067402	5.043004	5.050903	4.900645	4.988499	6.08217	5.144496
4.949412	5.556372	5.233071	5.238326	4.530377	5.708033	5.255088	4.615962	5.018435	5.976374
4.140149	5.4006	4.678566	5.040208	5.170333	4.801138	4.391997	6.284553	5.237632	4.661374
4.873379	5.196992	5.186492	5.719088	4.853478	4.320382	4.695889	4.282733	5.000269	5.736465
4.793939	4.676039	5.747534	4.5226	5.590627	6.041856	4.811975	5.005711	4.641019	4.513528
3.998646	5.286925	4.519235	5.294292	4.768389	4.714008	5.221611	5.949841	4.819758	5.201346
5.339623	5.608352	4.444611	4.965295	5.916778	5.095146	5.920033	5.167712	5.318513	5.48137
5.635685	4.641693	4.722697	5.052413	3.956658	4.815772	4.612216	5.141584	4.519168	5.160484
5.259026	5.145787	4.511707	4.052338	5.051787	4.622184	4.395497	5.489911	4.634542	5.896655
5.063823	4.417706	5.690449	4.809218	4.80516	5.732112	5.661266	5.005682	5.029763	5.57431
4.900866	5.778347	4.692269	5.227696	5.42931	5.134493	5.056179	5.888225	5.016162	4.805314
4.455647	5.427614	5.726796	4.911089	4.652393	5.558539	5.514343	4.894321	4.685509	3.765051
4.344218	4.458121	5.017139	4.867914	5.476501	5.362852	5.453016	4.813433	5.222494	4.546907
5.195511	6.215069	4.613368	3.920133	6.03605	4.682833	5.229095	4.48611	4.909352	4.450522
5.111336	5.152803	4.419287	5.136392	5.347747	4.886813	4.76227	4.607562	5.48582	5.535741
4.785553	4.785056	5.672009	5.013319	5.516702	5.030019	4.839382	4.23882	4.728348	4.12531
5.505364	5.534386	5.423787	5.284918	4.176728	5.852477	5.409139	3.694704	5.372214	5.192369
4.824026	4.729499	4.358544	5.231875	3.904449	4.288446	5.753792	4.512724	4.867045	5.356704
4.064851	3.586918	4.912429	5.12949	5.966724	4.781703	4.716881	5.270068	5.278568	5.68855
5.098309	5.289714	4.49025	4.918849	4.207455	5.200957	5.177268	5.873187	5.321133	5.167171
5.626999	5.079976	5.257704	5.312963	4.494617	4.339559	4.710737	5.777967	5.831464	4.718932
4.530778	5.986488	4.953516	5.807368	5.044695	5.648859	5.529995	5.971312	4.958253	5.932774
5.242979	4.513788	4.79644	5.089062	5.567179	4.20911	4.296228	3.710258	5.45905	3.655707
4.719154	5.367642	5.220324	4.841628	4.67385	4.687257	4.568714	3.660847	4.46696	5.688394
5.056594	4.021123	4.643827	5.457487	5.060885	5.319616	5.877954	5.137424	4.622466	4.485979
5.371782	4.918133	5.0917	5.384493	4.792325	4.279917	5.340869	5.135397	5.785202	4.289476
5.710038	5.267003	4.408734	5.165659	4.822571	5.480324	5.568307	5.218409	4.966397	5.383023
5.037706	5.079174	4.574831	5.062762	4.949589	5.802296	4.07585	5.315503	4.990024	4.755496
3.850273	4.942433	4.335085	4.569181	5.767279	5.273347	5.881374	4.543712	5.031659	5.493648
5.295329	4.411233	4.973274	4.141386	5.540989	4.32072	5.126635	5.444447	5.404279	5.852631
5.086946	5.128413	4.908807	5.112001	3.687204	5.283837	4.850332	5.547486	4.646128	5.720949
4.641774	4.753839	5.300606	4.182255	5.746792	5.179995	4.901819	4.115187	4.543065	4.756427
4.874707	4.333976	5.832021	5.090334	5.313797	4.5543	4.810423	5.137209	6.175884	5.149458
4.975368	4.648941	4.947036	5.304051	5.304521	5.535383	5.224348	4.889936	5.495019	4.214816
4.674805	5.371943	4.457116	5.519443	4.63338	4.828018	5.093375	5.381577	4.611492	4.940513
6.078998	5.086072	5.087751	5.04112	6.450861	5.263822	4.787572	4.748704	4.52001	4.831167
4.80974	5.245164	6.145189	3.918384	4.71166	4.634721	4.703249	4.875184	5.474662	4.956841
5.667043	5.420792	4.623985	5.36044	6.371552	4.36128	4.451907	4.657421	5.004454	5.173326
4.359118	5.379899	5.189863	5.257355	6.057661	5.445375	3.944316	6.126772	4.426036	5.078478
5.144417	5.482057	4.729274	5.250219	5.816637	4.811207	4.574067	4.757468	5.798	5.236368
5.321208	4.359094	4.68636	5.234119	4.801328	4.427422	6.286769	5.554892	4.565268	4.749173
4.433679	5.413535	5.26835	5.517708	5.180488	5.381779	4.481571	3.976204	5.16819	4.845649
6.258596	3.93926	5.012021	3.675198	5.484336	4.475193	5.047437	4.848646	4.539045	4.815373
4.964774	4.171966	4.983977	5.788448	5.330726	6.139742	5.273056	5.745812	4.981587	4.993695
5.004957	5.046424	4.848801	5.030013	4.690537	5.475157	4.89009	5.118948	4.449389	4.757731
4.533068	4.31189	5.390496	4.886111	4.810889	5.092296	5.752724	5.202762	5.532856	5.649441
5.254622	4.314818	4.400996	5.790044	4.614367	4.830973	5.299473	4.779384	5.106228	4.34936
4.968562	5.010029	4.230896	4.993618	5.026157	4.719952	5.143966	4.977239	5.283114	5.835197
5.568416	4.317099	5.085746	5.155849	5.45956	5.651134	4.537649	4.414674	4.91247	5.465755
4.933795	5.409964	5.335842	5.234995	4.782381	5.108845	5.428151	4.780343	4.410526	5.685429
4.774543	4.519834	4.748616	4.073378	4.914377	5.536232	5.206954	4.374149	4.36907	4.625343
4.444285	5.030475	5.510436	4.531866	5.21724	4.867588	4.605639	4.661086	5.390594	4.311077
5.052898	5.094366	5.848417	5.077954	5.191089	5.014514	4.418603	5.669517	4.251227	4.814276
5.236869	4.390439	4.734117	4.988899	4.858896	4.631408	5.200541	4.458652	4.922633	4.724791
5.576312	5.5734	4.575909	5.626744	5.146347	5.365406	4.663482	3.980887	4.459199	4.77627
4.984535	5.026002	4.724968	5.009591	5.259249	4.305586	5.057203	5.974833	4.562909	4.276735
4.846348	5.371164	5.349727	5.844042	5.068367	4.451277	4.139757	4.859293	4.981738	4.047805
4.359151	4.896697	3.73557	4.316699	5.848829	5.416645	5.027655	5.834197	4.938183	3.30407
5.030916	5.072383	5.672927	5.055972	6.000893	4.861557	4.693445	4.565182	4.926539	4.685301
5.203297	5.344883	4.701499	4.367987	4.867613	5.407208	5.752441	5.171938	5.487361	4.616082
5.221797	4.331699	4.402592	4.981639	5.015923	5.273763	5.443725	5.281625	5.290552	5.406745
6.161054	5.468488	5.275847	4.138229	4.999491	4.825287	5.174732	4.43512	4.885322	5.565574
4.696424	5.208982	5.246281	5.829083	4.096104	3.990653	4.350726	4.784967	3.927276	4.906431
4.713313	6.39245	4.845566	4.329743	5.347706	4.406478	4.609162	5.179927	4.285873	5.417489
4.687006	5.266858	5.085288	5.561189	5.674074	4.657817	5.23432	5.70695	4.818202	6.059491
4.675013	5.087598	5.117886	4.53363	4.99626	4.957567	4.669158	6.19347	5.866663	5.115929
4.991836	5.033303	4.516583	5.016892	5.314334	4.782115	4.923935	4.339277	4.217613	5.7127
5.217383	3.8156	4.493554	4.862272	5.356944	4.290272	4.121133	5.905676	5.762459	5.465277
4.749797	4.575832	4.139682	5.850357	5.386979	4.558791	5.244915	4.279718	4.497215	5.362367
4.498147	6.001334	5.157792	5.072845	5.473182	4.626851	5.073963	6.0639	4.676196	4.217865
5.04165	5.083117	4.643493	5.066706	3.966684	4.875077	5.082629	4.758262	5.600446	4.579123
4.986701	4.708366	5.305447	5.886996	4.856144	5.444727	5.246905	5.359856	5.393383	4.131864
4.601561	6.03571	5.254739	5.80676	5.514997	4.961911	4.392164	5.100397	4.208421	3.967968
3.350951	4.047804	5.326016	4.806049	4.788155	3.957862	4.993617	4.366546	5.475851	4.962377
5.044488	5.085955	5.310379	5.069544	5.011609	4.844342	4.684258	6.000196	4.978927	4.526538
5.337908	3.975056	5.214543	5.019191	5.239384	5.156692	5.018559	4.156197	5.081322	4.366249
5.53266	5.683745	4.613516	3.66673	5.855541	4.924056	4.726602	5.700508	4.969873	5.475202
4.829035	4.854944	4.662501	4.563654	5.339719	5.206816	5.32273	4.528767	4.647603	5.11349
5.413814	4.659057	5.742804	5.323672	4.860044	5.746322	6.080928	4.074907	4.803053	5.377793
5.127433	5.1689	4.5557	5.152489	4.567522	4.262204	4.925563	4.933075	4.805491	5.094786
5.521164	3.846348	4.74109	5.030228	5.250019	4.281035	4.429814	4.600875	5.928909	5.945695
5.654441	5.109543	5.085971	4.625218	5.638455	4.662334	6.007067	4.968874	5.380534	4.988002
4.386443	4.886001	5.005304	4.914367	4.955385	5.711766	4.539212	5.53671	5.534806	4.109747
4.840071	5.651398	4.429534	4.59155	5.125093	5.3461	4.219554	5.219251	4.485181	4.98204
5.239026	5.270314	4.524899	5.272905	5.198817	4.324104	4.231442	5.813551	5.565482	4.667552
5.258504	4.631404	4.264062	4.743686	4.822308	5.209456	4.495702	4.572662	4.692751	4.385382
4.900171	4.941638	4.560073	4.925227	4.987318	5.05093	4.65879	5.728593	5.269208	5.705712
5.003846	5.045313	4.363379	5.028902	5.038909	6.112868	4.132177	4.711401	5.665302	5.594666
4.918435	4.959902	4.466358	4.943491	4.259356	6.018059	5.285823	4.251244	4.874066	4.879282
6.048457	5.319838	4.842875	4.470412	5.176235	4.87117	5.128386	4.155101	5.593006	5.506471
4.993796	5.133919	4.847209	4.66502	4.838037	5.00171	5.417989	5.695546	5.996349	4.726607
5.457668	4.773018	5.401843	5.133454	4.001333	5.818836	5.493983	6.032737	5.628011	5.041439
4.550611	5.127666	5.715354	4.956162	5.060867	5.037882	5.156685	5.086235	5.102087	5.160555
4.897888	4.939355	4.485173	4.922944	5.253778	5.474768	4.285723	5.259261	3.99987	5.451374
4.9737	5.527492	5.361902	4.685575	5.197486	5.130018	4.660697	4.84793	4.286261	4.731486
3.391686	4.840946	4.897715	5.088927	4.917787	4.763638	4.801028	4.51105	4.245736	4.680426
4.378758	6.005547	5.393712	4.283477	4.58682	5.688941	5.032486	4.209785	4.897475	5.260768
5.000129	4.70347	4.354874	5.556765	4.339527	4.797616	5.510818	3.597988	5.421691	4.39789
