5.0741	4.85097	5.313784	4.581985	5.157656	4.949528	4.564569	5.140868	4.82621	3.821182
4.877045	4.93925	5.347341	5.482689	5.815002	4.893232	4.356577	4.947523	4.92091	4.883686
4.592014	5.191338	5.29388	4.900616	4.75465	5.838408	5.255822	4.038889	4.479859	5.041816
4.741681	6.521431	5.222289	4.685533	5.154396	5.122248	5.353542	5.058387	4.80043	6.303103
4.809926	5.152209	4.766228	4.94621	4.69287	4.972988	4.290683	5.14496	4.636962	4.281196
4.775435	5.295573	5.046722	5.357079	5.205545	4.541724	5.308251	4.41758	5.905366	4.35439
5.461548	4.691361	5.523504	4.397147	4.874146	5.761604	4.919095	5.424094	5.099845	5.12994
5.446151	5.866134	4.614759	4.739225	5.497113	4.103625	4.788666	5.570136	5.511896	4.092042
4.847817	5.047588	3.755929	4.733434	5.63463	5.003085	5.890834	5.219221	4.748178	5.59574
4.49949	6.019679	5.381995	5.178478	4.867769	4.734158	5.210931	5.651409	4.43878	4.916971
5.319955	5.137931	5.463345	5.162135	6.075509	5.463607	5.329493	5.430342	4.508715	4.759508
4.997682	4.181978	4.431213	5.168899	5.597934	5.429012	5.16734	6.019592	5.044306	5.273924
4.807599	4.813102	5.322817	5.33066	5.77266	5.68256	5.226537	5.596562	4.278566	5.70114
5.794162	5.557494	4.828342	5.67952	4.822111	5.193426	4.977067	4.471124	4.992236	4.705001
3.977818	5.741659	4.378763	4.842747	4.562457	5.244047	5.525137	5.363874	5.284523	4.715624
6.278705	4.49226	4.592517	4.719304	5.036738	4.706957	5.482936	5.979578	4.93374	5.318622
5.031896	5.894711	4.959006	5.281134	4.975609	4.95448	4.197603	5.504441	4.705102	4.760015
4.917274	4.371552	4.569615	4.92711	4.508258	4.898614	5.76151	5.771518	5.834417	4.990947
5.958383	5.816844	4.993175	4.964237	5.170115	4.370524	4.990873	5.107374	5.28951	4.546734
4.604014	5.671878	4.904561	4.936163	4.807494	3.647226	5.067855	4.3153	5.392822	4.300547
5.258128	5.109342	5.100535	5.38023	5.117138	5.09601	4.666418	5.378736	5.247097	5.052767
4.887626	5.396844	5.077613	5.705306	4.46854	4.814586	5.440566	6.137282	4.822261	5.417325
3.858993	3.665471	4.227238	5.564424	5.458336	4.732787	4.879973	4.995945	4.721927	4.964541
5.252665	5.029203	5.376814	4.187511	4.920418	4.869586	5.032243	5.272353	5.157235	4.723656
4.487683	5.170975	4.881941	5.021329	5.221049	5.888535	5.082776	4.710486	4.83215	4.939702
5.354458	5.052106	4.89163	4.385367	4.908233	4.887104	5.655806	5.054498	5.076303	5.112498
4.472721	5.573454	4.451574	4.922694	5.218509	4.010207	4.965516	5.064646	4.889366	4.319256
5.174131	5.297665	4.648011	5.78551	4.56283	5.503051	5.592425	5.56565	5.77678	4.428387
4.443629	4.989512	4.642594	5.38366	5.253261	4.495792	5.274367	4.631917	3.733593	4.682028
6.310041	5.046285	5.843704	5.593077	6.187905	5.765532	5.118477	5.107953	4.732739	5.008706
5.636398	5.367971	4.553383	5.228447	5.311091	5.159044	4.882767	5.995891	4.63647	4.712346
4.979396	4.458633	4.541358	5.271688	4.956424	5.356473	3.55583	5.2296	5.338406	4.434368
5.21099	4.603722	5.458448	4.64	4.945294	4.844305	6.133909	4.907743	3.937559	4.534281
5.871887	3.969946	5.757845	5.186648	4.665822	5.414591	4.742409	5.05553	5.804763	4.902094
6.455727	6.203907	4.080114	4.720278	5.572447	4.815746	5.236794	4.233374	3.775167	5.507697
4.866744	4.47185	4.965033	5.320486	4.981636	4.960507	4.981576	4.94775	4.962862	5.580047
4.872901	4.962747	4.977303	4.33815	5.555997	5.434359	4.420928	4.081941	4.600204	4.344132
4.161482	4.708192	5.079552	4.676689	4.161389	5.336556	5.446838	5.763621	5.773313	5.381853
4.916843	4.964586	4.827347	3.97308	4.84395	4.822822	5.222721	5.367279	5.224699	4.261938
4.375724	5.349109	3.824067	5.272705	5.009646	4.816914	4.888367	4.440916	5.271812	4.866816
4.587373	5.020779	5.209787	6.077208	5.174743	4.64013	4.417973	4.79765	5.148852	4.199575
4.72713	5.15312	4.479051	4.859209	6.057345	5.072729	5.282335	4.763345	5.241426	5.548846
5.075236	4.898026	4.975658	4.393057	4.992261	4.971133	4.675168	4.989747	5.272041	5.722411
6.556052	4.587891	4.464925	5.075585	5.12233	5.60074	4.213342	5.691032	4.839851	4.91156
4.888256	5.213241	5.012177	4.843133	4.72795	5.454126	4.812417	6.702947	5.39809	5.733278
4.605968	4.996294	4.305661	4.015165	4.55841	4.700387	4.865399	5.561224	5.15298	4.898821
5.830391	4.720415	5.147987	5.254296	5.022743	4.64032	5.251239	4.875038	5.563834	5.062184
5.212265	5.667888	5.355321	4.371708	5.060134	4.764306	5.232244	5.785879	5.444811	5.799957
5.020108	4.954421	5.572014	5.43738	5.019074	4.903423	5.468912	5.28651	4.150514	5.127611
4.656833	4.41638	4.79917	4.882759	5.62262	5.93717	5.127757	6.075514	5.256017	5.81445
5.786101	4.397592	5.136425	5.686561	5.255523	5.108717	6.220387	4.977448	5.171342	4.24036
5.038555	5.682104	4.85024	6.16115	4.866843	4.845715	5.145296	4.514284	4.763398	5.202265
5.453082	4.952444	4.747317	5.173753	5.450566	4.521362	3.595423	5.776851	4.519407	5.311681
4.712035	4.406868	5.80332	4.859044	5.630889	5.308331	4.660776	4.421998	4.685211	6.009469
5.244405	4.455405	5.081739	4.922253	5.685437	5.526434	4.578643	4.512321	4.796807	4.470672
4.384713	3.77068	5.362802	5.287588	5.358577	4.954922	4.346076	5.660592	3.819701	5.181137
6.080661	5.168967	5.140727	4.898494	5.15733	5.136201	4.656942	5.634318	4.901682	5.189148
5.722691	4.982496	5.070833	5.56171	5.455886	5.283729	5.67303	5.03272	4.624303	4.878589
5.26608	5.742249	5.703419	4.30512	5.205337	4.9571	5.834693	4.594094	4.4624	5.807624
4.499722	6.607613	5.138851	5.910483	4.728566	4.445472	5.093158	5.135154	6.280727	5.309962
5.506657	5.608828	5.809824	5.401313	5.201349	5.924968	5.112702	4.206578	3.931661	5.485138
4.112217	4.695713	5.338467	5.724212	4.45045	4.766226	4.903401	3.918202	5.343454	5.306106
4.820148	5.222311	5.552078	4.527209	4.91017	5.300691	4.976539	5.777247	5.572221	5.59527
5.746566	5.485283	6.064913	5.228313	5.633685	4.57644	5.305654	6.277256	5.161538	5.712886
5.721455	4.430098	4.917268	4.895069	4.933871	4.912742	5.181564	4.643407	5.339119	4.987024
5.345215	4.426586	4.460217	4.702274	5.382709	5.272543	5.289652	3.863147	4.840224	5.180645
5.310665	4.988243	5.018619	5.058452	5.035222	5.014093	4.576622	5.068121	4.718934	4.993765
5.623098	5.188342	4.62843	5.14017	5.360829	5.155418	5.320289	5.389316	4.981209	5.444939
5.595345	5.274348	5.702537	5.892885	4.996755	5.731751	5.02996	5.099812	4.246566	4.561961
5.107117	4.753961	5.570622	5.593116	4.848906	4.930945	4.928885	4.974686	5.487766	4.994072
5.366744	4.938369	5.295089	4.382894	5.141114	5.329224	5.397579	4.150728	5.109413	4.842683
6.267284	5.55852	4.918432	4.636088	4.935035	4.913906	5.095204	5.653309	5.344943	4.701494
4.741653	5.60971	5.125949	5.14717	4.599781	5.771691	4.911771	4.66796	4.671585	5.190188
6.328889	4.83309	5.025815	4.310861	5.042418	5.021289	4.836217	4.361422	5.92573	5.80919
5.075041	4.786441	4.896839	4.977436	5.462328	5.187515	5.48349	3.982725	5.237247	5.429969
5.499131	4.35184	6.069991	5.394275	4.368631	4.615284	4.98742	4.818051	5.027032	4.939161
4.506295	5.001552	4.638861	5.136993	4.244559	3.49577	4.789456	5.347019	5.169747	4.534437
4.537405	5.483266	5.307288	4.109636	4.973011	4.76648	5.890446	5.252218	5.460353	6.114968
4.795596	4.906027	6.0599	5.180032	5.375352	4.437326	5.235749	5.546767	5.69204	3.626176
5.667814	4.899252	5.079481	5.335608	5.096084	5.074955	4.58357	5.588831	4.967278	6.197844
5.254339	4.811072	5.03436	4.404083	5.050963	5.029835	6.002078	5.808176	5.16326	3.658125
5.210005	4.142854	5.563998	4.177292	6.403629	4.812652	5.626867	5.513364	4.881021	4.502002
4.64089	5.182742	6.488145	4.904648	4.753567	5.744314	5.159175	6.320265	4.091781	5.382737
4.871175	4.011421	5.364619	4.031603	5.473239	5.613219	4.339938	5.134301	4.405867	4.83129
5.203952	4.198694	4.390204	4.100298	4.524281	4.936995	4.947314	5.118909	4.940265	5.276303
3.966871	4.874567	5.20806	5.228177	4.711061	5.081342	5.511059	4.8087	5.244213	5.601933
5.2372	4.907063	5.109448	4.893688	5.281549	5.624069	4.733212	5.211094	4.765531	5.190281
5.370918	4.932528	4.542732	4.934204	4.462954	4.521655	5.759264	4.393785	4.418366	6.013475
5.746312	4.88668	5.712725	4.967027	5.807795	4.950792	4.712361	5.839196	4.902617	4.887069
3.718462	4.655689	4.718251	5.12891	5.248014	5.503628	5.919694	4.603367	4.864345	5.212069
5.820209	4.396298	5.075768	3.920462	5.092371	5.071242	4.594494	4.449026	5.171612	4.917359
5.414514	5.127821	4.207642	4.608852	4.02535	5.323153	4.687274	5.273026	4.350974	5.312249
4.642744	5.443336	4.995352	5.343092	5.011955	4.990826	4.635808	5.20644	5.47466	4.258718
4.822947	5.540681	5.379288	5.570829	5.260231	5.795385	4.624358	5.289592	5.067299	2.563113
4.762162	4.677763	5.269794	4.907314	5.183606	4.656803	4.332967	4.327813	3.919017	4.582369
5.070041	3.352384	5.919238	5.492462	4.129557	4.146096	4.969213	4.840097	5.572814	4.92225
6.058086	4.780825	4.368662	3.885981	4.835887	4.945956	4.997563	6.035182	4.045365	5.116221
5.622507	4.682393	4.348094	5.033375	4.67526	4.871675	4.058447	4.559214	5.594576	4.910942
4.742636	5.746549	5.057076	4.977858	5.073679	5.05255	5.985655	5.705933	5.427002	4.154844
4.617956	5.040991	5.072997	5.522612	4.435106	4.908433	4.584819	5.274314	4.527901	6.002308
4.560893	5.264069	6.629601	4.888006	5.521083	5.709291	5.348002	4.574374	4.045032	6.12072
5.067771	4.563548	4.278188	4.981101	3.962748	5.113788	4.881895	4.627276	5.627313	4.765367
3.562205	5.277956	4.872845	4.872976	5.066427	5.884405	5.859834	4.482401	5.029644	5.514724
4.428803	5.250333	4.320885	4.527064	5.426099	5.25529	4.943664	4.4507	4.406009	4.687675
5.270895	4.134538	5.543268	4.80406	5.191315	5.48165	4.772308	4.377095	5.411126	4.934524
4.93162	5.327005	5.499833	4.957612	4.718919	5.214482	4.748721	4.838433	5.365849	5.011877
5.098945	5.717832	3.954011	5.415105	4.635128	4.611908	4.215491	5.553758	5.569343	4.519544
4.333782	5.403903	4.647762	4.018147	4.688739	4.088982	5.359112	5.102734	5.496232	5.142618
5.263722	4.827537	4.837818	4.539556	4.567225	4.729707	4.508419	4.99812	4.743216	4.82291
4.512969	4.459562	6.120144	4.304944	6.27143	4.621223	6.029764	4.244561	6.343456	4.354245
5.179173	4.645149	4.957546	4.532577	5.89716	4.949219	3.921233	5.156829	4.848113	4.736382
4.853895	4.935869	4.015788	4.998515	5.444805	4.429569	4.613886	4.353152	5.407306	5.156199
4.630576	5.234425	5.046723	4.227508	5.063326	5.042197	4.9624	4.999369	5.888703	5.457546
5.646438	5.601476	5.468213	5.510795	5.209994	5.506581	5.508982	5.422721	4.559885	4.875613
4.87087	5.213817	4.968954	5.040337	4.985557	4.964428	5.871986	4.862399	5.539705	4.94585
5.856481	5.476123	4.264301	5.133734	5.400733	4.204563	5.297361	4.548897	5.971623	5.909761
4.853913	4.92936	5.398726	5.620223	4.735643	5.582376	5.318827	5.357761	5.8557	5.000903
5.190156	4.921793	4.502995	5.301196	6.461495	4.629699	4.495637	6.288733	5.315885	5.093862
5.191025	4.471876	4.713372	4.830599	5.288221	4.665803	5.537567	4.549501	4.782825	4.846987
5.657473	5.541343	5.097783	5.077138	5.038871	6.189028	5.455546	5.114668	4.806358	4.462602
5.049772	4.945004	5.310453	5.150236	5.372779	4.883425	5.045462	5.371315	4.033499	5.103508
4.397261	5.23498	5.588765	4.303267	5.611635	4.501907	5.346374	5.215789	4.597249	5.04802
5.104351	5.772474	5.091798	5.241874	4.933458	4.94682	4.614043	5.267803	4.903543	4.542826
4.747773	4.412402	4.646119	4.382641	5.230546	5.272406	4.8314	5.652383	5.066843	4.795247
4.887043	4.113079	5.508595	4.886611	5.100537	5.147046	4.410453	5.046023	5.398359	5.216811
4.580964	5.488102	4.844742	4.887844	5.975561	3.487469	5.218704	4.925176	5.75412	5.652735
4.520765	4.316195	5.089071	4.602503	5.105674	5.084545	4.674888	5.159531	5.207258	4.456933
5.581522	5.936153	4.155667	4.878324	5.213399	4.555237	4.377319	4.210445	5.617028	4.386583
4.886234	5.076638	3.945112	5.643741	4.895078	6.183074	5.98679	5.592075	4.661469	4.816124
4.858134	4.512769	5.785135	5.270524	4.573759	5.497406	4.587479	4.980488	5.1076	4.326217
5.742571	4.073976	4.96601	4.657172	4.982613	4.961484	5.225201	4.574678	4.782359	4.61549
4.263803	4.930686	5.711887	5.130813	5.051731	4.587515	5.004552	5.124107	4.998291	4.872041
5.795179	5.094742	4.149021	5.068382	5.217601	4.670406	4.953277	4.508284	4.803709	4.786821
5.305861	4.343168	5.780956	5.593122	5.212538	4.21236	4.68499	4.661059	4.283953	5.402778
4.547799	4.854347	4.43402	5.606383	4.586836	4.40111	6.043087	4.856711	4.742915	5.35278
5.426722	4.578811	5.331531	4.712006	5.170992	5.338679	5.816698	5.133953	5.490757	4.862892
5.177261	5.253145	5.031931	5.430927	4.394454	5.041241	4.934821	4.703409	5.377726	4.836227
4.503679	4.829113	4.874215	5.737348	4.890818	4.869689	5.252352	4.823783	5.080659	5.156665
2.872337	4.287198	4.476976	5.730795	4.554797	5.56431	4.718879	4.815825	5.743906	4.906323
3.957888	5.04897	4.856947	5.025525	4.87355	4.852422	5.345259	4.529438	3.929918	4.973353
3.91758	5.508714	5.051287	4.660363	4.794257	5.228493	5.253625	5.975666	5.382802	4.159929
5.039604	4.309974	5.173117	5.267411	4.268962	4.650924	4.908979	4.990825	4.936331	4.496168
4.868219	3.865132	5.579349	5.261849	6.22715	5.577579	5.100742	5.582444	4.86552	5.353914
4.265542	3.683527	5.012207	5.394117	5.02881	5.007681	4.719944	5.849126	4.077464	5.244336
5.306931	4.720152	4.559085	4.925292	4.124459	5.999223	5.218775	4.151428	4.638638	5.794438
5.091755	5.534111	5.844149	5.268291	5.328867	4.495975	4.97541	4.576931	4.633459	5.400214
4.500141	4.311316	4.386032	5.429322	4.741042	4.910871	5.086309	4.60843	3.542302	5.752531
5.830026	5.626281	5.313141	4.213454	4.585023	5.180443	4.346069	6.56713	6.151903	4.74603
4.773225	5.33111	4.338272	5.126622	4.978254	5.876143	4.050922	4.112689	6.145765	5.070933
5.025117	4.846275	4.546623	5.131721	4.761911	4.79396	5.557491	4.52686	5.04143	5.587589
5.322196	4.627525	5.181191	5.223799	5.197794	5.176666	4.992211	4.969375	5.393111	4.429178
4.620408	5.578185	4.974895	4.675316	4.991498	4.970369	4.97309	4.329935	4.259236	5.526645
5.125847	5.6129	5.812024	5.426849	5.322996	5.541592	4.655536	5.136001	5.000777	4.968538
4.569901	4.275844	4.850874	5.3856	4.902477	4.284236	5.126646	4.847932	4.387805	4.842883
4.456231	5.488817	4.834921	6.020241	4.851766	4.080626	4.374887	5.022156	4.612723	5.360549
5.131629	6.537971	5.168885	4.158667	6.264112	3.833353	4.579886	5.676523	4.815769	5.387428
5.141486	3.80918	4.750296	4.813886	5.805765	5.145973	5.574633	4.175622	6.145149	5.515296
5.086555	3.901462	5.149931	4.320122	5.19421	4.658672	5.212874	5.655448	4.371422	4.574729
4.552883	4.084442	4.971987	3.928239	4.98859	4.967461	5.583494	4.771727	5.320753	5.490046
6.107263	4.702259	4.428689	4.886258	5.38627	5.361982	4.255911	6.319671	5.094242	4.617787
4.964903	5.508062	4.22632	5.119857	5.056516	4.939243	4.542094	4.622133	5.523469	5.174076
4.988796	4.858535	4.645979	5.140703	5.116612	4.76336	3.993261	5.141706	3.90955	5.016518
5.494544	4.650535	4.882308	5.174094	4.898911	4.877782	5.655435	4.549088	5.020376	5.923506
4.584988	3.685246	6.172893	5.906763	5.160119	4.739029	5.617474	5.036458	4.580799	5.326751
4.881184	5.006809	4.821802	4.771207	3.944385	4.449511	5.025708	5.57708	4.919087	5.288708
5.226857	5.648571	5.951612	4.83297	5.121078	4.314734	4.695232	4.282578	5.824606	5.170929
4.312873	5.834289	5.015329	5.17246	5.031932	5.010804	6.277911	5.309601	3.942209	4.967215
4.63818	5.32824	4.30964	4.838267	4.194939	5.645322	5.435551	6.107824	5.85922	4.281755
4.88725	4.909864	4.938107	5.374139	4.351351	5.167339	5.707423	4.042707	4.874495	5.005892
5.392432	4.646326	4.764151	5.143434	5.36539	5.074743	5.171272	5.139854	4.717451	5.097327
3.942865	5.52164	4.534017	3.909006	5.54615	4.886009	5.515393	4.066339	4.441142	4.736222
4.319666	5.156248	5.83012	4.895401	4.89164	4.717291	6.027395	5.011386	5.774496	5.228144
5.052046	5.146226	4.732644	5.228685	5.247582	5.435117	5.31727	4.922752	5.166691	5.074369
5.709805	6.151698	5.103621	4.628567	5.254115	4.867871	4.068781	5.366961	5.499811	4.301673
5.405379	4.868708	5.058314	4.880815	4.292921	5.465297	5.063912	5.607854	5.217445	5.414863
4.101467	5.880071	4.593132	5.244633	4.293282	4.728427	5.444741	4.12909	4.952777	4.776963
4.456597	4.766607	4.382252	4.731133	4.691616	4.41433	5.101067	5.948585	5.402229	4.396018
5.532593	4.563553	5.391828	4.615777	5.703552	4.045334	4.506312	5.006447	4.272206	4.747254
5.321251	4.955344	6.051329	4.708825	4.956105	4.82143	4.371511	5.194399	5.143408	4.680321
4.096579	4.701445	5.733902	4.184827	4.44676	4.819203	5.228217	5.02909	4.78112	5.143106
5.159241	3.829087	4.906168	5.212559	4.922771	4.901642	4.667951	6.24272	5.303932	4.851379
5.316638	3.792051	5.004112	4.896499	5.091856	4.215382	4.764652	4.776241	4.974079	4.581597
5.131858	4.20265	5.437985	4.359309	5.595126	5.206125	5.02102	6.147079	5.802584	5.501855
5.304815	5.569083	4.431959	4.531845	5.050027	3.740222	5.799805	5.452146	5.218027	4.313771
5.208727	5.029759	5.561173	5.48821	5.756756	4.762782	6.662214	4.661169	4.628221	4.918103
4.663632	4.803056	4.891531	4.392042	4.943336	4.64593	4.026617	4.961504	4.684891	4.98617
4.063881	4.434183	5.563588	5.500165	4.017664	5.55403	4.428619	4.989557	4.361976	5.345528
4.602186	5.872242	5.2623	4.60084	5.589623	5.283296	5.060944	6.354153	4.88945	5.188204
5.691466	4.8415	4.651773	4.177828	4.685951	5.158015	5.270725	4.303834	5.292953	4.450162
5.680685	4.878572	4.589573	6.107963	5.083516	4.96608	5.448827	4.852754	5.198634	4.970953
4.663607	4.3696	5.000165	5.210229	4.808293	3.65239	5.543473	4.613624	4.517494	5.369035
5.010576	4.348079	4.736316	5.071904	5.872558	4.277224	4.579243	5.318457	3.873147	4.459511
4.88334	4.990812	5.370737	3.49907	4.848957	5.715663	4.854998	4.169109	5.739989	4.542988
5.007828	5.299823	5.030966	4.041371	4.850711	4.659554	5.856927	4.856778	4.660318	5.361449
5.327213	4.831861	4.485507	4.996289	4.527511	5.730821	5.602927	4.727284	5.610598	5.109753
4.403967	6.005218	4.833553	4.945037	5.250334	4.628231	5.163924	5.0288	4.31998	5.770123
4.666122	4.468369	4.938838	5.239053	5.791028	3.948545	5.543014	3.777386	4.496161	4.171956
4.235857	5.475201	4.711714	4.635302	5.153986	3.920128	4.720797	5.394895	5.884138	4.814461
4.228217	4.390427	5.674839	4.411286	4.800093	3.909611	4.787405	4.678682	4.144095	5.795302
4.543756	5.111293	5.391934	5.726684	5.394599	4.333498	4.981875	4.849575	4.328042	5.096776
