5.9049	5.417512	4.133203	4.745618	4.710526	5.621279	5.211113	5.971979	4.699922	4.720089
5.074129	4.539556	5.044116	5.235405	4.615017	6.149467	5.153516	5.010543	4.96415	4.049487
4.823242	3.48729	5.372834	5.245139	4.630505	4.679114	4.292254	5.565762	4.321258	4.97715
5.034147	5.003064	4.204748	5.195371	5.171318	4.487566	4.61141	5.328018	5.465991	4.074625
5.747084	4.407331	4.199265	5.552756	5.071754	5.563372	4.823649	5.547225	5.044579	4.829095
4.719934	5.820298	4.396206	4.85775	5.401206	4.858166	6.080478	4.706825	5.926441	5.496891
5.274208	5.161751	4.290481	4.746595	5.480144	4.657329	5.614532	4.931169	4.998857	4.90294
4.794804	4.564191	4.763725	5.540249	4.802445	5.808741	5.191325	4.62297	5.006197	5.223635
5.101749	4.72652	3.913639	5.08529	4.975631	5.904355	5.137096	4.729702	5.234624	5.358914
5.344725	5.191021	5.41794	4.814826	5.173257	5.491692	5.102849	6.08015	4.071591	4.125229
5.14435	4.85274	5.280966	5.773829	4.466442	4.380006	4.597538	5.922431	4.495906	5.692495
4.552441	5.035479	4.208197	5.307728	4.758973	4.794875	4.82289	5.435307	4.663379	4.976217
4.872244	4.784173	5.608514	4.80213	5.781645	5.259711	4.786427	3.520707	5.274758	4.552344
5.321473	4.828602	4.593736	4.207796	5.279654	5.488067	5.881794	4.973598	5.605954	4.364912
5.587311	3.869841	4.483262	6.111372	3.821909	4.468456	5.121446	5.09571	5.108179	5.334272
4.28105	6.089589	4.525836	5.485259	4.406301	5.389399	4.463315	4.417282	5.585623	5.105388
4.549986	5.043744	5.08557	5.645377	5.058759	6.508616	4.983013	4.269419	5.083113	4.406117
5.014507	5.054795	4.261322	5.203193	3.870944	5.364088	5.02582	5.000083	5.012552	5.210163
5.051823	5.369657	4.446517	4.630893	4.940734	5.882019	4.95076	4.650246	4.753248	4.886197
5.348624	6.457582	5.213981	5.625231	4.248609	5.103113	6.219744	5.238415	4.882738	4.656418
5.020134	5.475094	5.368486	5.129597	5.123667	5.646612	4.731573	5.394882	5.555287	5.595562
5.749618	5.556186	4.09635	6.602021	4.138199	5.726857	5.70445	5.032809	4.997949	5.306182
5.3957	4.92223	5.520713	5.699528	7.006579	4.213398	5.455287	4.893398	4.855368	6.683085
3.700006	4.874944	4.533555	4.246034	5.538574	5.2348	5.59981	5.509789	4.748822	5.277141
5.083303	5.303894	5.295221	4.858221	4.696198	5.119248	4.841152	4.213856	4.966019	5.102258
4.556067	4.887748	4.644444	5.125206	5.881291	5.209623	5.154953	4.911875	5.390478	5.445289
5.632963	3.993532	4.727861	5.19071	5.659712	5.668421	4.396274	5.522437	6.56708	5.190999
4.682975	3.984812	5.352598	5.571036	5.879434	5.466217	5.405356	4.690306	5.239767	5.251443
5.019641	4.515639	5.218688	4.792712	5.8137	4.782468	4.851918	5.25543	5.584686	5.456904
5.394997	5.053338	5.939981	4.573977	4.451207	5.73026	4.631171	4.588973	5.113985	4.615171
4.905224	3.480908	5.538202	5.557485	4.031361	5.534128	4.902201	4.876464	4.888933	3.987841
4.863183	4.880425	5.145902	4.351419	5.101336	4.817471	5.836637	5.323543	4.334413	5.34733
3.997775	5.312276	5.681969	4.903707	5.240426	5.480712	4.819739	5.214521	5.601967	4.613528
4.930339	4.674443	4.372281	4.922305	4.956254	4.908547	4.179209	5.555134	5.177826	4.230961
5.355628	4.595996	4.793099	4.59917	5.125445	4.660161	4.471353	4.359072	5.084985	5.102538
3.840199	5.371387	4.261237	5.1295	4.979311	5.698906	4.715172	5.971425	5.605353	4.877797
4.982301	4.825074	4.308566	4.716751	5.646642	4.29494	5.113178	5.087441	5.09991	4.793407
5.511461	5.223528	4.255829	4.841957	5.491516	5.236222	4.823072	4.910121	3.582628	5.19338
4.186223	5.094213	4.790374	6.078933	3.987219	5.425841	4.929444	4.788786	5.861356	5.418619
4.086411	4.453665	4.862891	4.037723	4.967557	5.119644	5.022482	4.996746	5.009214	5.378265
4.609179	4.523246	5.040354	4.853577	4.997178	3.777777	4.948945	5.024171	4.562065	3.922241
4.227082	4.686314	4.508883	4.289473	4.808648	4.063795	4.156312	5.984392	5.312319	4.616438
5.986515	5.131865	4.935441	4.902279	5.239339	4.985125	5.900812	4.237834	5.750707	3.828945
6.003606	5.076447	5.198072	5.714149	4.613744	5.681538	4.10458	5.262355	5.004142	4.68774
4.811398	4.259154	5.083434	4.977925	4.434046	5.172206	5.284809	5.572671	5.258743	4.599375
3.993561	4.604393	4.463349	4.628849	4.41586	5.581573	5.331944	5.15668	5.348071	5.325667
5.367085	5.955599	5.145711	5.112648	5.717939	5.034427	4.997257	4.97152	4.983989	5.498349
5.650703	4.25004	4.873705	4.762986	5.081004	4.769605	5.087533	6.129086	5.583944	5.187934
5.250082	6.141811	5.320426	5.185837	4.059202	4.63961	4.316158	4.966284	5.159469	5.012079
5.595996	5.64376	5.028167	5.877845	4.420984	5.191326	5.202027	5.181458	4.507718	5.131264
4.925343	5.616037	5.42727	3.847525	4.179917	4.09166	5.218041	4.330214	4.701097	4.764394
4.503087	4.282413	4.531454	5.510561	4.767118	5.560675	5.290975	4.505391	4.788261	5.781009
4.478315	5.578839	5.498036	4.610119	4.915268	4.251191	4.209907	5.199907	4.425026	4.366935
4.417713	5.209827	4.551131	3.623537	4.80778	5.111948	4.986543	4.960807	4.973276	5.706666
4.903562	5.666883	5.565798	4.756546	4.858932	5.052077	5.693632	4.241233	5.234032	5.585024
4.486779	5.193065	5.417153	4.875496	5.372419	4.891932	4.62856	5.198627	4.500366	4.882277
4.879714	5.403518	4.02077	5.689274	5.334201	4.368332	5.607319	4.585267	5.09347	5.290768
5.600309	5.100875	4.323803	5.414745	4.884713	5.333712	4.966634	4.940897	4.953366	4.807995
4.143075	4.982773	4.970118	4.16246	4.296069	5.22807	4.977759	4.952023	4.964492	5.013674
5.151962	4.966256	4.185121	5.899467	5.148492	5.129559	4.85987	4.352365	4.502191	5.845351
3.854752	5.184775	5.407751	4.762887	4.65442	5.668163	4.892412	4.866676	4.879145	5.396277
4.931615	4.542531	5.29133	6.217643	5.468084	5.900122	5.346071	3.784346	5.25124	5.451099
5.294403	4.863374	4.954509	5.014548	5.202561	4.535745	4.627676	4.534106	5.294867	3.685719
4.66031	4.216152	4.47174	4.717369	4.652695	4.783103	4.300185	4.694532	4.966996	5.119159
5.501592	5.14075	4.246072	4.986759	5.031241	4.228684	5.052792	5.865729	5.223069	5.369914
5.885927	5.298423	5.672043	5.341521	5.308677	5.470645	5.233829	5.120522	4.582117	4.602305
5.547348	4.746515	6.151829	5.181984	6.316129	4.991251	5.057263	5.920063	4.408951	5.04882
3.947356	4.596469	5.50918	3.702291	4.280629	5.794915	5.451527	6.172745	5.008904	4.614296
4.924263	4.277798	5.304761	4.926169	4.584203	5.003871	4.312718	4.387524	5.30077	4.156758
4.972319	4.842432	4.28944	4.4788	4.873182	5.467212	4.834921	4.424762	5.439265	5.597288
6.368532	4.421354	4.980839	4.705286	4.153045	5.31338	5.035838	5.010102	5.022571	4.796609
5.749146	5.372426	6.207202	4.800133	4.75443	4.794726	4.948534	5.584203	5.036501	5.696773
4.247931	4.609889	5.44582	4.881351	5.594497	5.291857	4.993629	5.004886	4.798993	4.984423
4.94421	4.614851	5.315374	5.506189	4.191489	4.744041	5.032116	5.434652	5.783575	6.143193
5.746107	4.629978	4.857368	5.343138	4.795878	5.398054	5.052934	5.027197	5.039666	4.836842
3.844569	5.232337	4.897942	4.481249	4.43717	6.565694	5.269231	5.315107	4.99943	5.731672
4.467878	4.357141	5.206481	5.130672	5.416852	5.147723	5.492422	4.517109	4.812867	4.342815
5.891874	5.675981	4.881225	4.728703	5.014866	5.10585	4.970869	5.681279	5.491089	4.215084
5.470602	4.982223	4.412384	4.855998	5.194802	5.589415	4.633918	5.192111	5.981416	4.948088
4.410836	4.125903	5.578593	5.09149	4.987894	5.660647	6.095787	6.290209	5.384181	5.012115
5.07387	5.359237	4.697114	3.837494	6.586862	5.606754	4.96676	5.446444	4.777759	4.630514
5.148571	5.464728	5.566798	4.163094	6.179145	4.553667	6.086254	4.71461	5.450737	5.411562
4.932583	4.561846	5.355694	4.864025	5.564258	5.304968	4.985243	5.300901	5.291153	5.279129
5.443484	5.696581	4.32475	4.285155	3.984323	5.369893	5.342237	4.943168	4.850368	3.842457
5.917861	4.562654	4.838086	4.742321	5.371822	4.822898	4.66438	4.73861	4.057983	4.559299
5.012206	4.634752	4.909229	6.069652	4.295828	4.623136	4.197887	4.49405	4.335562	4.005202
5.333452	4.785591	5.16362	5.345444	4.97522	6.080724	5.564671	5.208008	4.506668	5.255661
4.637037	4.707013	4.432823	4.51692	5.043264	4.081592	4.564388	5.406751	5.207228	4.841413
4.12746	5.612158	4.979976	5.172081	4.750397	5.427175	4.299829	4.528035	4.423038	4.773719
4.531312	5.193929	5.198648	5.091426	4.81993	5.0512	4.436833	4.861946	4.75145	4.491248
5.940805	4.120707	4.909226	4.261004	4.278298	5.422291	4.686656	4.178424	4.500122	5.663499
4.903839	5.604367	5.592685	4.32149	4.297046	5.005883	4.668999	5.631189	4.628453	4.649601
4.330773	5.603448	5.696705	5.4195	4.883378	4.417618	5.19675	4.853236	5.088143	5.094841
5.544104	4.868268	5.39461	4.618614	5.556625	3.912369	5.385295	5.550853	5.40108	4.30306
4.495676	4.580279	4.825987	5.209066	4.287912	4.549823	5.449135	5.4708	4.899963	6.71069
4.319971	4.610566	6.540556	4.472748	5.193019	5.660845	5.909263	4.73384	5.287355	5.230711
4.852282	5.595025	4.543122	6.478452	5.04673	5.282467	4.524317	5.037626	4.318334	4.500722
5.425634	4.94339	5.84041	5.130945	5.6407	4.44384	4.972544	4.946807	4.959276	4.911721
4.805642	4.361727	4.605183	4.894986	4.164074	5.605365	5.052594	4.491374	4.454953	5.226582
4.846887	5.320758	5.761486	4.591932	4.157696	4.289575	4.21017	4.728212	4.87145	5.272696
5.840319	3.881485	5.369133	4.829275	5.887839	5.102689	4.911739	4.886003	4.898471	4.659303
4.816316	5.381691	5.393316	4.948245	5.092593	4.045072	5.316354	5.664391	4.300514	6.044315
5.171258	4.196898	4.913325	5.336888	4.916132	5.087695	5.234521	4.29533	5.402287	4.83554
5.103622	4.702942	4.366683	3.942605	5.271286	4.647824	5.467958	5.941018	6.130638	5.926241
4.589054	3.658297	3.904543	5.549793	6.112159	5.194129	4.699913	4.32627	4.536637	5.841947
4.341667	4.428593	4.075663	4.723197	5.184503	5.245142	4.671528	4.33669	5.025513	3.795147
3.530022	5.496606	4.222916	4.182518	4.828311	5.538741	4.723388	4.03694	3.838848	5.342024
5.323976	5.284032	4.850295	5.679251	4.639484	5.083589	4.954357	4.928621	4.94109	5.509317
5.035559	4.513022	4.988534	5.644958	4.973621	5.426542	5.11163	5.462278	5.076173	4.314079
5.500336	5.220523	5.158432	5.576893	5.670103	5.759048	5.547005	4.255945	4.21123	4.901216
5.4932	4.357076	5.715225	4.007284	5.834646	4.197284	5.758107	4.918825	4.107883	6.138098
4.61902	4.772414	5.659045	5.032911	5.571392	5.256319	6.469458	5.37138	5.013298	5.000056
5.081298	5.07862	5.219991	5.038683	4.434774	3.532275	5.235807	4.787434	4.088183	4.41395
5.30693	5.594017	4.980688	4.914487	4.048222	4.825429	4.690121	5.105671	5.165886	4.514077
4.714921	4.848463	5.223227	4.985756	4.604966	5.48761	5.831413	4.342581	4.291761	5.068786
5.674327	4.669359	4.900316	4.661119	4.648222	5.781517	5.306636	5.10763	5.207422	5.449691
4.65715	5.15707	4.327035	5.512513	5.200334	4.208397	5.198611	5.750653	4.570964	4.988431
4.084395	4.292096	4.931787	5.846452	5.452402	5.472862	4.469529	4.386791	4.909096	4.638762
4.430624	5.300317	4.072709	3.886474	5.113464	4.936839	4.683273	4.86089	6.460532	4.81986
6.070934	5.102794	4.62225	4.982969	5.081779	4.478418	5.143545	4.51919	5.607166	4.864592
5.56437	5.124461	5.337993	4.785437	4.409497	4.787899	4.296664	4.871525	4.743194	4.827364
4.567376	4.654703	4.647224	4.954708	5.460619	4.538953	4.670591	4.765653	4.763241	4.351509
5.187118	4.914001	5.304123	3.90094	4.985977	5.146944	4.882911	4.857174	4.869643	4.983663
4.896592	4.587119	6.005508	4.614168	4.849998	6.773542	5.774491	5.057097	5.68954	4.888319
5.601603	4.978556	4.972005	6.091224	4.837953	4.789556	5.006531	4.980795	4.993264	5.239728
4.973426	4.543831	3.251183	5.29291	3.717798	3.955219	5.237075	4.990172	5.140244	5.633051
5.801858	4.473734	5.517416	5.044962	4.671175	4.222965	4.517149	5.391929	5.494842	5.609918
3.552197	5.358129	4.911361	5.717127	5.162156	4.288106	5.723404	4.923972	4.467077	5.866583
5.055892	3.925503	5.908608	4.832191	5.464675	5.130164	5.157372	5.131635	5.144104	5.079021
5.62078	4.149557	4.884044	4.389944	6.018408	4.476593	5.56739	5.083326	6.314991	4.521029
5.885116	5.205118	4.580939	5.391731	4.61732	4.20871	5.500978	4.70251	5.797119	4.671143
5.20786	5.613828	5.218582	4.973384	4.704289	4.752419	4.418045	5.175209	4.123989	5.019703
4.442317	3.901344	5.698158	5.773614	6.059229	4.19064	5.423289	4.472476	4.589081	4.690403
4.568708	4.644658	5.143556	4.911339	5.262169	5.22925	5.018599	4.992863	5.005332	4.314465
5.253083	4.946698	6.317878	5.34829	5.066188	5.067364	4.606871	4.728125	4.923067	5.156677
4.190618	3.902306	5.426977	5.262104	4.698016	4.599537	5.138625	3.995527	5.093413	5.397397
4.591942	4.518054	4.998121	4.514074	4.86806	5.215762	5.390351	4.019711	6.09566	4.566308
5.022578	4.613678	5.079973	5.061567	3.899177	5.070152	4.902647	5.317149	5.202932	4.564792
4.713654	5.521594	4.859577	5.481822	4.36908	5.263446	4.73424	5.173573	5.712413	5.571565
5.768149	5.282982	5.755959	4.588687	5.93556	4.571515	6.765365	5.245644	4.691467	3.313053
4.173285	4.698659	5.552174	3.902547	5.231473	5.618253	4.950316	4.92458	4.937048	5.30864
5.881751	5.424018	5.574265	5.051161	4.882579	5.193675	4.864532	4.973003	4.672115	4.802681
5.240978	4.606576	4.15825	5.067048	5.242604	5.345921	5.516731	3.615669	5.340198	4.531631
4.829139	5.502596	5.111553	4.95308	4.281896	4.663192	4.606774	6.023068	4.707311	4.811851
4.346096	4.67769	4.974765	5.396163	4.957711	4.94649	4.333375	4.59881	5.405233	4.454975
5.412101	4.26856	4.736617	6.356585	4.771369	4.536465	4.817602	3.637856	4.522137	5.088575
4.628318	6.271472	4.787496	4.90586	4.982933	4.603853	4.669563	5.556864	5.424973	5.324498
5.266863	4.918314	5.912465	5.786537	5.279246	5.415669	5.448369	5.656786	3.593726	4.632338
5.255406	4.355587	4.377233	3.983779	4.230069	4.803233	5.704486	4.824029	5.763026	5.195051
4.626465	3.845444	4.578833	4.533876	6.309975	4.578947	4.30706	5.367712	5.268442	4.378002
4.562756	4.891811	5.545754	4.5721	5.426414	6.205698	4.565378	4.170287	4.342201	5.800036
5.02371	5.088233	5.201931	5.389369	5.688749	5.752447	5.513337	4.740183	4.876281	4.988404
4.977551	5.357233	5.086912	4.804353	4.983692	4.739069	5.587769	4.742132	5.126276	4.881565
5.62959	4.987056	4.983913	5.509402	4.923174	4.290516	3.981819	4.948163	4.943352	5.926007
5.682351	5.060989	4.761228	4.275844	5.31983	5.351663	4.957483	5.146452	4.4401	5.978452
4.639857	5.153247	4.857574	5.057205	5.670349	5.050904	5.032774	4.517523	5.141138	5.43778
5.072148	4.308341	4.842881	5.026218	5.077941	5.18059	4.799734	4.773997	4.786466	5.503808
5.095173	4.675083	3.913773	5.72744	4.074663	4.503939	5.040067	4.967721	4.654362	5.815444
5.158367	4.581691	5.053791	4.368883	4.929356	3.860697	5.369649	5.264723	5.054449	5.170832
5.54701	4.280814	5.92125	4.392186	4.529032	4.758043	6.18121	4.480135	6.274913	4.878922
4.363974	3.867472	5.339294	5.31039	5.997705	4.958224	5.503601	5.18896	4.629995	5.161509
4.962727	4.236118	4.93296	4.560362	4.491281	4.466293	5.002866	4.97713	4.989599	5.309044
5.052035	4.275712	4.725611	4.744284	5.491151	5.28278	5.33102	4.775879	5.255865	5.194996
4.128594	4.962252	5.09979	5.200374	5.04757	4.761202	5.631367	5.235077	5.623741	5.508829
4.66393	5.612525	5.118525	5.361309	4.62852	5.109527	5.079149	5.053412	5.065881	5.448065
4.841022	4.474272	5.465495	6.178144	4.016781	5.227585	5.414126	4.543798	5.623712	5.251757
5.212942	5.755005	4.928895	5.504487	6.118421	5.26635	4.771725	4.872056	5.167296	6.029206
4.162698	4.941952	4.500111	4.400537	4.599482	4.226826	4.961363	4.935627	4.948095	4.269883
5.119492	4.844297	5.555672	5.67275	4.15989	5.226737	4.835951	4.197049	5.294275	5.715748
4.106832	4.606264	6.048864	6.399125	4.360567	3.972625	4.581934	5.268677	5.467571	5.524757
5.721126	4.488262	4.027428	5.485039	4.489271	4.740497	5.974052	4.478745	5.549638	4.151052
5.589223	5.772949	4.757291	5.934568	5.005832	5.490739	5.145156	4.257571	5.243754	5.225859
5.814972	5.251062	4.886821	5.981334	4.725953	4.467306	5.021712	4.110363	3.652402	5.081672
4.137414	4.511492	5.891321	5.044099	5.030178	4.516487	4.810206	4.895868	5.246944	5.004921
5.545588	5.322489	4.697312	4.667386	4.393352	5.565147	5.011485	5.308484	5.229178	4.673174
5.112512	5.729194	4.705701	5.842125	5.416264	4.367141	5.628819	5.148979	4.910267	5.002004
4.780931	4.770002	4.961118	4.951844	5.620879	4.052468	5.454833	5.015269	4.426406	5.323335
4.065773	5.301089	5.308825	5.318332	5.696065	5.960342	4.924991	4.838974	4.060665	4.29197
5.137168	4.748787	4.775626	5.637686	5.169423	5.274988	4.464162	4.747343	4.552073	4.645676
5.736595	4.327916	3.434223	5.612288	5.212595	5.957451	4.910569	4.884832	4.897301	5.171097
4.975678	5.040956	4.220354	5.186084	5.443989	4.888684	4.127925	4.514183	4.776532	5.256499
4.728309	4.698458	5.547018	5.022472	4.61727	4.932329	4.921906	5.216044	5.236744	5.075927
4.892037	4.115234	5.43385	5.191454	4.697625	4.280035	4.179763	4.152851	4.882648	4.275223
5.26277	5.17345	4.455042	4.617746	5.025691	3.867849	4.504841	4.18863	4.70122	4.326065
5.444177	5.805412	6.42544	4.848567	5.09249	4.675352	4.945117	4.919381	4.93185	3.994709
5.557296	5.865086	4.542539	4.885851	5.064991	4.04084	4.990089	4.964353	4.976822	4.03615
5.2711	5.058434	5.389973	5.543879	4.694311	4.323432	4.85883	4.833094	4.845562	4.69353
4.435604	5.215212	4.960558	4.492535	4.616539	4.335618	4.604215	4.957432	4.569814	5.656872
4.969378	5.433502	5.379581	4.276872	5.382555	4.872858	4.004232	5.064731	3.778291	4.692638
4.811815	6.106148	4.690946	4.437946	4.863732	5.056539	4.537708	5.163786	5.199937	5.432269
4.990798	5.479118	4.573983	4.612852	4.423706	4.218242	5.756079	4.209973	5.496706	4.43641
4.581773	4.822816	4.348137	4.368856	4.858667	4.113275	5.118584	5.434909	5.711915	4.95344
5.838874	4.520687	4.263389	4.95498	5.376063	4.05506	6.387058	4.424274	4.479268	5.723173
4.569146	4.571884	3.798344	5.755017	3.627446	5.277727	4.857891	5.132333	5.180858	5.627774
5.518809	4.928026	4.361184	3.572488	4.429175	5.295756	5.086008	5.060271	5.07274	5.427122
4.709691	4.09847	4.762335	5.461054	4.991038	5.176927	5.349464	5.512516	4.479864	4.554273
7.155977	5.616166	5.952962	4.220131	3.729766	5.364262	4.961106	4.662279	5.253905	5.170064
4.317932	5.883799	5.294817	4.229074	4.267974	5.405211	5.269405	5.188612	5.909838	4.576688
5.127554	5.430444	4.681282	4.615233	5.832108	4.254995	4.96947	4.943734	4.956203	4.773833
3.972131	4.986128	4.012826	4.542635	4.833977	4.827174	5.204491	4.924582	4.772367	4.585734
