5.184678	4.226648	5.157449	5.816511	5.019001	4.434413	5.339478	5.419757	5.793651	5.074405
6.131742	4.971956	4.545988	4.087843	4.333632	3.453817	5.554561	5.000972	4.38696	5.323614
4.268855	5.453585	4.830371	4.284187	4.933766	4.102624	4.965808	5.447476	4.271658	5.448187
4.808874	3.752693	4.512617	4.083517	4.589035	5.006002	5.14339	4.460219	5.564646	4.797777
4.835642	4.354286	4.744486	5.754608	5.11047	4.623081	6.911819	4.344692	4.346617	5.472182
4.657816	4.862338	5.123105	5.182919	4.863905	4.798627	5.164922	4.348992	4.574612	5.333194
4.665678	5.412181	4.773839	4.702315	4.934667	5.882599	4.518429	5.255265	4.763115	4.818341
4.858564	4.356651	4.46216	3.483897	5.352314	5.231328	4.613212	4.627737	4.852715	4.908766
4.966801	5.17917	4.615021	4.95551	5.130188	5.707634	4.946525	5.626669	4.845243	5.277622
4.116575	4.754803	5.015997	5.414357	4.716921	5.802673	4.548618	5.261098	4.72792	5.550421
5.179828	4.386258	4.070585	5.886737	4.724541	3.568281	5.814609	6.369696	4.956046	5.628697
5.151752	4.267725	3.986812	5.00046	5.360435	5.016541	5.814724	5.187269	4.575038	5.590207
3.966624	5.744379	5.15459	5.33252	5.08303	4.815885	5.419621	5.340017	5.396144	5.392479
4.735073	5.079411	5.005992	4.084632	6.279722	4.114829	5.107735	5.649734	4.692107	5.187538
5.151666	5.925417	5.425282	6.535899	5.253595	5.635001	5.154377	5.128641	5.141109	5.227229
5.616489	3.985133	5.721551	4.812985	4.947517	4.863774	5.060965	5.372956	5.314489	4.465873
5.646925	4.287479	5.304271	5.599234	4.338087	3.899732	5.503035	4.149518	5.218361	4.961567
5.023011	5.487458	4.018799	4.863528	4.735216	4.192637	5.058751	5.033014	5.045483	5.32245
4.765996	5.256347	6.140162	4.091475	4.806165	5.548614	4.534148	4.659788	6.319251	4.921946
5.42191	5.007314	5.148433	5.138243	5.856452	5.511474	5.879323	4.223371	4.974861	3.95707
3.959106	4.277853	5.004353	4.628781	5.208307	4.812367	4.695504	4.53195	4.177707	5.302514
5.126344	5.850984	4.350093	4.618349	4.48155	5.00174	4.086783	5.404647	4.853956	4.775404
5.483234	6.366632	4.657032	4.60039	4.599776	4.521122	5.915425	4.45482	5.378952	5.219892
4.617379	5.051972	4.807477	5.251371	5.079389	5.1471	4.66265	5.368243	5.418983	5.243952
5.071322	4.799775	5.134569	4.633857	5.572297	5.634454	4.564359	4.915982	4.589216	5.610887
4.9445	5.821824	5.86409	5.686543	4.441554	4.934963	4.750059	4.821627	5.347471	4.909898
3.300753	5.121294	5.609782	4.732989	5.15994	4.690239	5.486	6.125845	5.730205	5.073537
5.485806	4.734461	4.477399	5.319673	5.360701	5.318985	5.294525	5.428094	3.968693	4.671904
4.519039	5.643419	4.788183	5.295611	5.258338	5.216321	5.365993	5.062195	4.388519	4.472313
5.027459	4.769373	3.790732	4.336126	4.656344	5.432717	5.20064	5.594366	5.065554	4.175942
4.772829	5.433029	4.668168	4.265808	5.449385	4.967818	4.935132	4.909395	4.921864	5.13073
5.579954	5.160867	3.917275	5.092383	5.818423	5.016701	4.624116	4.402289	4.965715	5.54354
5.510674	5.351887	5.230351	4.536631	4.913157	5.078816	4.693167	4.794504	5.416245	5.006439
4.338335	4.949255	4.436929	5.642061	5.447204	6.036923	4.910667	4.918074	4.196796	5.156038
4.699577	5.621	5.058132	4.905908	4.272077	5.661195	4.929603	4.841451	5.213783	5.792914
5.563538	4.410454	6.012248	5.2078	4.382819	5.641333	5.270456	5.220047	4.845284	4.754589
4.563465	4.170504	4.481225	5.387056	5.403938	4.662918	5.146109	5.120372	5.132841	5.148049
4.979257	4.883733	5.372681	4.415751	5.547346	5.021134	5.83158	6.049324	4.566395	4.959323
4.208026	5.145545	4.333868	5.326581	4.375273	4.089875	4.838868	4.814172	5.024233	4.5759
4.861725	5.287071	4.303697	5.033239	4.653987	4.384781	5.055413	5.029676	5.042145	5.608716
4.871307	4.950309	5.258688	6.020008	5.630481	5.337441	5.337412	5.785072	4.444164	5.381178
4.853041	4.427118	6.094173	4.962123	5.130579	4.635795	5.106513	4.363658	4.41982	5.311866
4.407288	4.197847	4.718401	5.545859	5.089439	5.191814	5.940436	5.633548	5.386624	5.236984
5.120275	5.197596	5.197978	4.700943	3.822071	5.246732	5.328884	4.864107	4.147951	5.349968
5.089974	4.724533	4.7885	5.169112	5.024748	5.000406	5.136981	4.471212	5.684938	4.999601
6.267413	6.28937	5.01429	5.106431	5.391514	4.289528	5.079601	3.642352	5.80384	4.544644
4.278311	4.305089	4.913762	4.237257	5.297252	5.157691	5.030188	5.004451	5.01692	4.194509
4.807014	4.786977	4.742995	5.057363	4.922567	4.884431	5.429956	4.991941	4.749279	5.028254
5.37648	4.82186	4.951196	4.894632	4.391639	5.000173	5.294103	4.983277	3.916317	4.380115
4.754964	5.745811	5.424312	5.195603	5.436738	5.182318	4.220057	4.580246	5.760787	5.186627
4.452159	4.709582	5.369411	4.490988	4.364732	5.05436	5.525103	4.342992	4.815073	4.185371
5.084063	4.247358	4.647468	4.297662	4.436152	4.315021	4.097347	5.319411	5.350406	3.976845
4.167179	3.672485	5.15505	5.643675	5.035395	4.857504	4.419523	5.138209	4.943224	4.389093
5.609353	5.217399	5.894697	5.061766	5.559785	5.234661	5.019474	4.993738	5.006207	4.537838
5.505229	5.237967	4.902713	4.177309	5.166518	5.434129	4.952116	5.35849	4.391869	4.612712
4.765465	6.028429	5.195181	4.555763	5.026092	5.640366	4.902873	4.165608	5.229353	5.062612
4.600133	5.190551	5.815135	5.559977	5.026647	5.175205	5.341813	4.861118	5.996921	5.137547
4.708784	5.320733	4.069894	6.097402	4.465546	4.289877	4.999565	4.973828	4.986297	4.543289
5.602515	5.373599	4.774661	4.473723	4.095698	4.818017	5.01069	4.984954	4.997423	5.948411
5.431859	5.241658	5.802814	5.600558	5.264918	5.330663	4.611202	5.873594	5.106833	5.671064
5.068451	4.871187	4.216213	5.175399	4.146952	4.335524	4.925343	4.899607	4.912076	4.806683
5.098772	5.372398	4.573873	4.567892	4.842535	4.993632	4.73315	5.452053	6.160369	5.011377
5.506298	4.518219	5.246562	5.391153	6.521315	5.693233	5.063077	4.459648	5.616713	4.938911
5.976972	4.858867	5.430971	4.474617	5.779239	5.295437	4.61909	5.036466	4.728113	5.445923
4.883629	5.342343	6.314049	5.538429	4.405902	4.98691	5.276379	5.697425	5.477962	5.064671
5.131655	5.825511	5.742381	4.453748	4.537427	5.469494	4.264067	5.899996	5.465279	5.189718
5.077928	4.841012	5.890409	4.266362	5.460253	4.61487	4.408377	3.78835	5.825912	5.13458
4.875658	5.047769	5.834621	5.317331	4.93955	4.857323	4.107932	5.45796	4.84476	4.622756
4.534316	4.757858	5.703556	4.472276	4.976755	5.369936	5.748957	5.453745	5.09444	4.72879
5.227295	4.468958	4.898269	5.336522	5.220046	4.803511	5.202939	6.197071	5.787235	5.19405
5.168811	4.524042	4.700352	5.031094	4.499009	4.049594	5.068769	5.043033	5.055501	4.864544
4.731526	5.833836	5.196414	4.806648	4.835963	5.22163	5.825383	5.732478	4.251629	5.032494
6.415071	6.042072	5.025776	5.33906	5.445272	5.500903	5.155164	5.589993	5.306808	5.383599
5.44139	5.496301	4.568433	4.334192	5.024346	4.697311	5.709763	4.322453	4.962307	5.44845
5.545071	5.2579	5.222075	5.15874	5.888171	4.465549	5.085865	5.060128	5.072597	4.541886
4.182315	4.756936	3.781025	5.058855	5.015041	5.106847	5.697635	4.981418	5.145198	4.376698
4.856086	3.750496	5.382597	5.363073	5.327951	6.030949	5.320684	5.964108	4.510764	4.597094
5.036024	5.114909	5.787875	4.273166	4.982315	4.560709	4.83498	4.199552	5.595637	5.117791
5.04408	5.694413	4.823941	5.417726	3.443036	5.21312	5.309053	4.179523	5.416101	5.156988
5.251985	4.181031	4.987091	6.152878	4.183369	5.170514	5.422565	5.507052	5.539824	4.955884
5.233584	4.729846	4.555736	4.766674	5.358096	4.860866	4.791866	4.169808	4.632028	5.324738
5.398036	4.440262	5.510416	4.909293	4.99076	4.964742	4.432825	5.166564	5.528759	5.006005
4.978531	4.951891	5.032215	5.249973	5.973026	4.001175	5.836101	5.041285	5.48905	4.201421
5.355618	4.966719	5.058139	4.169208	5.815295	5.457385	5.092646	4.523948	4.863647	5.172153
4.793354	4.507144	6.434928	4.954497	4.849089	4.80019	4.507627	4.584996	5.567925	5.197897
4.697901	5.593927	4.706586	5.059148	5.319387	5.38995	5.606086	5.304551	4.889421	5.545059
4.547898	4.736652	5.564875	6.095162	5.505177	5.055839	5.845996	4.917327	5.477983	5.675207
4.890397	5.564289	5.308465	5.677347	5.645578	5.033425	5.020238	4.938123	4.895443	4.913558
4.782054	5.206645	4.59408	5.293159	4.381924	4.832047	5.677004	4.569367	4.713781	4.485095
4.516438	5.080901	4.43591	4.456105	4.018888	4.771944	3.990952	5.644701	5.037821	4.417528
5.613847	5.387326	4.940057	5.180553	5.091928	4.803401	6.124906	4.263708	4.518837	4.351773
5.173128	4.945179	5.032346	5.758804	5.708239	4.892429	4.419227	5.634127	4.812071	4.451917
4.854674	4.720421	5.821251	5.62148	5.195644	5.069216	4.421376	5.355031	5.612583	5.555004
4.70568	5.486316	4.587262	5.850782	5.691687	5.298218	5.273619	5.189826	4.169433	5.14482
4.288474	4.815232	4.868054	3.999094	5.003906	5.909977	4.173806	5.156462	4.179368	4.868854
5.093533	4.642491	5.459078	5.150914	5.100992	5.081347	4.669355	5.166584	4.782939	4.915661
5.11266	5.354957	5.545315	4.691329	5.061885	4.46614	4.92005	4.93531	6.079283	3.705024
4.966664	5.430488	5.322628	4.652153	5.553154	5.217041	5.005475	4.979738	4.992207	5.662646
4.677923	5.478061	5.156844	5.168511	4.714036	5.090556	5.239026	5.192796	4.984371	4.625661
4.806828	5.158539	5.289968	4.925633	5.378212	5.083884	5.194594	5.047725	4.638993	4.893801
5.454678	4.994652	5.336843	4.796335	4.804772	5.037098	4.94467	4.918933	4.931402	5.330252
4.472125	4.83992	4.696312	4.760087	5.340592	4.918523	5.141695	5.156492	4.513098	4.377693
4.781508	5.167904	4.730044	4.566454	4.72681	5.00413	4.93453	5.532785	5.075648	5.054537
4.82799	4.478009	5.421632	5.585514	5.767252	4.658948	4.41847	5.346091	4.548911	5.152767
5.086531	4.577437	4.396645	4.675643	5.730902	5.037984	5.142593	5.682731	5.084969	5.607682
4.102602	6.090478	4.793446	5.704592	4.818813	6.343209	4.545184	4.453815	4.046057	5.61522
4.953631	5.525721	4.387743	4.505199	5.32733	4.511292	5.577111	4.949221	4.718216	4.928092
4.83319	5.190458	4.740654	5.102293	4.755552	4.407367	4.987288	4.961552	4.97402	4.327079
4.565401	4.598001	5.652373	5.256633	4.81353	4.671937	5.298241	5.401348	4.68842	5.077185
5.695584	4.88311	4.494277	5.197208	5.310359	5.426673	5.023559	4.540037	5.024617	4.2549
4.341222	5.061836	4.641062	3.848373	4.924454	4.322162	3.449186	5.678004	5.896974	4.886132
5.186318	4.597	5.036202	5.142883	4.155953	4.503061	4.662496	5.388294	5.150465	3.699867
3.993828	5.544872	5.469283	4.676762	4.455334	5.210124	4.756598	4.724064	5.492996	4.882515
4.668859	5.237794	4.874819	4.429522	4.854879	4.505464	5.480282	4.805469	4.354051	4.719111
5.268057	4.553361	5.117627	5.207279	4.59663	5.398484	5.290329	5.036203	5.720806	4.666195
5.210867	5.582525	5.322268	4.637125	5.161265	5.178264	5.684366	5.084148	5.972967	4.461649
4.621712	3.923008	4.490608	4.417809	4.761704	5.09513	4.414788	5.735866	4.531223	4.453879
5.037587	4.902746	4.986646	4.789163	5.620767	5.257419	4.718896	5.118004	4.919635	5.224457
4.915573	5.995396	5.705442	5.948966	4.808806	4.334834	4.213958	4.566222	5.099563	5.207503
5.338923	4.662091	4.15275	5.530613	5.569017	4.69399	5.040048	5.839241	4.099793	5.096941
4.507742	4.1711	4.20609	4.807625	5.670807	5.306354	5.311343	5.071291	4.796588	4.680591
4.916854	3.851764	5.342191	5.363991	5.042609	4.978638	5.463702	4.825848	5.484833	5.0872
5.175228	3.903637	5.72249	5.192391	5.626961	4.467534	4.915842	4.890105	4.902574	4.456944
5.164287	4.86371	5.054957	5.20364	5.00839	4.849685	5.521132	5.61088	4.243648	5.475394
5.46208	4.995756	5.122923	4.621274	5.726	5.154685	5.039462	5.013726	5.026195	3.479589
4.422983	6.050774	5.170466	4.319165	5.934022	4.587321	4.373991	5.392716	4.815922	6.016926
4.756083	5.262292	4.796921	4.421549	5.240448	5.852908	4.719763	4.159075	5.349065	4.850561
5.265589	4.598442	4.942134	5.710508	4.975502	4.159546	5.521788	4.163359	4.693298	4.963399
4.575447	5.29926	5.105456	4.809578	4.630803	5.361389	5.190302	5.164566	5.177035	5.672304
4.226854	4.51018	4.833856	5.961481	4.699961	5.619459	5.287221	5.101432	5.188492	5.533707
4.02598	5.516406	3.545969	4.702237	5.346222	5.250887	5.277873	5.018896	4.670822	5.165801
4.029072	4.08769	5.304647	5.148397	4.49824	5.369306	4.308929	5.420315	5.78768	4.669429
4.451869	4.622183	5.415925	4.688725	5.122478	4.439774	3.298555	4.962008	5.418819	4.5428
4.943479	4.946551	4.549201	3.991115	4.820856	5.311622	5.05153	5.025794	5.038262	4.811286
5.200028	5.417852	5.599542	4.502622	5.124955	5.454645	4.612795	4.251793	3.63872	4.568923
4.699198	5.185749	4.508544	5.03393	4.613909	5.099443	5.696624	5.390422	4.985718	5.20801
4.795661	5.448673	5.215194	4.852471	5.582441	4.879738	5.411841	5.57045	5.107602	4.930275
5.404993	4.758534	4.833312	4.09864	4.691754	5.304955	5.638465	5.251369	5.175429	5.593286
5.048739	5.599188	4.804976	5.735464	5.319907	5.280606	5.384847	5.298193	4.225119	5.704065
5.450167	5.032819	5.593165	5.230255	4.908841	4.93068	5.371079	5.314722	5.180795	5.488002
5.974217	5.406923	5.677515	4.978139	5.229589	5.531928	4.983247	4.95751	4.969979	5.497808
5.192704	4.595282	5.058958	5.038514	5.465639	4.962834	5.845994	3.674044	5.254869	5.631865
4.412721	3.870509	3.969067	4.58621	5.399498	5.401855	5.774904	4.578368	4.488995	3.617147
3.917812	4.704391	4.649457	5.080922	5.302429	5.235852	5.095585	5.197823	5.109614	5.778383
4.756384	5.731293	5.547359	5.394654	5.409301	5.105477	4.197076	3.956543	4.521225	4.860661
4.129274	5.027029	4.511723	5.134674	4.544784	5.08677	5.002591	4.819518	5.813747	4.522426
4.078605	5.603392	5.389528	5.022301	4.747778	3.879443	5.868498	4.893414	4.734606	4.571342
5.112274	4.673578	5.084926	4.380621	5.520511	4.305109	4.648531	4.5352	5.712615	4.919722
3.537245	5.519839	5.855417	4.343406	4.659616	5.472514	5.649658	4.108407	4.929004	5.251973
5.621796	4.612148	5.002189	6.041276	4.724351	4.494712	4.874636	4.586981	5.057598	5.362271
5.037683	4.729116	5.010523	4.585484	4.021632	5.02771	4.511715	4.608468	4.798725	5.218864
4.390244	4.969493	4.60466	4.519312	4.594651	6.04595	4.920309	4.422801	4.415431	5.391583
4.544561	4.908763	4.010033	4.830277	4.453097	5.120577	5.560192	4.564438	4.770595	5.038835
4.785182	5.048135	3.973899	5.240029	5.481961	4.221556	5.033254	5.453838	5.187584	5.033228
5.335164	4.334147	5.099663	4.136764	5.065253	4.463693	4.94298	5.354453	5.118786	4.704402
5.150971	4.887635	4.800621	4.24308	5.260396	4.971737	4.776275	4.073183	5.277448	5.639206
3.731113	5.2858	5.661884	4.73728	5.166725	5.508384	4.832664	4.806928	4.819397	5.463968
5.531684	5.017774	5.423085	5.279593	4.634153	4.909529	5.325329	4.89465	5.242517	4.727862
4.202384	4.928487	5.61598	4.398618	5.429544	5.793321	5.199811	4.859654	4.829293	4.898786
5.445301	4.900649	5.265013	5.948227	4.890263	4.153183	5.337085	5.514718	5.126965	4.710658
5.87931	5.010207	5.225593	5.445225	5.175057	4.826265	5.067045	5.096012	5.201999	4.667147
4.785319	5.441665	5.09731	5.277602	4.679245	5.483811	5.035797	5.010061	5.02253	5.018136
4.008448	5.437799	5.35986	5.122191	4.255318	4.168739	4.898857	4.597269	4.564137	5.195053
5.442286	5.005333	4.36938	5.486863	4.707682	4.46917	5.764059	3.943609	5.953253	4.157014
6.309939	5.592427	6.511411	5.182965	5.393211	4.474663	5.11208	5.086343	5.098812	4.200707
5.052363	5.157358	5.21494	5.298575	5.577156	4.016133	4.377123	4.271654	5.209595	4.305544
5.452876	4.688522	5.525957	5.477311	4.947253	4.865156	4.369633	5.01933	4.857133	4.944202
4.787241	5.01363	5.488023	5.296243	5.050484	4.836237	4.994294	4.968557	4.981026	5.495584
5.118668	4.339566	4.153969	4.55739	4.394295	4.594161	6.550143	5.277486	4.515786	4.339687
3.929863	5.23278	6.069039	4.344635	4.081333	5.021481	3.422518	5.560609	4.843426	4.51792
5.888658	5.138818	4.700874	4.504827	4.580716	4.476322	5.411341	5.356236	5.13787	4.058723
5.442785	5.818252	5.284938	4.788227	4.294824	4.210242	3.939339	5.683521	4.664964	5.292516
5.715811	5.068991	4.492501	4.910139	5.413804	4.061725	5.12158	5.228571	5.464085	4.725657
5.068086	4.479735	4.717134	5.624166	6.152863	5.131563	4.728835	3.746345	5.642865	4.820408
5.238346	5.02652	5.434617	5.035486	4.48701	5.485128	4.861762	5.561275	4.649572	4.344793
5.393064	3.968843	5.836766	3.934229	3.912697	5.133911	6.010755	4.05954	4.500488	5.032292
5.130956	5.621668	5.564594	5.729406	5.572648	4.094605	5.263054	4.919482	4.74342	5.118458
5.474085	5.422636	4.96183	5.753582	5.497717	5.557464	5.254611	3.945654	4.116492	4.632479
4.779704	4.928194	5.931825	4.366293	5.812774	5.892929	5.324955	4.852104	4.337841	5.378991
4.592448	4.884047	5.165498	5.109641	5.482517	4.915618	4.9435	4.917763	4.930232	5.621141
4.121169	5.387935	5.494631	4.299362	4.886024	5.086222	4.643485	4.673721	6.488365	5.144208
5.288441	4.969061	5.133615	5.468236	5.037562	4.77782	4.081213	4.486623	6.064686	4.570046
4.828622	5.661782	4.879746	4.923739	4.958889	5.224754	4.35527	5.270871	5.472168	3.382344
5.358202	5.207825	4.364513	4.627575	5.229712	4.463215	4.343296	4.900659	5.123516	5.087595
4.813625	4.721997	5.022306	4.177953	4.465373	5.498218	4.978048	4.952312	4.964781	4.775771
5.686191	4.8005	4.682796	5.674064	4.70753	5.690154	5.02302	4.997284	5.009753	4.57975
4.81985	5.818408	5.896184	4.579697	4.701655	3.808764	4.891761	4.866024	4.878493	5.309459
4.94058	4.742057	5.181668	5.599658	4.163223	5.158779	4.784901	4.717962	5.519258	4.45449
4.075559	5.364834	5.739599	5.063364	5.463358	5.620646	4.998161	5.74397	4.78108	4.962014
5.256048	5.022092	5.820358	4.712637	5.149698	5.119395	5.344207	5.068312	4.92748	5.573414
5.573418	4.974786	4.856068	5.060971	4.646276	5.699609	4.657629	5.362849	5.501178	3.867768
5.578105	5.726091	5.472167	5.424872	4.613251	5.825107	5.350956	5.014678	4.471015	5.979949
4.953529	4.734986	5.083899	5.210391	5.131778	4.703988	5.053193	3.795089	5.171782	4.922122
4.208657	4.597834	4.271553	4.335852	4.851953	5.109189	5.071042	4.827672	5.455329	5.989822
6.077606	5.316808	4.904537	5.638868	4.991123	5.417648	5.118938	5.093202	5.105671	4.478846
4.948727	4.353706	4.297502	6.051257	4.83202	5.130155	4.370847	5.552063	4.537618	5.494856
5.077683	5.746629	4.942118	5.005529	4.799923	5.788026	4.859622	5.302573	4.029168	5.587313
3.558413	4.865104	5.947144	4.882643	3.769383	4.75206	5.376101	5.552159	6.03551	4.387039
5.325367	4.838011	4.793564	4.809751	5.069448	5.011461	5.002401	4.976665	4.989133	5.62756
5.669538	4.881883	5.261291	4.331742	4.929482	5.08548	4.760968	4.740078	4.628261	5.378916
