4.5407	5.000128	4.568441	4.196956	5.80355	5.461852	5.179177	4.86823	4.556016	4.851302
3.964168	5.547643	4.846492	4.762143	4.813365	4.69243	4.524646	5.68643	5.729357	5.326294
5.086636	5.44088	4.851307	5.878769	6.396674	5.31052	5.248746	4.203254	4.799981	4.365959
5.400601	5.495306	5.56673	5.138268	5.899418	4.808727	5.377137	5.257864	5.377697	5.778389
4.014849	5.610643	5.844222	5.121386	4.61598	4.028174	4.078314	5.203202	4.634548	4.264145
5.494957	4.798663	4.176713	6.296796	4.727427	5.194062	4.970153	4.813558	5.012975	4.531786
3.9578	4.513025	4.427449	4.82064	5.423064	4.669719	5.686755	4.186089	5.551649	4.22064
5.126475	4.495354	5.204087	5.632441	4.97711	6.122139	5.362855	6.043468	4.974198	4.779762
5.665483	5.141768	5.234217	5.766985	5.512775	5.151315	4.67359	5.625335	4.71829	5.109366
5.192451	5.832265	4.514833	5.86183	5.502795	6.00228	5.374098	5.287532	5.249759	4.947717
5.021998	5.789415	4.959228	5.527911	4.932082	5.033049	5.444264	5.178085	5.845329	5.591649
6.033386	4.604157	5.471484	3.946733	5.06307	4.143046	4.755639	5.428921	5.548157	4.269667
5.128611	4.035048	5.214033	4.624238	4.773477	4.260144	4.292856	4.523299	4.948873	3.948974
4.356831	5.844386	4.218153	6.222568	4.512916	5.270454	6.288244	4.897695	4.573781	4.179128
4.468594	4.467782	5.385827	3.457687	5.358402	4.509133	5.664254	5.54325	4.606176	5.567704
5.284891	5.055578	5.104299	4.422772	5.453687	5.462958	4.237455	5.273107	4.989103	5.302207
5.228261	5.115689	4.884827	6.466985	4.950549	5.07559	4.837179	4.599564	6.072351	5.240531
4.67725	5.595642	4.974033	4.523107	5.27828	4.76622	5.254054	5.245924	5.409821	5.175879
4.897992	4.979416	5.228272	5.236682	4.672686	4.753936	5.214349	4.823543	3.890848	5.712777
5.585854	6.075447	4.296015	5.434513	6.159102	4.808685	4.46167	5.859913	4.490602	5.205731
5.595712	5.233723	5.351828	4.390154	4.341965	4.860507	4.46897	5.278948	5.850097	5.260788
5.903521	4.753479	5.681646	4.328366	5.079549	5.844092	3.753192	5.160687	5.194916	5.147141
5.897788	4.844706	5.65581	4.766513	4.733123	4.965754	5.228045	4.392694	6.035996	3.568396
4.302373	5.173738	4.886067	5.106563	5.334769	4.899782	4.557404	5.503146	4.521021	4.79894
4.060325	5.504735	5.053097	4.871102	4.632174	5.611285	4.353211	4.735061	4.777137	5.569003
4.64807	4.485947	5.165062	4.40792	4.479958	4.84269	4.989924	5.509597	4.87441	4.952814
5.377535	4.499234	5.44561	4.921061	4.916869	5.492946	5.203653	5.262256	4.578464	5.728312
5.065936	5.446729	5.501468	4.639096	4.69904	4.644216	5.534199	5.340194	5.713907	5.642574
4.813105	5.957112	4.625714	4.514366	5.032719	5.059727	4.395594	5.85098	5.021351	5.473492
5.28178	5.223642	5.474648	4.437122	5.038236	5.53654	4.29098	5.108467	4.335736	4.831684
5.6715	4.899392	4.388237	4.56243	4.706253	5.542214	4.729033	5.141182	5.228162	5.482795
5.001832	4.934817	5.422684	4.564866	5.588517	5.530225	4.260681	5.206686	4.758359	5.418529
5.659405	4.962225	5.762923	5.53463	4.842983	4.894098	4.377518	4.964328	4.809464	4.543694
5.737417	4.323727	5.45643	5.652788	4.917571	4.928447	5.50394	4.746412	4.238716	4.901936
4.127622	4.487572	5.224324	4.684413	4.58594	5.937247	4.670948	5.063693	5.118382	5.253377
5.648311	4.904044	5.182432	6.125783	5.198634	5.492492	4.729877	4.272357	5.441962	4.647261
5.66524	4.802928	4.029849	5.444013	4.964588	4.256577	4.639238	4.856225	5.247786	3.920014
4.964656	5.037814	4.603421	4.968822	5.237006	5.198131	4.145545	3.513916	4.733331	5.067594
3.994868	5.633472	4.053842	5.042862	4.48111	4.801998	6.19968	4.086557	6.432683	5.943944
4.749873	4.762385	5.42161	4.737414	4.849537	5.035355	4.837158	5.514873	5.53929	4.951182
6.02716	5.036631	5.224215	4.949074	5.230009	4.519063	3.98412	5.255765	4.900852	5.054018
4.886264	4.848191	5.182082	5.046008	5.538294	5.446737	5.299982	5.768331	4.675924	4.42626
4.18299	4.692931	4.894823	4.914505	4.727994	5.622131	5.733536	4.393967	4.821376	5.798569
5.10086	6.344225	4.547063	5.066416	5.694802	6.164175	6.746236	5.002377	4.177383	5.514062
5.759579	5.22229	5.213317	4.839252	5.26936	4.939847	4.985385	4.902452	6.228241	5.01491
6.009155	4.836175	5.528141	5.325991	4.008625	4.790859	5.035552	5.423004	5.541734	4.128216
5.33054	5.121281	5.420477	4.377741	5.369362	5.609102	4.977653	4.784546	5.513303	5.554304
5.272559	5.85571	4.889569	5.96281	4.682422	4.790832	4.529678	4.568776	4.916606	4.412264
5.542758	4.56245	4.893961	5.269307	5.212816	4.77779	5.526199	4.813754	5.936899	4.908988
4.571878	4.742897	4.171737	5.409484	5.549006	4.757048	5.251898	4.931855	6.054166	4.608366
4.632458	5.700317	6.235693	4.837923	4.884666	5.409556	4.796207	4.838157	5.167055	5.416579
5.430752	3.932889	6.066328	3.937205	5.832621	4.937718	3.914768	5.468673	5.42082	5.421349
4.641717	5.448026	4.56339	5.809698	5.751041	4.434306	4.593606	4.249629	5.547159	4.715264
4.375233	4.904272	4.808984	5.142317	6.171516	5.203982	4.617638	5.000945	4.93558	4.610213
4.613161	5.002568	5.128649	4.111454	4.848797	6.019997	5.300899	4.8035	4.047378	4.212228
4.809696	4.976804	5.020411	5.388999	5.707114	5.275132	5.955497	5.011208	4.729329	6.13583
5.339211	4.251604	5.485732	5.029681	4.778385	4.233217	5.879491	4.89571	4.498626	4.254264
4.691823	4.899597	4.914637	4.779577	4.267464	5.422779	4.772983	5.102781	4.139506	5.327635
5.104455	6.364601	5.01253	3.993201	5.190811	5.15262	5.549291	5.657268	5.233107	4.997111
4.641569	5.229126	5.716964	4.132596	4.874879	4.498928	5.729561	4.557081	4.470436	4.463439
4.010708	5.34482	4.636023	4.465536	4.402596	5.254861	5.431391	4.77788	5.77196	5.468938
5.226749	5.570769	5.069781	5.544036	4.782027	5.099551	4.573113	5.382887	4.830644	5.126943
4.47952	3.280607	5.537611	5.687201	5.206203	4.452412	5.412981	5.795747	4.723993	5.216841
4.688354	4.548214	4.336287	5.3871	5.175131	5.109774	5.286393	5.036992	5.515617	4.73835
5.013155	4.87301	5.91571	5.95344	4.687024	5.717072	5.447977	4.336305	4.638746	4.913526
5.87151	4.925174	5.206669	4.547758	4.473172	5.221298	5.48085	5.179637	5.30498	4.58967
5.793955	5.515645	4.692509	5.126024	5.601369	5.069381	5.09336	4.681835	5.359336	4.027231
4.204987	4.317688	4.440133	4.758105	5.132892	4.165361	6.182578	4.622637	4.491111	5.695048
5.354793	5.227583	4.95373	4.087843	6.122978	5.772365	5.663512	5.369693	4.775613	5.257885
4.305171	6.122338	5.163055	5.120584	5.677734	4.31147	4.715675	5.459956	5.312817	5.588421
3.894656	4.516245	5.955263	5.192309	3.681603	5.2461	5.577314	4.063416	5.961037	4.200858
5.305418	5.068621	5.174732	4.322588	4.983749	4.960201	5.244669	4.968046	5.085606	3.830942
4.91778	4.994229	4.655413	4.459655	4.951869	3.902943	5.353543	4.303162	5.570961	4.711812
4.089294	4.255199	5.056888	4.413241	5.654893	4.909998	4.615943	5.597671	5.11734	5.257272
5.77341	5.006606	5.114803	5.306159	5.003207	4.65504	5.145639	5.513502	4.414887	4.899793
5.396149	5.034696	5.377574	5.576181	4.966296	4.251081	5.298347	4.128608	5.484071	5.216362
5.406119	5.605102	4.126779	5.757418	4.95287	4.909486	5.616444	4.602723	4.279311	4.770869
5.029286	5.113349	5.053819	5.185668	4.790143	5.178906	5.747745	4.734659	5.446445	4.132592
4.67894	5.022905	5.50035	5.004068	4.634369	5.675487	4.738134	4.852999	4.15332	5.844091
5.255838	4.975928	4.839329	2.592072	4.233829	5.138944	5.262879	4.209218	5.216531	4.292927
5.714676	4.642473	4.673958	4.775471	4.918295	6.368968	4.625121	4.388783	5.145135	4.436789
4.122994	5.316143	4.746978	4.67673	5.983194	4.922924	5.086124	4.75885	4.938792	4.616035
5.129824	5.134946	5.265471	6.50293	5.377895	4.335385	4.823787	5.035579	4.682375	6.145466
5.574543	4.933825	4.277683	4.408202	5.372756	5.858214	4.327448	4.707737	5.763681	5.151292
5.030108	4.722302	5.146704	4.620556	5.664427	4.391439	5.197137	4.499007	5.39513	4.664597
4.731768	5.047953	4.740275	5.093248	5.656404	5.61949	4.699164	4.921471	4.501463	5.142157
6.312763	5.167892	5.656724	4.862477	5.156722	4.107654	4.652627	4.680056	4.041922	4.993165
5.981349	5.401022	5.329355	5.620844	5.084065	4.817699	5.106549	3.976519	4.482012	5.540723
4.032512	5.299248	5.353305	5.581822	4.641868	5.315951	4.614797	5.44264	5.284794	4.706049
5.396709	5.026441	5.445237	5.570434	5.396718	5.519758	4.885167	5.32916	4.72969	4.668445
4.898691	4.771276	5.279898	5.633674	4.612761	5.950832	4.094526	5.483367	5.058208	5.27582
5.383115	4.634304	4.737654	4.54424	4.911229	5.110822	4.584162	5.804952	4.987195	4.264258
4.96889	4.26602	5.680166	4.845155	4.90908	4.752419	4.374835	4.249841	4.678186	5.389688
5.331517	4.463484	4.490978	5.813414	5.607014	5.008589	4.966564	5.560781	5.317196	4.418543
5.235625	4.384398	6.358934	5.351896	5.455641	5.192457	3.774451	5.540018	3.771137	4.788356
4.485036	4.011252	4.975997	4.217246	4.915819	4.88778	4.688781	5.02749	5.092661	4.338943
4.520681	4.384792	5.130354	5.164447	5.724433	3.608963	3.925325	4.886498	5.246644	5.252619
4.815204	5.46259	4.862752	4.746967	4.676349	5.618819	5.351729	4.30158	4.310574	4.9218
4.819195	4.300755	4.234106	4.989203	4.317971	5.282921	6.210023	4.231443	4.634541	4.948578
4.336148	5.250314	5.377442	4.712284	5.499892	4.343321	4.649837	4.814796	4.081511	5.258182
4.668972	4.813468	5.43526	5.079202	4.697078	4.13341	4.85571	5.760598	3.807467	3.837758
5.717208	4.798987	5.809079	5.001124	5.125412	5.509989	5.122876	5.369585	5.508105	5.739256
5.314145	4.475549	4.561218	5.056654	4.752605	6.006456	4.914625	5.680176	5.735005	4.557098
5.152917	4.431418	4.801362	5.634722	4.696595	5.361125	6.027693	5.672877	5.023352	4.808263
5.10764	5.214364	4.707982	5.345081	5.076891	4.108197	5.03528	5.244019	4.6908	5.636652
5.896642	5.715663	4.662082	4.831359	4.165948	5.93124	5.176768	5.214227	4.141024	5.510654
4.875809	5.355529	5.899513	5.419608	5.119493	5.6268	4.948764	5.374863	4.858742	5.211686
5.179792	4.103517	5.256691	5.218154	5.214051	4.35101	4.299891	6.384919	4.413039	4.669075
5.096439	5.071385	4.636831	5.400955	4.938401	4.64881	4.872387	4.316162	6.134346	5.575548
5.11518	4.920039	5.073249	5.268738	5.920855	5.587351	4.817906	5.069715	4.550623	5.014914
5.394918	4.969457	5.972716	4.721759	5.375189	4.598811	5.287726	4.557763	4.256921	4.777824
5.613177	5.351757	4.881112	4.544549	5.105291	3.524876	4.164125	5.241721	6.183414	4.854515
5.145015	5.445069	4.344576	5.490102	4.401087	5.057271	5.122964	4.657565	5.427059	4.932199
5.537143	5.392956	5.081913	4.851531	4.408271	5.256526	5.94047	4.835709	5.142633	5.515892
4.609975	4.756886	5.126806	5.341302	5.428635	3.89471	4.745717	5.773038	5.539413	4.815547
6.067887	4.105222	5.637885	4.939186	5.108204	4.795228	4.919712	5.152977	3.940537	4.263545
5.034043	4.068769	5.030405	5.287128	4.683506	5.28364	4.72075	4.8442	4.395925	4.944061
5.128573	4.902852	4.127158	5.84595	4.769367	5.086141	6.185206	4.759172	4.488863	4.399078
4.974807	4.85732	4.76106	4.838045	5.496627	4.362146	4.472646	4.779614	4.295788	5.254351
4.954902	5.46359	4.752818	4.604073	5.7353	4.680325	4.493565	4.808506	5.204911	5.361655
4.493953	4.761889	5.113493	4.647555	4.928373	5.270574	4.676169	5.300913	4.897933	6.271401
4.768582	4.283797	5.351076	4.911989	5.485078	4.923664	4.812512	5.479069	4.941947	5.128458
5.498778	5.612982	6.255841	5.405746	4.126607	5.566351	4.842553	6.026888	4.726888	4.139132
5.536742	4.993837	4.619862	4.490098	5.652266	3.847991	5.505689	4.84817	4.51709	5.554975
6.188163	5.22942	5.011773	4.658822	5.148452	5.057113	5.314673	4.11594	4.552991	4.791153
5.461209	4.210701	5.46351	6.934969	5.88283	4.661646	5.233053	5.084486	4.929664	5.058981
5.135751	4.075879	4.407085	5.131838	4.668057	4.742948	5.077528	5.468431	5.484423	6.080173
5.069676	4.135943	4.526707	3.609158	4.749834	4.953989	4.750825	5.218387	6.244673	5.253365
4.609258	5.016409	4.759435	5.474219	5.076795	5.426952	5.119094	3.631737	5.476414	4.942989
4.79589	4.718379	5.560458	4.831586	4.960807	4.549187	5.065614	4.871125	6.218131	5.653165
4.741744	5.2498	6.700366	5.208092	5.545816	5.058333	4.717321	5.693446	5.375569	4.215865
5.327889	3.641529	4.522439	5.469342	4.610145	4.989713	4.390484	4.724469	5.763132	4.394585
5.541464	4.58761	5.714192	4.82367	4.60257	4.326337	5.461637	5.006643	3.701383	4.461686
4.33133	5.822696	4.237447	3.782542	5.800867	4.648604	5.822951	4.876429	5.04266	4.928953
3.696728	4.227564	4.499675	4.921905	3.968451	3.996727	4.027944	5.603989	5.026236	5.629538
4.998465	5.313665	5.092701	5.689144	5.327117	5.134682	5.078928	5.120718	4.745284	4.837924
4.641783	5.008714	4.419523	4.36556	4.386307	5.485313	4.764225	4.908218	6.281348	4.628633
4.093435	5.132684	4.599549	4.427179	5.452424	5.512523	4.552694	3.619037	5.219668	5.763103
4.797648	4.102011	5.364603	4.758286	5.092113	4.915886	4.051838	4.509971	4.747327	4.66225
4.20037	4.424068	5.187099	5.026397	5.99754	4.979948	4.404063	4.968954	5.007135	4.669209
5.499634	5.028527	4.748192	4.94705	3.829727	5.443655	5.377399	5.841703	5.077721	5.096293
5.843318	4.994049	4.472579	4.911362	5.507169	4.54528	5.255033	4.646863	5.289816	5.011395
5.17253	5.562141	5.208568	5.586961	4.847068	5.353748	5.226811	5.659688	5.29849	5.192136
4.426144	4.586178	5.553827	4.957215	3.805569	4.510693	5.722094	3.722996	5.123637	5.493265
5.249104	4.651447	4.669634	4.839602	4.794297	5.579441	4.609045	5.437332	5.069175	5.461336
4.607456	5.525446	4.994071	4.49855	5.143147	5.185486	5.3768	4.816889	5.349714	5.048576
5.014505	5.856575	4.65241	4.858207	4.543221	5.032949	5.096902	5.013488	4.90159	5.725068
5.009212	4.440093	4.925983	4.242581	4.667508	5.79107	5.916356	4.22285	5.004927	5.441844
4.153485	5.101084	4.10145	3.77927	4.375583	5.656634	5.684535	5.362825	5.521796	5.702428
6.152281	5.251462	4.420203	5.270191	4.524638	5.324393	4.228341	4.915303	3.891097	5.681911
5.091715	4.878607	5.300044	4.990642	5.275891	5.177589	4.607095	5.229967	5.997853	4.721135
4.973947	3.815006	6.111856	5.468001	4.539273	5.295023	4.734122	4.249372	4.613422	5.269523
5.300249	4.884315	3.827316	5.71664	4.821712	5.816837	5.210022	4.688917	5.364386	5.108592
4.420709	5.530675	5.235741	4.783631	4.521522	5.239313	5.118972	4.271764	4.965112	4.050917
5.012969	4.372521	5.362554	4.66254	5.868025	5.917031	5.542982	5.795556	5.862432	4.525506
6.437642	4.098939	4.760968	4.377854	5.422678	5.58222	5.109863	5.499883	5.318706	5.530442
5.358923	4.939211	4.703691	4.761913	4.83891	5.280964	4.503109	5.20216	5.878613	4.695819
5.293666	5.777917	4.902778	4.761376	4.198306	5.386134	5.03166	4.418952	5.441321	5.408823
4.618892	5.514996	4.672456	5.242884	5.197439	4.189002	6.242495	5.328458	4.587468	3.872468
5.391344	4.176808	5.476917	5.128357	5.416323	4.304409	6.092869	4.625594	4.798785	4.978806
3.879115	4.994948	4.642818	4.207039	5.212135	4.632307	5.686522	4.762962	6.306189	4.879398
5.834585	4.742648	4.491293	5.284967	5.467588	4.076344	5.175284	4.662484	5.171463	4.322173
5.240493	4.799171	6.406937	4.739952	4.74089	5.156523	5.562607	5.939481	4.656921	5.048337
5.363787	5.749427	4.251178	4.616534	4.600801	4.408297	4.742064	5.600905	4.945519	4.199322
4.572471	5.378039	5.127586	5.910279	5.1688	5.396019	4.770666	4.878362	6.007905	5.263839
4.867433	5.076509	5.085183	4.985879	5.040704	5.418236	4.943816	5.523748	3.991308	4.840022
4.857861	4.676051	5.676525	6.094099	4.674708	4.420166	4.505382	5.2475	4.733312	5.164082
5.653901	4.632201	4.977942	4.646268	4.58536	5.923809	5.34223	5.054976	4.333123	5.193789
4.400995	4.368957	5.528292	5.716166	5.129193	5.691127	5.443721	4.367545	5.587388	5.332448
4.694836	4.773587	6.090676	4.777014	5.074431	4.587718	3.831036	4.39815	4.890571	5.176459
5.200241	4.197721	6.231315	4.405387	5.154475	4.365441	4.989954	5.230357	4.909107	4.608085
5.307148	5.786765	4.680237	4.297132	5.995781	3.651192	4.672801	4.901907	5.588347	5.166815
4.704358	4.879537	3.780671	6.312105	5.912499	5.67803	5.771673	3.650719	4.581686	5.069499
4.591609	5.421366	4.772447	5.377899	4.385775	5.029588	5.03989	5.120013	3.791506	5.095045
4.220728	5.985387	4.707011	4.836828	5.260203	4.757017	5.206748	3.132091	5.638238	5.501018
5.016451	5.75339	5.011127	5.096079	5.661261	5.074641	5.474028	3.746579	5.465645	5.044699
5.301486	5.464585	5.409351	4.442008	6.074198	5.910558	5.073961	5.058905	5.194006	5.890379
4.979819	4.836351	4.714278	5.219036	6.142834	5.681216	4.891908	4.50937	4.090745	4.059557
4.711477	5.989204	4.856071	4.995578	5.973396	4.514535	5.287364	4.991407	4.987802	5.065049
5.22154	4.82957	6.131639	5.571499	4.880111	6.125539	5.392227	5.186296	4.822306	5.355457
5.166866	5.732516	4.844613	5.365592	4.503031	5.23048	4.794716	5.103834	5.430835	5.432973
6.15314	4.371272	5.177054	4.933109	4.542263	4.705091	5.048642	6.615716	4.570347	4.787728
5.452424	5.830034	5.675019	4.263246	4.095582	4.209679	6.13703	6.23959	4.682194	4.686977
5.317225	4.340027	5.693556	4.498226	5.171371	5.102081	5.518315	5.764385	4.170969	5.330153
5.26644	5.784976	4.763934	5.275549	5.235938	4.142952	5.520555	6.157733	4.221476	5.205594
5.091294	5.270784	4.477687	5.117438	4.500715	5.36489	4.499914	5.314938	5.410107	4.72432
5.834893	4.971148	4.640465	4.635753	4.668883	4.48178	5.481855	4.705584	5.017562	4.919942
4.741385	4.440882	4.862793	4.724823	4.951366	4.865844	6.036637	4.803078	4.635615	5.460709
4.011377	4.402731	4.926042	4.456404	5.577208	4.994502	5.129948	4.479962	4.642242	5.051002
4.690777	5.876174	5.698817	5.304409	4.142978	4.865029	5.961272	4.626365	5.088482	5.255751
5.085977	4.425967	5.06067	6.223175	5.273088	4.368482	4.251751	3.855911	5.708989	4.881689
5.752778	6.02178	4.969844	5.304224	4.695553	5.064443	4.5302	5.411023	5.133312	4.708189
5.085569	5.169689	5.792706	4.281679	5.238029	5.092208	5.754406	5.266637	5.132413	5.222312
5.700995	5.945635	5.173635	5.27548	4.80552	4.9082	4.563917	4.831778	5.218949	4.61934
5.62534	4.414475	5.104277	4.995813	5.408312	5.545503	4.901107	4.839395	4.675017	5.230813
5.37001	5.727372	4.47205	5.103617	4.999498	5.153337	5.925168	5.455217	5.290252	5.154508
5.099014	5.236392	6.160674	5.506483	4.614731	4.485795	4.784303	5.249843	5.290133	3.969316
5.155432	4.917605	4.828428	4.46585	5.382446	4.989843	4.856899	5.842844	4.367299	5.617418
4.647833	5.566288	4.91191	4.962935	4.593889	5.314317	4.788162	5.332393	5.428971	4.486172
5.355792	4.514724	5.243357	5.181812	4.321579	4.950214	4.747973	5.417291	4.781006	4.935533
