4.771948	5.298275	4.636306	4.463186	5.902103	4.672616	4.861368	5.154153	5.589036	5.066425
3.982111	5.057545	5.442102	3.770784	4.671813	5.044405	4.191215	5.239759	4.663435	3.962051
4.902308	5.369965	5.411377	5.2005	4.30938	4.711961	6.377923	5.48305	5.690131	5.043418
5.266625	4.449615	4.638637	4.516766	5.572995	4.993307	5.002284	5.424885	4.846411	5.50127
4.644716	4.9793	5.075865	5.310163	5.076822	4.240652	4.640145	4.262204	4.52688	5.479433
3.786626	5.710838	5.6764	5.544772	4.470236	5.108859	4.26415	4.417446	5.697101	5.394104
5.73807	6.509226	5.149209	5.412933	4.319492	3.926501	5.353992	4.822748	4.572366	4.518941
5.867506	3.53358	4.840542	3.523375	4.58222	5.072613	4.756996	4.927653	5.642769	4.432324
3.899978	4.967992	4.616992	4.461278	4.774651	5.855563	5.237781	4.424953	5.147534	5.662915
4.951545	4.237936	5.18594	4.544827	5.312229	5.026702	5.377364	4.413482	4.31751	4.930779
4.712199	4.302776	6.117825	4.300854	5.35442	5.013071	4.790124	5.128934	5.319402	4.587162
4.577747	5.667078	5.474121	5.248369	5.224748	4.267659	4.639496	5.185188	4.554626	4.543107
4.812931	5.105537	4.499462	5.039482	4.583249	5.929318	5.232769	4.682359	5.355065	5.342499
4.827201	5.047429	5.619116	5.009619	5.050765	4.228049	4.555638	4.903759	5.622393	5.631007
5.440825	4.88682	4.173406	4.316964	4.496321	5.416848	4.899567	4.756184	4.642807	4.909174
4.641595	5.537112	4.165477	4.816435	6.162964	5.314297	4.202833	4.84778	5.268104	4.938533
4.346819	5.491897	5.146316	4.859211	5.292681	4.405638	5.943441	5.461775	5.480342	4.541584
4.728808	4.871515	5.677348	6.115212	4.623294	5.151343	5.622893	4.789323	5.38752	5.282587
5.010724	4.686223	4.525333	5.61852	4.767393	3.564307	4.509298	4.505303	5.257832	4.461629
4.32551	3.447585	4.924376	5.038434	5.208413	4.09601	5.123502	5.89122	4.76507	4.254107
5.186686	5.294742	4.421576	4.999216	5.151319	3.388275	5.40331	5.190519	5.063277	4.982002
5.097198	5.718806	3.997684	5.211985	3.893123	3.953929	5.688329	4.61585	5.315873	5.296853
4.827344	4.602922	5.130718	5.808637	5.196409	5.404837	4.125023	5.291282	4.036892	5.250581
6.386371	5.651143	5.081447	4.976509	5.460601	4.386223	5.403684	4.109559	4.468101	4.362734
5.749249	4.940867	4.343379	4.350227	4.347143	4.475373	4.695964	3.835971	5.097687	3.943782
5.212409	4.338443	4.987072	5.183238	4.088737	4.452791	5.258344	4.62203	5.311708	4.71091
5.127223	4.567299	5.476523	5.443724	4.671257	6.135219	4.680511	5.135492	5.5245	5.649607
5.396227	4.858709	5.563905	5.241176	4.684999	4.863858	4.346509	4.392131	5.47888	4.221938
5.405482	4.743868	6.00941	5.5524	4.743168	4.752729	4.983239	5.268205	3.563203	5.467034
5.047461	5.26123	5.091083	5.691926	5.406654	6.026057	5.135022	4.107725	5.327148	4.033577
5.1615	5.240067	4.568973	3.869402	5.476593	5.211859	4.650598	5.733872	6.23366	4.948219
5.149803	5.67694	4.475232	5.883767	3.685984	6.650784	5.6057	5.612379	5.103455	4.901796
4.986851	5.47278	4.718161	4.146034	5.734058	4.983201	4.13784	5.740615	4.611292	5.253673
5.736805	4.725671	4.690628	5.102343	4.882323	4.374637	4.853631	5.692119	4.812431	5.520741
4.82539	5.75798	4.639474	3.992447	5.863044	5.463759	5.716626	4.945719	4.750203	4.918253
3.703595	5.088152	4.15182	5.08223	4.899779	4.561711	4.764988	4.646564	4.869279	4.623279
5.129377	5.514873	5.021749	4.683167	4.356475	4.845928	4.973081	4.843527	4.394679	5.607324
5.163348	4.729525	6.101123	5.520594	4.684628	5.314856	4.619244	4.828977	5.522815	5.097876
4.789968	5.0153	3.8799	4.884537	4.367181	5.345744	4.786577	6.914813	4.480545	5.238655
5.087684	5.459526	6.162349	5.432558	5.712117	4.630058	4.711726	5.433219	5.116394	5.789482
5.598241	5.887016	4.844753	5.210785	5.333324	5.252472	3.881293	4.759616	4.919854	5.524745
4.053988	5.324576	4.70758	5.474553	5.275311	5.143916	5.185373	4.868234	5.097159	5.777494
4.536798	5.148828	4.940055	5.625889	5.429641	4.351689	4.175863	4.892659	4.870047	4.780209
3.778725	4.733053	4.352634	5.233301	5.773133	4.589846	4.71887	4.904881	5.179477	5.893298
6.340588	5.472914	4.689182	5.873633	5.502844	5.562256	4.93549	4.9342	4.772719	5.455301
5.483635	5.125525	5.696949	5.099624	5.562541	4.996432	3.496469	4.667389	4.555911	5.331622
5.066082	4.942784	5.076695	5.466048	4.993851	5.239353	5.094584	3.826695	4.991841	4.92802
4.129644	4.811107	5.865009	4.916751	4.357952	4.431684	6.576385	5.001509	3.591656	4.678369
4.303514	5.159923	4.834918	6.095112	4.565883	5.29565	5.331767	5.62869	5.480424	4.934505
4.044247	4.702806	5.648632	5.115995	5.320129	5.802639	5.861456	5.001314	5.961452	4.932992
4.607842	3.51444	5.506137	4.489064	4.662618	5.143385	5.885283	4.801291	4.296121	5.72912
5.072961	4.406156	4.461928	5.315614	4.415267	4.63142	5.900299	4.924244	4.673357	4.871687
5.608846	4.802855	4.687868	6.145205	4.332123	5.175278	4.652406	5.264812	3.953099	5.269461
4.649083	4.685153	5.14237	5.639609	4.578168	6.055196	5.671033	5.550027	5.014224	4.910656
5.150086	5.40631	5.042837	5.113521	5.561079	6.619617	5.266917	4.50386	4.348223	7.102362
5.726351	4.635792	5.25972	5.08013	4.38169	5.22811	5.062028	5.274326	5.640038	5.160904
3.948448	5.534436	5.12061	5.104392	5.360463	4.813111	5.868843	5.088422	4.676083	5.123694
4.530114	4.755379	5.532753	4.586713	5.587974	4.33762	4.450927	5.1538	5.385294	5.842113
5.846556	4.414776	5.647575	5.020723	4.633344	4.213779	4.770551	4.755687	4.478183	6.0237
4.396935	5.226661	5.354847	5.561029	4.999246	4.933574	5.29752	5.319203	5.269656	4.556674
4.863278	5.074487	4.977889	4.79471	5.229918	5.506812	4.767968	4.273488	5.048332	6.01928
4.927159	5.017621	5.148338	4.965016	4.584806	4.770646	4.849009	4.537319	4.457951	5.706218
4.182889	5.815847	4.272329	5.733433	4.400888	4.942346	4.009356	4.093841	4.894624	4.855421
5.094907	4.711236	5.11556	4.90695	4.296014	5.091381	4.811631	5.261018	4.45492	6.212908
4.654759	5.212441	5.286541	5.437289	5.769193	5.554137	5.727048	4.832683	4.451777	5.298406
5.296135	5.410474	5.72002	5.772421	5.072777	4.987279	5.133542	5.509228	4.518766	4.690661
6.135867	4.579831	4.15304	4.090871	5.173929	5.891768	4.609213	5.715264	4.918175	5.138389
5.585534	3.792003	4.213696	4.590411	5.61236	5.47423	4.961966	4.2498	3.542939	3.781402
4.880309	5.054959	5.191682	5.068717	5.241343	5.526794	4.916341	4.066159	3.809887	5.002091
5.067191	5.792368	4.069221	5.25517	6.251418	4.481751	5.608654	4.931239	5.484894	5.13282
4.787778	5.731615	5.429437	5.15547	4.074275	4.957879	5.210742	5.855082	5.024868	5.54192
5.792762	4.092432	5.956321	5.312578	5.542251	5.198135	5.1114	4.786473	4.451992	5.039046
3.896934	5.032284	5.053971	4.947273	4.531296	4.805307	4.968956	4.645037	4.721153	4.349929
4.446515	4.478908	4.409126	4.226582	5.146091	4.699873	4.453352	5.540992	4.784358	5.492985
4.646628	5.108142	4.635533	5.403245	5.665705	4.608733	4.372337	5.130306	3.493936	5.583826
4.124576	4.918118	5.357995	5.668773	5.622388	5.119905	5.120624	4.455281	4.695981	5.576743
5.097517	5.504463	4.859437	5.456396	4.90372	5.777548	5.484955	4.919357	4.357083	4.642382
5.222183	5.462765	4.444543	4.891841	6.122588	5.669585	5.125441	5.41152	4.647949	5.986495
4.238664	4.809322	5.095464	5.428285	5.001848	4.20219	4.366353	4.956891	5.040977	5.511031
5.258184	5.725173	4.878491	5.22787	5.422423	5.051013	4.960814	4.901248	5.507962	4.699785
5.56918	4.625525	4.929271	5.238477	4.730348	5.364013	4.992076	5.405259	5.270821	4.760468
5.493988	4.001884	5.128037	4.722914	5.436737	4.513587	4.069652	6.019284	5.379941	5.481888
4.132775	5.561971	4.936306	5.545925	5.547413	5.073681	5.053362	5.024838	4.813324	4.246012
3.916206	5.082147	5.345203	4.691689	5.133402	4.204463	5.384274	4.660083	4.924891	4.74931
4.629857	4.90486	4.706269	5.473948	5.900378	5.100178	4.919949	5.879273	5.241685	5.579502
5.270287	5.522762	6.547066	5.029736	4.560405	5.064197	5.190951	4.837179	4.845277	5.224511
5.211054	5.458334	5.168231	4.61062	5.356723	5.886471	5.402405	5.219163	4.993358	5.850555
4.959395	4.615264	4.817593	5.214111	4.44258	5.342616	4.267814	4.635865	4.302861	5.840507
5.275171	5.219037	4.448009	4.921183	4.398851	5.051903	4.970285	4.403111	5.405166	3.917486
4.588529	5.101055	4.514944	4.944599	4.696161	4.381641	5.385732	4.126426	4.834582	5.664439
4.989146	5.273009	4.918963	4.666471	4.4514	4.384527	4.960632	5.804542	5.506368	5.741769
5.615522	4.613159	4.780016	3.923688	4.309891	5.342328	5.852677	5.798697	4.277141	4.766164
4.573396	5.567593	4.692263	5.189157	4.429864	4.27447	3.369155	5.52464	4.034629	4.480063
5.018614	5.314858	4.086685	5.64725	4.183843	5.209286	5.743027	4.807011	5.441955	4.731414
5.845395	3.521209	4.414423	5.621381	5.722446	5.174426	5.035808	4.127952	4.617128	5.547139
5.36534	4.511936	4.00561	4.498204	5.603294	3.843533	5.168561	4.669499	5.98103	5.872097
6.10318	4.836648	5.082531	4.521022	4.813848	5.653721	5.455646	4.631961	3.93633	5.515618
4.292924	5.389458	5.724466	5.053836	5.06697	4.543587	4.828454	5.752323	5.119993	3.575241
4.886018	5.959494	6.153978	4.794747	5.579386	5.366774	4.740109	5.024581	4.378926	4.947729
4.85812	4.620053	5.149701	4.370598	4.993788	5.509546	4.167123	3.750063	4.152625	4.513802
4.356799	5.902273	5.259861	5.500195	6.305909	3.810281	4.366824	4.084503	6.006412	5.148731
5.959984	5.552251	4.990377	4.413148	5.212979	4.590314	5.686162	5.68238	5.470033	5.192039
5.344012	4.619659	4.276003	4.907016	5.326569	5.971527	4.472269	4.015224	4.279002	4.163631
5.45933	4.97168	5.37909	4.361052	4.626901	5.053573	5.457202	5.325441	5.124122	6.041008
3.987322	5.12732	4.188976	5.187851	4.408194	5.504614	5.297741	4.541793	6.306582	4.561097
5.207667	5.863642	5.385045	5.30686	5.227526	4.909074	5.344381	4.297817	5.518003	5.808133
4.193178	5.461366	5.47986	4.531417	5.227009	5.117165	4.33026	4.809188	5.620737	4.71643
5.954686	5.391084	5.875895	5.765583	4.368827	5.142236	5.619714	5.230244	4.711675	4.700129
5.678445	4.636264	4.167528	4.475924	5.926823	5.528265	5.280684	5.854715	5.261982	5.558962
4.506776	5.313158	4.342592	5.062875	4.881601	5.36943	5.40957	5.625527	5.308521	5.405245
4.813314	4.915361	4.896777	4.859455	4.908853	4.165956	5.318381	5.682879	5.137608	4.961649
5.856979	4.797927	6.107238	4.71075	3.431731	4.508653	5.085377	4.817559	4.552777	4.442567
4.555727	5.300318	5.526945	4.442095	5.392248	5.112677	5.505484	4.789095	5.066181	6.68548
4.715717	4.661077	4.652658	4.971935	4.86446	4.495124	4.680487	4.330725	5.414016	6.112347
5.793189	5.511639	4.802591	5.440897	4.049687	4.677397	4.245035	5.13419	4.86012	5.43012
5.603297	5.069576	4.746721	4.817064	4.425976	4.576386	5.419734	5.405671	4.654252	5.093461
4.597945	4.972291	5.345129	4.497585	5.41899	4.886721	5.471133	6.503124	4.635522	5.578075
5.316768	5.42154	4.433058	5.019434	5.1621	5.027082	4.256599	5.037838	4.413043	3.826225
4.423083	4.727929	4.816489	4.277098	5.544615	4.664155	3.276019	6.188751	4.967159	6.076096
4.866266	4.941764	5.523817	5.371705	4.628185	4.892562	5.937541	5.732195	4.595248	4.789421
6.001732	5.219637	5.244672	5.656569	4.395575	4.277052	5.295652	4.290933	3.752777	5.396508
4.992487	5.422544	4.654313	4.103525	4.529936	5.004023	5.679411	5.443291	4.017039	5.324486
4.74071	5.520637	4.930619	6.072061	4.796031	5.552742	4.487231	4.945208	5.040509	5.317671
4.31267	6.195828	4.939728	4.623862	4.749866	5.277686	5.276862	5.571637	4.539688	5.625084
5.663844	5.00693	5.349392	4.597185	5.641414	4.82647	5.680916	5.387594	4.906897	5.325485
4.699092	4.637764	3.820097	4.713596	4.672657	6.050518	5.001536	5.277768	4.592522	5.006311
5.297747	4.73004	4.335401	5.735165	5.230479	5.079842	5.622618	4.940436	5.144194	4.100933
4.571398	5.15748	4.764469	5.275869	4.812301	5.574103	6.021152	5.284104	4.194777	4.922868
4.602435	4.401106	5.796852	4.026186	5.928419	5.081879	4.515283	5.865623	4.526818	5.909534
5.975672	5.953317	4.823904	6.232533	5.110581	4.684258	4.829758	4.836503	4.667134	5.103456
3.95803	4.679578	6.102508	4.737545	5.293235	4.986131	5.724013	4.817114	5.26649	4.868238
4.966216	4.87693	5.814849	5.47703	5.218974	4.219284	4.703827	5.114489	5.829207	5.052894
6.121131	4.591318	4.338411	4.962979	5.271607	5.05507	5.438461	4.800383	5.139795	4.708872
5.677067	4.939013	5.016733	4.173375	4.705962	4.839868	5.29348	5.315582	5.181021	5.72499
5.65302	6.405294	4.949832	5.126765	4.218081	4.798841	5.017319	5.193362	5.352945	5.140268
4.586612	5.162736	4.608698	4.90602	6.109227	4.161917	4.296089	5.226906	5.018627	4.781601
5.463883	5.611398	6.162239	4.320585	4.819236	4.417432	4.598587	5.389555	6.120903	5.350333
4.941465	5.304778	4.698149	5.287137	6.230718	5.318765	4.308421	5.23412	4.637574	5.225826
5.041811	4.854012	4.71839	5.374384	4.709935	4.273528	5.312953	4.390738	5.390736	4.638485
4.896975	4.049481	6.204405	5.471637	4.879494	5.845727	5.000601	5.939979	5.597371	5.155768
4.376148	4.916936	5.077446	5.282549	4.667673	4.586613	5.08083	4.867344	5.267054	4.106503
4.257833	3.89351	4.761374	5.944351	5.01615	5.380014	6.406236	5.414607	5.882517	4.464108
4.360307	4.865836	5.932451	5.084223	4.945937	4.550328	4.788775	5.091408	4.202423	4.574197
5.73223	4.785731	5.021009	4.648702	5.618633	4.530858	5.182937	5.044114	5.366755	5.359637
4.541395	4.360585	5.543342	5.076518	5.588875	5.298735	5.549331	5.125929	3.923551	4.992661
5.055257	5.938122	5.496897	4.74827	4.419832	4.851912	4.177272	4.285421	5.47849	4.291482
5.292049	4.986786	3.989722	5.625443	4.332868	5.120562	4.215962	5.707515	4.452243	4.753693
5.812759	5.236269	4.553759	4.892992	4.696041	5.50666	4.519978	6.079569	4.426145	4.928932
4.476757	5.612309	5.784351	5.065964	5.114853	5.870213	5.580959	4.350137	5.564359	4.611012
4.069583	4.847061	6.090825	4.743864	5.183576	5.001388	5.395454	4.535125	5.100916	4.331618
4.797046	4.121789	4.775645	5.233345	5.053673	5.566381	5.194969	4.335675	5.825894	5.886459
5.165357	5.394709	5.224337	5.626742	4.877359	4.454396	4.737105	4.534968	4.106004	4.77181
5.856522	4.901979	4.40011	3.830656	4.426507	4.933219	4.329088	5.342295	5.19529	5.263257
5.050259	5.207403	4.385805	4.805943	4.987865	3.659827	5.756428	5.711578	6.094901	4.534565
5.332574	4.911061	5.031378	5.384505	4.878398	6.10774	5.282086	4.928378	5.324268	5.102609
5.514629	4.415902	4.43908	4.862883	5.558173	5.170641	3.897631	5.06577	5.011916	5.32829
5.248056	4.837721	5.732428	4.273779	5.623657	4.780694	5.59481	5.090186	4.96134	4.54426
4.929049	4.476409	5.580365	4.157156	5.4442	4.171776	4.555929	5.484028	5.336448	3.659266
4.986195	4.864796	6.090011	5.253656	5.068394	5.031396	6.204726	4.856913	5.02972	5.071329
5.256145	5.633475	5.565298	5.155354	4.13763	4.979553	5.728698	5.148098	4.837111	6.250338
4.952969	5.212423	5.302378	5.249279	4.994664	5.425062	6.525039	4.859351	5.072304	4.755094
5.608967	4.342042	5.209259	4.418642	4.973487	4.022817	5.444816	4.826369	5.170662	4.835289
5.180662	5.442671	5.442745	5.072703	5.356009	3.69635	5.586683	4.661297	5.505741	4.036361
6.02172	4.390163	5.100176	5.213961	5.91901	3.834533	5.536878	4.712291	5.13411	3.892734
5.69519	4.787543	5.21932	4.996253	5.592657	5.387318	5.809264	5.226453	5.090353	5.215703
3.963589	5.073801	4.694746	4.406267	5.312649	5.803238	4.870615	4.75125	3.980404	5.242189
5.177694	5.562387	5.356999	4.75006	5.324307	5.480706	4.85856	4.198675	4.78475	5.08661
4.938855	5.622653	6.211504	5.463437	6.137505	4.669696	5.272336	4.536859	4.775263	5.187431
4.806156	5.42873	5.389417	5.266877	4.34708	4.690094	5.083627	5.138558	4.551478	5.069633
5.00801	5.268727	4.395715	5.338697	4.801546	3.754567	5.199013	4.817556	5.542247	4.495725
4.659624	5.228878	4.83593	5.602069	4.969173	4.567329	5.25072	5.315365	5.056544	5.447896
5.257571	5.638966	4.352499	5.220935	4.505065	4.014174	5.135466	5.140467	5.060399	5.316161
5.11436	5.831331	5.58132	5.565342	4.863245	4.374062	4.741096	4.568416	5.489663	4.967906
4.443268	4.517304	5.487743	4.852084	4.620185	4.593391	4.532646	5.063745	5.350295	4.517131
5.46732	4.123205	5.125499	5.014438	4.978823	3.995343	5.061307	4.481199	5.806692	5.357207
5.997629	5.392796	4.423371	5.511631	4.584642	5.68397	5.242119	5.242397	4.029885	4.83567
4.853125	5.039894	4.723575	3.709285	5.101339	5.727342	5.195811	5.0837	7.131511	4.223321
5.540949	5.890187	5.671364	4.622215	4.860587	4.48209	5.502146	5.152312	5.442852	5.079868
4.967435	5.489456	4.050999	4.445337	4.705867	4.775653	6.353419	5.11222	5.491536	5.230258
5.118865	4.086039	5.714871	4.66997	4.056768	4.487433	4.749866	4.979732	5.054506	4.94566
4.699038	4.247888	4.009627	5.411252	4.784387	5.309938	6.132366	4.85044	4.879514	4.734368
4.93985	4.599	5.056336	5.053684	5.004913	4.041118	4.556192	4.822231	4.760803	4.954905
4.623266	4.942307	4.732573	5.350958	4.999806	5.107996	4.630575	5.754424	5.475947	5.024754
4.978714	5.326026	4.511117	4.502074	5.13613	5.230416	4.617686	5.466842	5.691054	5.078392
4.615773	4.699561	5.243027	4.367758	4.705226	4.899675	4.334199	4.849249	4.126823	4.671897
5.375665	4.288691	4.157471	4.789916	4.741971	4.695245	4.987812	4.457923	6.108333	4.161916
4.841766	4.457969	5.556483	4.987477	5.884399	4.331889	5.578677	4.442735	4.970641	5.02164
5.275769	5.056319	4.566294	4.60082	4.748753	3.388932	5.212096	5.525476	5.374483	5.157779
4.593677	4.977911	5.376997	5.057174	4.487268	5.41984	4.952736	5.674443	4.55711	4.005932
4.670938	6.010475	4.611756	4.984241	5.092709	4.5464	5.550057	5.572862	4.839913	4.937693
5.012478	5.046323	3.667312	5.271897	5.495642	4.720591	5.95996	5.444752	4.750566	5.00401
5.162613	4.520903	5.126063	4.66948	4.150994	5.27198	5.05798	4.840672	5.252623	5.493412
4.883879	4.869145	5.07553	4.507636	4.614066	4.334043	5.674277	3.289797	5.243163	4.287519
4.595157	4.952544	5.515877	4.238669	4.571224	5.665609	4.034825	6.03594	5.496628	6.102677
4.839007	5.09347	5.12455	4.084252	4.848795	5.041904	5.572402	5.030666	4.376987	5.432186
4.725286	4.953121	5.985264	4.667968	4.685244	4.981282	5.987708	5.178583	5.159154	5.007665
4.583837	4.70421	4.511322	4.786922	4.430474	4.536074	4.017776	4.584728	4.984827	5.295771
5.531499	5.058147	4.595563	4.607197	4.886449	5.392273	5.554971	4.82023	5.291682	4.738686
5.000367	4.972813	4.355214	5.45671	5.746903	5.268757	4.754751	4.52088	4.72957	4.981228
4.639704	5.075655	5.064288	4.813191	4.929737	4.660377	5.298711	5.128886	5.101015	4.359142
