5.283813	5.451985	4.859576	6.373847	5.298798	6.761884	5.28574	5.837274	5.234437	5.266291
5.412882	5.13909	5.160275	4.931257	3.525653	4.728693	3.944378	5.129807	4.620234	5.174211
5.773959	4.620095	6.004242	5.410659	5.071328	4.260808	5.391773	5.541757	5.733098	4.585426
5.280909	4.941033	4.417155	4.699368	4.703918	5.198789	5.183761	5.062151	4.618731	5.037861
4.816693	5.651488	5.415864	5.544965	4.979656	4.929912	5.57642	5.117082	4.695975	4.655482
6.212904	4.773217	4.218017	5.569965	4.507454	4.532207	4.359407	4.530345	5.44025	5.861074
4.841368	4.584327	4.297922	5.968089	4.556229	4.788189	4.964405	5.650747	5.110178	5.070784
5.547817	5.646976	5.184166	5.168678	5.546717	4.983824	5.59711	5.285942	5.067928	4.478614
5.282604	4.286139	5.547949	4.818056	4.967218	4.955298	5.397873	6.415599	4.131939	5.329414
5.586027	5.820877	4.692043	3.640349	5.293712	4.277545	5.155461	5.197603	5.514741	6.305324
5.894008	5.096321	5.215887	4.618134	5.134271	4.85501	5.140405	5.317031	5.446865	4.758248
4.97009	6.403938	5.419581	4.407557	4.298481	4.948521	5.093432	4.872499	4.472826	5.432356
4.819069	4.961928	5.630431	4.656894	4.889173	4.306455	5.139353	5.418036	4.652427	4.949858
5.531994	4.576978	4.798965	3.754327	5.574039	5.467137	3.76025	4.508218	4.716732	5.107209
5.888955	5.122606	4.853333	4.678451	4.767731	4.776941	5.045639	5.412506	4.90542	6.419214
4.373263	3.886581	5.945774	5.471501	5.02753	5.249928	4.10217	4.640156	5.000932	4.659624
5.317688	4.404834	4.864847	5.207609	5.259423	5.595051	4.783984	5.285267	6.051675	4.630999
4.592829	4.398317	5.118742	5.517959	5.240881	4.405112	4.548989	6.513144	5.450445	5.38619
5.252229	4.220596	4.307318	4.338439	3.860524	6.523546	4.190729	5.227333	4.491268	4.972468
4.586486	4.693645	5.8255	4.201118	5.044819	4.504247	4.469436	5.040474	5.037989	4.605546
4.479921	5.495249	5.935136	4.783009	4.243325	5.005692	5.276275	4.702181	4.591656	4.456278
5.611194	5.477879	6.073007	5.877784	4.509528	6.029093	5.247338	6.240423	5.507873	5.079103
5.116098	4.678965	6.013983	4.556345	5.10789	4.949119	4.243645	5.353668	4.435967	4.751292
5.650452	4.889724	4.446645	4.924334	5.054897	4.617776	5.884578	4.721332	4.047776	5.505066
4.546947	4.265883	5.760548	5.043688	5.525549	4.048273	5.752747	5.066343	5.136666	6.304279
5.130432	4.792006	5.212633	4.699481	6.133374	4.152822	5.114087	5.698584	6.163093	4.294804
5.084277	4.973887	4.513752	5.557803	4.288769	4.88943	4.941523	4.893799	4.067168	4.053581
4.543263	4.680336	5.351881	5.280201	4.321957	6.022841	5.520644	5.707801	5.534779	5.564697
4.457317	4.682683	5.648336	4.835278	4.350346	6.17103	4.881862	4.495195	5.033362	4.441872
5.192804	5.27439	5.064227	3.856996	5.055827	5.496454	5.894218	5.415286	6.039614	5.137968
5.424444	4.83564	6.279998	4.192278	4.55046	4.777938	3.907289	6.195487	4.122021	5.01771
4.430131	5.958569	4.4889	4.611437	4.267646	5.067524	5.623931	5.697616	5.122938	4.519173
4.851894	3.719433	5.168722	5.062601	4.349485	4.507306	5.230251	5.151475	4.378361	4.917943
5.174273	4.582715	5.292129	5.364962	4.642611	5.194112	5.502825	3.936396	4.22109	4.580338
4.891586	5.086573	5.511481	5.138545	5.748647	5.472063	4.892276	5.651169	5.472996	5.551656
5.388613	4.637813	5.28956	5.031429	5.275272	4.418563	5.135302	4.993919	5.626655	4.919377
5.024026	5.159246	4.688896	5.019484	5.033124	5.25112	5.562924	5.048833	5.368496	5.199477
5.529894	4.723036	4.922918	4.362739	3.833812	5.395426	5.645733	4.56136	4.772727	5.445697
5.801815	4.2272	4.969305	4.641369	5.511786	5.396309	5.693601	4.458972	4.273586	4.981564
4.60983	5.214318	5.597299	4.50623	4.935377	4.757049	5.30338	4.532197	4.404147	4.28239
4.641986	4.367855	5.56392	4.265649	4.72837	4.563243	4.945716	5.377061	5.427442	4.727967
4.852065	5.914743	4.128082	5.004149	5.442009	5.061062	5.672488	4.003952	5.771289	4.983351
4.706617	4.600501	5.640704	4.429964	4.101387	4.34671	5.282566	4.807924	5.842352	5.905703
4.7636	5.654582	5.595894	4.367621	5.727183	5.369933	5.119427	5.465982	4.285302	4.973689
4.823468	4.556617	5.888507	5.242281	5.252324	5.531533	3.948737	4.49942	5.116426	5.68747
4.01549	4.198819	5.378007	4.914928	5.021173	5.582116	5.69809	4.889038	5.492321	5.36643
5.553553	4.644187	4.797201	4.433179	5.896372	4.77662	5.097109	5.090367	5.770443	4.757432
4.47474	4.453995	5.47666	5.525343	4.551414	5.055285	4.894171	6.136344	5.672198	4.386501
6.017805	5.631726	5.66398	5.046237	5.639899	4.470887	4.927579	4.140302	4.873227	4.429109
5.060581	5.174724	4.545346	5.38376	5.063848	5.876867	5.14733	5.616027	5.277682	4.254651
6.297229	5.656103	4.599273	5.019787	4.182613	5.365286	5.907935	5.435822	4.727646	5.42998
4.214735	5.450591	5.428732	5.24751	5.005404	5.217774	5.403201	4.121634	5.752941	4.548774
4.680462	5.2705	4.587901	4.797059	4.606513	4.852932	5.30666	5.762273	5.302282	5.195516
4.329343	3.80184	4.831368	5.240397	4.81049	4.78913	4.987539	4.764576	4.753166	5.083915
6.215928	5.599222	5.241158	5.890775	4.820182	4.335599	5.061718	5.461374	4.009807	5.062767
4.762431	5.820927	5.733125	4.929865	5.73748	4.885436	5.487517	5.102106	4.896204	4.314799
4.837101	4.744093	4.589771	5.31964	5.348046	4.510593	5.112797	5.540602	5.455184	5.233809
4.865444	4.998935	4.657523	4.242468	6.0722	5.375783	4.766995	5.835101	4.548745	5.543662
4.502295	4.514161	5.247142	4.964395	5.346545	5.545488	4.348188	4.762227	5.599371	3.688698
5.272074	5.010592	4.562349	5.078534	4.889392	5.468565	5.242521	5.376962	5.367161	4.146763
4.644563	3.651941	4.081854	5.762599	5.918674	5.636192	3.866785	5.3003	4.889385	5.555908
4.871407	4.898058	4.574793	5.34919	5.360957	4.068701	5.068041	6.346681	4.963078	4.933066
5.435337	5.103683	4.879134	4.621265	5.293083	5.268931	5.475144	4.355065	5.82099	5.819264
5.654976	5.576006	5.024691	5.68963	4.908297	5.642817	4.918769	4.069185	3.937891	5.083014
4.731383	5.07582	4.68322	5.033472	4.953597	5.403188	4.382503	5.399093	5.381678	4.712873
6.184584	4.96426	5.463625	4.527953	5.008233	5.315182	4.712984	5.423544	4.256209	5.031315
5.498489	4.529142	4.467848	4.78993	4.495078	4.490422	4.862671	5.872966	5.035303	6.217429
5.070406	5.265699	5.307009	4.851964	5.701052	4.694485	5.343012	4.984243	5.409551	4.740081
4.808114	5.540948	5.059664	4.957524	5.748369	4.878118	4.433515	4.462986	4.404338	5.364314
5.301579	4.728589	4.867859	4.477051	6.49416	4.857302	5.148067	4.790939	5.200422	4.758477
5.994418	5.411687	5.689911	5.177519	5.612784	5.321049	4.335505	4.348903	4.731847	4.665486
4.956942	5.52737	5.476682	5.913487	4.645067	4.582675	5.480842	5.039033	4.338689	4.536738
4.553873	5.888649	5.156142	5.233945	4.693901	4.66917	5.350108	6.237724	5.292069	5.119039
6.000019	5.746669	5.849073	5.177112	5.737168	4.918754	5.127478	5.10868	5.296286	5.754405
5.281626	5.049718	5.19395	5.628134	4.547301	5.511191	4.800136	5.1297	4.970532	5.173714
4.835292	5.963319	4.372506	5.082241	5.969515	5.201605	4.86796	5.491898	4.641632	5.264558
4.369661	5.402345	5.083062	4.60892	4.297899	5.341167	4.882395	4.56228	4.246024	5.159895
4.901661	4.745621	4.597377	4.505158	4.71761	4.375276	4.233819	4.898027	5.178558	5.879382
4.892192	4.9999	4.707977	4.869556	5.249791	4.51719	5.198373	5.430693	5.80762	4.965457
4.252185	5.224542	5.00856	4.93787	5.629453	4.242234	4.759069	4.191962	5.232471	5.035623
5.730855	4.51276	5.278925	5.599791	4.510622	5.842018	4.995209	5.327955	5.158493	4.764376
4.89221	5.253263	4.999501	4.251416	5.173696	5.384684	5.929244	4.038902	4.245351	4.792248
5.824333	5.37248	4.115556	4.913705	4.044733	5.32164	5.150718	4.981979	4.820933	5.077669
5.217875	4.953566	4.908325	5.054367	4.119825	4.844492	4.27069	5.366264	5.913981	4.856521
4.687079	4.726738	6.033153	5.499621	5.258454	5.626817	5.240117	4.975245	4.93145	5.212765
4.305789	5.692328	5.087183	5.033626	5.06062	5.755628	4.549339	4.764093	4.279219	5.315679
5.032266	4.912412	5.813773	4.341838	5.503563	4.624418	5.817928	4.512909	4.570265	4.650271
4.251426	4.711897	6.510911	5.582391	5.118128	3.894879	5.007628	5.060077	5.068515	5.533022
5.500702	5.242325	4.949861	4.389094	4.68273	5.650018	5.823679	5.471638	4.701779	4.900852
5.04553	5.674635	4.300982	4.971291	4.899393	6.039401	5.012931	4.997863	5.747606	4.619276
5.268013	4.584717	4.538534	5.332839	5.321488	5.340762	4.954232	5.732662	4.97249	4.42127
5.362055	4.513259	5.700053	5.425495	4.943564	4.810467	4.702812	5.138128	4.960494	5.588871
4.913742	4.702402	4.672967	5.440955	5.356234	4.959859	3.769173	4.950462	4.852552	5.250124
4.727802	5.508997	4.282841	5.657404	5.124683	4.709944	4.521725	4.214041	5.503532	5.596087
4.743303	5.049551	6.17479	5.015874	6.009874	4.949298	5.873189	6.082676	4.900059	4.810237
5.102145	4.806118	5.006824	5.88209	5.543846	4.831309	5.089339	6.171189	4.731269	5.345747
4.57485	5.547539	4.804364	4.874423	4.19124	4.897445	5.612117	4.402538	4.950124	5.296536
3.576276	5.822956	4.823564	5.23519	4.233535	4.958267	5.159017	5.239081	4.873852	5.215809
4.623384	5.491368	4.758186	3.564709	4.617206	5.461083	5.884816	5.210319	5.776996	5.150311
4.672787	4.738802	3.795426	4.436057	4.566538	4.422039	5.529105	4.204432	4.837115	4.763801
4.331657	5.512455	5.804766	4.915411	4.517395	6.208296	4.916854	5.007771	5.038461	5.548191
5.227956	4.335433	5.20479	4.240256	5.051157	5.823291	4.261325	5.471496	4.791068	5.338633
5.075922	4.952908	4.633014	5.055217	5.383748	4.787624	4.935729	4.86686	4.470022	5.353267
4.712203	4.846781	5.612837	5.327096	4.386854	4.876444	5.862887	5.088729	5.583745	5.050984
5.326286	5.439042	5.295623	4.727688	5.188917	5.01397	5.190192	4.936883	4.120693	5.026603
4.425424	5.102122	4.9258	5.069268	4.774037	5.863085	4.556137	5.884494	4.456168	4.533846
5.624766	4.75791	4.060226	4.423326	5.497149	4.646736	5.92554	4.612424	4.275578	4.954257
5.046146	5.808734	4.978503	4.394874	5.202847	5.267758	5.82052	4.498656	5.164923	5.314166
4.317861	4.911123	5.354892	5.515534	5.606586	4.413812	4.358329	4.792814	4.014256	4.387164
4.48458	4.869463	5.086354	4.710041	4.366435	5.58738	4.845717	5.449126	4.849954	5.410315
5.283294	4.316262	5.159699	4.482711	5.557454	5.521645	5.025956	4.213123	4.699246	5.22557
4.900197	4.773908	5.358743	5.715401	5.337755	4.516561	5.449807	4.687301	5.400703	5.188922
5.054704	4.777466	4.102986	5.776605	4.967275	5.567225	5.726335	5.006711	4.953879	5.139843
4.361817	4.281406	5.090041	5.928139	4.953843	4.444855	5.464356	4.85818	5.145789	4.713346
6.822842	5.439793	5.12559	6.116602	5.35784	3.866305	4.991165	4.697909	3.85652	7.174104
5.308046	4.08463	4.495549	4.120431	3.902681	5.342083	4.566511	4.091398	4.935928	4.796456
4.257254	4.887211	4.532965	4.56961	5.560417	4.246377	6.58459	5.412531	5.059048	4.82269
5.558194	4.629468	4.862511	4.752004	4.507113	5.659073	5.809008	5.734899	5.363843	4.87757
5.267885	5.354198	4.829087	5.238319	5.363477	4.752239	5.474082	5.537826	4.40998	5.680727
4.957386	5.149004	4.414354	4.764156	5.196569	5.652391	4.693955	5.15901	4.821058	5.204827
4.861835	5.54259	5.20105	5.538854	6.714717	4.113254	5.160255	4.428103	4.062141	4.589335
5.417083	5.359534	5.65434	4.186783	5.248725	4.587226	4.802378	4.144796	5.486518	4.618314
5.301697	5.217288	4.912145	5.871277	4.935845	4.326546	4.868594	5.342504	5.265718	5.289323
4.815006	4.769231	4.904908	5.59037	4.981833	3.826667	6.842149	5.332263	4.278046	4.942912
6.020023	4.427596	4.910933	4.936681	4.957232	5.366161	4.090843	4.775218	4.445081	4.810925
5.136273	4.85642	4.819943	5.523345	6.323214	5.087236	5.010605	5.571573	5.302101	5.275465
4.862235	4.961594	5.152855	4.843317	5.629222	5.010111	4.457384	4.548194	4.7649	5.405523
5.135345	5.189513	5.243841	4.033073	5.846389	4.571871	4.402585	6.082757	4.161708	4.233726
4.480566	5.894966	4.105017	5.110364	5.813231	5.17544	3.898865	4.788553	5.050569	5.286011
4.422406	4.811176	4.590222	4.125813	4.734257	5.54609	4.413854	5.465535	4.561943	5.229277
4.667157	4.595711	4.12208	5.465142	5.146233	4.27461	3.950025	5.596899	5.086296	4.804451
5.120045	5.668006	5.208573	3.792555	4.526606	3.419465	4.956586	4.939162	5.477288	4.709101
5.677115	5.923549	5.042562	4.836281	5.250893	4.739145	5.516478	5.308542	4.587744	4.61837
6.173357	5.156839	4.07941	4.417275	4.595026	4.39058	4.670908	4.877447	4.343827	5.092852
4.468825	5.440395	4.957122	5.18864	4.387375	4.72086	4.842158	4.135976	5.074698	4.855479
4.834855	4.227192	4.864532	4.815777	4.489792	3.774636	4.869607	4.745772	4.911061	4.968659
5.266474	4.527585	3.805036	5.638736	4.884754	4.80354	4.739501	4.621892	4.56969	4.473032
5.376304	4.826305	5.475029	4.325459	5.590941	5.224357	4.602882	5.203568	4.542879	5.25352
4.319974	4.824495	6.329511	4.660234	5.760891	4.253264	4.213003	4.73049	5.492731	4.919774
5.033247	4.576705	5.022624	5.428543	4.629966	4.892216	5.374047	5.302927	5.210069	5.121895
4.83026	5.700183	4.923621	4.791996	4.762252	4.519989	4.984663	4.97815	4.677097	5.629003
4.092771	4.510134	4.976274	4.671882	5.327646	4.662075	5.212654	4.665792	4.323254	5.650829
4.385103	5.911332	5.461777	4.751323	4.46265	5.080108	5.705554	3.963809	4.87078	5.007264
4.154609	4.93545	5.282207	6.149947	5.012806	4.810929	5.764823	5.467548	4.847694	5.352129
5.017106	4.276644	4.470351	5.151983	4.725078	5.55366	4.286524	4.482281	5.030339	4.337357
5.35737	5.0538	4.743294	4.945239	5.518739	4.57125	5.048728	5.866942	5.423807	6.017917
5.32178	4.341018	5.004949	5.721269	4.882976	4.524958	4.079512	5.380452	5.188113	5.259738
5.187544	4.490579	5.390258	4.989592	4.666372	5.559593	4.777402	4.506519	5.131593	5.385037
5.492662	3.623599	6.348312	4.974737	4.966823	5.640841	4.896118	5.051837	5.068864	5.333952
4.647064	4.850014	4.413482	5.586597	5.246666	4.731247	3.900864	3.86087	4.143312	5.730786
5.229305	4.133286	5.195513	5.064279	5.265615	5.54016	5.173486	4.551442	4.501087	4.834526
5.278774	5.238699	5.45328	4.092316	5.275571	4.27266	5.149317	5.574664	4.408388	4.163517
4.781621	5.07039	5.536712	4.325028	4.805982	5.713773	4.715436	4.526396	5.529368	4.740212
5.38783	4.19827	4.130187	5.118292	5.021144	4.876465	4.725802	4.361806	4.729984	4.732891
4.370447	4.398951	4.923971	5.060009	4.565908	4.873752	4.427644	4.750763	5.148817	3.589185
4.797284	5.055396	4.762738	4.715847	4.34973	5.489641	4.905069	5.330297	5.678144	5.390785
5.003438	4.635814	5.149228	4.916795	5.324	5.080523	5.454081	4.369828	5.236485	5.193054
4.736967	4.959486	4.754886	5.642642	4.959917	4.466735	5.221624	3.860568	5.233016	4.720434
5.263771	5.353839	4.775524	5.108508	5.404471	5.286094	5.420144	5.300438	4.75924	3.914418
4.96616	5.027755	4.76828	5.217183	4.476163	4.086415	4.5933	5.305466	4.562582	5.075
4.705476	5.530213	4.377425	5.210852	4.649624	4.372021	5.308482	5.143324	5.282495	4.630225
5.048875	4.598752	5.850596	5.316541	5.371322	4.547543	5.516809	5.477017	4.806295	4.797943
4.95237	5.870756	4.863536	4.11767	4.959967	5.111625	4.679557	5.036939	5.225749	4.503273
5.453012	5.684187	5.584306	5.664298	5.698514	5.038386	4.009981	5.06147	5.581622	5.288323
4.859156	4.931253	3.765051	4.440146	4.638269	5.061007	5.722227	4.843631	5.239651	5.100636
5.315318	3.957017	4.368582	5.340546	4.706083	5.135066	4.223574	5.601202	5.420879	4.833913
5.898237	4.633332	5.784183	4.131902	5.189253	5.610913	5.334025	5.508421	5.391053	5.462697
5.51912	5.561538	5.55475	5.411241	6.307837	4.528764	3.42266	5.239201	4.870613	5.335595
5.162193	4.727337	4.261096	4.531739	4.55729	4.411038	4.25792	4.934838	4.935191	5.442699
5.921978	4.662255	5.347214	5.722464	5.175921	4.533265	5.669372	5.103518	5.139104	5.01536
5.045367	4.572302	5.869508	5.024669	4.570226	5.369476	4.789032	5.942839	5.519604	5.259111
5.080884	4.704725	4.789832	5.206229	5.863219	6.149415	5.218385	5.290307	4.947117	5.832622
4.207226	4.822105	4.143475	4.868701	4.999129	5.604162	5.691529	5.58947	4.853883	4.536251
4.441507	4.496161	4.425838	5.110553	5.309809	5.345274	5.639642	4.53585	5.856619	4.810172
3.23531	4.094618	5.008976	4.304638	5.462164	4.598845	5.029545	4.351861	5.004927	5.119545
5.179198	5.917052	5.580688	5.111427	5.166085	5.765166	6.046521	4.528216	4.307267	5.404787
4.660741	4.701683	5.196946	4.99057	4.175305	5.515558	5.149158	4.640229	4.289966	4.536915
5.523701	4.769598	4.225276	5.013816	5.230725	6.022233	4.491329	4.732967	6.123997	5.19746
4.94202	5.397386	5.206238	4.985369	4.727556	5.437232	4.358435	5.217451	4.652229	3.914668
4.562022	5.827381	4.721307	5.151428	4.77218	3.893097	5.601974	4.776433	4.787005	3.76417
4.309973	5.108817	4.879458	5.540872	4.503328	5.497386	3.918333	5.304517	4.581269	4.223907
3.91895	4.441669	6.175179	5.622639	5.636218	5.986361	5.166094	5.141144	5.57744	4.571138
4.613096	4.321134	4.910621	4.898373	6.232222	4.492552	4.711576	5.014527	5.034803	5.537581
4.601315	5.579796	4.662295	5.243305	5.322725	5.023269	5.12746	4.749993	4.746982	4.202404
3.948256	5.489148	5.174283	5.048578	4.24616	4.978779	4.928928	4.818461	4.052559	4.973044
6.032424	4.882421	5.74506	5.738366	4.943081	5.738076	4.472167	4.514415	5.834904	5.20658
5.208444	5.284443	4.91205	4.8375	5.342185	4.977962	5.009969	4.66352	6.259307	4.957082
5.061744	5.59869	4.793383	5.742073	5.461276	4.894861	5.114405	4.955266	6.215679	4.750349
5.123538	4.559105	4.925002	5.064833	4.380744	4.829162	4.115533	4.357341	4.752607	4.984924
4.144593	5.394017	5.923511	5.247647	5.863901	4.424866	4.446357	4.963733	5.183953	4.363269
5.18347	5.214617	4.726314	5.035905	5.135658	5.313472	4.413665	4.603608	5.331477	4.322243
5.778177	5.066092	4.78046	5.530439	4.375472	4.502797	5.240292	4.805578	4.707763	4.904302
4.818518	4.490704	5.885082	5.631433	4.876068	4.13513	6.581152	5.86838	5.07171	4.322635
4.8079	4.657459	5.134721	5.454769	4.30855	4.995865	5.002705	3.432947	5.451763	4.68044
5.41035	4.684857	6.281345	5.819884	4.727703	4.656636	4.678207	4.5937	4.795732	5.877001
4.917134	5.592991	5.430007	4.518796	5.634763	5.605158	4.641808	4.950242	5.918087	4.605029
5.746551	4.524819	5.529663	6.224799	5.892035	4.543784	4.675653	4.26288	5.195321	4.932513
5.187912	5.030951	4.564938	5.340865	5.161421	4.228558	4.880587	4.567582	4.906417	3.976662
4.950595	5.291751	5.682219	5.050668	5.172436	5.337148	4.790637	3.822577	5.622848	5.240353
4.322648	4.34059	5.593812	4.952376	4.907407	5.030368	4.195569	5.187212	5.603625	4.956291
