4.476851	5.375648	5.438413	5.114404	4.667759	4.132867	5.895232	5.471461	6.211153	4.34439
5.762101	5.088568	4.348505	5.707848	5.06167	5.032223	5.145599	4.732285	5.639814	4.763996
5.635401	5.301213	4.185733	5.206463	5.423449	5.410699	5.934353	4.289067	5.548886	5.909214
4.978776	5.442674	5.226167	4.461544	4.51606	5.514638	4.979577	5.098547	4.320901	5.723913
4.952436	4.582043	5.543094	4.828768	5.50524	5.379586	5.496575	4.726809	4.987475	5.476633
4.876087	5.558541	4.632742	4.886592	5.570013	5.497355	5.50984	3.805879	4.88847	5.518038
5.869158	4.331207	3.257733	5.583232	4.791734	4.151643	5.279372	5.868106	5.818289	5.252394
4.361309	5.111643	5.187445	4.904663	5.577031	5.756519	5.042499	4.455002	4.443076	6.086592
4.687087	5.157716	5.048171	4.656775	4.095384	4.898771	4.44748	5.321946	4.943492	4.613418
4.800432	5.078786	5.025657	4.327154	3.913992	5.331996	5.5545	4.858194	4.301402	5.448814
3.956532	4.49282	5.415015	5.65729	4.560744	4.538517	3.826431	5.337528	5.497217	4.931137
5.241658	4.953918	5.334724	6.12102	4.930361	5.518898	5.698326	5.12293	5.448162	5.253929
4.727402	5.801929	4.485519	5.474825	5.894204	5.17053	4.947315	4.815007	5.158445	6.016365
4.973268	5.014735	4.375913	4.998323	4.723481	4.449472	4.987538	4.680416	5.014855	4.870544
5.485214	5.6191	5.255707	4.964948	5.070511	4.897678	4.281807	4.583582	4.579245	4.599193
5.677219	5.281312	3.74391	6.531326	5.468097	5.080595	3.913078	4.715804	5.251107	5.673089
5.298006	4.510122	5.827737	5.987167	5.10211	5.218786	5.18614	5.563804	5.023554	4.689447
4.78572	5.215617	5.000122	3.985495	4.740823	5.799608	5.266253	4.868845	5.286808	5.220882
4.515556	5.848274	5.889977	5.82064	4.70839	4.382932	5.148976	3.971804	4.784768	5.704087
5.399558	4.594998	5.100056	4.266337	5.084679	6.049916	5.102927	3.865361	5.160311	5.440397
5.485739	5.494887	4.188409	5.719954	4.745055	4.683828	5.168915	5.622534	5.011314	4.720147
4.567205	6.26396	4.665455	4.468742	4.613159	5.433701	5.045125	5.920266	4.928376	4.537292
5.115637	5.157104	5.281892	5.140693	5.795341	5.075173	6.226716	5.302044	5.470757	5.183734
4.938139	5.634469	5.408151	4.097739	5.096327	4.154768	5.011927	5.218738	4.217293	5.708499
4.252999	4.212595	4.178002	5.524878	5.085269	5.924716	5.312985	5.516366	6.009042	4.525393
4.573545	5.037461	5.207099	4.47371	5.112442	5.216217	4.755813	4.741629	5.327243	6.217479
4.393511	4.151723	5.098733	4.904475	5.442299	4.00765	4.052855	6.065228	4.612742	4.590854
5.356684	4.887902	5.052077	5.249022	5.200317	4.059702	5.458	4.247512	4.803689	4.565012
4.717321	5.260718	4.593739	6.002018	5.513217	4.941465	5.592553	5.43314	5.23452	4.423204
4.96219	5.003657	5.899017	4.987246	5.186746	4.723514	4.646677	4.780778	4.517406	4.449426
4.608694	5.283192	4.941335	4.758755	4.75219	5.417984	4.520013	4.707167	4.850523	4.811882
5.648324	4.277542	4.342666	6.221152	5.343046	4.688314	5.063401	5.374771	5.850312	5.132759
5.060387	5.630815	4.964491	4.845606	4.469306	4.582149	4.939637	5.215764	4.153867	5.081162
5.016612	5.058079	5.091704	5.041667	5.425721	4.180881	5.297923	5.742445	5.689968	5.841298
4.525414	4.678936	5.128458	4.984023	4.225616	5.258456	4.423009	6.176162	4.27724	4.882964
5.731782	4.61102	5.985491	4.342875	5.025112	5.590741	4.418435	4.349603	4.664352	5.729403
5.103998	4.840364	4.79186	4.579623	4.911757	5.549264	5.043526	4.603832	5.56497	5.281791
4.747726	4.984729	5.804396	4.617536	3.847832	5.049837	4.626578	4.269041	5.940834	4.414224
5.976204	4.991139	4.979397	5.235219	4.780507	4.916075	5.790018	3.9913	4.786586	5.62467
4.068678	5.511249	5.615101	4.141545	4.82845	4.616557	4.593218	4.788104	5.028207	5.203118
5.039325	5.080792	5.174106	5.064381	4.79309	5.779481	4.667248	5.410938	5.462727	3.630036
4.024987	3.690005	4.896314	5.201168	4.71017	5.354336	4.524512	4.896113	4.995996	4.931487
5.040585	4.771768	4.827782	4.51027	5.351822	4.966432	4.456294	5.30655	5.122443	5.048259
4.183558	3.880985	4.242523	5.178247	4.97504	4.969293	5.172702	4.747943	4.739006	4.800012
4.996303	5.464089	4.761536	5.275401	5.285504	5.341941	5.777873	4.33676	5.780722	4.875822
5.371379	5.818007	5.739635	4.794655	5.75151	5.216546	5.150179	4.793	5.272739	5.5961
5.041659	4.930367	5.209618	5.594955	4.869909	5.142336	4.918733	5.275815	5.243262	5.275677
4.187133	4.134308	5.406767	4.360827	5.819232	6.008087	4.475819	4.761152	4.840767	4.852127
4.535133	4.900862	5.244954	5.034727	5.059398	5.022137	4.906181	5.154558	5.315314	4.839697
4.891288	5.540746	5.552103	6.589598	5.487348	5.005401	5.198668	4.527131	5.23755	4.463372
4.840711	5.281718	4.693202	5.241946	4.405276	5.481338	5.551273	5.280693	5.315002	5.343449
4.439815	5.342716	4.781161	4.546337	4.53363	4.626221	4.354623	4.535104	4.675348	4.877975
4.958571	3.564534	4.376671	4.454108	4.703673	5.65705	4.779183	4.465693	5.959042	5.082071
6.151383	4.974744	5.448468	5.716657	5.235593	5.094815	5.127352	3.869116	5.054282	5.96531
4.891732	4.933199	4.986439	4.916788	4.483566	4.411778	5.300939	4.668185	5.827905	4.990307
5.82209	4.954293	5.657871	4.349283	3.787397	6.144577	4.773427	5.384298	5.133997	4.425259
4.722036	5.350259	5.718618	4.818562	4.763935	5.714225	4.715524	5.063056	4.75103	6.10895
5.545042	4.353361	5.133935	4.081975	5.574402	5.358898	4.55927	4.94274	5.405952	4.705109
6.130395	4.746603	5.184187	5.750297	4.670109	4.483376	4.8118	4.321119	4.087766	4.415836
5.031435	5.072902	5.622885	5.05649	5.063794	4.698302	4.796977	4.62172	4.616175	5.484536
5.475791	5.120007	5.073345	3.810958	5.521662	4.844515	4.277442	5.236284	4.888712	5.049834
4.630448	4.310691	4.970081	4.60949	5.215147	4.504927	4.981603	4.324834	5.681756	5.193042
5.027126	5.068594	4.943562	5.052182	5.150512	5.140763	4.417465	3.8006	5.351914	4.811949
4.059313	5.511901	4.664741	5.556246	5.221542	4.689211	5.087028	4.944275	5.038303	4.660201
4.107687	4.092029	4.978914	5.238415	5.818012	5.225053	4.944014	5.708124	4.651648	4.68995
4.974093	5.015561	5.239374	4.999149	4.827901	5.282009	5.403637	5.354793	4.789806	4.980282
4.808905	5.014359	6.006633	4.763178	4.748334	4.080121	4.780129	5.25083	5.446424	4.820896
3.882976	4.652956	4.654151	5.528038	4.359795	4.825106	5.150556	6.056489	5.489698	4.313087
5.264678	5.09197	5.159142	4.906208	6.201135	5.69698	5.026404	5.240486	5.434069	4.671463
4.835698	4.097551	5.111198	5.162351	4.95157	5.582876	5.138022	5.552483	5.400274	5.248087
4.676665	6.23208	4.386816	5.018258	5.631122	4.54653	5.211149	5.736881	5.24025	5.065228
4.479878	4.63142	5.56924	5.009545	5.586562	4.811382	5.329111	4.778324	5.031027	4.15065
5.195921	3.798977	4.719932	4.463587	5.298939	6.561647	4.162812	3.244451	5.260487	6.589033
4.612996	4.490766	4.687274	5.125511	4.510324	4.569139	5.785979	6.357975	4.573884	5.142984
5.47662	6.105787	5.86719	6.007688	5.747827	5.715928	4.355645	4.986288	5.602798	4.268208
4.992789	5.034256	4.077191	5.017845	4.651326	3.670719	4.312875	4.270412	4.906251	4.512978
4.13587	4.686668	4.102615	5.380618	4.46665	4.831047	5.66312	5.7611	5.522419	4.458919
5.402689	4.756389	4.947162	5.239671	4.152575	4.525424	4.881981	5.06388	5.651207	4.75396
4.934691	4.578713	5.649168	5.400008	4.463401	5.546454	3.978805	4.980157	5.851136	5.877588
5.547414	4.218411	3.809108	4.348624	4.237163	4.660637	5.799612	6.020101	4.569625	5.415302
3.823792	4.603397	5.039901	4.917211	5.106105	4.839438	4.929513	5.163465	5.149624	5.152155
4.280461	4.874661	4.863759	5.086949	4.22758	5.613719	4.507858	4.865407	5.578014	4.550488
4.713215	5.102079	3.98722	4.334291	5.213401	6.484567	5.053133	4.470387	4.090177	4.623082
4.916338	5.574146	4.626069	3.866382	4.521979	4.394721	5.125801	5.085073	5.040775	5.690707
5.369257	4.75262	4.868614	4.914749	4.536373	4.87899	4.244938	5.111068	4.745952	5.843057
4.428926	4.77838	4.743431	5.549518	4.355806	4.175529	5.054774	4.320626	5.478126	6.117594
4.330699	4.956017	4.50698	6.299465	4.592395	5.485601	4.997587	4.945658	5.838392	5.357089
5.046579	5.088047	5.205941	5.071635	4.938361	4.822173	5.13027	5.322238	5.59402	4.973334
5.279764	4.458164	4.610845	4.644079	5.055752	4.786031	5.049182	5.350159	5.708093	4.496881
5.122114	4.08226	5.202535	5.057199	4.716156	4.364253	4.862988	5.171012	4.586639	5.256097
4.39603	4.59648	5.064379	5.625674	4.627439	5.475884	4.952861	5.317877	5.756118	4.680088
5.021792	5.06326	4.913538	5.046848	4.92187	4.839253	5.252074	5.142093	4.414811	4.813713
4.981735	5.584828	5.5267	5.218091	5.580797	4.550295	5.795219	5.185215	4.346772	5.825429
5.02497	5.066437	4.564271	5.050026	4.423818	4.888884	5.4158	5.061302	5.488323	5.331682
4.55471	5.565783	4.736713	5.760068	5.488462	4.34894	4.364773	4.532209	4.563572	4.084858
5.018195	5.059662	4.744339	5.043251	6.004906	3.716746	4.640887	4.903794	5.558578	5.513324
4.863369	5.004858	5.457323	5.23934	5.415806	4.058862	5.016567	4.75648	5.03385	4.664513
4.075838	4.68349	5.043737	4.134951	4.00255	4.911748	4.025491	4.308275	4.586231	5.117158
5.442857	5.680212	5.349092	4.907031	5.499496	5.166493	5.143784	5.700336	4.728292	5.475618
5.464711	5.52908	5.423853	5.370848	4.599648	4.751331	5.385528	5.701575	5.188334	5.370913
5.266259	4.94897	5.213372	4.857083	5.527465	5.247316	5.427012	5.57023	4.705159	5.68348
5.188453	4.512368	4.314856	5.202122	4.937394	5.45607	5.202625	4.559529	4.281618	4.066219
5.337923	5.931461	4.815745	5.162384	5.404665	4.673322	5.162925	4.6675	4.270045	4.025015
4.986024	3.503521	6.370389	5.968185	5.609096	4.656446	5.618077	5.092873	4.981555	5.513689
5.54831	5.631297	5.245059	4.382853	5.228779	5.420405	4.802677	4.779547	5.092201	4.864541
5.044505	4.956604	4.790895	5.384724	5.420096	5.613706	5.435116	5.287844	5.808702	4.655442
4.897423	5.502711	5.35224	5.003706	4.997581	4.735777	4.549352	4.548843	5.616157	4.934981
5.306314	4.195597	4.41328	4.800368	5.109622	3.765309	4.490436	4.832345	5.498706	5.371092
4.861492	6.123146	5.241423	4.232908	5.242455	5.643771	5.397831	5.084745	4.245345	4.167733
5.313677	5.90648	4.768637	5.494495	4.747442	5.881247	5.000459	5.486407	5.423924	5.401671
5.464265	4.815123	4.850977	4.730043	4.486611	5.077201	5.745173	4.554055	4.49434	4.541872
5.532635	5.234866	3.998653	5.910353	6.140207	5.28253	5.00196	5.337596	4.416833	4.797897
5.950484	3.945515	4.68288	5.634099	5.004251	4.06915	5.646615	4.94642	5.292913	5.266721
4.36792	4.688769	4.494263	5.40867	4.918484	5.303205	4.940962	4.924375	4.443026	5.698816
4.841157	5.445764	5.075849	4.748112	5.156697	5.06068	5.133904	6.022587	5.919333	4.900522
4.913002	4.90974	5.328961	5.256747	4.686028	4.892655	4.798207	4.837291	5.3307	5.748508
5.114347	5.155815	4.50164	5.139403	4.512386	4.682985	5.814661	5.520563	4.540495	5.114139
5.712514	5.08588	5.080411	4.969557	4.982299	5.452637	5.683527	5.365866	5.025021	4.081876
5.521243	5.064148	4.67907	3.307479	4.796077	5.745618	5.425008	4.76287	5.236725	4.316202
5.163116	3.549967	5.368601	5.099745	5.843498	5.24286	5.355773	4.059371	5.137845	5.672837
4.407176	5.562591	4.921975	4.838373	4.707467	5.162815	5.197158	5.186351	5.113053	4.347269
4.918757	4.595403	5.26035	5.279065	5.529251	5.137301	4.788677	4.925087	4.601808	5.171542
4.910991	4.822717	3.926146	4.120986	4.798704	4.651457	5.337515	5.209246	4.664668	5.770635
5.472414	5.421207	5.137969	4.63943	4.701165	4.592878	4.585267	5.907341	4.512933	5.38921
5.571795	4.700621	5.030208	5.613544	5.340118	5.90524	5.233401	5.089561	5.23219	5.913191
4.698215	5.117113	5.345865	5.261864	5.547114	5.07109	4.402921	3.816484	5.276864	5.369859
4.090824	4.830232	5.645184	5.12176	4.89355	6.611809	5.250042	6.183512	4.738493	5.040065
4.855263	5.591055	4.929983	5.029131	4.20614	3.571364	5.732862	4.743899	5.258863	4.844873
4.497583	4.697703	4.535846	5.217706	4.730499	6.302693	4.711377	4.84894	5.353885	4.742033
5.040718	5.082185	5.0078	5.065773	5.958549	5.392957	5.348358	4.158817	4.462152	5.574068
5.159778	5.491935	5.363915	4.168294	5.000484	3.932698	5.255528	4.592571	5.090759	4.139112
4.93203	5.17567	4.934902	4.285013	4.491659	5.965497	5.349586	5.189703	4.88748	5.160779
5.089957	5.131424	4.808153	5.115013	5.44239	3.922152	4.949571	5.369941	4.85514	6.090013
5.396956	4.945425	4.615226	4.668733	5.686036	5.126328	4.616405	4.503871	4.840469	4.620938
4.159697	5.641974	5.290023	4.523273	4.271007	5.183684	5.604463	4.383454	4.753346	5.488478
4.710797	5.65797	5.108206	6.298922	5.326128	3.99457	5.483724	4.846016	5.566179	5.242046
5.637895	5.065797	5.641914	4.571272	4.583426	5.323424	4.913394	5.739947	4.763803	4.314409
6.521084	5.136824	5.1906	6.141212	3.996262	5.633821	4.576061	4.52305	5.239349	5.120546
5.197654	4.8445	4.955598	4.634139	5.230689	5.132485	4.758154	4.995895	5.376601	4.8759
5.26214	4.652744	5.650089	4.76171	4.868398	5.551646	4.559034	5.389284	5.468743	4.892969
5.178078	4.777193	5.458323	4.856397	4.378832	4.670451	5.037153	5.511607	5.514208	4.383001
5.492417	4.986035	4.965551	4.494233	4.876691	4.68387	5.079362	5.012128	4.614241	5.450004
5.683811	4.964658	4.736199	4.474854	4.754506	5.660825	4.804403	4.773066	4.058089	5.118112
4.851438	5.812358	4.963134	4.737481	5.011429	4.57451	5.049627	5.766714	5.312268	4.601911
4.402589	5.912811	5.85754	4.892283	4.846471	4.006148	5.151189	4.96124	4.326116	5.833473
4.420695	5.476418	4.545768	5.505363	4.765708	4.812932	4.368391	5.852171	4.387137	3.925683
5.007968	5.049436	4.916163	5.033024	4.874208	4.3986	4.624132	4.742921	5.288102	5.051563
4.921751	4.822328	5.39296	4.993585	4.756315	4.390057	5.088243	4.007739	4.38327	6.050559
4.865852	5.758982	4.484632	4.474794	5.862536	5.390666	4.533813	5.191063	5.621417	4.670787
4.971573	5.013041	5.175	4.996629	5.182064	5.254469	5.367864	4.607086	3.842639	5.735711
4.810178	4.542954	3.959334	4.883429	4.556089	5.253238	4.730382	4.818285	5.606879	5.236886
5.442755	5.512087	5.189421	5.665541	4.404302	5.370671	4.082511	5.644654	5.570533	5.422995
6.449535	4.119797	4.677579	4.923222	4.155828	5.443305	4.987287	5.229798	5.519781	5.162934
4.335942	4.795371	5.317422	6.117983	4.897696	5.468086	4.982772	4.580121	5.164543	4.970497
5.05591	5.097377	5.068398	5.080966	5.840962	5.091337	5.26884	4.301444	5.778815	5.427243
5.129419	5.234592	5.513236	4.539776	5.500681	5.218021	5.920163	4.466631	5.728263	4.27905
5.426127	4.897552	4.816144	5.451988	4.816708	4.837661	5.391516	5.638086	3.711846	5.562894
4.987546	5.029013	4.201969	5.012602	4.968665	5.399656	5.148973	4.526614	5.185645	5.212677
5.414322	5.197209	4.67455	4.237168	5.778334	5.470565	4.975287	4.949537	4.06216	5.075106
3.876764	4.520431	5.2479	5.461586	5.761149	5.057547	4.848122	5.371869	4.761771	5.848733
5.033927	5.075395	5.328506	5.058983	5.331866	5.852516	5.038889	4.860753	4.32767	5.054674
5.740222	5.273688	5.872454	4.659976	5.216055	4.413678	5.135038	4.87635	4.325489	5.021112
4.687687	5.309567	6.366955	5.524352	3.577291	5.639635	4.971611	5.117052	5.139298	4.971716
4.326011	5.292075	5.094633	6.052436	5.786101	5.571574	3.643717	5.526457	4.48977	5.264935
4.91087	4.893346	4.006178	5.934696	4.142246	4.572961	5.232442	4.031668	5.06588	5.304813
4.910426	4.356068	4.726467	4.91861	4.87705	5.101531	5.756574	3.860143	5.234789	4.404851
5.526589	5.053972	4.505351	4.895451	4.235874	5.1333	5.016033	4.664356	4.64002	5.957309
5.757666	4.727787	5.153316	4.66131	5.110845	4.858342	4.555649	6.022568	4.658688	5.740396
4.994847	5.036314	5.328588	5.019903	5.711308	4.377164	5.207654	4.168789	5.151604	4.194281
5.145687	4.162376	5.611705	5.341198	5.029707	4.583582	5.405107	4.999633	4.699155	4.976931
5.953062	3.964433	4.666545	5.10628	4.851112	5.194379	3.961233	4.697389	4.538713	5.328652
5.166546	4.48897	5.070244	5.11813	5.39989	4.06329	4.254533	4.437788	4.907758	5.649861
5.044662	5.086129	5.169775	5.069717	5.359177	5.103698	4.755228	5.635542	3.942625	5.475867
5.215416	5.884308	4.855367	5.448582	4.144902	4.988448	4.826072	4.282355	5.660161	5.959051
5.707296	5.113964	4.44347	5.215479	5.121102	5.049026	4.545681	4.087421	5.226092	5.75079
5.151906	5.89042	4.133622	5.064134	5.125845	4.686913	5.288546	5.382111	4.964067	5.882566
5.047499	5.088966	5.036848	5.072555	4.117104	5.374679	5.474509	5.100986	5.699849	5.794868
4.966476	5.267328	4.595258	3.845362	5.406841	5.949778	5.270873	4.942261	5.155668	5.85356
4.724074	4.820907	4.922113	4.528582	4.652863	5.983245	5.269165	5.735322	6.399011	4.91765
5.116423	4.421478	5.744477	5.200863	5.468979	5.345965	4.612885	5.867776	5.603092	3.882607
5.188396	4.663303	5.196538	5.638478	5.626749	5.07022	5.338635	5.342945	4.277148	4.404788
5.130444	5.171911	4.984872	5.1555	4.59811	5.093308	4.923602	5.23658	5.035251	5.301439
4.599067	5.60395	5.347393	4.686757	4.369235	5.333058	5.007423	3.81429	5.316802	4.365909
5.254853	4.897748	4.379938	4.759241	5.025015	5.497532	6.197939	5.049744	5.007094	4.879614
6.159997	4.970558	5.144249	6.107794	4.500506	5.222064	5.495259	5.46671	4.808871	4.96376
5.80763	5.145208	4.745615	4.88024	4.253865	4.693825	4.972928	5.71927	5.054312	5.18918
5.122563	4.870751	5.041285	4.599871	4.248626	4.590237	4.778865	3.99825	4.826079	5.884726
4.201953	5.061633	4.99335	4.575234	4.153019	3.841922	4.660017	5.344285	4.63268	5.450003
4.903182	4.944649	4.221221	4.928238	4.662582	5.285915	5.425283	5.272407	5.075121	4.659037
5.006857	5.048325	4.509726	5.031913	4.310915	4.875694	4.50212	5.012484	4.716584	5.633424
4.921446	4.962913	6.273906	4.946502	5.562088	5.156908	5.709595	3.954494	4.663214	5.006438
4.760979	5.915041	4.937211	5.775938	5.823971	3.780758	5.577305	4.346409	4.724701	5.268258
5.037864	4.771596	5.397992	4.611819	4.78583	4.99089	5.739341	5.45835	4.729082	5.42977
5.918924	4.860182	5.001711	5.019896	6.029765	4.378665	4.780474	4.921248	5.342733	5.302469
4.537495	4.294606	4.590917	4.914305	4.576962	4.775869	3.700726	4.649978	5.24906	4.66303
4.900899	4.942367	5.142089	4.925955	5.183607	5.131196	3.654818	5.096715	5.287791	4.990561
5.392035	4.875466	4.087875	5.284395	6.115743	5.475222	4.98683	5.561237	4.207104	4.870574
4.603246	5.150463	5.135789	5.324749	4.950139	4.279157	4.503795	5.625378	5.084791	4.708105
5.690053	4.39053	5.065056	5.186228	4.982165	5.255495	4.577626	4.80981	4.630133	4.138997
4.720152	5.16239	4.542286	5.458514	5.192869	4.388315	5.063169	4.298973	4.092188	5.919725
