4.451056	5.316342	3.667144	3.970172	5.866295	4.907465	5.503654	4.843136	4.725181	4.304132
6.307098	5.139154	5.224413	5.661412	4.967277	4.970838	5.202856	4.051766	4.61614	4.555912
4.683269	4.96225	5.127013	5.404209	5.227573	5.077947	4.646933	4.702314	4.707889	5.940569
5.148448	5.339999	4.552846	5.557438	5.283059	5.592817	5.16888	4.803887	5.125578	4.410865
4.707922	4.894069	5.519421	5.217225	4.717527	4.493208	4.687421	4.780673	4.725294	4.955445
4.276024	4.436368	5.080714	4.398417	5.580905	5.442987	3.759515	4.55029	4.489334	4.446808
4.275771	5.317369	5.056258	4.762061	5.845106	5.466258	4.062753	4.752438	4.675563	5.288371
5.337271	5.123566	5.501329	4.500093	4.833062	4.751401	4.572031	5.200688	5.172032	5.043135
4.993592	4.857589	4.260156	4.387791	5.889374	6.596164	5.87186	4.223124	4.344989	5.72926
5.110538	3.596148	3.970283	5.712482	4.213485	5.056534	4.870358	4.383639	4.774539	4.683883
5.324241	5.360274	4.778139	4.626984	4.527753	4.997694	5.178449	6.142765	5.276071	5.516713
5.155733	5.662008	4.95083	4.687537	5.190304	4.493188	3.961032	5.048761	5.052211	4.82673
5.039489	5.764747	5.194464	4.556066	5.622264	5.118656	4.66148	5.473559	4.970428	5.243076
4.190948	4.897444	5.46765	5.195364	5.409099	4.790471	4.413416	5.542961	4.495264	5.162638
5.007716	5.86915	5.127713	4.015295	4.499097	4.55559	5.097883	4.232908	4.673636	5.222535
4.053758	4.698907	5.5061	4.747312	4.614365	5.63623	4.902536	5.058545	3.81002	5.120384
4.214402	5.330369	4.981508	4.299634	4.998111	4.976983	4.145191	5.315228	5.842601	5.611921
5.206383	5.115809	4.856619	5.195985	3.836803	4.291448	5.01061	4.481897	4.938997	5.361217
4.626065	5.005017	4.781712	5.568969	4.78764	5.501255	5.196607	5.402487	4.64033	5.180583
5.294676	3.773645	5.31969	3.928728	4.819354	4.713039	5.646882	5.761961	4.926886	4.677843
5.053411	4.799702	5.123038	4.779045	5.139641	5.118512	5.025218	4.933415	5.316539	5.06604
4.244836	5.324747	6.361118	4.806327	4.950954	4.156983	5.470865	4.288896	4.29765	4.868547
4.647243	4.848572	5.247585	4.503621	5.415125	5.676277	5.270977	4.381332	5.028214	3.304567
4.933478	5.77705	4.164441	4.678118	5.082929	4.445374	4.491432	5.277504	5.399593	4.750454
4.570983	5.673101	4.502982	5.54287	4.862555	5.263859	5.323587	4.136756	3.69469	4.691969
4.347177	5.662751	4.914132	5.858078	4.930735	4.909606	3.826024	5.357062	5.2471	4.132051
5.262329	5.15159	5.536839	5.564948	5.08163	5.460921	6.941358	5.232757	3.97877	5.523078
4.912565	5.992094	5.392735	5.308207	5.500582	5.972193	5.439797	4.945694	5.338389	4.284881
5.378509	4.37384	4.405285	4.350795	5.315124	5.997779	4.673434	5.50093	4.584088	6.278943
4.999444	3.870242	5.017787	5.449049	4.438714	5.740474	4.737094	3.790604	5.761356	4.831489
4.179173	5.182833	4.558416	5.444124	4.779736	4.705997	4.431707	6.15695	5.00619	5.399143
5.488321	4.827062	4.682999	5.715308	5.149543	4.08533	4.802166	5.268417	4.853104	5.2015
3.905463	5.466717	4.884438	5.158256	5.035501	5.761128	5.441851	5.208713	4.575345	5.375998
4.565915	4.981566	4.654282	5.575341	4.575632	4.642594	4.96706	5.817527	6.316747	5.18497
4.470129	4.364753	4.343113	4.90063	4.412256	4.746123	5.168768	5.818373	4.872149	6.03118
5.168782	5.115784	4.987535	5.4446	5.004138	4.98301	5.195506	4.885244	4.504275	5.037597
5.561823	5.149113	5.759366	4.226546	4.940158	4.205455	5.543401	4.351709	5.209929	5.550409
5.563274	4.756482	4.95981	5.639723	4.482771	6.0402	4.924346	4.283094	4.682992	4.857739
4.54271	4.889495	4.84985	4.453957	4.866453	4.845324	5.277082	5.374601	5.384447	4.460788
4.77485	5.74439	3.78773	5.536712	4.597897	5.273505	4.487597	4.471065	5.857434	4.706779
4.618932	4.322145	5.707929	4.060768	4.72854	5.326241	4.560487	4.944969	4.679554	5.925741
5.121351	4.784261	5.976328	4.776954	5.391396	3.666529	5.349236	5.418465	5.88734	4.798144
5.287868	5.489883	4.998161	6.023013	5.014764	4.993635	5.263883	4.928995	5.282439	5.022286
5.555655	5.211973	5.236759	5.363591	4.482065	5.262599	5.210598	4.555226	5.299077	4.554133
4.248706	4.99754	5.109733	4.335198	4.891123	3.788612	5.444044	4.534817	4.465129	4.564578
4.801194	4.043592	5.302149	4.235644	4.410161	5.762777	5.506444	5.387661	5.356909	4.760323
4.962334	5.036591	5.241391	5.135713	4.58532	5.198069	4.85268	4.000162	4.45757	4.726739
5.567955	5.146476	5.283457	4.948356	5.799035	5.076993	5.952108	4.468436	4.802558	5.012949
5.531838	4.431772	5.33867	4.992075	5.56082	4.789366	5.237973	5.293131	5.141369	4.367178
4.552346	4.54148	4.120326	5.179016	5.189093	6.448034	4.745483	5.326252	4.380837	4.967577
4.802584	5.341694	5.201612	4.579733	4.760049	4.123138	4.457487	5.713504	4.66167	5.78766
4.246268	4.385462	4.872743	4.974781	4.889346	4.868217	5.523228	4.683654	5.417013	5.171643
4.796924	5.324749	5.783383	4.602131	5.312127	4.830861	5.328062	5.627461	4.147085	5.074937
6.128797	4.384943	4.455316	4.383797	5.584541	5.008631	5.661512	4.186609	4.695381	5.31817
4.256034	4.073914	5.098723	4.683937	5.794147	5.450964	4.268967	5.164196	5.316655	4.461234
5.770233	5.11446	3.674445	4.361538	6.060407	4.721588	5.36648	5.983281	5.869349	5.716452
5.588859	4.313756	5.163229	5.115388	5.179832	5.158703	5.0426	5.221701	5.539541	4.891973
4.97235	4.569048	5.089785	5.235899	5.443603	5.193542	5.407687	5.548213	5.377153	4.367973
5.370904	5.095461	3.977393	6.032786	4.776879	4.312592	4.68551	5.424169	5.106135	5.503208
4.913345	5.019951	5.174069	5.82215	5.01397	4.988888	4.231825	4.48046	5.024154	4.885806
5.185171	4.869122	4.219475	5.491277	3.640602	5.441966	4.492066	5.237237	5.516508	5.16486
4.734995	5.46307	4.821267	4.586919	4.537539	5.895335	4.401536	4.907286	5.20065	5.329453
5.763839	4.75355	4.992987	4.958028	4.942292	3.810873	4.679735	3.90301	4.743017	4.923586
4.719132	5.03412	4.912729	5.257537	6.241158	4.995931	4.948507	5.111588	4.770302	5.587572
4.117952	6.112646	4.93977	5.565612	4.956373	4.935245	4.986505	5.532091	4.808799	4.837019
5.427651	4.349502	4.145698	4.685675	4.896846	4.624916	5.086026	4.206947	5.164452	4.547761
5.730734	4.514383	5.041121	4.976741	5.057724	5.036595	4.753467	4.067507	4.57525	6.520501
5.253656	4.617609	5.002153	4.882035	5.293386	4.788179	4.222097	3.650873	4.503862	4.875027
4.997096	5.160542	5.18532	5.27616	5.745002	5.075538	5.76452	5.618587	5.173856	4.089079
4.222998	5.659854	5.569341	4.975129	4.532206	4.831334	5.306876	5.467856	4.893285	5.02171
5.726999	4.381867	4.0653	5.046743	4.96533	5.268572	4.111537	4.234145	4.147917	4.370867
4.713617	4.559602	4.940934	5.905953	4.957537	4.936409	4.801395	6.104304	5.91028	4.453609
5.463909	4.611348	5.30478	4.539778	6.197547	4.279285	5.132833	5.9733	5.129236	6.018944
4.809425	5.442872	5.048317	4.380404	5.06492	5.043792	3.940707	4.738478	5.755612	5.613711
4.929881	5.624774	5.068791	5.432118	4.168767	4.27529	6.518178	5.45261	4.950089	5.044223
5.307156	4.859171	4.004075	5.183783	4.801659	4.322475	4.905589	5.887269	3.862636	5.482162
4.58924	4.981699	4.78351	4.550856	5.577143	5.037186	5.869532	5.014352	5.156232	5.179114
4.426045	4.939268	5.145861	3.770011	4.899158	4.844482	5.731695	5.727184	4.349495	4.904309
4.806839	5.304139	5.289225	5.761276	4.828456	4.84852	5.26638	5.561193	5.173405	4.720259
6.035022	5.929922	5.101983	5.590338	5.118586	5.097457	5.264139	4.791929	4.138377	4.97083
4.612411	4.272652	5.056863	4.496115	5.073466	5.052337	4.890182	5.637897	6.020028	4.988797
5.169781	5.049638	5.253421	5.802739	4.42366	4.307671	5.069146	5.435407	4.432832	3.383357
3.840319	5.729316	6.637762	4.912665	4.712536	5.021211	4.559536	4.735613	6.129585	4.72197
4.87434	5.13632	4.801638	5.766351	4.688216	5.290329	5.211998	4.311323	4.507935	5.102889
4.532929	4.683424	5.175884	4.946558	3.732889	4.977831	4.547183	5.038532	4.851086	3.938092
4.613467	5.99651	4.2514	5.180118	4.973482	4.968997	4.877322	4.529882	4.379193	4.47683
4.793801	4.780233	5.525077	4.553504	5.024539	4.981262	4.993884	5.1528	5.619994	5.344442
5.083993	4.607668	3.925907	4.010492	7.098942	5.389844	4.689233	4.769287	3.934387	6.452656
4.391244	4.067976	4.165586	5.330365	4.696944	4.686634	4.243073	4.959389	5.505436	4.06525
4.845375	4.747546	4.301925	4.766279	5.270727	3.870457	5.370339	4.760454	5.215	4.978281
4.863894	4.245028	5.09827	3.973208	5.114873	5.093745	5.704442	5.182816	4.530959	5.833209
5.645142	5.399496	5.024255	5.263697	5.335622	5.071525	5.688578	4.727625	5.152807	4.971303
5.634391	5.520574	5.017854	5.333319	5.034457	5.013329	5.549051	4.453728	5.613017	5.05487
5.776865	5.126214	5.404028	5.025249	5.20334	4.580716	3.997828	5.389661	4.543348	5.499207
5.281012	5.312958	5.468502	4.293802	4.050967	5.47514	4.61458	3.727489	4.233347	4.8182
5.291108	4.845522	5.035866	5.415585	4.150821	5.509697	4.769955	4.100037	4.979447	5.151336
5.787742	5.292637	4.90844	5.708859	4.67744	5.243235	5.654562	5.014947	5.079244	5.649936
4.746271	4.614508	5.528711	4.890811	5.091119	4.938606	4.706681	4.023138	4.412371	4.829528
4.717178	4.890621	5.079578	5.058369	5.096181	5.075053	6.083805	5.548881	4.117987	5.757361
5.073735	4.687758	4.895827	4.8609	5.310129	4.759745	4.898191	3.898384	4.886382	5.235483
5.201791	4.712009	6.243971	5.763178	5.211167	3.988743	4.935377	5.141086	4.382637	4.270963
4.837848	4.39028	4.594165	4.099291	5.484817	5.220372	4.55816	5.119336	4.857997	4.266727
5.087844	6.155619	5.223607	5.163939	5.090464	4.888455	4.51262	4.672749	4.263793	4.463727
5.835231	5.238645	5.577364	3.880403	5.361475	5.136541	5.456196	5.039578	3.822805	5.19051
4.961637	4.748931	5.098746	5.030806	4.539386	4.649699	5.052431	4.793062	5.382595	4.962905
4.880188	5.287833	5.009246	4.177629	5.229927	5.463607	5.341087	5.228223	3.996461	5.435229
4.788989	4.833786	6.003397	5.393868	4.688581	4.292215	4.489884	5.035296	5.191645	4.948962
5.893761	4.680248	4.964014	5.027749	5.067076	4.631569	5.330166	4.256175	5.83005	5.053912
5.331823	5.51859	4.655637	4.934575	5.185404	4.78778	6.379078	5.019249	5.252113	6.045486
5.093605	5.761918	5.797719	5.43985	4.856733	5.253337	4.50242	4.28362	4.679325	5.052485
4.955583	5.168653	4.957851	4.926691	3.547503	5.336404	4.627369	4.508329	4.642269	4.916187
5.081876	4.67751	4.87471	5.139325	4.555818	4.577187	5.329063	4.071858	4.470981	5.046443
3.996484	5.392496	5.069225	5.120537	5.085828	5.0647	4.337815	4.394208	4.45094	4.880577
4.353381	4.898475	5.421097	6.110844	4.899383	6.247015	5.636476	5.749283	4.633361	4.556431
4.937638	4.965948	4.991456	4.686685	5.008059	4.98693	5.685419	5.155739	4.9957	3.892536
5.262469	5.48421	5.045762	5.337615	5.078698	4.618097	5.060697	5.526723	5.690694	4.169709
4.848568	5.585043	5.704389	4.825341	5.331611	6.060346	5.43782	6.251936	5.024497	5.157045
5.321562	4.58885	5.814287	4.974357	4.916379	4.164889	4.836886	5.656903	4.324151	4.734333
4.307642	4.656049	5.317262	4.602339	5.034353	4.791665	4.690303	5.87921	5.589923	5.72019
5.441395	4.517089	5.646257	5.0314	4.691568	4.593163	4.801284	5.353704	4.884998	5.057876
4.675544	4.436747	5.132085	4.910945	4.613582	5.511757	5.19309	5.3621	4.623416	4.537378
4.843262	5.80265	5.176281	5.134451	5.529562	5.588905	5.012265	4.202869	4.636482	5.47308
5.270753	5.494261	4.838388	5.476569	6.098833	5.211063	5.956733	4.576227	5.51625	6.390478
4.39366	5.505484	5.143825	4.903074	4.392736	4.276152	5.720844	5.504127	4.651021	4.625885
5.960078	5.5465	4.915422	5.924145	5.376908	4.486433	5.831503	4.46462	3.954754	5.47195
4.257431	6.127533	5.3726	4.545382	4.84447	5.936832	5.145675	5.161967	5.814522	5.156129
5.371579	5.496445	5.111573	3.773574	5.128176	5.107048	5.048591	4.994836	5.210523	4.915983
5.167705	4.403446	4.871938	4.699657	5.384763	4.638761	5.724737	4.77955	5.408065	4.586798
5.345341	4.309031	4.167183	4.433129	5.108325	4.419227	4.938759	5.617362	5.043911	4.733141
4.924625	5.018802	5.177892	4.831151	4.751884	4.863436	4.425307	5.143497	6.014782	4.402071
5.359001	5.550718	4.988513	5.319992	5.005116	4.983987	4.964213	4.067978	4.625501	5.917686
5.055378	5.6261	4.649661	6.141491	4.488368	4.668195	5.567791	4.910419	4.261188	5.165224
5.601832	4.815342	4.639163	4.490334	5.388519	5.859273	5.07954	5.510544	4.890815	5.413396
5.006382	4.868759	5.520661	4.64292	4.040899	4.301121	6.020029	5.273443	5.789566	4.798193
5.034009	4.540083	4.63686	5.436774	5.578308	5.389416	3.778547	4.806594	4.258542	5.313952
3.89513	4.634959	4.652796	4.968748	4.568604	4.870444	4.702971	5.219794	4.16817	4.436877
5.434511	4.555074	6.191121	5.281006	5.709535	5.195941	4.59756	5.614654	5.158408	6.030898
4.425369	5.385844	4.896717	5.278075	4.91332	4.892191	5.222815	4.833176	5.527708	4.674411
4.776338	5.462449	5.344836	4.897188	5.545524	5.44756	5.630013	5.284375	4.809865	5.208143
4.947747	4.969235	4.87945	5.361175	4.896053	4.874924	5.055335	5.362541	5.519204	4.978731
3.943088	4.321291	4.483539	5.564034	4.489168	5.011006	5.080557	4.168519	4.652406	4.314227
4.45823	5.420292	5.366633	4.811564	5.237072	4.596876	4.681109	4.591961	5.252395	3.955499
5.462764	5.393051	6.138523	4.700459	5.348952	5.042292	5.271585	5.500059	5.338024	5.5401
4.980869	6.190264	5.034709	4.933643	5.051312	5.030184	4.494712	4.980013	5.34181	5.710995
4.791671	5.168451	4.268958	5.209023	5.79624	4.378602	4.898893	4.866678	5.235373	5.784695
5.17009	5.255506	6.297547	4.890279	3.808404	5.409809	5.123456	5.432788	5.64287	4.593324
4.933982	5.3943	5.441303	4.133141	5.300859	4.655753	4.454218	5.563066	5.681272	4.964693
5.427039	4.85589	5.477582	5.886161	5.28791	5.084932	6.439742	5.764534	4.791312	4.973157
5.34066	5.426463	5.465931	6.023452	4.935279	5.315952	4.384923	4.586682	5.86378	5.936724
5.006421	4.797556	5.077662	4.443214	4.664548	5.395421	5.804803	4.871204	3.811457	5.505466
5.061958	4.831325	5.203694	5.179291	5.220297	5.199168	5.659923	4.936196	4.069469	4.786842
4.644975	5.458729	4.997397	4.7306	5.014	4.992871	3.9489	5.231726	5.517959	4.618881
5.13874	6.125569	4.693403	5.134755	4.213109	5.256615	4.779875	5.099442	5.156761	4.970966
4.31527	5.259238	4.986843	4.984242	3.97276	4.290491	4.130128	4.996467	4.85863	6.190366
4.722845	5.208097	3.930828	4.709627	5.275555	4.554635	5.210092	5.666194	4.706167	5.924076
5.102939	5.853746	5.036612	5.073966	4.961702	4.602427	5.397693	4.977643	4.483721	5.710106
4.741143	5.305916	4.451229	5.216991	5.41478	4.331616	5.384037	4.568259	5.361927	5.347825
4.649972	4.872537	4.680012	4.837294	4.493689	4.534063	4.380064	4.670564	4.716849	5.449266
4.277979	4.682725	4.994489	5.893268	5.011092	4.989964	4.762733	4.854778	4.65006	5.352091
5.378026	5.741373	5.472404	5.706728	5.026611	4.751759	5.383619	5.692894	5.022659	5.802558
4.593855	4.599961	5.425145	4.999497	5.039818	4.392495	4.726967	4.894324	5.169501	4.574096
4.509984	5.250998	4.494422	5.636953	4.708742	4.338111	5.129703	4.896294	4.554233	5.211133
4.631268	4.82154	4.90481	5.028868	4.921413	4.900284	4.585119	4.469695	4.849927	4.651384
4.800412	6.393731	4.58437	5.70923	6.143338	3.980861	5.149798	5.224814	4.116557	5.911652
4.686871	5.555965	5.203125	4.652662	5.747626	5.808025	5.823752	4.511428	4.572345	4.696706
5.170603	5.455847	5.187839	5.439156	6.062666	4.964124	5.854291	4.793322	5.065704	4.628391
4.665451	4.814195	5.037832	4.41767	5.054435	5.033306	4.549339	5.593049	4.333689	5.448157
4.276701	5.433724	4.371334	6.097926	5.460695	4.734735	5.057205	4.409465	4.832711	6.388693
4.483198	5.146463	5.710228	5.740524	4.947231	5.787158	4.637638	5.268427	4.678047	5.191692
4.873101	4.834527	5.257326	4.683874	5.826917	4.435457	5.051985	4.460917	5.136619	4.312066
5.286421	4.362185	4.675267	3.912959	4.536335	5.135619	5.069931	4.081525	4.441092	3.954366
5.283216	4.23102	5.389805	4.525517	5.814702	5.696409	4.101375	5.318497	5.255287	4.607086
4.854082	5.747719	4.522059	4.725658	5.60815	5.872349	5.841846	5.222748	4.583887	4.627341
5.177639	5.053917	4.936855	5.264334	4.68893	5.493178	5.183847	4.921259	4.793088	4.537013
5.165359	4.562923	5.156556	4.982955	5.004093	4.846407	6.048595	4.290347	4.866957	5.134242
4.751138	6.105311	4.262079	4.959129	4.311131	5.539074	4.886748	4.793851	4.900552	5.427969
5.741016	6.134689	5.593121	4.621648	4.495152	4.157318	4.562361	4.611833	5.843765	5.061153
5.420421	4.22622	4.508731	5.247459	5.200634	6.389924	5.256588	5.301271	4.614516	4.766942
4.832836	5.084432	4.085964	5.620892	4.997122	5.278545	5.204095	4.452972	4.803148	3.566867
3.480431	4.593485	5.2562	5.878713	3.813653	6.266888	4.735833	5.404699	4.345294	4.313899
4.579185	4.450058	4.92867	4.839977	4.945273	4.924145	4.187387	5.491775	5.356413	3.836217
5.247272	4.553298	4.082685	5.244104	4.791935	4.938079	4.643885	5.759595	5.272121	3.830411
4.940207	4.760259	4.737989	4.188491	5.389719	5.805567	4.673964	5.072488	5.625115	4.955713
5.693081	5.789753	4.963086	4.792312	5.455417	4.752468	4.649063	5.861105	4.145585	4.772641
5.734865	5.410569	5.358884	4.854402	5.111913	4.442827	5.773827	5.534974	4.835588	5.650707
5.375007	5.90777	4.968784	5.966685	5.382439	4.819403	4.343661	5.525674	4.143528	5.257454
4.898891	4.921722	4.282256	4.842709	4.333711	4.028628	4.726783	4.892854	5.02293	5.00725
5.410202	5.050161	5.689107	5.239604	5.108824	4.544219	4.692533	5.105924	5.409141	5.299013
4.235697	5.419018	6.199435	5.28714	4.932822	4.2052	5.241627	4.42356	4.985865	5.581444
4.635892	4.466414	5.611255	5.726278	5.086393	4.741599	4.681215	4.886932	5.298131	5.356133
5.647752	5.721786	5.931121	6.068835	5.19488	4.325785	4.719354	5.250328	4.610433	4.536021
6.190162	4.90544	4.510947	4.824108	4.712004	5.564611	5.348077	5.332786	3.925682	5.431196
5.076982	4.781963	5.195248	5.102707	4.942965	5.806293	5.134426	4.696634	4.943298	5.62584
5.230401	5.328258	4.901473	4.259408	4.688869	5.040815	4.331697	6.424765	4.191403	5.641263
5.13268	5.242792	4.931222	5.492515	4.608944	4.779722	4.852602	4.850398	5.277288	3.769243
5.899085	5.243196	5.306473	4.837173	5.085481	3.509921	4.330858	4.291528	5.29281	4.038676
4.69154	5.153628	4.339034	4.829043	5.265999	4.617614	5.056224	5.344264	5.214694	4.435064
4.625432	4.477845	5.921518	5.568409	5.056823	4.933507	5.034344	5.124073	5.52071	4.658231
4.921343	4.947264	4.9483	4.941983	4.728669	5.470939	4.532323	6.21697	4.325136	5.728179
4.462339	5.312134	5.714917	5.705925	4.989007	5.088193	4.853491	5.377166	4.366785	4.874349
