4.89916	5.541621	4.530859	5.714834	4.674584	5.047416	4.719288	5.259162	5.568443	4.894879
5.572886	5.636837	5.125776	4.785275	4.415714	5.17634	4.638539	3.738243	5.000172	5.441404
4.490774	4.838181	4.924475	4.317904	4.970521	4.655352	4.935853	5.841652	4.691179	4.955102
4.313577	4.947474	5.022538	4.57438	4.553471	4.802478	4.916756	5.549388	4.169147	5.063397
5.142895	5.621442	4.964608	5.143256	4.932395	4.653878	5.285068	5.156178	5.170691	4.963513
5.211359	5.577784	4.895475	5.227523	5.134802	5.566784	5.162647	4.999073	4.76258	4.527657
4.985742	4.479362	4.687437	5.09868	5.246726	4.286918	4.160991	4.770681	4.981166	4.997134
5.070042	5.076474	4.849946	5.446179	4.951414	4.786319	5.135995	4.601705	4.933635	4.831718
5.202894	4.992052	5.598315	4.253844	4.764755	5.37707	4.870285	5.006154	5.015344	5.261197
5.61517	4.5502	4.711171	5.424497	5.472742	4.461805	4.757283	4.366166	5.023621	5.604386
5.373879	5.210955	5.664828	5.072371	5.410386	4.861866	5.549135	4.632501	5.211546	4.965416
5.231372	4.782723	4.56181	5.073368	6.219034	4.247046	4.736742	5.042574	4.796083	4.937742
5.420465	6.375983	5.608202	5.039803	4.838017	5.665034	4.296506	5.461544	4.266555	5.530657
6.149616	4.78286	4.461792	5.023767	4.970884	4.368587	3.898637	4.587087	5.499551	5.638379
4.660522	4.556156	5.617024	5.189201	5.992582	4.91362	5.518854	5.102266	4.384326	5.512682
4.746067	4.72054	5.293378	5.371502	3.856422	5.23198	4.176458	4.612642	5.95706	5.185419
5.923869	4.636914	4.823294	4.261857	4.500718	5.484654	4.479513	4.525512	6.040839	4.869728
4.614183	4.738378	5.209598	4.184106	5.484901	5.469572	4.557664	5.333011	5.291706	4.788958
4.365526	4.514693	3.948109	4.470129	4.849676	5.357611	4.459697	6.021712	4.565478	4.773344
4.999441	4.580178	4.585007	4.860456	5.258721	4.723693	4.654765	5.105834	4.551303	4.674603
4.946953	5.45465	4.786777	4.411356	5.348779	3.754478	5.187832	5.393054	4.968027	5.026702
4.164672	5.307499	5.313808	4.258066	5.374744	6.658564	4.709593	5.042923	5.306063	5.413534
5.639759	5.192609	4.871874	4.981976	4.899883	5.582738	4.655606	5.637339	4.619278	4.912282
5.276056	4.671465	5.210804	4.151355	4.978574	5.211797	5.084787	5.280437	5.799177	4.822026
6.208974	4.585498	5.837741	4.793043	5.269895	4.803905	6.039706	5.200341	4.743176	5.069822
4.276522	4.865973	4.535222	3.627962	4.059186	5.521615	4.95632	5.556257	4.965323	5.561557
5.121157	5.064658	5.235249	5.554083	5.053051	4.278179	4.986189	5.013361	4.740657	4.908284
4.905667	4.55796	4.411329	5.439307	5.418343	5.351319	5.277001	4.909455	4.883155	5.121202
4.384075	4.667575	4.083544	4.52183	5.781608	4.597823	4.804137	4.975641	4.800261	6.114095
4.868148	5.313341	4.974408	4.126462	5.312938	4.121606	4.406095	4.832335	6.046833	5.503876
4.517035	5.260587	6.129458	5.800033	5.314678	4.584176	4.783823	4.281003	5.139512	5.110162
5.88319	4.01313	4.506489	4.384119	6.906017	5.070344	5.184381	4.835603	5.172426	5.143346
4.569852	5.629503	5.086079	5.260191	4.689981	4.57298	5.765246	5.227177	5.989006	4.916969
6.360716	4.571007	4.829027	4.706408	5.411351	5.256511	5.133979	5.865451	5.332973	5.083747
5.675261	3.652169	5.119276	5.736305	4.690968	5.358735	5.869867	5.595309	5.058541	4.810694
5.536535	5.479797	5.484422	4.053662	4.441322	5.08197	4.397362	5.632107	5.006022	5.67735
5.611169	4.775591	4.961231	4.798293	5.322776	5.443723	3.811882	5.523895	5.573664	4.800099
4.69721	5.97091	5.108001	4.944992	5.808181	4.637599	5.521369	4.59047	5.167164	4.441374
5.539214	5.002262	4.187442	4.086545	4.938106	3.85963	4.868511	4.928039	5.204799	5.551615
4.502499	4.356002	5.113512	4.48496	4.466814	5.075955	4.476252	5.685151	5.813553	4.252757
4.949089	4.991419	6.17999	5.021183	4.914083	4.883568	4.647611	6.040682	5.19606	4.446851
5.263858	4.883375	4.880198	4.2148	6.129767	5.168578	5.322035	5.224257	5.682386	5.679086
5.143677	5.306921	4.499794	5.519561	4.176786	4.185798	4.983114	4.782713	5.502049	4.181762
5.087043	4.940219	5.401086	5.343677	4.978331	4.155828	4.973814	5.909966	4.966326	3.656439
4.732416	4.660841	5.382905	5.24279	4.901607	4.343231	5.308319	5.791057	4.756727	4.517211
5.408754	5.061938	4.591216	5.264302	5.0365	5.967481	5.039038	4.720761	4.25267	4.506321
5.413619	4.671462	6.026645	4.442215	4.521824	4.842868	4.524974	3.93288	4.646163	4.524667
5.955257	5.010221	5.331091	5.485465	5.098278	4.959241	4.430419	4.929721	5.051536	5.001193
4.6837	4.290612	4.837458	4.874198	4.206181	4.905343	5.628337	5.000318	6.032517	4.169936
4.939478	4.930628	4.492126	4.853895	4.543689	4.957899	5.662211	5.627358	5.018957	4.52633
4.722534	4.868939	4.910871	5.783839	5.121843	5.354257	4.710513	4.842697	5.417925	4.646883
5.457671	5.3636	4.369891	5.061474	4.704922	5.021534	3.827174	5.516802	5.287823	3.969476
5.127883	6.055661	4.751217	5.087806	5.913854	5.699943	4.851388	5.07028	4.800298	4.785322
4.818832	4.528235	5.404199	5.248276	4.091101	4.095718	5.643802	5.324629	5.325273	4.720805
5.591446	4.114341	4.147976	5.106454	4.34685	5.420965	5.504918	5.462148	4.332515	5.039806
4.090275	5.591086	4.797651	6.201742	5.292544	5.017415	4.63363	5.956576	4.165149	3.949473
5.111488	5.487122	5.500301	4.494598	4.790094	4.821975	4.95981	5.745451	5.237682	5.34996
4.579442	4.483479	5.46462	5.57286	5.26385	5.492014	5.402323	5.439159	4.652401	4.649723
4.40962	3.341983	5.43492	4.459305	4.843401	5.873481	6.268256	4.492844	4.444386	5.568017
6.021339	4.341639	5.225272	5.55951	5.337555	3.988477	4.957938	5.593822	4.039966	3.833759
4.965787	5.451017	5.491051	4.856553	4.739633	5.220461	5.392929	5.411176	4.518092	5.648177
4.961779	4.947352	5.570262	5.413103	5.493024	5.662642	4.337035	5.006929	5.967541	5.348036
5.363818	4.769988	4.057825	5.031698	4.608422	4.739337	5.590031	5.484742	4.897599	4.729318
5.058216	3.847907	4.781148	4.982265	4.206665	4.239725	5.519239	5.575262	4.989787	4.913841
3.713585	5.661484	5.252433	4.497732	4.432548	4.791441	4.5597	4.022677	5.293382	4.986219
5.422023	5.491144	5.087897	4.734828	4.751904	4.827047	5.760574	5.452353	4.644845	4.888537
5.512349	5.492287	5.911618	5.431433	6.022466	4.471165	4.069299	4.747859	5.9341	4.513703
4.717597	4.446538	5.897081	4.842562	5.79078	5.118921	5.760738	4.286488	6.652208	4.198304
4.775647	6.212954	5.683847	4.800211	5.192774	4.960663	5.76445	5.50156	5.702897	4.322037
4.688568	4.795573	5.501381	5.860583	4.891619	5.444294	5.727475	4.635082	5.41747	4.788473
5.408907	5.441414	5.718857	5.256953	4.734368	4.751766	4.951624	4.643571	4.64241	4.403554
4.412601	4.718219	4.930809	6.409758	5.343058	5.437205	5.107953	4.452633	4.818785	5.080807
5.157692	5.827667	4.735883	5.571746	4.625669	4.944012	4.620289	5.346434	5.702934	5.172286
4.832819	4.884533	4.678498	4.854879	5.055996	4.873489	5.047973	4.84005	4.211558	4.893929
4.990387	5.99076	5.601148	4.241786	5.463511	5.061483	5.323541	3.851999	4.571066	4.548102
4.995652	5.64477	3.407873	4.881214	5.132476	3.850437	4.932376	5.645614	4.481257	4.40175
4.213169	3.843442	6.222558	4.773277	5.131105	4.661766	5.686316	4.605603	5.908328	5.095059
5.71825	4.785552	5.167441	5.444775	5.033168	5.300065	5.573661	4.666755	5.167545	4.918138
5.025043	4.571585	5.275569	5.646435	5.039021	4.290793	5.544528	4.722693	5.658346	5.899086
4.358594	5.802501	5.676992	4.982439	5.541695	5.006565	5.489345	5.366952	4.825773	5.53687
4.000005	5.799532	5.132345	5.06756	4.16936	5.367421	5.007051	4.661378	5.487957	4.121291
4.82717	4.594881	5.225491	5.098801	5.082296	5.87789	5.581635	4.740006	5.276263	4.826995
5.180389	4.349609	4.242762	4.523324	3.958554	5.149728	5.817291	5.246828	4.475058	4.842265
3.934819	5.121773	4.905291	4.252588	4.936673	4.656821	4.855488	4.666401	4.117852	5.721355
5.11158	4.510363	4.878195	4.559997	5.226212	4.635938	5.328832	5.391103	5.474579	4.822673
5.249203	4.745259	4.306021	6.019848	5.108758	4.02191	5.340055	4.565317	5.504692	4.696233
4.68701	5.106485	5.389206	5.395463	4.19158	5.911286	5.630421	4.274556	5.60475	4.144686
5.291142	4.655695	4.886622	4.871654	4.963444	5.377416	4.971907	4.469672	4.952489	5.226814
4.848001	4.484585	4.600343	5.462941	5.578827	4.779859	3.814449	5.174663	5.944478	6.134943
5.074327	5.617084	4.328856	4.768821	4.752059	4.395238	5.02103	5.311981	5.280811	3.995558
5.109833	4.686965	3.668861	5.649197	5.432626	4.522929	4.508695	4.604058	4.873566	5.151953
4.01497	5.398476	5.679918	5.889889	5.444186	4.338663	4.316259	4.785316	5.575793	5.136996
4.529626	5.441351	4.826891	5.151092	4.662525	5.525934	5.200326	5.146924	4.873009	5.694193
4.675141	4.677998	5.759977	4.759982	5.27647	5.042744	5.639666	4.475411	4.907129	5.052447
5.344677	4.696511	4.681021	4.900681	4.127964	4.572107	4.586989	4.888687	5.609272	3.939871
3.932209	5.065062	4.583425	5.363647	5.639542	4.675793	5.378032	4.972971	5.043424	4.590372
5.388999	5.052166	6.454446	4.957422	4.977473	5.915133	5.393204	5.344249	4.719811	5.12881
5.330392	5.511201	4.805475	5.283727	4.387574	5.754164	5.151843	5.553663	5.260018	4.410155
5.191859	4.477994	5.0021	5.613259	5.450493	4.890078	5.630539	4.333908	5.797521	5.068342
5.946786	4.663044	5.439023	5.341629	4.96536	4.999794	3.79051	4.285352	6.084556	5.530612
5.149818	5.658659	5.961445	5.852177	4.940037	4.253014	4.865324	4.98136	5.329364	4.031986
4.118258	5.02412	4.514588	4.728621	4.539262	4.538483	4.82444	4.688114	4.627708	5.701279
5.380274	5.77798	4.60955	5.437248	4.873991	5.009226	4.920015	4.628388	4.927018	4.9745
4.585046	3.967185	4.065356	5.467147	5.716454	5.332716	4.628397	5.348086	4.697354	4.455484
4.046497	5.036428	5.750546	3.63612	5.585429	5.504778	5.086104	4.642387	4.602848	4.675948
4.854921	5.425094	5.34616	5.625252	3.570711	6.349455	5.46708	5.438509	4.860491	5.645941
5.827396	5.241262	4.098517	5.805964	5.459713	4.311766	4.066785	4.789274	5.349491	5.161313
4.584377	4.988154	5.125695	5.411081	5.073189	4.276593	5.105319	5.30839	5.740036	6.342029
5.928112	4.43707	6.137033	4.995568	6.03645	4.325822	5.86062	5.723354	4.528183	4.6559
5.935918	4.740871	4.284046	4.635434	4.525773	5.324588	4.880013	4.600985	5.214196	5.289358
5.05501	4.470813	5.084661	4.670669	5.442345	5.04319	4.895723	3.903513	4.994469	4.159289
5.221113	4.392004	5.165471	5.771538	4.663237	4.916229	4.997515	5.251362	5.328374	5.904187
4.883735	5.959888	4.33665	4.54139	4.7002	5.274504	5.280832	5.122813	5.34863	5.014752
6.125411	4.92465	4.97857	4.21449	4.976498	5.148204	4.410218	5.787227	5.488427	4.364426
4.999237	4.912046	4.658189	4.517343	5.453323	5.902935	4.706443	4.419788	5.140549	5.030825
5.694818	4.386525	6.02521	5.271075	4.822778	3.95407	3.596616	4.662799	5.398245	4.961404
5.498753	5.378997	5.334939	3.552624	4.050568	5.328628	5.081749	6.126658	5.361316	4.429668
5.088455	4.422359	4.293634	5.297856	5.230636	4.296154	5.359682	5.541831	6.215919	5.099157
4.765897	4.461964	4.781008	5.435287	5.33935	5.789403	5.643862	5.496479	4.145422	5.216572
5.554482	5.067764	4.095104	5.793276	4.77226	4.795309	4.214732	4.402447	5.124769	4.698151
4.742864	5.297503	5.069288	3.851223	4.639655	4.413676	4.361372	4.376337	4.68609	5.510967
4.670698	4.245283	4.639712	3.748569	5.163483	5.283934	4.575545	5.903481	5.479668	5.978652
3.634118	4.860285	5.427956	5.610439	4.808276	5.660428	4.996927	4.26061	3.894667	5.429192
5.273928	4.782315	4.877607	5.688944	4.958182	4.701236	4.326782	3.839164	4.634003	4.402161
4.800769	4.311298	4.877731	5.241839	5.333647	5.131234	4.964528	4.315558	5.459586	5.104336
5.15291	4.563688	5.150073	5.137888	5.336665	4.703759	5.17318	4.897122	5.614044	4.324168
5.073779	5.949573	5.090348	4.78208	4.599597	5.224717	4.655091	5.249067	5.354035	5.163151
4.47508	4.750446	4.880827	6.332578	4.701419	4.612431	4.139068	4.317187	5.095011	5.316854
5.75949	5.061601	4.448138	5.746512	4.608411	4.979438	5.653365	5.235839	5.413567	5.606437
4.213254	5.127963	4.709555	5.212471	5.255629	4.653042	4.671032	4.261486	3.671455	4.948492
4.49985	3.93886	4.518522	5.352586	4.873425	3.993477	5.213747	4.827069	5.633801	5.196101
5.526571	5.171598	4.670396	5.320978	4.267128	4.15291	5.45559	4.492242	5.17829	4.130714
4.352005	5.123578	5.018096	4.00647	4.922446	4.955751	4.050862	4.105514	4.868743	4.386024
5.003103	4.625306	4.386857	4.614897	5.794723	4.609339	5.59887	3.721561	4.689079	4.805247
6.00989	5.268121	4.163048	5.51531	5.343554	4.823439	5.270536	5.294396	5.322161	5.075041
4.518601	5.287878	4.190581	4.592732	5.215253	5.761739	5.339182	4.701957	4.418416	5.562377
5.696866	4.810998	5.533789	5.169778	5.098225	6.316349	4.920187	4.604003	4.306558	4.125959
5.097848	4.797671	4.1866	5.098654	4.526792	5.023317	6.10783	5.879831	4.9713	5.496001
5.462745	5.399624	4.567552	4.101371	4.458797	5.072536	4.520954	4.771494	5.124444	4.280507
5.402944	4.933633	4.770088	5.508313	5.621113	4.702563	4.996832	3.858328	4.339976	4.615994
5.420887	5.309831	5.86707	5.021324	4.183893	4.716509	4.203955	4.759529	5.552345	5.188792
4.118077	4.677917	4.63769	4.774795	5.041245	5.52572	4.475656	4.11093	4.725398	4.914009
4.345109	5.260925	4.481343	5.474649	5.180221	5.408069	5.473825	5.165768	5.654565	4.118295
4.636928	4.851792	5.565095	4.554924	5.459365	4.384292	5.43943	4.13133	4.734488	4.663251
5.632575	5.148342	4.89507	5.034576	4.888065	5.115092	4.657064	5.365456	5.433877	5.40729
4.522825	4.764863	4.630733	4.919607	5.776422	5.200898	4.637814	5.059283	4.926159	5.215008
4.802829	5.965761	4.925672	4.145139	5.609232	4.574684	4.953191	4.316026	5.383268	4.218337
4.720229	4.574018	4.931602	4.61419	5.580418	5.211242	4.851473	5.099604	3.489049	5.538911
5.933902	5.064678	4.769593	5.61259	4.770868	5.527662	4.451331	5.776131	4.559772	4.684608
4.828866	5.0021	4.830058	5.189585	5.093557	4.71025	4.457079	4.372017	4.539566	4.910581
5.19053	5.214911	4.950959	5.09604	4.891454	4.714849	4.975375	3.483703	4.689579	5.529032
4.839298	4.227466	4.2937	4.962949	5.352915	4.686025	4.994967	5.096829	5.107161	4.736013
5.251279	5.434708	5.693324	4.895402	5.996666	4.694886	4.528352	5.457319	4.932358	4.701688
4.346416	5.864039	5.672422	4.562769	5.215329	4.780192	4.99622	4.198355	5.261352	4.920748
4.981778	4.761551	5.727572	4.709534	5.015975	5.164917	5.224744	4.133345	4.850481	5.614169
5.589128	4.821779	5.684466	4.778169	4.321878	5.914423	4.43405	4.982235	5.231658	4.137291
4.920971	5.58338	5.209157	5.176037	5.388219	5.655976	5.329852	5.726411	5.016325	5.116186
5.897063	4.748249	4.48489	4.884113	4.798688	4.734768	6.061203	5.174782	4.293303	5.3828
5.181859	5.342032	5.733301	3.823704	5.293514	4.056517	4.926774	5.254122	4.981428	4.357564
4.665393	4.029017	3.415984	4.344901	5.478939	4.777143	4.386788	4.237708	4.633061	5.050407
4.972466	5.549944	6.198709	5.791667	5.937214	5.656117	5.025766	6.166727	5.387184	4.627213
4.723224	4.830285	5.093786	5.142121	5.782306	5.395316	5.662172	6.373511	5.011931	5.200728
4.611753	5.073835	4.176497	4.782056	4.281734	4.827999	4.707964	5.182988	4.363827	4.725889
5.390864	5.976704	4.93394	5.766042	5.605927	5.537399	5.010909	5.186463	5.61576	4.333763
4.572019	3.398855	4.773853	5.334635	5.32644	4.121834	4.971137	5.106147	5.473089	5.224838
5.883527	4.206152	5.542576	4.653673	5.840994	3.870047	5.130776	5.756407	5.050766	4.918503
5.674352	4.613191	3.905374	3.873236	4.715865	5.578322	5.657608	4.492245	5.444453	5.032776
4.170297	5.659829	5.133199	4.422935	5.83698	4.450856	5.33599	5.447784	4.309656	5.22531
4.87562	4.192829	5.516315	5.193883	4.933038	4.572377	4.656466	5.056573	5.067117	5.240576
4.391196	4.792918	5.343089	4.72556	6.400901	4.449897	4.768256	5.232802	5.15531	5.602079
4.745003	4.840144	4.506146	6.17357	5.089036	4.531849	4.759746	6.57724	4.475383	5.080858
5.182625	3.989826	5.247117	4.921308	4.050021	4.537187	5.053858	4.659082	5.366293	5.356002
5.346525	4.942977	4.737921	4.908479	5.365183	4.120313	4.690714	4.805896	5.083652	4.953346
4.855355	4.364343	4.454704	5.542559	5.367633	5.430357	4.773256	4.612036	5.722301	4.516589
4.545805	4.356437	4.437119	4.975129	5.115735	4.278508	5.900131	4.332399	4.925642	4.34067
4.201542	5.763393	4.887434	5.068468	5.647999	4.550732	5.904033	5.048072	5.125754	5.13216
4.666097	5.142261	6.058964	4.379203	4.195123	5.940903	3.875159	4.647247	5.901711	5.192603
5.333775	4.640262	6.020129	5.220852	4.968947	4.365808	5.167772	5.358059	4.508902	4.534378
5.299614	5.041234	3.762543	5.092792	5.093001	4.365318	4.412889	4.974	5.140285	5.637775
4.557288	5.81543	4.714011	5.791164	4.77577	5.434921	5.393083	4.923278	6.200702	5.066934
4.583903	5.623577	4.712858	4.715669	4.366117	4.876691	4.699448	4.946686	5.836464	5.214095
5.244631	5.551718	4.946345	4.839715	6.159115	5.591825	4.900336	5.479876	4.917219	5.176505
5.465184	5.493284	4.611399	4.324655	4.806695	4.777476	5.197003	4.814571	5.899039	4.864853
4.956634	4.867767	6.00377	4.431489	5.412358	5.253813	5.516023	5.531085	5.011626	4.446623
4.437567	5.017414	4.93395	5.05181	5.3238	3.885566	4.727288	4.829309	5.125737	5.116395
5.590673	5.160559	5.480063	5.031048	4.093707	4.479143	4.84415	5.174071	5.527826	5.02598
4.418047	5.972145	4.13925	5.232433	4.165517	5.450426	5.230974	4.795596	5.263229	5.426217
5.242988	4.627684	4.859416	4.338735	4.740255	5.116463	4.038715	5.37298	4.750685	5.642404
5.179707	4.625497	5.228892	5.171947	4.470175	5.005621	5.414029	4.282388	4.787056	4.841395
4.770503	4.011344	5.489924	5.428622	5.05454	5.261796	5.483511	4.051569	4.800602	4.798335
5.146415	5.049975	5.027162	4.83486	4.045813	4.907831	4.980838	4.166756	5.181784	5.116944
4.724815	4.918001	5.863704	4.903337	4.019095	4.275689	4.537489	4.363203	5.116585	5.79359
5.004497	5.356925	5.204311	4.594588	4.312318	4.534542	5.425117	5.036395	4.051491	4.655662
5.19387	4.558842	5.116706	5.737043	5.965476	5.899305	4.99435	4.492768	5.577824	5.15161
4.599946	5.18203	5.866396	5.012505	4.877332	5.252203	4.707024	4.134186	5.509907	5.014221
5.091286	5.063833	4.600085	5.369868	4.562114	4.728425	3.598801	5.674185	4.56177	5.147327
5.509561	4.255862	4.987679	4.05068	5.861555	6.595496	4.458983	5.012813	4.590598	4.624669
5.185634	4.32083	4.423531	5.725255	4.418234	5.208067	4.14416	5.46453	4.759668	4.723014
5.38672	4.678254	4.20054	4.734093	3.872147	5.213688	4.765707	5.048723	4.996014	5.132056
5.827547	4.43214	5.167311	5.126899	5.442251	5.394164	4.376597	4.927178	5.584255	4.731975
