5.560392	5.276013	5.324306	4.42237	4.853219	4.74335	5.548649	5.280687	5.544434	5.318932
4.687136	5.178149	4.442956	5.229812	5.587479	4.635891	5.46457	5.207849	4.142006	5.048709
4.579982	5.585783	5.548254	5.275855	5.046296	5.283598	5.158137	4.521563	5.203948	5.318573
5.444774	5.049783	5.098095	5.405561	4.29996	4.514853	5.812168	5.118174	4.46669	6.028986
4.411294	5.339509	5.01217	5.38182	4.546001	4.107265	5.269017	5.375789	4.855837	5.631153
5.385838	5.696996	4.806363	5.007259	4.477521	4.700415	5.777347	5.528374	6.009127	4.382128
4.860425	3.904201	4.919605	5.056203	4.723349	4.398922	5.335978	4.617456	5.817742	4.751661
5.077988	5.12422	4.883163	5.14139	5.391183	4.850378	4.570049	4.670959	4.374023	5.011072
4.461933	5.237032	4.622164	5.836512	4.996989	5.28534	5.386266	5.181409	5.069314	4.883374
5.390816	3.883622	5.111082	5.559903	3.704778	4.593267	4.219934	4.691103	5.301924	5.215338
5.673857	4.16786	5.47873	5.20036	4.28276	4.42589	5.071737	5.070368	5.788689	5.616539
5.34744	5.170001	5.263003	4.459776	5.669595	4.519528	5.499986	4.58536	5.013012	4.680941
4.817051	5.008739	3.214223	4.534198	4.959559	4.615087	5.716246	4.908468	5.869146	4.159406
4.666186	5.295239	5.343058	4.441608	5.5541	4.951825	5.457977	3.62621	5.407572	4.782123
4.389137	5.085772	4.995762	5.319238	4.546435	6.039863	4.867657	4.902105	4.898364	5.206808
5.386905	5.429534	5.234238	5.343096	4.984734	5.333924	5.072852	4.665893	5.566825	5.093702
5.692081	4.5326	5.675475	4.879966	5.191679	4.748034	4.981444	5.192171	5.370085	4.375534
5.275114	4.644355	5.679159	4.493466	4.066858	4.419835	4.227985	5.143968	4.725331	3.603806
5.370526	4.73969	4.222489	4.679788	4.985198	6.051519	4.798376	4.347254	5.0079	5.714972
4.097878	4.952632	4.790588	5.238598	5.647386	4.364773	5.117831	4.360746	5.37789	4.627651
6.140054	4.783689	4.667078	5.217272	4.635923	4.517208	4.555635	5.322867	5.239886	4.18965
5.045867	4.349346	5.351195	4.917644	4.746802	6.033813	5.505881	5.385584	5.604445	4.731569
4.673751	5.61834	4.852	4.531533	4.471365	5.105254	4.301758	4.069749	5.579219	4.755609
4.171199	4.133126	4.723624	5.857777	4.436249	4.450122	4.316936	6.073866	4.906259	5.495121
5.216316	5.69578	5.673549	5.63194	4.897792	4.938586	5.757963	4.892667	4.469279	4.504301
4.120554	4.728391	3.682881	3.770132	4.271945	5.197786	6.094637	4.259443	4.30925	4.906699
4.39549	4.639568	5.539452	4.297337	4.696272	6.132779	5.509678	3.855421	5.826474	4.344594
4.444348	4.508453	5.568048	4.157065	4.74425	4.148301	5.788206	5.409087	5.568416	5.148191
4.884318	5.894032	4.543641	4.387966	4.554156	4.681427	4.681963	4.601103	5.69386	4.058323
4.103202	5.376993	5.731803	4.753106	4.72564	4.531264	5.55758	4.738286	4.695269	4.843295
5.61416	5.785243	5.299145	5.216294	4.381824	3.784122	3.948627	5.435552	3.966419	5.130084
5.262467	4.168468	4.382123	4.708294	5.352114	5.767387	4.797147	5.666242	4.488392	4.176374
4.835222	6.006524	4.576543	4.732042	4.809235	4.703901	5.807443	5.599617	4.88218	4.318921
4.358681	5.430048	5.260216	4.724159	4.440295	5.107122	5.16537	4.841177	4.438646	5.608436
4.903429	5.245625	4.914245	4.856641	4.130618	4.674208	4.540466	4.737026	5.333058	5.902732
4.277321	3.793647	5.167636	5.011771	5.562572	5.270166	4.87877	3.601133	4.657529	5.586995
4.128837	5.925941	3.883922	4.861961	5.232698	4.723296	4.081193	4.702399	5.433871	5.917481
5.154775	5.414406	4.69837	5.000211	4.731551	5.068432	5.420128	5.56758	4.188675	4.289075
4.826571	4.929313	3.965307	4.754707	4.657843	5.212453	5.287519	5.226265	4.902012	5.309413
4.182115	4.89567	5.296885	4.789752	4.678447	5.373669	4.834354	6.452752	5.059917	5.478163
4.656067	5.14109	4.469	5.509922	4.819372	6.144901	5.685798	4.752579	4.965366	5.519419
5.423996	4.703616	5.337392	5.256554	4.97066	4.844393	5.089707	4.55093	4.338646	5.305022
3.832871	5.698567	4.977462	3.628663	5.46945	6.521609	5.12175	4.543635	4.28044	4.692985
4.499922	4.92801	4.66566	5.80372	5.244767	5.261904	4.855346	5.276282	5.828046	4.154648
5.793725	4.724733	4.733963	5.392989	4.809341	4.81079	5.100422	4.614743	6.16381	4.665465
5.946214	4.707569	5.053987	4.860431	5.013959	4.670772	5.622533	5.50342	6.157674	5.032363
4.68187	5.170564	4.787863	4.869684	5.798987	4.51477	4.688047	5.603993	5.005012	4.408412
5.431076	5.376108	4.755454	3.945105	5.405682	3.99798	4.691685	5.060276	4.496326	5.240821
4.604858	4.185625	4.873684	5.228849	4.506737	5.495462	4.455217	4.711648	3.9057	5.30799
5.198428	6.215628	5.760426	6.21665	4.540634	5.545187	4.908593	3.955034	5.726879	4.748684
5.434096	5.070098	5.294882	5.573136	5.043363	6.605636	5.146012	5.02993	5.395542	4.59309
4.428708	4.336751	4.568069	6.075452	4.430143	4.527488	5.431557	4.918296	5.171431	4.445232
5.060089	5.113846	4.763306	5.032393	5.111209	4.061034	4.566319	5.578242	4.700907	5.066828
4.606554	4.111486	5.318419	4.166737	4.386962	5.116172	4.693803	5.150274	5.830814	4.265781
5.392903	5.182669	4.903204	5.182747	4.60033	5.533434	5.092505	5.198621	5.31239	5.918696
5.6754	4.566428	5.431587	4.348532	4.623832	5.879815	4.437381	4.801794	5.498218	5.387598
6.146488	5.3936	4.934707	5.119991	5.243964	4.484495	4.530037	4.784369	4.377837	4.505166
4.529536	5.178434	5.598584	5.446374	5.158899	5.081564	4.662335	5.05299	5.388173	4.597427
5.560877	4.99504	5.167412	4.845213	4.44706	4.614229	4.555104	5.018812	5.384297	4.369297
4.511681	4.878418	5.38923	5.119302	5.407445	4.50762	5.23787	5.404397	5.120383	5.063732
5.856948	4.662476	4.65664	3.87049	6.186002	5.268312	4.969738	6.084493	4.546371	5.413993
3.974363	4.512004	3.520293	4.191729	5.371474	4.756386	5.748192	3.682694	4.582929	6.058527
3.845044	5.323605	5.808765	4.650371	5.348979	5.96181	4.973527	4.741579	4.709674	5.011209
5.223738	4.457977	5.190567	5.341228	4.342494	4.4969	5.102542	4.603457	6.035227	4.114285
4.906275	5.107143	5.175143	5.317184	5.668602	5.474896	4.865451	5.226506	5.123885	5.086729
5.687047	4.892036	4.934882	5.288578	5.110885	5.249145	4.191256	4.909459	5.154139	4.282839
4.581121	4.998417	4.195355	4.737878	5.121466	4.66433	5.499164	5.287126	4.098536	4.858841
4.437752	5.162334	4.926939	6.085228	5.629917	4.471401	5.161726	5.909912	4.826475	4.739124
4.092007	4.921422	5.024813	5.368512	4.294867	5.439192	5.133181	5.199801	4.204768	4.082
4.098955	4.343779	5.407259	4.396728	4.95337	4.803005	4.235266	5.885781	4.981596	5.30091
4.881575	4.819211	5.340392	5.366033	5.436366	5.588536	4.594776	5.217808	4.945336	5.039583
4.805918	4.330076	5.211194	4.466176	5.169496	5.223536	3.779334	4.012738	5.221189	5.786648
4.205975	4.939231	4.699939	4.598749	5.029495	5.285981	4.366744	5.007528	4.014605	4.741011
4.820525	4.931134	5.101903	5.437984	4.49399	5.612014	3.861698	5.335944	5.086154	5.838703
4.485129	5.316791	5.278157	4.983734	5.705834	4.647632	5.608316	5.116456	5.103893	4.986314
4.864932	5.377044	4.732044	5.826271	4.598312	3.84269	5.381435	4.624591	4.420848	5.135908
5.763599	4.66615	4.30104	4.28181	5.065884	4.03548	4.66882	6.090334	3.977391	5.069169
5.171452	5.564803	5.814623	4.272151	5.885488	5.25092	5.057124	5.516088	4.70998	4.460891
4.86899	5.767809	4.422127	4.406768	5.90896	5.485141	5.596297	3.580845	4.451201	4.527314
4.758713	4.217254	4.931125	4.445687	5.134933	5.263526	4.501583	4.477721	5.317937	4.10247
4.984406	4.864053	5.030086	4.551098	4.368426	4.2946	5.047731	4.362425	6.142833	5.32406
5.867662	5.375178	5.624148	4.256303	5.876791	4.341584	4.823631	4.80863	5.354454	5.147078
5.491729	5.474771	4.807842	4.821279	4.458217	3.930718	6.422683	4.27721	4.630567	4.328145
4.632774	4.246472	5.505938	4.976494	4.277839	5.933414	5.605155	5.554501	5.132189	4.66456
5.163799	4.997884	4.966867	5.155269	5.04063	5.091624	4.72531	4.8586	5.154316	4.252425
4.507352	6.211967	4.817418	4.835603	6.347655	5.461858	5.126003	4.242613	4.93108	5.025854
5.02142	5.389252	4.977749	5.551812	4.202797	4.8711	5.143549	4.85176	5.349369	5.208286
4.813393	5.181989	4.588494	4.546116	3.662036	4.906307	5.189772	4.302366	6.045623	5.118013
5.306997	5.019748	4.95461	5.228354	4.820947	4.954447	4.32455	5.335877	4.912734	5.244331
4.72681	4.466361	4.304715	4.821439	4.800763	5.807204	5.090601	4.77594	5.651559	5.159836
4.636141	4.42561	4.225648	5.72141	5.104475	4.147062	5.652174	4.683007	5.448134	4.494631
4.771587	5.470298	3.884478	4.927509	4.33629	5.08086	4.679683	5.18653	5.289207	4.237605
5.677031	4.762542	5.840184	4.722001	4.420948	6.601299	5.204354	5.151526	4.902518	4.813281
4.887661	4.735264	5.584184	5.059767	5.380976	5.225159	5.298099	5.511667	4.839355	4.400414
3.889643	4.137548	4.986732	5.136258	4.965543	4.8891	5.092644	4.878419	5.464605	4.642802
5.156002	4.91613	4.651099	4.713958	5.256199	5.362824	4.657691	4.213402	5.010019	4.950626
5.302014	3.852689	4.99565	5.147631	4.673426	4.690764	4.801053	4.940923	5.163973	5.142132
3.870901	5.313479	5.925042	5.52851	5.190885	4.780885	4.390869	4.676991	5.051789	4.898411
5.189059	4.747293	5.665406	5.168867	5.353046	5.271794	5.279759	5.03487	5.734624	5.559832
4.947577	5.175685	4.644842	4.88522	4.730839	4.353507	4.760801	4.213125	4.323821	5.234096
4.941629	5.005835	5.191804	5.428874	4.459586	5.308744	3.836469	4.814023	5.295312	5.441807
4.935371	5.694581	5.936106	5.184928	4.660511	4.582874	4.784648	5.042562	5.00306	5.813007
4.262198	5.758708	5.070826	5.329795	4.562751	4.948897	4.625142	4.616606	5.623799	5.684026
5.208986	3.950225	5.106591	4.527672	4.68016	4.487297	4.781174	5.554698	4.974918	4.61463
4.532858	5.027311	4.312488	5.674566	4.663878	4.455187	5.374501	4.846363	5.485279	5.536404
4.566545	3.928923	5.5063	4.446157	4.460275	3.931068	4.986406	5.796529	5.735904	5.345302
5.625419	5.553989	5.552673	4.777122	4.32123	5.36861	4.647353	5.022154	4.491367	4.612449
5.181953	5.151985	4.715318	4.75162	5.333787	4.47193	5.06619	5.318377	5.209105	4.683508
5.104651	4.509291	5.194325	4.80969	4.475618	5.170792	4.984327	3.523545	4.880035	5.667128
5.250804	5.361609	3.949714	5.116365	4.868554	5.407642	3.721497	5.249641	5.191908	4.295675
4.601342	4.345271	3.293772	4.829854	6.078951	5.322503	6.426784	4.517739	4.028456	4.821446
4.95864	5.806478	5.19293	4.622982	4.815956	6.265944	5.094678	4.621344	5.090525	5.174455
5.482369	5.157582	4.518551	4.923894	4.911929	4.837815	4.559057	4.47015	5.188423	5.688303
5.28103	4.624823	5.545893	3.926468	5.301378	5.226419	4.697753	4.738606	4.98646	4.514873
4.244186	5.994182	5.176769	4.227254	4.909117	5.166647	4.399595	4.441342	5.209442	4.395994
4.760345	5.794585	5.502858	5.401494	5.076898	5.410141	5.010365	4.310901	4.72504	5.050256
4.418145	6.031146	4.41945	4.58587	4.085275	5.359945	5.368793	5.189644	4.9652	4.88323
5.962443	4.669719	4.651306	5.009489	5.162467	5.06274	4.235615	4.936068	4.963837	5.131021
5.05098	5.214842	5.375097	4.805981	4.816444	5.008774	6.009809	5.013566	4.937236	4.523483
4.058392	5.180036	4.747397	4.656709	5.151679	5.236314	5.902202	4.904009	5.100778	4.685223
4.608814	5.765118	5.653539	5.182573	4.827778	6.488502	4.403102	4.358917	4.622757	5.736618
4.243824	5.067329	4.773283	4.352231	5.378129	4.829804	5.619466	3.894361	5.109573	4.246139
5.23878	5.482204	5.150424	5.57394	5.368241	4.995341	4.046235	5.462583	5.767055	5.528944
4.05408	6.089456	5.606681	4.488609	4.301585	4.331689	4.792828	3.617886	5.540292	5.129163
4.665771	5.017876	5.177686	4.391588	3.96666	4.684184	4.442782	4.888268	4.684035	5.624848
5.027068	4.944156	5.211482	5.190817	4.810812	4.315916	5.270668	5.267669	5.035851	5.251757
4.632258	6.177007	5.195405	5.144403	3.717835	4.761107	4.367072	4.637113	4.923274	4.753475
4.004117	5.360666	4.341503	5.733334	5.003588	3.795199	4.793379	4.928997	4.971513	5.839792
5.184317	4.601611	4.171366	4.282069	5.121466	4.986349	4.843826	5.451539	4.955786	5.576332
5.859588	4.719722	5.320166	4.43747	4.732331	4.249188	5.17276	4.554485	5.156291	5.825034
5.068449	4.557992	4.800662	5.212814	4.592547	4.955523	5.166931	4.697418	4.845651	5.573893
5.583109	5.633756	4.444807	3.92101	4.572076	5.131569	4.828269	4.37396	5.165306	6.176549
5.200778	4.920809	5.15441	4.118649	4.854873	4.259213	5.5147	5.332076	5.904899	5.123824
5.385407	4.422566	4.651608	4.713012	4.699515	6.301227	4.92877	4.423789	5.515312	5.550743
4.592776	4.042288	5.432807	4.743396	5.222933	5.570127	4.607679	4.840693	5.217119	5.513209
5.566099	5.743707	4.374526	4.74053	5.529529	4.00525	4.742939	4.88164	4.834461	5.078614
4.835806	4.77144	5.086268	5.160468	4.431724	5.238891	5.075269	5.375572	5.006654	5.189678
4.99652	4.704064	5.363912	4.939608	5.697088	4.98998	6.111641	4.001412	5.239883	5.348981
5.08429	4.811173	4.717577	4.859635	5.182249	5.009813	4.641449	5.101194	4.695922	4.55867
4.105006	5.605192	6.054708	5.866494	4.670951	5.605842	4.543081	4.925083	6.102771	5.147254
5.025687	5.104009	4.854294	5.648987	3.651925	5.463045	6.06542	5.4949	4.559373	4.524749
5.526102	5.485853	4.453942	5.947265	4.921474	6.295391	4.88383	4.104486	5.203127	4.032241
5.337023	5.21236	5.325658	5.094292	4.637897	5.742869	5.346802	4.527037	5.537997	5.698084
4.616806	5.16136	4.765327	6.044096	4.918217	5.008822	4.480438	4.111247	5.526789	3.908699
4.776381	5.523559	5.612104	5.938715	4.346401	4.751983	5.518085	5.357382	5.308998	4.239048
3.682179	3.88232	5.274269	4.320458	5.110381	4.51547	5.476023	4.598161	5.300188	5.30967
5.349973	4.915796	4.585179	5.931185	5.006796	5.668753	5.654946	5.455349	5.459838	5.614261
5.479344	3.914735	3.701637	4.583749	5.419212	4.210451	5.451553	5.387044	5.07344	4.966108
4.821965	5.860903	5.026313	5.046593	5.110806	4.172361	6.013636	5.066305	3.749768	4.803143
5.205779	4.974383	4.911023	4.764583	5.625948	4.79485	4.854687	5.673851	4.345189	5.987132
4.262818	4.706504	5.232596	4.983937	4.917456	4.536535	5.134798	4.096501	5.897724	4.451928
4.505672	4.670063	3.894106	4.144063	4.8132	5.475862	4.314918	4.20463	5.789031	4.770481
4.274553	5.621672	4.727061	5.235708	4.830671	5.224116	4.80864	4.913874	5.554796	4.788262
5.139815	4.413718	4.961606	5.263205	5.332098	5.926061	4.792688	5.363765	4.285056	5.063706
4.58677	4.5526	4.470127	4.571298	5.786842	5.416769	4.688841	5.029679	4.976161	5.146412
5.477432	4.666669	5.5254	5.305943	4.497946	4.708452	5.261505	5.347912	4.713039	5.459734
4.545286	4.521192	6.256208	5.239258	5.749021	5.691424	4.573577	5.478555	4.628506	4.820868
4.920033	4.296261	4.882824	5.129837	5.277016	3.266051	5.115295	5.053449	4.710632	4.04488
5.228373	5.396019	5.293736	5.689065	4.589918	5.121869	4.650007	4.28797	4.465835	4.428957
5.547115	4.261766	5.148228	4.216223	5.198606	5.108047	5.004872	4.898309	4.964579	5.331466
4.845115	5.323269	5.073925	5.337418	5.884606	5.778583	4.778224	5.720558	5.960945	4.612206
5.303522	5.345881	5.544188	4.409531	4.451525	5.935972	5.750593	5.184766	4.814343	4.984932
4.64538	4.168743	5.4656	4.602813	4.720301	4.642932	3.27603	4.698032	5.469631	4.863218
4.788821	5.265587	3.741665	5.281706	5.337651	4.540169	4.372847	4.35364	5.052453	4.373796
5.158313	5.037883	4.465621	5.023793	5.254226	5.449918	4.375588	4.606072	4.546915	5.202031
4.807393	5.407125	5.503986	5.218716	4.909464	4.431048	5.962582	5.337072	5.460417	3.470279
5.906704	4.056751	5.086802	5.982104	4.915778	5.666266	4.841396	5.206121	4.563013	5.688571
3.845373	5.282815	4.559268	5.58397	5.326504	3.813051	4.94037	5.119756	5.58261	4.450098
5.124131	4.822545	4.516017	6.525808	4.373301	4.650918	5.16585	5.44051	5.188937	5.176692
4.619572	4.104333	5.135226	4.762252	3.85004	5.212046	4.891923	4.910222	4.480165	6.006964
4.893978	5.430836	4.960107	5.291358	4.391538	5.776069	4.660054	3.973086	4.879606	5.067263
5.044502	5.202914	5.76528	4.750274	5.611566	5.323138	5.434272	5.04187	5.124741	4.850908
4.690794	5.186332	5.140929	4.201721	4.962353	5.213632	5.717353	4.73763	5.389453	4.068408
3.947954	5.274686	4.68863	5.071893	5.50648	4.95913	5.398524	5.515574	5.076096	5.24991
5.167613	5.024218	4.943176	5.571659	4.271432	4.479657	4.690153	4.891186	5.407453	4.93574
5.57565	4.908628	4.87818	5.490362	5.258095	4.298726	5.419122	4.659806	5.271197	5.417201
5.719777	4.921771	3.526535	5.50305	3.89846	4.964832	4.356362	5.24422	4.174152	4.371335
6.132739	4.877769	4.368289	4.33848	5.699835	5.631294	5.523247	4.834331	4.7217	4.920856
4.655272	5.099921	5.043537	4.923223	4.338768	5.0078	4.390308	5.207634	4.932552	5.202871
4.968759	4.987639	5.333238	6.61334	4.6872	5.638327	4.365314	4.221658	5.278553	5.078671
5.410994	4.405756	5.049335	4.618053	4.69944	4.16081	4.677689	4.725615	5.415617	5.508831
4.709419	4.986245	4.759004	4.853508	4.451916	4.560838	5.089883	4.600965	5.583727	4.985672
5.266268	5.485372	4.392866	5.983224	5.446906	4.536688	5.262034	5.019933	4.734269	5.521308
5.142002	4.687748	4.604641	4.874495	4.739987	4.471144	4.69152	4.563417	6.040679	5.02474
5.51931	5.058571	4.393105	4.61073	5.256355	4.655324	5.388575	4.999228	4.941281	4.83379
4.338584	4.855872	4.399777	4.893641	5.359934	5.269615	4.978563	5.119109	5.218112	4.953018
5.249657	4.838296	5.069281	4.405548	4.259163	5.05231	4.862068	4.926064	5.70188	4.843154
5.632429	5.368798	4.154459	4.742885	4.471415	4.854223	4.668514	4.926112	5.757723	4.730657
4.90835	4.482254	4.765479	4.729037	4.911875	4.133457	4.822388	5.408235	3.510078	5.454053
5.763877	3.897714	5.610108	4.491105	5.256048	4.458405	5.023149	5.332673	4.333543	4.818308
4.935436	5.09269	5.0365	5.26646	4.646188	5.412162	5.354235	4.076928	4.423942	4.691086
5.175582	5.101202	4.920225	4.803761	4.466132	4.847661	5.531981	4.939475	4.654568	5.074569
5.547387	5.04393	5.280213	4.216212	6.040992	5.154714	4.957102	4.78695	3.553779	5.622159
4.905879	3.562666	4.665378	5.462921	5.74839	5.523399	4.331042	5.736423	4.045559	4.335076
4.333191	5.130905	5.161613	4.230044	4.929944	4.850893	4.340019	6.150975	4.149623	5.035031
5.409094	4.608567	5.099483	4.021344	5.667819	5.379847	5.130663	5.307759	5.359699	4.700519
5.12546	4.248655	5.015261	4.494912	4.833922	4.329388	3.863732	5.267946	4.847362	5.762717
4.876651	5.204649	5.424021	4.429461	5.116159	5.286485	5.437077	5.549965	4.131041	5.781597
5.72179	4.993901	5.958076	5.583631	4.766575	5.203347	4.091862	5.191751	3.973813	4.236593
5.312853	5.542625	6.436812	4.633644	4.925675	5.129499	5.88111	4.65798	4.496953	5.134391
