4.940409	5.157589	5.023036	4.696898	5.159222	5.251418	4.721884	5.137305	4.659857	4.947703
5.145993	5.183987	6.067985	4.958763	4.76151	5.064991	5.472049	4.303559	5.09444	5.223094
4.485876	5.883173	4.429059	4.607569	3.859285	4.989421	4.596216	5.00554	5.439204	5.501234
4.834386	6.472914	5.850234	3.562267	5.062616	4.610981	5.100051	4.739908	4.944292	5.352584
6.017794	5.147255	4.862439	4.211965	5.474965	6.384535	5.528189	5.449632	4.788872	5.445776
5.293909	4.279593	5.021451	4.729719	5.32451	5.124397	5.523915	5.426959	4.615319	4.937405
4.520766	5.299295	5.2697	3.941566	4.633003	4.810613	5.575772	4.66479	4.709761	5.324035
5.505671	5.657791	5.732284	5.137183	4.484059	5.554983	6.090008	4.915878	4.399629	5.883258
5.270026	4.62974	6.619379	4.265733	4.382674	5.428483	5.752252	4.294819	5.126362	4.229437
4.603969	4.713706	5.389249	5.484713	4.40265	4.92951	5.253532	4.618858	4.746535	5.224686
5.164455	4.087164	4.878546	5.574371	5.061884	4.909165	5.726508	5.203037	5.573544	5.737926
4.514479	5.378586	5.20942	5.570447	5.406548	5.703843	5.612512	4.467109	5.213819	4.189616
4.247025	4.640538	5.640077	4.921745	4.778172	4.958265	5.071281	5.56676	5.036475	5.136687
5.402956	4.665236	5.639138	4.94734	5.934051	5.72699	4.687182	4.630936	4.703161	5.392739
5.461651	4.633921	6.079689	4.793716	4.644626	5.59878	4.926645	5.026263	3.85443	5.150628
4.640495	5.724232	4.864727	5.366227	5.456471	5.265582	4.491898	4.716191	5.182624	4.791851
5.666793	4.700202	3.798632	5.422927	4.910643	4.654176	5.618276	5.591901	5.596742	4.439048
4.998067	5.886842	5.245733	5.53284	4.749722	5.507043	4.67206	4.688055	5.80401	5.104111
3.924063	5.605344	6.111778	4.583444	5.761045	5.368346	4.941988	5.079864	5.187744	5.436862
5.459414	4.853299	5.164681	3.801873	4.918872	5.546291	5.866631	4.281795	4.083453	4.881341
4.788385	4.3587	4.817184	5.175231	5.305725	4.617495	3.933502	4.531065	5.042439	4.521519
4.64204	4.675583	4.196911	5.37281	5.353271	4.614302	4.337068	4.328226	5.647619	4.275833
5.269283	4.763586	4.402376	5.532485	5.35216	4.11293	4.943602	5.063237	4.861011	4.373896
5.2284	4.755477	4.195828	6.102363	5.138942	5.177557	4.65292	5.470031	6.05254	4.85131
4.980192	5.111029	4.861006	4.661214	5.236555	5.436851	5.491673	4.917906	5.570599	4.674062
5.88399	5.548839	5.000773	4.623109	4.851908	3.61553	5.347167	4.677508	5.118169	4.41139
4.508156	5.335078	5.47484	5.124581	4.711404	4.634367	6.336842	5.690623	4.96446	5.119611
4.021606	4.389757	5.358512	5.320082	4.369182	5.325593	4.979608	5.361982	4.638692	4.958213
5.560496	4.948698	5.151406	4.539364	3.784899	4.230496	3.882785	5.289211	5.464504	5.18388
4.795572	5.213957	6.446983	5.835045	5.087134	4.887822	6.96699	5.240736	5.192204	5.011717
5.080539	4.222423	6.291329	4.567273	5.41308	4.965781	5.133155	4.927279	4.969846	4.431122
5.739296	5.377123	5.082361	5.135287	4.861125	5.293456	5.229657	4.483186	3.959158	4.826037
5.680179	5.354571	4.801585	5.870915	4.487697	4.72973	5.080306	4.880454	5.773232	4.658528
5.814671	4.76083	4.526782	4.952409	3.910535	5.001709	4.631649	3.98656	5.42884	4.850374
4.98624	5.400417	5.107906	5.157908	5.774961	5.60431	4.982402	5.427235	5.190853	3.976141
4.364039	4.65378	5.959641	4.297217	5.44946	4.307384	4.97629	5.069248	6.005414	5.44029
5.40353	4.969437	6.57764	4.488541	5.153233	4.570895	5.116358	5.117971	4.739073	3.966527
6.017383	4.676948	5.303276	4.905921	5.076024	5.235086	5.930368	5.461529	4.954942	4.902092
5.3522	4.680888	4.618186	5.005584	4.723194	5.037588	5.476932	5.880307	5.108192	4.899181
5.07295	4.608388	5.555521	5.092634	5.392532	5.432652	4.834861	5.531708	4.497195	4.577108
4.834481	4.416201	4.943894	5.135076	4.30413	5.022683	5.787895	5.259475	5.120824	4.133753
6.000473	5.865811	5.303693	5.248183	5.211267	5.031681	4.98482	4.326304	3.677433	5.276712
4.825355	5.550524	5.110447	4.313495	5.18619	5.735776	5.357382	4.358556	5.260464	4.909207
5.520328	4.573293	5.865252	4.755843	5.246976	5.428633	5.175361	5.379034	4.635887	4.603962
5.203512	5.191541	5.16994	4.106984	3.946438	6.400855	5.03118	4.945738	5.890418	5.160314
5.769083	4.834386	4.553816	5.29551	5.162046	4.384058	5.210172	4.957028	4.868448	5.240741
4.675552	5.45006	5.041204	4.631144	4.49343	5.420864	5.675162	5.662712	4.722348	5.326277
5.038784	5.536793	4.37998	4.128583	4.751193	5.209597	4.730222	5.200152	4.215845	5.843766
5.361208	5.417475	4.73921	4.305361	4.752314	4.873165	4.830198	5.077453	5.501781	6.029076
5.479991	4.540885	5.984548	4.680295	4.461109	4.603302	4.813836	5.173985	4.483512	5.310244
5.244153	5.247414	5.351737	4.254903	5.437937	5.450205	5.207392	4.539589	5.931191	4.561765
5.200529	4.402921	4.920354	4.496112	5.92699	3.981012	5.258797	4.668263	4.085598	5.486388
5.386902	5.214602	4.865362	5.255263	4.798254	4.444462	5.160491	4.71306	4.954423	5.147671
5.61651	4.683643	3.435577	4.43184	4.728881	4.62169	4.471473	5.297249	5.81989	4.215786
5.421496	5.93882	5.14823	4.951993	5.079359	4.986557	4.8752	4.514411	4.188344	4.721516
4.06182	5.155001	5.074504	4.046288	5.083757	5.738593	4.61359	4.942805	4.764502	4.637797
5.373262	5.169081	4.743242	6.29996	5.301712	5.460191	5.740147	4.709007	4.905032	4.312335
3.520473	4.936807	4.91153	4.241596	5.242001	4.526987	3.866181	5.683972	5.547155	4.489273
5.434178	4.650641	5.100467	5.228152	5.834024	3.756872	5.72105	4.569534	4.892069	6.006631
5.809049	5.180161	4.802448	4.712778	5.291535	5.291616	5.195988	5.061587	4.018113	4.214975
4.035456	5.642585	5.412118	5.395023	5.221251	4.440181	5.146356	5.939871	4.638466	4.422353
4.725002	5.212862	4.225685	5.328394	5.54678	5.288951	3.929949	5.142283	4.833848	4.508725
5.464699	4.917191	5.680734	4.724291	4.832757	4.657575	5.297864	5.634905	5.255863	4.916558
5.734923	4.764574	4.545414	5.419585	5.631523	4.863299	6.265166	5.431703	4.86054	5.534401
4.252384	5.19725	5.16478	5.137923	4.823518	4.595555	4.941119	4.505827	5.287872	5.237824
5.765991	6.038891	4.426554	4.960529	4.114758	5.236263	5.966742	5.636344	4.750206	4.82858
5.670211	4.7341	4.593772	4.652806	4.634243	5.186428	4.514102	5.577201	4.462517	4.468976
4.794459	4.877953	5.640251	4.674551	4.676565	5.45391	4.653079	4.792264	5.627635	4.781116
5.382278	4.625174	4.769185	5.424376	4.694412	5.395293	5.424781	4.506241	5.194002	5.359257
4.611098	5.471767	5.180068	4.630609	4.89344	5.415193	5.302117	4.177054	4.540703	5.465322
4.573045	6.011774	5.064611	5.639584	5.132041	4.865302	4.312081	5.331269	4.207088	5.192863
5.515614	6.012182	4.43643	5.685896	4.969896	4.202605	4.58407	4.934397	3.30382	4.973293
4.46817	4.942392	5.280023	4.627014	5.593171	4.442993	4.63178	5.323811	4.370757	4.653555
4.398273	5.514707	4.207518	5.813173	4.475637	5.168735	4.991422	4.176528	6.203685	4.148851
5.634365	4.186048	4.827996	5.819202	3.771864	5.184009	5.922371	5.32704	6.109051	5.474092
4.457035	4.811855	5.235977	5.599198	4.924159	5.84896	5.588066	5.097139	4.669585	4.602002
5.100943	5.328712	5.19317	5.380871	5.348003	6.24825	5.078846	4.612774	6.141076	6.158298
4.431071	3.80046	4.480324	5.538782	4.708029	4.695259	4.557225	5.318755	5.225959	5.05935
5.804788	4.585361	4.622113	4.98092	5.660843	4.684238	4.782688	4.62119	4.448331	4.356824
5.185385	3.983309	4.518897	5.157336	3.790216	5.546683	4.239514	5.21471	4.948127	5.754552
4.56223	4.658481	5.153925	5.336963	5.199626	5.518703	5.231412	4.786531	4.221523	4.497434
5.375635	5.155527	5.333423	4.719928	4.389807	5.411474	5.160196	5.041067	5.286482	5.869359
4.572878	4.501684	5.26034	5.434273	5.515592	5.188703	4.632145	4.503995	5.344993	4.626957
5.820741	4.778087	3.999004	4.987697	5.054633	5.257005	4.235371	4.516119	4.659647	5.012301
4.66985	3.597511	4.623817	6.311354	5.679408	5.167329	5.749503	4.984512	5.364569	4.538661
4.974668	4.174362	4.736382	5.428435	4.673823	4.121815	4.405896	4.982085	5.332628	4.382897
4.942231	4.961256	4.940696	4.672841	4.292549	4.69336	5.120633	4.500396	4.016624	4.881104
5.901741	4.70494	4.66328	5.136353	5.249371	3.592569	3.94666	5.623274	5.441349	5.432733
5.221867	5.212626	5.198597	5.134659	5.623123	3.988925	4.523961	5.315606	5.028493	4.189481
6.055069	5.028625	5.664927	4.662844	5.080613	5.23859	4.072721	4.847789	5.060846	4.751025
5.409201	3.982754	4.82415	4.790957	5.558482	5.362011	4.913294	5.52068	4.450919	4.424933
4.976693	5.28452	5.261743	5.537911	6.111807	5.409712	5.130225	5.045102	5.488509	4.175221
4.861536	4.728477	5.72232	4.533246	4.394184	5.120783	4.94684	4.540572	5.405842	4.755433
4.69479	5.030912	5.017858	5.45297	5.109364	4.285686	3.937535	4.809198	5.089184	5.381368
5.928611	4.757431	3.688357	4.049319	5.451267	4.712147	4.662872	6.292076	4.26398	4.997839
5.075657	5.429525	4.977228	6.06716	6.710993	4.424038	4.855081	4.534902	4.110285	4.997675
5.534103	4.097421	4.79567	4.781519	4.868468	5.432978	5.591957	4.949337	6.169319	5.950477
5.326364	4.566645	4.484209	4.969988	6.202034	5.766813	4.495538	6.114747	4.616058	4.898641
4.660157	4.765026	4.820681	5.164024	5.701571	5.117921	4.683178	4.456786	4.649763	4.551123
5.411836	5.29727	5.69311	4.905484	4.322279	3.817762	4.551399	5.107361	5.232993	5.472347
6.120595	4.412302	5.173936	4.811919	4.829348	4.573819	4.793477	6.129387	4.822456	4.758834
3.900449	4.93209	5.214272	6.033053	5.090235	4.986874	5.46865	5.715692	4.959001	5.059014
4.370101	5.397936	5.282904	4.40302	4.617881	6.027141	4.273601	4.645078	5.133644	4.597326
5.248323	4.860054	5.542466	4.999153	4.799808	5.144887	4.852334	3.857102	4.812542	5.571162
4.962936	4.651316	5.496282	4.418383	5.123163	4.952252	5.613828	4.908269	5.246998	4.483357
4.592384	4.705865	6.270344	4.885384	5.331929	5.784343	5.043477	4.805774	5.442132	4.745822
4.654186	4.91333	4.855989	4.684021	4.507597	5.114429	5.036233	4.181901	4.987731	4.02976
4.69642	6.73163	5.754904	4.725079	5.268202	4.178991	4.517654	5.335952	4.825449	5.232222
5.131831	5.237771	5.488921	5.890556	5.112569	5.26546	4.29788	4.810411	4.916891	5.472791
3.948882	4.476308	5.812405	4.690975	5.082109	4.257078	4.355543	4.751658	5.293998	5.305071
4.48417	4.827676	5.64939	5.61454	4.45108	5.069126	4.562552	4.713572	4.453529	4.700851
4.894531	4.16234	5.221683	5.238372	4.503645	5.134325	5.682341	4.213625	4.38032	5.209844
5.812236	5.413454	4.211637	4.673803	4.15007	4.573737	5.115826	4.400488	5.266603	5.048304
4.984694	4.380048	4.967614	5.045582	6.544016	4.88386	4.611719	5.261667	5.802235	5.438697
4.924724	4.407605	4.527406	4.587658	4.667187	4.852131	4.877175	5.379571	6.115746	5.328643
5.080216	5.671547	4.949387	4.491198	5.478731	5.05687	4.36013	5.194759	5.444583	5.400581
5.570437	4.54777	3.762951	5.342258	5.839757	4.317081	5.019801	4.607687	5.187591	4.767263
4.289398	4.297302	5.507156	4.876752	5.195744	3.395509	5.536719	5.262058	5.053164	4.916143
4.570487	5.248394	4.824643	4.857781	4.536573	5.427626	5.35785	5.391793	4.995717	5.406647
4.861262	5.581309	4.060146	5.514073	4.470585	4.958176	5.273883	6.091027	5.495753	6.107548
4.341299	5.34139	4.068531	5.291533	5.912159	5.372873	5.817509	5.372019	5.069249	4.677392
5.588889	5.365919	4.097296	5.27762	4.860589	4.815462	4.360363	4.604181	6.286662	5.08859
4.785387	4.992676	4.36223	4.498366	5.382068	5.051332	4.316701	5.194578	4.374811	4.764233
5.004549	5.853829	4.423024	5.035471	5.106462	4.484327	4.728488	5.693869	5.069623	5.64009
3.660585	5.018141	4.978245	4.862331	4.974674	4.281924	5.110909	4.405847	5.336992	5.21194
4.910513	4.551077	4.814172	5.27137	5.880104	4.082011	4.59208	3.726006	5.310054	4.548481
5.044219	5.090752	4.364559	5.270935	4.573111	4.93438	4.574267	5.448255	5.658587	4.484007
4.96065	5.041349	5.583978	5.962319	5.113305	4.997737	4.417754	4.668639	5.83321	4.245526
4.049352	5.085727	5.666836	4.717438	5.139106	4.488534	5.642188	4.222365	4.920815	5.081275
5.649105	4.737628	4.978041	5.312724	4.794081	4.651145	5.334281	6.007982	5.741931	5.405084
4.109524	5.177289	5.448107	4.713618	4.495713	4.701574	5.746624	4.572107	4.242175	5.344167
4.040875	5.311671	4.726758	4.425084	5.596897	5.33366	4.761008	5.400158	4.423698	4.005654
5.262637	4.302568	4.858516	4.82471	4.702161	4.766803	5.315035	4.469397	4.776627	5.827786
4.734399	4.692231	4.943517	5.312292	4.386778	4.400695	5.438408	5.231515	5.100615	5.264239
5.242412	5.924525	5.238528	4.785036	4.444968	5.356287	4.964975	5.238449	4.931656	5.029849
5.700507	5.829637	4.568285	5.761101	4.998577	5.820367	5.437518	4.434734	4.394977	4.683035
4.46644	3.778545	5.162037	4.728068	4.900628	5.818069	5.649856	4.672627	5.534124	5.706831
5.190246	4.756763	4.586324	5.174241	4.883424	5.307859	5.987865	4.26386	4.60635	5.579908
6.209361	5.013596	4.721961	5.101988	5.475992	4.929452	5.312505	4.791214	4.964393	4.927027
4.446142	5.133498	5.249864	5.362554	5.307459	5.637919	5.254431	5.842208	4.580365	5.221963
5.045146	4.987666	5.769175	5.105215	4.327313	4.104917	4.865028	4.556889	5.277302	6.972137
5.056614	5.078221	4.478889	4.457397	5.798863	5.223436	4.767553	4.645961	4.595134	4.259488
5.465095	4.458967	4.520861	5.464522	5.843142	5.238936	5.380191	4.836393	4.012176	5.507502
5.229713	5.132133	5.616037	5.466432	5.628568	4.809077	4.156616	4.877178	5.669449	5.290715
5.538305	4.804283	5.937479	5.955381	5.141448	5.104901	4.863671	6.00216	4.67018	5.876048
4.647523	5.783541	4.961664	5.276914	4.115198	4.57843	4.922112	5.60976	5.220644	5.102807
6.577685	4.599034	5.036983	5.198741	4.188289	5.299911	4.82041	4.600362	5.339647	6.018792
5.165192	5.187554	4.976352	5.537535	4.359872	4.498877	5.19727	5.701516	5.262146	5.604376
5.512538	5.098231	4.242795	5.756397	4.679343	5.904819	4.5149	5.289327	4.286731	6.258367
5.48297	5.067047	4.664978	5.3701	4.017985	5.404784	4.7317	5.53792	4.583042	5.829165
5.010883	5.583186	4.752045	6.192592	5.590572	4.615665	4.949839	4.945614	5.192811	5.309275
4.771244	4.529707	4.737841	5.303715	5.140647	5.072152	5.193895	4.94576	5.546342	6.179866
5.117277	3.822993	4.909805	5.459641	4.894969	4.98136	5.44261	5.504939	4.602814	5.233477
4.923083	4.94824	4.697962	4.982288	4.432012	4.809932	4.936958	5.563749	5.08831	4.27536
4.731603	4.052809	4.576234	5.527662	4.896171	4.476776	4.08739	4.446033	5.339592	5.094156
4.63457	4.607505	4.462917	5.64621	4.857138	5.073304	4.880635	5.134079	4.512916	4.69175
5.143801	4.008249	5.081199	5.179634	4.938863	5.156862	3.813088	4.469054	5.276834	4.667659
5.292277	4.760664	5.069737	5.039714	4.62542	4.801525	4.729055	4.647154	4.552064	5.130488
4.648381	5.09797	5.334947	5.053341	4.375502	5.620045	5.168336	5.078758	6.106421	5.369934
6.285254	4.558859	5.638471	4.771092	5.150874	5.323432	3.662601	5.75423	5.238614	4.878433
5.338933	4.501884	5.566893	4.666445	5.02707	5.057007	5.317255	6.112244	4.357639	5.290393
5.670139	5.389929	5.533082	5.457719	5.02612	4.520517	5.529982	5.328037	3.826718	4.863269
5.610785	4.531228	5.004377	4.659743	5.455641	5.228699	4.387599	5.080046	4.077794	5.029173
4.697594	4.717777	4.787357	5.125456	4.877424	5.410199	5.376184	5.161278	4.754934	4.71695
5.099639	4.461438	4.778792	4.96868	4.730727	4.602707	5.648935	4.601456	4.845817	5.479083
5.324665	5.245975	5.449831	5.473093	4.193185	5.114579	4.843388	5.267713	5.270709	4.644761
4.815073	5.33932	5.133135	5.228371	5.27747	3.714921	4.802124	4.797	4.376512	4.528422
5.11367	4.35585	5.251727	5.176127	4.809105	4.681705	4.371654	5.248539	5.520469	5.697681
4.519306	5.961918	4.758133	4.976964	4.628527	3.813879	5.170118	5.623766	4.748008	5.812887
5.432405	5.532815	5.159892	5.77602	5.314636	4.899647	4.445385	5.677763	5.173652	5.171107
4.553823	4.60414	5.704341	5.719253	5.61791	4.92135	5.117342	4.353564	5.651671	5.076064
5.271766	4.59693	5.783847	5.579939	5.970968	5.293791	4.818993	3.845473	5.384804	5.190808
5.114761	5.403695	5.088139	4.955777	4.903105	4.638436	4.811676	4.517911	5.106275	4.759554
4.535609	4.463959	5.325458	5.457909	5.590812	4.803191	5.175989	4.98799	4.95866	4.721244
4.869938	5.263203	5.094345	4.144468	4.372622	4.485659	5.434522	4.297008	3.188735	5.461938
4.69508	5.30553	6.131061	5.483219	4.881501	4.927252	4.806352	6.199178	5.385668	5.151891
3.699311	3.902019	5.400159	4.417993	5.014942	4.720976	5.063394	6.058773	4.994251	5.041586
4.534436	5.239302	5.11447	5.275305	5.182109	5.836965	4.965555	4.188837	3.677058	3.679111
4.048013	5.273216	4.284527	4.919012	5.358327	5.067559	4.590788	4.536996	5.236823	5.180342
4.325362	5.574612	5.176222	5.360406	5.809387	4.87938	5.499609	4.818514	4.328932	5.144442
5.121451	5.422822	5.628173	4.795591	5.066981	4.10244	4.956228	5.292652	4.893918	5.483805
5.373372	4.947552	4.982607	4.791105	5.400037	4.043943	5.06398	4.347977	4.79236	4.782771
5.275023	5.652365	4.893621	4.551391	4.871333	5.568633	4.67347	4.995225	5.083901	5.145775
5.047122	4.89318	5.378845	4.865186	4.406088	4.896753	4.572165	4.110602	4.718363	4.680057
4.869801	5.308708	5.542104	5.085518	4.720964	5.556979	5.137135	5.332358	4.296601	5.262033
5.001934	4.758808	4.391473	6.421765	4.968028	5.412107	5.296243	5.137238	4.779663	5.482846
5.026355	4.692192	4.894134	4.184081	4.63892	4.671324	4.975991	4.152487	4.695479	5.398382
3.758958	5.869312	5.335596	5.542781	5.053586	5.927361	5.166528	4.994566	4.902724	5.459868
4.551944	5.235149	5.41188	4.738718	5.57669	4.993583	5.171015	4.610695	5.698324	5.217968
4.133342	4.896059	4.32263	4.8432	5.170071	3.78648	5.429402	6.295832	5.597012	5.43095
4.952581	4.530422	4.231604	4.73	4.950768	4.893393	5.707869	5.000729	5.652169	5.280201
4.268736	3.920652	4.68814	4.211846	4.461155	3.821766	5.493729	5.022216	4.973638	4.446192
5.074686	4.514113	4.953547	5.083634	5.131224	4.357568	5.155723	5.209248	6.080299	4.965736
5.009949	4.20692	4.978657	4.617845	3.951791	5.36409	4.461119	5.569834	5.13704	4.727606
5.628088	4.672696	4.110135	5.358961	4.996153	4.232061	4.879215	4.96447	4.949363	5.753256
5.406309	4.793494	5.291889	5.521782	5.050537	4.530094	5.381338	4.807154	3.992138	5.457839
5.627348	5.679859	4.38718	4.256463	4.419582	5.141505	5.302256	5.837331	5.547782	5.126257
4.644798	5.742101	4.975906	5.203144	4.516281	4.89749	5.018273	5.688103	4.67802	5.676007
4.05344	4.247632	5.43192	5.837777	4.646555	5.163794	5.076597	4.623631	3.795696	5.392632
5.219568	4.413465	4.669333	4.669494	4.883174	6.076747	5.229236	4.195829	5.529921	4.007473
