4.782223	5.083164	4.675529	4.747117	6.119765	4.783968	5.509417	4.317937	5.542888	4.918919
5.49065	5.620386	4.795044	6.486098	4.466052	5.570248	4.795607	5.827149	4.098978	6.058297
3.762044	5.307896	5.155724	6.033805	4.455385	3.727358	4.861215	5.483086	4.726193	4.749949
4.918758	5.80144	5.429029	5.855449	4.914234	4.895715	5.293596	4.716269	4.721439	4.869294
4.250045	4.952351	5.76348	4.72424	5.59206	4.727301	4.521976	4.596725	5.166642	4.106871
4.336195	4.833473	5.535807	3.928483	5.218155	5.126699	4.773246	5.158394	3.610372	4.808967
4.477918	4.878156	5.397541	3.816102	5.316678	3.797772	4.781672	4.592177	4.284085	4.129438
4.965748	5.628013	5.374066	4.262733	4.860155	5.164777	5.283797	5.294231	5.482894	4.769006
6.291667	4.679042	4.104564	5.874117	4.729292	5.15982	4.965826	3.75898	4.642734	5.252904
4.4403	4.66201	5.373796	5.328649	5.118647	4.588666	4.343328	5.143668	4.057996	4.170328
4.500533	5.663711	5.433026	5.028495	5.407732	4.465383	4.901318	3.840959	4.912282	4.517567
5.286271	4.658839	4.181671	5.13647	5.279106	5.26572	4.217031	4.721681	5.466088	5.307657
4.996994	5.086505	5.616141	4.728238	5.318666	4.840233	4.622941	5.135393	4.83399	4.070263
5.139677	5.070276	5.351461	5.251715	4.639757	4.984667	6.169493	4.413943	5.103628	5.018655
3.887786	5.233688	4.21143	5.313829	5.756415	5.217167	4.433496	5.004334	5.246097	4.705676
5.158681	5.651266	4.669919	5.066906	5.462161	5.680429	4.838093	4.394344	5.972822	5.434105
5.446741	4.822993	6.030369	4.805298	5.580359	5.564029	4.586351	4.868784	3.906424	5.224374
4.277237	4.801939	5.045196	4.343804	4.751959	5.672378	4.585973	5.522201	5.83017	4.497582
5.552102	4.399487	5.075814	4.145779	4.400886	5.255857	4.567641	5.173221	4.630166	4.629765
3.724607	5.227726	5.077039	5.373006	5.690237	4.715493	5.943074	5.614901	4.365114	3.844991
5.229005	5.167534	4.725132	3.734579	5.150967	5.361653	5.134294	4.992102	5.11731	5.383717
4.774632	5.307464	5.427599	5.255123	5.331916	6.232531	5.978718	4.611371	5.412263	4.463202
6.365809	6.223272	4.928041	4.631445	5.549669	5.237289	5.15328	5.546613	4.801037	4.778272
4.79691	4.765455	5.358076	4.044686	4.946278	5.168294	4.667667	4.744248	4.520269	3.811973
3.842212	4.891276	4.388383	5.483431	4.832394	5.446567	5.025832	4.583486	4.58566	4.025075
4.868576	4.713182	3.400661	4.743769	4.909304	3.840499	5.690532	4.353029	5.067398	5.488773
4.582881	3.992052	4.775971	5.657973	6.011297	4.00821	4.685707	5.578324	5.38208	4.670638
5.904889	4.256444	5.010022	5.075796	4.759652	4.307055	4.13537	4.296524	4.386742	4.291421
5.063554	4.484609	4.733305	5.863384	4.597035	5.017551	4.707398	4.700222	5.452803	4.50451
6.60683	4.735009	5.757842	4.839836	4.691855	4.971461	5.3769	4.964328	5.021841	5.050503
5.401235	4.716493	5.186068	4.752471	5.816674	4.883113	4.923061	5.191639	4.793971	5.003411
5.03997	4.826623	4.74531	4.996858	4.195011	5.376824	5.143715	6.061846	5.044424	4.219098
4.663054	4.973331	4.585432	4.679096	4.43316	4.831007	4.908316	4.400635	4.703111	4.425373
4.361636	4.169466	4.660572	4.841589	5.047318	5.801404	4.194428	5.515035	4.854048	5.765209
4.149398	5.996477	4.373871	4.830887	4.89149	4.79682	6.050776	5.279696	3.449007	4.977274
5.253741	4.379506	4.437889	4.672188	5.190624	5.247689	4.929431	4.674773	4.000291	4.971608
4.684771	5.010306	4.900337	4.740769	5.442089	3.894483	5.628087	5.141997	4.324281	4.149581
4.889335	5.129506	5.018443	4.859927	5.000531	4.748861	4.998707	6.30956	4.515369	5.120035
5.883344	4.661262	4.897111	5.249038	4.922297	5.1708	5.00524	5.427086	5.733718	5.284045
5.499623	4.301563	6.606069	5.597644	4.163588	4.881413	5.945241	5.914362	4.461397	6.52664
5.148009	5.753376	4.663107	5.383596	5.482107	5.029266	4.973504	3.99106	5.449001	4.679517
4.819903	5.562064	5.186841	5.164587	4.653767	4.500103	4.81809	5.888194	5.059592	4.845435
4.21875	4.046699	4.675946	4.917227	4.83168	4.118424	5.850532	4.901401	4.304448	4.151417
5.407964	4.932981	5.513816	4.485932	5.246722	5.751364	5.712075	5.415493	5.354659	4.368501
5.223963	4.981487	4.751972	5.623949	5.351789	5.43981	5.635297	4.928941	4.790918	4.793494
4.672431	5.159405	4.823412	5.150389	4.012218	5.104677	5.813462	5.438287	4.791144	4.129937
4.664917	4.948021	5.538692	4.305972	4.565665	4.268472	5.452274	6.178538	4.55478	5.352721
4.666222	4.060232	3.62424	5.291022	4.981732	5.586412	4.965408	3.196172	3.956176	4.742974
4.507974	4.944198	5.561744	4.772266	5.435363	4.477041	5.585542	4.664105	5.144058	4.999944
4.90052	5.268404	4.76232	3.320582	4.444062	5.703538	4.852465	5.612127	4.588012	5.187731
4.305005	5.467865	4.763808	5.87087	5.335853	4.979006	5.82754	4.000337	5.226676	5.312785
5.148009	5.114794	4.581419	4.949557	6.086188	5.022162	5.47768	5.756129	4.910617	4.32024
5.246047	5.667807	4.503408	6.274161	4.958455	5.641355	5.008013	5.065307	4.538676	4.643785
5.407319	5.600436	5.951393	4.759826	5.129495	4.989712	5.314211	5.06629	5.647961	5.438793
4.928623	6.397752	4.797724	4.719795	4.165061	5.204449	5.984273	5.455755	4.09083	5.087779
5.297218	4.112519	4.37945	6.046254	3.550864	4.200059	4.392716	5.128851	5.138684	3.561042
5.821605	5.379321	4.73827	5.637534	4.128959	5.035931	5.084346	5.676871	5.244164	4.556158
5.477715	5.46599	4.589132	4.237957	4.896147	4.020621	5.087348	4.256265	4.796561	5.36016
4.832912	4.920994	5.138403	5.643819	5.110884	5.23507	5.029811	4.705956	5.112374	4.961656
4.871593	4.651919	4.895788	5.964779	4.564063	4.323564	6.172661	4.584496	4.076616	4.940008
5.769728	4.559991	4.963206	4.520877	4.776381	4.645598	4.973074	4.513295	4.484281	4.553127
5.100686	4.655748	5.086235	5.664047	5.295619	4.853822	5.441423	5.33685	5.545873	5.838742
5.159897	4.971426	4.779941	5.656759	4.992289	5.645918	4.575626	4.510638	4.287505	4.75787
4.202674	4.735178	4.452939	5.024593	5.19644	5.084541	4.124534	5.058983	5.001597	4.731975
4.761069	5.090181	4.926788	5.489213	5.35913	5.222194	4.903859	4.509545	4.890604	5.747225
4.861457	5.611305	4.816388	6.431767	4.71126	5.309144	6.430695	4.850914	4.534176	5.17936
6.368841	5.470995	4.4888	4.912	5.421637	5.142183	5.342019	4.843673	5.448642	4.68269
4.862814	4.80106	5.376501	5.25212	5.539859	4.659557	5.065366	5.084035	4.873748	5.408898
5.727599	5.522473	4.772007	5.14784	5.128597	5.865338	5.08183	4.991777	4.125756	5.08294
4.516458	4.873931	4.70388	5.149273	4.470627	4.89799	6.255458	5.29798	4.550557	4.799451
4.33568	6.425407	5.392742	5.023514	5.463305	4.665476	5.480442	4.87806	4.346083	5.189188
5.70426	4.645228	5.406292	4.80548	4.77744	4.939221	5.432791	4.690029	5.772597	5.191885
4.956644	4.792043	4.763611	3.693369	4.876282	4.700003	4.652159	5.298082	4.982027	5.616373
4.26547	5.379617	4.751677	5.41656	4.962946	5.947244	4.764441	5.447144	5.267824	4.707301
4.931256	5.237656	4.918327	4.394	5.431557	5.936565	5.371472	4.73937	5.448269	5.110827
5.544806	4.968336	5.41973	5.255288	4.211555	4.89079	5.734139	5.551785	4.966279	4.381559
4.895266	4.4663	4.829897	5.021021	5.663042	5.358722	4.931192	5.699328	5.635467	5.39741
4.745171	5.5591	4.067364	5.394867	4.08598	5.262469	4.311407	5.471302	4.025589	5.004536
5.247114	4.228093	4.537231	5.696663	4.335863	4.770859	5.395888	5.081729	5.181282	5.236339
4.85215	4.907728	5.594451	5.410602	4.450018	4.274041	4.539987	5.907474	5.551983	5.749721
5.854382	4.269149	5.076158	5.275084	5.07721	5.205106	5.999291	5.665651	4.337276	4.365717
4.549252	3.933365	4.201529	5.8307	5.201319	3.917933	5.612952	4.742376	4.868505	3.846422
4.373621	5.714679	4.294266	4.465945	4.860476	4.949423	5.811532	5.251436	4.586015	5.598711
4.688139	5.081839	5.719274	5.839775	4.941831	5.354341	5.371471	4.182222	4.75377	5.008403
5.246957	5.325628	4.599358	5.019984	4.722646	5.475139	5.028541	4.644644	3.603547	4.773594
5.445564	5.843722	3.980417	5.332927	5.865943	4.174235	5.260022	4.300774	4.393837	5.968384
5.416212	5.146998	5.640847	4.395743	5.393344	4.529481	5.56174	4.85991	5.530048	4.871415
4.623981	4.476207	5.191734	4.373013	4.013628	5.136692	5.085757	4.490435	4.597276	4.127552
5.018214	5.881516	4.888648	4.48595	5.666918	4.903133	4.29611	5.325099	4.980924	5.670333
3.416761	4.861068	4.686671	4.986734	5.173953	5.285085	4.792939	4.076017	5.115777	4.787461
4.619912	3.502872	6.086582	5.057311	5.477358	5.55457	5.905534	4.921244	5.834711	4.918714
4.978357	4.643221	6.009074	5.306122	5.320098	4.520423	4.626811	5.360807	4.915851	5.774451
5.094735	5.629747	4.934477	5.802684	5.002649	5.675354	4.812258	3.966346	5.353823	4.28294
3.91563	4.695203	4.812664	5.189104	4.198325	5.131602	5.438066	5.146028	4.422615	4.982142
4.707906	4.417853	4.562589	3.919034	4.542341	4.758353	4.512602	4.914463	5.732601	4.589161
4.577568	5.309046	5.304238	4.042194	4.577777	5.4089	4.100479	4.670133	4.349057	4.390119
4.94909	4.939949	4.795146	4.288437	4.87767	4.310496	6.570261	5.191679	5.054072	4.4197
5.741094	4.840237	5.387372	4.883879	4.557101	5.042659	5.627319	5.584615	4.796418	5.003501
4.148959	6.161414	5.132635	4.375715	5.639033	5.004007	4.93966	5.664033	4.826446	5.461452
5.000914	5.190814	5.360408	4.455644	4.984336	4.160029	5.831632	5.435225	5.188477	5.122887
4.717643	6.308358	4.118665	5.306017	5.184321	5.430514	4.894511	4.816269	5.514353	4.857562
4.586842	5.48882	4.82722	5.434669	4.744985	4.685145	4.449667	5.008809	4.589788	4.879031
4.430365	5.385306	3.975594	6.104943	4.985343	5.192644	4.423381	4.349631	5.361601	4.08888
4.84553	4.962283	6.138111	4.565702	4.981131	4.830889	5.379654	5.080535	5.918744	6.176444
5.529808	4.436534	4.991451	5.668601	3.930358	5.068078	4.53653	5.561816	5.002838	5.587556
5.189688	4.305516	5.473485	5.38291	4.405197	4.592273	4.706726	4.212123	5.513343	4.641208
4.667727	4.535375	5.818244	3.832812	4.842367	5.780944	5.337385	4.463092	4.93035	4.61816
5.145577	5.139771	3.845794	5.35279	4.801387	4.238086	5.587154	5.076248	5.222682	5.023738
4.732502	4.91245	5.319159	5.789543	4.640217	3.6188	4.541353	5.104746	5.236833	6.332445
5.300596	5.427953	4.636779	3.939322	5.11757	5.471417	5.03659	5.270124	4.971469	4.692542
5.010816	5.21588	4.371519	4.956532	6.325029	5.723814	6.39065	5.326485	5.882047	5.08862
5.000652	5.226729	4.847302	4.631886	4.836382	4.481381	4.355937	4.788202	3.464553	4.736511
4.794285	5.530703	4.707781	4.855915	4.221713	4.225812	5.851238	3.816257	4.575811	4.997465
5.646684	5.197546	4.651458	4.989092	5.286609	5.423616	5.440172	4.514989	5.390296	4.757644
5.933057	4.880475	4.742903	5.24766	4.294404	3.585328	5.140573	4.733117	5.016004	5.460135
5.3165	5.576678	5.802648	5.309938	4.713447	5.483626	4.109483	5.167094	5.085755	4.805176
3.506512	5.172918	5.224166	4.709421	5.460309	5.776919	5.465442	5.296727	5.498978	5.377967
5.041427	6.2465	4.863081	6.515843	4.649569	5.719805	4.887867	4.865031	4.307971	4.954605
5.773482	5.299835	4.566391	5.08444	4.753528	4.528689	4.653362	5.296279	5.553721	3.955083
5.706111	4.867421	4.561414	6.506413	5.079145	5.16056	5.520005	4.430499	5.057638	5.302412
4.435127	5.404432	4.963691	4.820074	4.394188	5.115198	4.672201	4.643675	4.791855	4.850261
5.593526	4.554484	5.438782	4.922365	5.065124	4.812322	5.652094	5.146644	5.161515	5.018249
4.054304	4.560137	4.750867	4.231667	4.766387	4.218187	4.218113	4.252001	4.384601	4.905516
5.068452	4.631604	5.578659	4.812492	4.787615	4.385248	5.038464	4.684011	5.014996	5.087721
4.742894	4.421428	4.937939	5.497172	4.657037	5.403224	4.962881	5.391444	5.531706	5.455456
4.317325	5.204902	5.51127	4.557627	5.877677	4.775294	4.878953	5.230327	4.436003	5.254338
5.437785	5.481564	4.532341	5.253932	5.660036	4.997561	5.661392	5.462453	5.408343	5.905092
4.521947	3.647949	4.754093	4.910935	5.419133	5.320263	4.43977	4.587273	4.923849	4.956041
5.670028	4.397525	4.158378	5.427443	5.052631	4.594289	4.893916	4.150346	4.851811	5.878887
5.70236	5.729505	4.965362	4.478038	4.871307	5.19592	4.255903	4.471393	5.175802	4.956328
3.942965	5.351116	4.844558	5.307104	4.284673	4.569103	5.054287	5.034523	4.599119	5.215881
5.100281	4.510527	4.717225	5.261209	5.61604	5.768567	4.311553	5.53263	6.144152	4.677224
4.418104	3.999837	4.548556	5.252803	4.009806	5.175816	5.0714	5.530403	4.637084	5.28084
5.583179	4.28483	4.609029	5.476106	4.969563	4.390531	4.331036	4.340678	4.969838	3.964467
4.93533	4.365754	4.809421	3.953514	5.148475	4.815928	4.732956	4.951931	4.922253	4.647446
5.046708	4.621673	4.541432	4.972639	4.908317	4.929245	4.590984	6.392509	4.783502	4.889186
5.286838	5.257022	5.179652	5.882638	4.906139	5.300584	4.539817	5.218486	5.174437	5.584017
4.326412	4.57252	5.30868	6.203987	4.483554	5.172591	5.522326	5.327384	5.10379	5.885767
4.948805	4.767477	5.575398	5.250275	5.087551	5.718966	5.81559	3.907767	5.166862	4.312711
5.720517	5.468638	5.077382	4.002007	4.913244	4.690641	5.440661	5.259535	4.879847	5.483171
5.078865	5.599094	4.67307	5.183538	4.899133	4.825183	5.149528	4.812771	4.710532	5.673105
5.021314	5.17393	5.48692	5.44312	4.898288	4.703218	5.345479	5.904749	5.568932	4.406027
5.914635	4.908095	5.396258	4.961134	4.391307	5.442534	5.171718	4.339411	4.361417	4.977363
5.156937	5.515863	5.218804	5.563012	5.747428	5.751424	5.266445	4.183961	4.665607	4.741347
5.339221	3.539104	5.543228	6.07225	5.092515	5.401819	4.98072	5.032948	4.659111	5.178109
4.748172	4.754238	4.997081	4.704363	5.045408	4.452807	4.4133	4.954063	6.593349	5.054648
4.949838	5.306437	4.980605	4.642947	5.57046	4.693155	5.90497	4.479898	4.998194	5.418694
5.180429	4.169878	5.504146	4.383084	4.767577	4.710101	4.477564	5.343191	5.510912	4.619232
5.22375	5.637906	5.158744	4.250556	4.12983	5.064602	4.266833	4.449968	6.05849	5.447618
5.599138	4.771065	4.147985	4.926571	4.888856	4.620778	4.435201	4.401998	4.545855	5.75987
5.65534	5.051995	5.07234	4.425151	4.42507	5.529326	5.207791	4.500373	4.720014	4.710523
5.153394	5.825103	4.885227	5.66234	5.571671	4.28301	6.026114	5.469241	6.369822	4.552224
4.642404	5.170227	4.788914	4.669075	5.550073	4.393125	4.761795	5.170625	5.196053	4.140254
4.895748	4.806141	4.386975	5.157811	5.006314	4.454236	4.614851	5.384092	4.170656	4.970316
5.621998	5.241286	5.318106	5.531761	6.088298	4.800459	5.522042	5.235926	4.089778	5.498847
5.129646	5.240565	4.300056	4.482593	5.561638	4.59819	5.841893	4.31349	3.884772	5.975389
4.878407	5.076151	5.159944	6.119488	5.097981	4.451169	5.404764	4.570213	4.327607	5.412108
4.779804	5.033344	5.920394	5.708527	4.918456	4.923981	5.18904	4.332158	4.474131	6.166156
4.844121	4.791817	5.933033	6.287369	5.542704	5.563624	4.749144	4.600906	4.517476	5.608552
4.958701	4.661483	4.169193	4.704118	5.380198	4.444807	4.292935	4.641746	5.026824	5.496235
5.024077	5.22262	5.148807	5.004387	5.717944	4.855549	5.176009	5.576789	4.298001	4.764509
5.29108	4.940034	4.025018	5.585528	3.958152	5.516547	5.745691	4.567099	4.215991	4.765254
5.380284	4.906902	5.53351	5.516864	3.876413	5.312897	5.192547	5.413085	4.295845	4.88511
6.032768	4.372064	5.127768	5.440631	4.276274	5.176819	5.339063	4.826174	6.021304	4.908633
5.076262	6.170704	5.405137	5.469836	4.966438	5.698647	4.534874	4.055091	4.800776	5.332421
5.656697	5.280182	4.864109	4.203044	4.768864	4.835813	4.87674	4.895532	4.810125	5.727277
5.332178	5.077187	6.35107	5.680341	6.030309	4.713797	5.134948	5.626664	5.509129	4.505915
5.011574	5.443174	3.884014	5.142097	4.705267	4.844943	5.669884	4.44225	4.861649	5.052979
5.135351	5.583734	5.549649	4.93949	4.846559	5.316473	5.294358	4.082726	6.25457	4.787521
4.940338	5.539011	4.996346	4.513863	5.723406	4.864382	4.745101	5.016124	6.104722	4.311679
4.83139	4.820116	4.923381	4.350643	5.086119	4.930389	4.901614	5.877604	3.611591	4.289166
5.029035	5.260468	5.077157	4.52772	5.500075	3.96614	4.917614	5.02944	4.850007	5.635573
4.884383	4.10054	5.429144	4.515926	4.588978	4.031408	4.514981	4.992555	4.65801	4.393793
4.891063	4.741385	5.796497	5.116633	5.287717	5.247112	5.957811	5.169187	4.926485	4.505448
4.918705	4.431666	5.232774	4.49988	5.80483	4.765672	4.830484	5.441417	5.325124	4.929987
5.857815	4.79071	4.196386	5.284534	5.163037	5.552314	4.787496	5.491374	4.697696	5.6286
5.403357	4.754155	4.823967	6.18664	5.340852	4.391648	5.328538	4.739987	5.152482	5.089545
5.535963	4.516093	5.389911	5.053834	5.686622	5.000459	4.031015	5.170379	5.004242	5.38469
4.544816	4.77771	5.56353	5.246827	4.896921	4.324809	4.20752	4.495055	4.053428	4.532395
5.73116	5.98153	4.087289	4.10042	4.358608	4.599692	3.836977	4.61564	5.696126	5.619491
5.139779	5.360313	5.056964	5.261009	5.126095	4.524357	4.97694	4.764055	6.491354	5.310269
5.480977	5.167074	5.28906	5.226263	5.112805	4.929875	4.320036	5.420688	4.414738	5.086851
4.262568	5.370955	5.052662	4.667791	5.04764	4.46183	5.525226	4.092124	4.570099	4.908444
5.440067	4.84509	5.116287	3.968538	5.365479	5.033578	5.708994	4.063248	4.960574	5.744953
4.116136	5.89584	5.525409	5.828409	6.37892	4.405629	6.016789	5.937051	4.938935	5.729653
4.848242	4.480536	4.881761	5.065053	4.670426	4.905048	4.409212	5.85949	4.949255	4.728745
4.486334	4.938571	4.623601	4.771436	5.249365	5.538103	5.418932	5.061393	4.908832	5.31314
4.3697	4.828383	4.701485	4.367078	5.085497	5.239358	5.53674	5.487303	4.951886	5.680304
4.774538	4.617223	5.348537	4.649727	4.600559	4.956664	5.93569	4.239119	6.142174	4.312888
5.284944	3.903099	5.561088	4.232664	4.300439	5.229101	5.294991	5.284073	6.400898	3.926261
4.967405	4.009364	5.3086	5.178734	4.918136	5.067482	5.254593	5.189001	4.492091	5.581843
5.001848	4.980791	5.35941	4.976503	4.489569	6.055706	4.623014	3.984691	5.746936	4.939012
4.4992	5.323642	4.312991	4.933029	4.778111	6.199562	5.102464	4.84379	4.751144	4.355114
6.173268	5.379172	5.481953	5.555826	5.807688	5.423337	4.644262	4.216971	4.288701	4.545371
5.008599	5.059963	6.468328	4.221987	4.172005	4.396162	4.667304	4.345729	5.653652	5.262799
5.147301	4.338687	5.37526	5.199833	5.033552	4.999409	4.826805	3.684141	5.257426	4.869696
5.720047	4.613663	4.962654	4.556382	5.54091	4.231952	5.587144	4.990498	3.414846	4.048365
5.036806	5.569148	4.439784	4.937722	4.481585	4.610319	4.639028	5.695893	5.941002	5.176821
5.326816	5.344411	5.153578	4.247925	4.536422	5.069249	5.261955	4.849112	4.31105	4.779582
5.076405	5.501621	4.975821	4.198161	4.997553	4.156281	4.724575	4.126311	5.694398	5.619747
